92.30000305175779828915 126.00000000000000000000 0.00000000000000000000 118.00000000000000000000 97.00000000000000000000 97.00000000000000000000 542.00000000000000000000 990.00000000000000000000 18.00000000000000000000 21.00000000000000000000 102.00000000000000000000 35.00000000000000000000 589.00000000000000000000 166.00000000000000000000
83.09999847412109375000 177.00000000000000000000 1.00000000000000000000 87.00000000000000000000 58.00000000000000000000 56.00000000000000000000 638.00000000000000000000 974.00000000000000000000 24.00000000000000000000 349.00000000000000000000 76.00000000000000000000 28.00000000000000000000 382.00000000000000000000 254.00000000000000000000
104.30000305175779828915 119.00000000000000000000 0.00000000000000000000 107.00000000000000000000 166.00000000000000000000 157.00000000000000000000 521.00000000000000000000 938.00000000000000000000 168.00000000000000000000 89.00000000000000000000 92.00000000000000000000 36.00000000000000000000 637.00000000000000000000 154.00000000000000000000
56.59999847412108664457 133.00000000000000000000 0.00000000000000000000 104.00000000000000000000 51.00000000000000000000 47.00000000000000000000 599.00000000000000000000 1024.00000000000000000000 7.00000000000000000000 40.00000000000000000000 99.00000000000000000000 27.00000000000000000000 425.00000000000000000000 225.00000000000000000000
92.90000152587890625000 135.00000000000000000000 1.00000000000000000000 104.00000000000000000000 123.00000000000000000000 115.00000000000000000000 537.00000000000000000000 978.00000000000000000000 31.00000000000000000000 170.00000000000000000000 89.00000000000000000000 34.00000000000000000000 631.00000000000000000000 165.00000000000000000000
82.30000305175781250000 162.00000000000000000000 1.00000000000000000000 99.00000000000000000000 75.00000000000000000000 70.00000000000000000000 522.00000000000000000000 996.00000000000000000000 40.00000000000000000000 208.00000000000000000000 73.00000000000000000000 27.00000000000000000000 496.00000000000000000000 224.00000000000000000000
199.30000305175781250000 131.00000000000000000000 0.00000000000000000000 121.00000000000000000000 160.00000000000000000000 143.00000000000000000000 631.00000000000000000000 1071.00000000000000000000 3.00000000000000000000 77.00000000000000000000 102.00000000000000000000 41.00000000000000000000 674.00000000000000000000 152.00000000000000000000
45.50000000000000000000 139.00000000000000000000 1.00000000000000000000 88.00000000000000000000 46.00000000000000000000 41.00000000000000000000 480.00000000000000000000 968.00000000000000000000 19.00000000000000000000 49.00000000000000000000 135.00000000000000000000 53.00000000000000000000 457.00000000000000000000 249.00000000000000000000
79.80000305175781250000 152.00000000000000000000 1.00000000000000000000 87.00000000000000000000 57.00000000000000000000 53.00000000000000000000 530.00000000000000000000 986.00000000000000000000 30.00000000000000000000 72.00000000000000000000 92.00000000000000000000 43.00000000000000000000 405.00000000000000000000 264.00000000000000000000
115.09999847412109375000 145.00000000000000000000 1.00000000000000000000 104.00000000000000000000 82.00000000000000000000 74.00000000000000000000 560.00000000000000000000 981.00000000000000000000 96.00000000000000000000 126.00000000000000000000 88.00000000000000000000 31.00000000000000000000 488.00000000000000000000 228.00000000000000000000
65.30000305175781250000 123.00000000000000000000 0.00000000000000000000 102.00000000000000000000 97.00000000000000000000 87.00000000000000000000 526.00000000000000000000 948.00000000000000000000 113.00000000000000000000 76.00000000000000000000 124.00000000000000000000 50.00000000000000000000 572.00000000000000000000 158.00000000000000000000
94.59999847412109375000 142.00000000000000000000 1.00000000000000000000 88.00000000000000000000 81.00000000000000000000 77.00000000000000000000 497.00000000000000000000 956.00000000000000000000 33.00000000000000000000 321.00000000000000000000 116.00000000000000000000 47.00000000000000000000 427.00000000000000000000 247.00000000000000000000
84.90000152587890625000 130.00000000000000000000 0.00000000000000000000 121.00000000000000000000 90.00000000000000000000 91.00000000000000000000 623.00000000000000000000 1049.00000000000000000000 3.00000000000000000000 22.00000000000000000000 113.00000000000000000000 40.00000000000000000000 588.00000000000000000000 160.00000000000000000000
75.00000000000000000000 130.00000000000000000000 0.00000000000000000000 116.00000000000000000000 128.00000000000000000000 128.00000000000000000000 536.00000000000000000000 934.00000000000000000000 51.00000000000000000000 24.00000000000000000000 78.00000000000000000000 34.00000000000000000000 627.00000000000000000000 135.00000000000000000000
69.59999847412109375000 166.00000000000000000000 1.00000000000000000000 89.00000000000000000000 58.00000000000000000000 54.00000000000000000000 521.00000000000000000000 973.00000000000000000000 46.00000000000000000000 254.00000000000000000000 72.00000000000000000000 26.00000000000000000000 396.00000000000000000000 237.00000000000000000000
96.80000305175779828915 131.00000000000000000000 0.00000000000000000000 116.00000000000000000000 78.00000000000000000000 73.00000000000000000000 574.00000000000000000000 1038.00000000000000000000 7.00000000000000000000 36.00000000000000000000 142.00000000000000000000 42.00000000000000000000 540.00000000000000000000 176.00000000000000000000
96.30000305175779828915 127.00000000000000000000 1.00000000000000000000 111.00000000000000000000 82.00000000000000000000 79.00000000000000000000 519.00000000000000000000 982.00000000000000000000 4.00000000000000000000 139.00000000000000000000 97.00000000000000000000 38.00000000000000000000 620.00000000000000000000 168.00000000000000000000
66.40000152587890625000 135.00000000000000000000 0.00000000000000000000 117.00000000000000000000 62.00000000000000000000 61.00000000000000000000 595.00000000000000000000 986.00000000000000000000 22.00000000000000000000 46.00000000000000000000 77.00000000000000000000 27.00000000000000000000 529.00000000000000000000 190.00000000000000000000
167.39999389648437500000 124.00000000000000000000 0.00000000000000000000 105.00000000000000000000 121.00000000000000000000 116.00000000000000000000 580.00000000000000000000 966.00000000000000000000 101.00000000000000000000 106.00000000000000000000 77.00000000000000000000 35.00000000000000000000 657.00000000000000000000 170.00000000000000000000
43.90000152587890625000 157.00000000000000000000 1.00000000000000000000 89.00000000000000000000 47.00000000000000000000 44.00000000000000000000 512.00000000000000000000 962.00000000000000000000 22.00000000000000000000 423.00000000000000000000 97.00000000000000000000 34.00000000000000000000 288.00000000000000000000 276.00000000000000000000
34.20000076293945312500 135.00000000000000000000 0.00000000000000000000 109.00000000000000000000 69.00000000000000000000 71.00000000000000000000 540.00000000000000000000 965.00000000000000000000 6.00000000000000000000 4.00000000000000000000 80.00000000000000000000 22.00000000000000000000 564.00000000000000000000 139.00000000000000000000
79.09999847412109375000 151.00000000000000000000 1.00000000000000000000 91.00000000000000000000 58.00000000000000000000 56.00000000000000000000 510.00000000000000000000 950.00000000000000000000 33.00000000000000000000 301.00000000000000000000 108.00000000000000000000 41.00000000000000000000 394.00000000000000000000 261.00000000000000000000
84.90000152587890625000 134.00000000000000000000 0.00000000000000000000 108.00000000000000000000 75.00000000000000000000 71.00000000000000000000 595.00000000000000000000 972.00000000000000000000 47.00000000000000000000 59.00000000000000000000 83.00000000000000000000 31.00000000000000000000 580.00000000000000000000 172.00000000000000000000
121.59999847412109375000 152.00000000000000000000 0.00000000000000000000 112.00000000000000000000 82.00000000000000000000 76.00000000000000000000 571.00000000000000000000 1018.00000000000000000000 10.00000000000000000000 79.00000000000000000000 103.00000000000000000000 28.00000000000000000000 537.00000000000000000000 215.00000000000000000000
85.59999847412109375000 157.00000000000000000000 1.00000000000000000000 90.00000000000000000000 65.00000000000000000000 62.00000000000000000000 553.00000000000000000000 955.00000000000000000000 39.00000000000000000000 286.00000000000000000000 81.00000000000000000000 28.00000000000000000000 421.00000000000000000000 239.00000000000000000000
127.19999694824220171085 150.00000000000000000000 0.00000000000000000000 100.00000000000000000000 109.00000000000000000000 98.00000000000000000000 531.00000000000000000000 964.00000000000000000000 9.00000000000000000000 24.00000000000000000000 87.00000000000000000000 38.00000000000000000000 559.00000000000000000000 153.00000000000000000000
107.19999694824220171085 147.00000000000000000000 1.00000000000000000000 104.00000000000000000000 63.00000000000000000000 64.00000000000000000000 560.00000000000000000000 972.00000000000000000000 23.00000000000000000000 95.00000000000000000000 76.00000000000000000000 24.00000000000000000000 462.00000000000000000000 233.00000000000000000000
70.50000000000000000000 140.00000000000000000000 0.00000000000000000000 118.00000000000000000000 71.00000000000000000000 68.00000000000000000000 632.00000000000000000000 1029.00000000000000000000 7.00000000000000000000 15.00000000000000000000 100.00000000000000000000 24.00000000000000000000 526.00000000000000000000 174.00000000000000000000
122.50000000000000000000 125.00000000000000000000 0.00000000000000000000 108.00000000000000000000 113.00000000000000000000 105.00000000000000000000 567.00000000000000000000 985.00000000000000000000 78.00000000000000000000 94.00000000000000000000 130.00000000000000000000 58.00000000000000000000 626.00000000000000000000 166.00000000000000000000
54.20000076293945312500 141.00000000000000000000 0.00000000000000000000 109.00000000000000000000 56.00000000000000000000 54.00000000000000000000 523.00000000000000000000 968.00000000000000000000 4.00000000000000000000 2.00000000000000000000 107.00000000000000000000 37.00000000000000000000 489.00000000000000000000 170.00000000000000000000
52.29999923706054687500 130.00000000000000000000 0.00000000000000000000 116.00000000000000000000 63.00000000000000000000 57.00000000000000000000 641.00000000000000000000 984.00000000000000000000 14.00000000000000000000 26.00000000000000000000 70.00000000000000000000 21.00000000000000000000 486.00000000000000000000 196.00000000000000000000
163.50000000000000000000 143.00000000000000000000 0.00000000000000000000 113.00000000000000000000 103.00000000000000000000 95.00000000000000000000 583.00000000000000000000 1012.00000000000000000000 13.00000000000000000000 102.00000000000000000000 96.00000000000000000000 36.00000000000000000000 557.00000000000000000000 194.00000000000000000000
51.09999847412108664457 128.00000000000000000000 0.00000000000000000000 113.00000000000000000000 67.00000000000000000000 60.00000000000000000000 624.00000000000000000000 972.00000000000000000000 28.00000000000000000000 10.00000000000000000000 77.00000000000000000000 25.00000000000000000000 507.00000000000000000000 206.00000000000000000000
68.19999694824218750000 121.00000000000000000000 0.00000000000000000000 110.00000000000000000000 118.00000000000000000000 115.00000000000000000000 547.00000000000000000000 964.00000000000000000000 25.00000000000000000000 44.00000000000000000000 84.00000000000000000000 29.00000000000000000000 689.00000000000000000000 126.00000000000000000000
82.59999847412109375000 149.00000000000000000000 1.00000000000000000000 88.00000000000000000000 61.00000000000000000000 54.00000000000000000000 515.00000000000000000000 953.00000000000000000000 36.00000000000000000000 165.00000000000000000000 86.00000000000000000000 35.00000000000000000000 395.00000000000000000000 251.00000000000000000000
