0.00000000000000000000 61.66999816894531250000 77.90000152587890625000 55.20000076293945312500 46.09999847412108664457
1.00000000000000000000 54.47999954223632812500 68.80000305175781250000 49.09999847412108664457 40.29999923706054687500
0.00000000000000000000 59.15999984741210937500 76.90000152587890625000 51.50000000000000000000 42.90000152587890625000
0.00000000000000000000 54.00999832153320312500 70.30000305175781250000 45.70000076293945312500 40.79999923706054687500
0.00000000000000000000 48.84999847412108664457 61.00000000000000000000 44.00000000000000000000 37.20000076293945312500
0.00000000000000000000 57.75000000000000000000 72.90000152587890625000 50.90000152587890625000 44.29999923706054687500
0.00000000000000000000 68.76000213623046875000 87.00000000000000000000 61.59999847412108664457 51.09999847412108664457
0.00000000000000000000 54.90999984741210937500 71.59999847412109375000 47.79999923706054687500 39.50000000000000000000
0.00000000000000000000 58.06999969482421875000 73.00000000000000000000 53.70000076293945312500 41.59999847412108664457
0.00000000000000000000 72.33000183105468750000 90.50000000000000000000 64.09999847412109375000 56.20000076293945312500
0.00000000000000000000 53.95000076293945312500 67.09999847412109375000 49.70000076293945312500 40.00000000000000000000
0.00000000000000000000 58.81999969482421875000 76.80000305175781250000 51.40000152587890625000 41.90000152587890625000
0.00000000000000000000 58.93999862670897726957 75.50000000000000000000 51.70000076293945312500 43.90000152587890625000
0.00000000000000000000 70.11000061035156250000 96.50000000000000000000 55.70000076293945312500 50.00000000000000000000
0.00000000000000000000 59.20000076293945312500 78.90000152587890625000 49.70000076293945312500 42.50000000000000000000
0.00000000000000000000 52.06000137329101562500 65.30000305175781250000 46.29999923706054687500 40.00000000000000000000
0.00000000000000000000 63.00999832153320312500 79.30000305175781250000 55.00000000000000000000 49.40000152587890625000
1.00000000000000000000 59.04999923706054687500 73.09999847412109375000 54.00000000000000000000 44.79999923706054687500
0.00000000000000000000 66.80000305175781250000 79.80000305175781250000 53.70000076293945312500 44.79999923706054687500
1.00000000000000000000 51.95999908447265625000 65.69999694824218750000 46.90000152587890625000 38.20000076293945312500
0.00000000000000000000 66.52999877929687500000 92.69999694824220171085 54.90000152587890625000 43.00000000000000000000
0.00000000000000000000 56.33000183105468750000 72.40000152587890625000 49.40000152587890625000 41.59999847412108664457
0.00000000000000000000 50.77999877929688210543 63.00000000000000000000 46.09999847412108664457 38.79999923706054687500
0.00000000000000000000 47.11000061035156250000 56.70000076293945312500 42.70000076293945312500 38.70000076293945312500
0.00000000000000000000 58.77000045776367187500 75.40000152587890625000 51.40000152587890625000 43.79999923706054687500
0.00000000000000000000 56.22000122070312500000 71.40000152587890625000 50.79999923706054687500 40.79999923706054687500
0.00000000000000000000 75.54000091552734375000 93.30000305175779828915 70.00000000000000000000 56.40000152587890625000
1.00000000000000000000 53.45000076293945312500 66.50000000000000000000 47.59999847412108664457 41.79999923706054687500
1.00000000000000000000 55.86000061035156250000 69.50000000000000000000 50.40000152587890625000 42.79999923706054687500
1.00000000000000000000 50.97000122070312500000 62.40000152587890625000 47.29999923706054687500 38.79999923706054687500
0.00000000000000000000 57.65000152587890625000 70.95999908447265625000 52.34999847412108664457 44.86000061035156250000
0.00000000000000000000 66.30999755859375000000 85.09999847412109375000 56.79999923706054687500 51.00000000000000000000
0.00000000000000000000 45.75999832153320312500 55.90000152587890625000 41.79999923706054687500 35.90000152587890625000
0.00000000000000000000 63.22000122070312500000 83.40000152587890625000 55.79999923706054687500 43.00000000000000000000
0.00000000000000000000 45.75000000000000000000 56.09999847412108664457 42.00000000000000000000 35.29999923706054687500
1.00000000000000000000 53.54999923706054687500 65.50000000000000000000 48.40000152587890625000 42.59999847412108664457
0.00000000000000000000 53.33000183105468750000 67.09999847412109375000 48.29999923706054687500 39.50000000000000000000
