4.00000000000000000000 11.50000000000000000000 23.00000000000000000000
4.00000000000000000000 10.50000000000000000000 22.00000000000000000000
5.00000000000000000000 11.00000000000000000000 23.00000000000000000000
1.00000000000000000000 7.00000000000000000000 12.00000000000000000000
1.00000000000000000000 7.00000000000000000000 15.00000000000000000000
6.00000000000000000000 10.00000000000000000000 20.00000000000000000000
6.00000000000000000000 13.00000000000000000000 21.00000000000000000000
2.00000000000000000000 7.50000000000000000000 16.00000000000000000000
3.00000000000000000000 12.50000000000000000000 20.00000000000000000000
6.00000000000000000000 11.00000000000000000000 20.00000000000000000000
3.00000000000000000000 10.00000000000000000000 17.00000000000000000000
2.00000000000000000000 8.00000000000000000000 15.00000000000000000000
5.00000000000000000000 10.00000000000000000000 23.00000000000000000000
4.00000000000000000000 11.00000000000000000000 21.00000000000000000000
6.00000000000000000000 12.00000000000000000000 23.00000000000000000000
2.00000000000000000000 10.00000000000000000000 16.00000000000000000000
2.00000000000000000000 7.00000000000000000000 21.00000000000000000000
5.00000000000000000000 10.00000000000000000000 26.00000000000000000000
4.00000000000000000000 12.00000000000000000000 18.00000000000000000000
3.50000000000000000000 10.00000000000000000000 20.00000000000000000000
2.00000000000000000000 8.00000000000000000000 20.00000000000000000000
4.00000000000000000000 13.00000000000000000000 22.00000000000000000000
5.00000000000000000000 9.50000000000000000000 20.50000000000000000000
3.00000000000000000000 10.00000000000000000000 16.00000000000000000000
0.00000000000000000000 7.50000000000000000000 8.50000000000000000000
0.00000000000000000000 2.50000000000000000000 2.50000000000000000000
1.50000000000000000000 10.00000000000000000000 15.00000000000000000000
3.00000000000000000000 9.00000000000000000000 20.00000000000000000000
8.00000000000000000000 11.00000000000000000000 23.00000000000000000000
3.00000000000000000000 8.00000000000000000000 17.50000000000000000000
4.50000000000000000000 10.00000000000000000000 21.00000000000000000000
2.00000000000000000000 8.00000000000000000000 15.00000000000000000000
2.00000000000000000000 9.00000000000000000000 20.00000000000000000000
5.50000000000000000000 13.00000000000000000000 16.00000000000000000000
0.50000000000000000000 6.00000000000000000000 11.00000000000000000000
6.50000000000000000000 11.00000000000000000000 24.00000000000000000000
1.00000000000000000000 5.00000000000000000000 9.50000000000000000000
1.00000000000000000000 10.00000000000000000000 20.00000000000000000000
2.00000000000000000000 7.00000000000000000000 17.00000000000000000000
