4.00000000000000000000 74.00000000000000000000 95.69999694824220171085 158.69999694824218750000 63.59999847412108664457 54.50000000000000000000 2015.00000000000000000000 92.00000000000000000000 3.04999995231628417969 3.02999997138977050781 9.00000000000000000000 62.00000000000000000000 4800.00000000000000000000 31.00000000000000000000 38.00000000000000000000 6488.00000000000000000000
5.00000000000000000000 94.00000000000000000000 97.30000305175779828915 171.69999694824218750000 65.50000000000000000000 55.70000076293945312500 2300.00000000000000000000 109.00000000000000000000 3.19000005722045898438 3.40000009536743208471 10.00000000000000000000 100.00000000000000000000 5500.00000000000000000000 26.00000000000000000000 32.00000000000000000000 9995.00000000000000000000
3.00000000000000000000 128.00000000000000000000 100.40000152587890625000 181.69999694824218750000 66.50000000000000000000 55.09999847412108664457 3095.00000000000000000000 181.00000000000000000000 3.43000006675720214844 3.26999998092651367188 9.00000000000000000000 152.00000000000000000000 5200.00000000000000000000 17.00000000000000000000 22.00000000000000000000 13499.00000000000000000000
5.00000000000000000000 161.00000000000000000000 93.69999694824220171085 157.30000305175781250000 64.40000152587890625000 50.79999923706054687500 1944.00000000000000000000 92.00000000000000000000 2.97000002861022904810 3.23000001907348632812 9.39999961853027166114 68.00000000000000000000 5500.00000000000000000000 31.00000000000000000000 38.00000000000000000000 6189.00000000000000000000
3.00000000000000000000 115.00000000000000000000 98.80000305175779828915 177.80000305175781250000 66.50000000000000000000 55.50000000000000000000 2410.00000000000000000000 122.00000000000000000000 3.39000010490417480469 3.39000010490417480469 8.60000038146972656250 84.00000000000000000000 4800.00000000000000000000 26.00000000000000000000 32.00000000000000000000 10245.00000000000000000000
3.00000000000000000000 118.00000000000000000000 104.90000152587890625000 175.00000000000000000000 66.09999847412109375000 54.40000152587890625000 2670.00000000000000000000 140.00000000000000000000 3.75999999046325683594 3.16000008583068847656 8.00000000000000000000 120.00000000000000000000 5000.00000000000000000000 19.00000000000000000000 27.00000000000000000000 18280.00000000000000000000
4.00000000000000000000 168.00000000000000000000 94.50000000000000000000 168.69999694824218750000 64.00000000000000000000 52.59999847412108664457 2300.00000000000000000000 98.00000000000000000000 3.24000000953674316406 3.07999992370605468750 9.39999961853027166114 112.00000000000000000000 6600.00000000000000000000 26.00000000000000000000 29.00000000000000000000 9538.00000000000000000000
4.00000000000000000000 87.00000000000000000000 95.69999694824220171085 158.69999694824218750000 63.59999847412108664457 54.50000000000000000000 2040.00000000000000000000 92.00000000000000000000 3.04999995231628417969 3.02999997138977050781 9.00000000000000000000 62.00000000000000000000 4800.00000000000000000000 31.00000000000000000000 38.00000000000000000000 6338.00000000000000000000
4.00000000000000000000 104.00000000000000000000 93.09999847412109375000 159.10000610351562500000 64.19999694824218750000 54.09999847412108664457 1890.00000000000000000000 91.00000000000000000000 3.02999997138977050781 3.15000009536743208471 9.00000000000000000000 68.00000000000000000000 5000.00000000000000000000 30.00000000000000000000 31.00000000000000000000 5195.00000000000000000000
4.00000000000000000000 128.00000000000000000000 94.50000000000000000000 165.30000305175781250000 63.79999923706054687500 54.50000000000000000000 2017.00000000000000000000 103.00000000000000000000 2.99000000953674316406 3.47000002861022904810 21.89999961853027699021 55.00000000000000000000 4800.00000000000000000000 45.00000000000000000000 50.00000000000000000000 7099.00000000000000000000
5.00000000000000000000 161.00000000000000000000 93.69999694824220171085 157.30000305175781250000 64.40000152587890625000 50.79999923706054687500 2004.00000000000000000000 92.00000000000000000000 2.97000002861022904810 3.23000001907348632812 9.39999961853027166114 68.00000000000000000000 5500.00000000000000000000 31.00000000000000000000 38.00000000000000000000 6669.00000000000000000000
4.00000000000000000000 101.00000000000000000000 93.69999694824220171085 150.00000000000000000000 64.00000000000000000000 52.59999847412108664457 1940.00000000000000000000 92.00000000000000000000 2.91000008583068847656 3.41000008583068847656 9.19999980926513671875 76.00000000000000000000 6000.00000000000000000000 30.00000000000000000000 34.00000000000000000000 6529.00000000000000000000
4.00000000000000000000 168.00000000000000000000 94.50000000000000000000 168.69999694824218750000 64.00000000000000000000 52.59999847412108664457 2169.00000000000000000000 98.00000000000000000000 3.19000005722045898438 3.02999997138977050781 9.00000000000000000000 70.00000000000000000000 4800.00000000000000000000 29.00000000000000000000 34.00000000000000000000 8058.00000000000000000000
3.00000000000000000000 106.00000000000000000000 97.19999694824220171085 173.39999389648437500000 65.19999694824218750000 54.70000076293945312500 2302.00000000000000000000 120.00000000000000000000 3.32999992370605468750 3.47000002861022904810 8.50000000000000000000 97.00000000000000000000 5200.00000000000000000000 27.00000000000000000000 34.00000000000000000000 9549.00000000000000000000
4.00000000000000000000 125.00000000000000000000 96.30000305175779828915 172.39999389648437500000 65.40000152587890625000 51.59999847412108664457 2405.00000000000000000000 122.00000000000000000000 3.34999990463256835938 3.46000003814697265625 8.50000000000000000000 88.00000000000000000000 5000.00000000000000000000 25.00000000000000000000 32.00000000000000000000 8189.00000000000000000000
3.00000000000000000000 89.00000000000000000000 97.00000000000000000000 173.50000000000000000000 65.40000152587890625000 53.00000000000000000000 2455.00000000000000000000 108.00000000000000000000 3.61999988555908203125 2.64000010490417480469 9.00000000000000000000 94.00000000000000000000 5200.00000000000000000000 25.00000000000000000000 31.00000000000000000000 10198.00000000000000000000
5.00000000000000000000 137.00000000000000000000 86.59999847412109375000 144.60000610351562500000 63.90000152587890625000 50.79999923706054687500 1713.00000000000000000000 92.00000000000000000000 2.91000008583068847656 3.41000008583068847656 9.60000038146972833886 58.00000000000000000000 4800.00000000000000000000 49.00000000000000000000 54.00000000000000000000 6479.00000000000000000000
4.00000000000000000000 128.00000000000000000000 94.50000000000000000000 165.30000305175781250000 63.79999923706054687500 54.50000000000000000000 1918.00000000000000000000 97.00000000000000000000 3.15000009536743208471 3.28999996185302778784 9.39999961853027166114 69.00000000000000000000 5200.00000000000000000000 31.00000000000000000000 37.00000000000000000000 6649.00000000000000000000
6.00000000000000000000 150.00000000000000000000 99.09999847412109375000 186.60000610351559657829 66.50000000000000000000 56.09999847412108664457 2808.00000000000000000000 121.00000000000000000000 3.53999996185302778784 3.06999993324279785156 9.00000000000000000000 160.00000000000000000000 5500.00000000000000000000 19.00000000000000000000 26.00000000000000000000 18150.00000000000000000000
4.00000000000000000000 113.00000000000000000000 93.09999847412109375000 166.80000305175781250000 64.19999694824218750000 54.09999847412108664457 1950.00000000000000000000 91.00000000000000000000 3.07999992370605468750 3.15000009536743208471 9.00000000000000000000 68.00000000000000000000 5000.00000000000000000000 31.00000000000000000000 38.00000000000000000000 7395.00000000000000000000
5.00000000000000000000 104.00000000000000000000 99.09999847412109375000 186.60000610351559657829 66.50000000000000000000 56.09999847412108664457 2695.00000000000000000000 121.00000000000000000000 3.53999996185302778784 3.06999993324279785156 9.30000019073486328125 110.00000000000000000000 5250.00000000000000000000 21.00000000000000000000 28.00000000000000000000 12170.00000000000000000000
4.00000000000000000000 154.00000000000000000000 93.69999694824220171085 157.30000305175781250000 63.79999923706054687500 50.59999847412108664457 1967.00000000000000000000 90.00000000000000000000 2.97000002861022904810 3.23000001907348632812 9.39999961853027166114 68.00000000000000000000 5500.00000000000000000000 31.00000000000000000000 38.00000000000000000000 6229.00000000000000000000
2.00000000000000000000 74.00000000000000000000 104.30000305175779828915 188.80000305175781250000 67.19999694824218750000 57.50000000000000000000 3034.00000000000000000000 141.00000000000000000000 3.77999997138977050781 3.15000009536743208471 9.50000000000000000000 114.00000000000000000000 5400.00000000000000000000 23.00000000000000000000 28.00000000000000000000 13415.00000000000000000000
3.00000000000000000000 85.00000000000000000000 96.50000000000000000000 175.39999389648437500000 62.50000000000000000000 54.09999847412108664457 2372.00000000000000000000 110.00000000000000000000 3.15000009536743208471 3.57999992370605468750 9.00000000000000000000 86.00000000000000000000 5800.00000000000000000000 27.00000000000000000000 33.00000000000000000000 10295.00000000000000000000
3.00000000000000000000 161.00000000000000000000 107.90000152587890625000 186.69999694824218750000 68.40000152587890625000 56.70000076293945312500 3020.00000000000000000000 120.00000000000000000000 3.46000003814697265625 3.19000005722045898438 8.39999961853027343750 97.00000000000000000000 5000.00000000000000000000 19.00000000000000000000 24.00000000000000000000 11900.00000000000000000000
5.00000000000000000000 134.00000000000000000000 98.40000152587890625000 176.19999694824218750000 65.59999847412109375000 52.00000000000000000000 2536.00000000000000000000 146.00000000000000000000 3.61999988555908203125 3.50000000000000000000 9.30000019073486328125 116.00000000000000000000 4800.00000000000000000000 24.00000000000000000000 30.00000000000000000000 9639.00000000000000000000
3.00000000000000000000 161.00000000000000000000 107.90000152587890625000 186.69999694824218750000 68.40000152587890625000 56.70000076293945312500 3197.00000000000000000000 152.00000000000000000000 3.70000004768371582031 3.51999998092651367188 21.00000000000000000000 95.00000000000000000000 4150.00000000000000000000 28.00000000000000000000 33.00000000000000000000 13200.00000000000000000000
6.00000000000000000000 194.00000000000000000000 91.30000305175779828915 170.69999694824218750000 67.90000152587890625000 49.70000076293945312500 3139.00000000000000000000 181.00000000000000000000 3.43000006675720214844 3.26999998092651367188 7.80000019073486328125 200.00000000000000000000 5200.00000000000000000000 17.00000000000000000000 23.00000000000000000000 19699.00000000000000000000
5.00000000000000000000 94.00000000000000000000 97.30000305175779828915 171.69999694824218750000 65.50000000000000000000 55.70000076293945312500 2319.00000000000000000000 97.00000000000000000000 3.00999999046325683594 3.40000009536743208471 23.00000000000000000000 68.00000000000000000000 4500.00000000000000000000 37.00000000000000000000 42.00000000000000000000 9495.00000000000000000000
4.00000000000000000000 168.00000000000000000000 94.50000000000000000000 168.69999694824218750000 64.00000000000000000000 52.59999847412108664457 2204.00000000000000000000 98.00000000000000000000 3.19000005722045898438 3.02999997138977050781 9.00000000000000000000 70.00000000000000000000 4800.00000000000000000000 29.00000000000000000000 34.00000000000000000000 8238.00000000000000000000
4.00000000000000000000 118.00000000000000000000 93.69999694824220171085 157.30000305175781250000 63.79999923706054687500 50.79999923706054687500 2128.00000000000000000000 98.00000000000000000000 3.02999997138977050781 3.39000010490417480469 7.59999990463256835938 102.00000000000000000000 5500.00000000000000000000 24.00000000000000000000 30.00000000000000000000 7957.00000000000000000000
6.00000000000000000000 194.00000000000000000000 91.30000305175779828915 170.69999694824218750000 67.90000152587890625000 49.70000076293945312500 3071.00000000000000000000 181.00000000000000000000 3.43000006675720214844 3.26999998092651367188 9.00000000000000000000 160.00000000000000000000 5200.00000000000000000000 19.00000000000000000000 25.00000000000000000000 17199.00000000000000000000
2.00000000000000000000 93.00000000000000000000 110.00000000000000000000 190.89999389648440342171 70.30000305175781250000 58.70000076293945312500 3750.00000000000000000000 183.00000000000000000000 3.57999992370605468750 3.64000010490417480469 21.50000000000000000000 123.00000000000000000000 4350.00000000000000000000 22.00000000000000000000 25.00000000000000000000 28248.00000000000000000000
3.00000000000000000000 91.00000000000000000000 95.69999694824220171085 166.30000305175781250000 64.40000152587890625000 53.00000000000000000000 2094.00000000000000000000 98.00000000000000000000 3.19000005722045898438 3.02999997138977050781 9.00000000000000000000 70.00000000000000000000 4800.00000000000000000000 38.00000000000000000000 47.00000000000000000000 7738.00000000000000000000
4.00000000000000000000 103.00000000000000000000 94.50000000000000000000 170.19999694824218750000 63.79999923706054687500 53.50000000000000000000 2037.00000000000000000000 97.00000000000000000000 3.15000009536743208471 3.28999996185302778784 9.39999961853027166114 69.00000000000000000000 5200.00000000000000000000 31.00000000000000000000 37.00000000000000000000 7999.00000000000000000000
6.00000000000000000000 145.00000000000000000000 95.90000152587890625000 173.19999694824218750000 66.30000305175781250000 50.20000076293945312500 2811.00000000000000000000 156.00000000000000000000 3.59999990463256835938 3.90000009536743208471 7.00000000000000000000 145.00000000000000000000 5000.00000000000000000000 19.00000000000000000000 24.00000000000000000000 12964.00000000000000000000
2.00000000000000000000 93.00000000000000000000 110.00000000000000000000 190.89999389648440342171 70.30000305175781250000 56.50000000000000000000 3515.00000000000000000000 183.00000000000000000000 3.57999992370605468750 3.64000010490417480469 21.50000000000000000000 123.00000000000000000000 4350.00000000000000000000 22.00000000000000000000 25.00000000000000000000 25552.00000000000000000000
2.00000000000000000000 65.00000000000000000000 102.40000152587890625000 175.60000610351562500000 66.50000000000000000000 53.90000152587890625000 2458.00000000000000000000 122.00000000000000000000 3.30999994277954101562 3.53999996185302778784 8.69999980926513671875 92.00000000000000000000 4200.00000000000000000000 27.00000000000000000000 32.00000000000000000000 11248.00000000000000000000
6.00000000000000000000 256.00000000000000000000 94.50000000000000000000 165.69999694824218750000 64.00000000000000000000 51.40000152587890625000 2221.00000000000000000000 109.00000000000000000000 3.19000005722045898438 3.40000009536743208471 8.50000000000000000000 90.00000000000000000000 5500.00000000000000000000 24.00000000000000000000 29.00000000000000000000 9980.00000000000000000000
2.00000000000000000000 95.00000000000000000000 109.09999847412109375000 188.80000305175781250000 68.80000305175781250000 55.50000000000000000000 3049.00000000000000000000 141.00000000000000000000 3.77999997138977050781 3.15000009536743208471 8.69999980926513671875 160.00000000000000000000 5300.00000000000000000000 19.00000000000000000000 25.00000000000000000000 19045.00000000000000000000
3.00000000000000000000 91.00000000000000000000 95.69999694824220171085 166.30000305175781250000 64.40000152587890625000 52.79999923706054687500 2109.00000000000000000000 98.00000000000000000000 3.19000005722045898438 3.02999997138977050781 9.00000000000000000000 70.00000000000000000000 4800.00000000000000000000 30.00000000000000000000 37.00000000000000000000 7198.00000000000000000000
5.00000000000000000000 94.00000000000000000000 97.30000305175779828915 171.69999694824218750000 65.50000000000000000000 55.70000076293945312500 2264.00000000000000000000 97.00000000000000000000 3.00999999046325683594 3.40000009536743208471 23.00000000000000000000 52.00000000000000000000 4800.00000000000000000000 37.00000000000000000000 46.00000000000000000000 7995.00000000000000000000
4.00000000000000000000 129.00000000000000000000 98.80000305175779828915 177.80000305175781250000 66.50000000000000000000 53.70000076293945312500 2385.00000000000000000000 122.00000000000000000000 3.39000010490417480469 3.39000010490417480469 8.60000038146972656250 84.00000000000000000000 4800.00000000000000000000 26.00000000000000000000 32.00000000000000000000 10595.00000000000000000000
4.00000000000000000000 101.00000000000000000000 93.69999694824220171085 150.00000000000000000000 64.00000000000000000000 52.59999847412108664457 1956.00000000000000000000 92.00000000000000000000 2.91000008583068847656 3.41000008583068847656 9.19999980926513671875 76.00000000000000000000 6000.00000000000000000000 30.00000000000000000000 34.00000000000000000000 7129.00000000000000000000
3.00000000000000000000 115.00000000000000000000 98.80000305175779828915 177.80000305175781250000 66.50000000000000000000 55.50000000000000000000 2425.00000000000000000000 122.00000000000000000000 3.39000010490417480469 3.39000010490417480469 8.60000038146972656250 84.00000000000000000000 4800.00000000000000000000 26.00000000000000000000 32.00000000000000000000 11245.00000000000000000000
2.00000000000000000000 95.00000000000000000000 109.09999847412109375000 188.80000305175781250000 68.90000152587890625000 55.50000000000000000000 3062.00000000000000000000 141.00000000000000000000 3.77999997138977050781 3.15000009536743208471 9.50000000000000000000 114.00000000000000000000 5400.00000000000000000000 19.00000000000000000000 25.00000000000000000000 22625.00000000000000000000
2.00000000000000000000 95.00000000000000000000 109.09999847412109375000 188.80000305175781250000 68.90000152587890625000 55.50000000000000000000 3012.00000000000000000000 173.00000000000000000000 3.57999992370605468750 2.86999988555908203125 8.80000019073486328125 134.00000000000000000000 5500.00000000000000000000 18.00000000000000000000 23.00000000000000000000 21485.00000000000000000000
3.00000000000000000000 91.00000000000000000000 95.69999694824220171085 166.30000305175781250000 64.40000152587890625000 52.79999923706054687500 2140.00000000000000000000 98.00000000000000000000 3.19000005722045898438 3.02999997138977050781 9.00000000000000000000 70.00000000000000000000 4800.00000000000000000000 28.00000000000000000000 34.00000000000000000000 9258.00000000000000000000
3.00000000000000000000 85.00000000000000000000 96.90000152587890625000 173.60000610351562500000 65.40000152587890625000 54.90000152587890625000 2650.00000000000000000000 108.00000000000000000000 3.61999988555908203125 2.64000010490417480469 7.69999980926513671875 111.00000000000000000000 4800.00000000000000000000 23.00000000000000000000 23.00000000000000000000 11694.00000000000000000000
2.00000000000000000000 65.00000000000000000000 102.40000152587890625000 175.60000610351562500000 66.50000000000000000000 54.90000152587890625000 2326.00000000000000000000 122.00000000000000000000 3.30999994277954101562 3.53999996185302778784 8.69999980926513671875 92.00000000000000000000 4200.00000000000000000000 29.00000000000000000000 34.00000000000000000000 8948.00000000000000000000
6.00000000000000000000 150.00000000000000000000 99.09999847412109375000 186.60000610351559657829 66.50000000000000000000 56.09999847412108664457 2658.00000000000000000000 121.00000000000000000000 3.53999996185302778784 3.06999993324279785156 9.31000041961669921875 110.00000000000000000000 5250.00000000000000000000 21.00000000000000000000 28.00000000000000000000 11850.00000000000000000000
5.00000000000000000000 122.00000000000000000000 97.30000305175779828915 171.69999694824218750000 65.50000000000000000000 55.70000076293945312500 2261.00000000000000000000 97.00000000000000000000 3.00999999046325683594 3.40000009536743208471 23.00000000000000000000 52.00000000000000000000 4800.00000000000000000000 37.00000000000000000000 46.00000000000000000000 7775.00000000000000000000
5.00000000000000000000 83.00000000000000000000 93.69999694824220171085 156.89999389648437500000 63.40000152587890625000 53.70000076293945312500 2050.00000000000000000000 97.00000000000000000000 3.61999988555908203125 2.35999989509582519531 9.00000000000000000000 69.00000000000000000000 4900.00000000000000000000 31.00000000000000000000 36.00000000000000000000 5118.00000000000000000000
5.00000000000000000000 161.00000000000000000000 93.69999694824220171085 157.30000305175781250000 64.40000152587890625000 50.79999923706054687500 1918.00000000000000000000 92.00000000000000000000 2.97000002861022904810 3.23000001907348632812 9.39999961853027166114 68.00000000000000000000 5500.00000000000000000000 37.00000000000000000000 41.00000000000000000000 5389.00000000000000000000
5.00000000000000000000 134.00000000000000000000 98.40000152587890625000 176.19999694824218750000 65.59999847412109375000 52.00000000000000000000 2551.00000000000000000000 146.00000000000000000000 3.61999988555908203125 3.50000000000000000000 9.30000019073486328125 116.00000000000000000000 4800.00000000000000000000 24.00000000000000000000 30.00000000000000000000 9989.00000000000000000000
4.00000000000000000000 158.00000000000000000000 105.80000305175779828915 192.69999694824218750000 71.40000152587890625000 55.90000152587890625000 3086.00000000000000000000 131.00000000000000000000 3.13000011444091796875 3.40000009536743208471 8.30000019073486328125 140.00000000000000000000 5500.00000000000000000000 17.00000000000000000000 20.00000000000000000000 23875.00000000000000000000
5.00000000000000000000 164.00000000000000000000 99.80000305175779828915 176.60000610351562500000 66.19999694824218750000 54.29999923706054687500 2337.00000000000000000000 109.00000000000000000000 3.19000005722045898438 3.40000009536743208471 10.00000000000000000000 102.00000000000000000000 5500.00000000000000000000 24.00000000000000000000 30.00000000000000000000 13950.00000000000000000000
3.00000000000000000000 108.00000000000000000000 100.40000152587890625000 184.60000610351559657829 66.50000000000000000000 56.09999847412108664457 3296.00000000000000000000 181.00000000000000000000 3.43000006675720214844 3.26999998092651367188 9.00000000000000000000 152.00000000000000000000 5200.00000000000000000000 17.00000000000000000000 22.00000000000000000000 14399.00000000000000000000
4.00000000000000000000 128.00000000000000000000 94.50000000000000000000 165.30000305175781250000 63.79999923706054687500 54.50000000000000000000 1889.00000000000000000000 97.00000000000000000000 3.15000009536743208471 3.28999996185302778784 9.39999961853027166114 69.00000000000000000000 5200.00000000000000000000 31.00000000000000000000 37.00000000000000000000 5499.00000000000000000000
5.00000000000000000000 134.00000000000000000000 98.40000152587890625000 176.19999694824218750000 65.59999847412109375000 52.00000000000000000000 2679.00000000000000000000 146.00000000000000000000 3.61999988555908203125 3.50000000000000000000 9.30000019073486328125 116.00000000000000000000 4800.00000000000000000000 24.00000000000000000000 30.00000000000000000000 11199.00000000000000000000
4.00000000000000000000 103.00000000000000000000 94.50000000000000000000 170.19999694824218750000 63.79999923706054687500 53.50000000000000000000 2024.00000000000000000000 97.00000000000000000000 3.15000009536743208471 3.28999996185302778784 9.39999961853027166114 69.00000000000000000000 5200.00000000000000000000 31.00000000000000000000 37.00000000000000000000 7349.00000000000000000000
5.00000000000000000000 94.00000000000000000000 97.30000305175779828915 171.69999694824218750000 65.50000000000000000000 55.70000076293945312500 2275.00000000000000000000 109.00000000000000000000 3.19000005722045898438 3.40000009536743208471 9.00000000000000000000 85.00000000000000000000 5250.00000000000000000000 27.00000000000000000000 34.00000000000000000000 8495.00000000000000000000
4.00000000000000000000 119.00000000000000000000 93.69999694824220171085 157.30000305175781250000 63.79999923706054687500 50.79999923706054687500 2128.00000000000000000000 98.00000000000000000000 3.02999997138977050781 3.39000010490417480469 7.59999990463256835938 102.00000000000000000000 5500.00000000000000000000 24.00000000000000000000 30.00000000000000000000 7957.00000000000000000000
5.00000000000000000000 122.00000000000000000000 97.30000305175779828915 171.69999694824218750000 65.50000000000000000000 55.70000076293945312500 2209.00000000000000000000 109.00000000000000000000 3.19000005722045898438 3.40000009536743208471 9.00000000000000000000 85.00000000000000000000 5250.00000000000000000000 27.00000000000000000000 34.00000000000000000000 7975.00000000000000000000
3.00000000000000000000 81.00000000000000000000 95.69999694824220171085 169.69999694824218750000 63.59999847412108664457 59.09999847412108664457 2290.00000000000000000000 92.00000000000000000000 3.04999995231628417969 3.02999997138977050781 9.00000000000000000000 62.00000000000000000000 4800.00000000000000000000 27.00000000000000000000 32.00000000000000000000 7898.00000000000000000000
2.00000000000000000000 95.00000000000000000000 109.09999847412109375000 188.80000305175781250000 68.90000152587890625000 55.50000000000000000000 2952.00000000000000000000 141.00000000000000000000 3.77999997138977050781 3.15000009536743208471 9.50000000000000000000 114.00000000000000000000 5400.00000000000000000000 23.00000000000000000000 28.00000000000000000000 16845.00000000000000000000
3.00000000000000000000 115.00000000000000000000 98.80000305175779828915 177.80000305175781250000 66.50000000000000000000 55.50000000000000000000 2410.00000000000000000000 122.00000000000000000000 3.39000010490417480469 3.39000010490417480469 8.60000038146972656250 84.00000000000000000000 4800.00000000000000000000 26.00000000000000000000 32.00000000000000000000 8495.00000000000000000000
2.00000000000000000000 90.00000000000000000000 104.50000000000000000000 187.80000305175781250000 66.50000000000000000000 54.09999847412108664457 3131.00000000000000000000 171.00000000000000000000 3.26999998092651367188 3.34999990463256835938 9.19999980926513671875 156.00000000000000000000 5200.00000000000000000000 20.00000000000000000000 24.00000000000000000000 15690.00000000000000000000
2.00000000000000000000 95.00000000000000000000 109.09999847412109375000 188.80000305175781250000 68.90000152587890625000 55.50000000000000000000 3217.00000000000000000000 145.00000000000000000000 3.00999999046325683594 3.40000009536743208471 23.00000000000000000000 106.00000000000000000000 4800.00000000000000000000 26.00000000000000000000 27.00000000000000000000 22470.00000000000000000000
6.00000000000000000000 197.00000000000000000000 102.90000152587890625000 183.50000000000000000000 67.69999694824218750000 52.00000000000000000000 3016.00000000000000000000 171.00000000000000000000 3.26999998092651367188 3.34999990463256835938 9.30000019073486328125 161.00000000000000000000 5200.00000000000000000000 19.00000000000000000000 24.00000000000000000000 15998.00000000000000000000
4.00000000000000000000 128.00000000000000000000 94.50000000000000000000 165.60000610351562500000 63.79999923706054687500 53.29999923706054687500 2028.00000000000000000000 97.00000000000000000000 3.15000009536743208471 3.28999996185302778784 9.39999961853027166114 69.00000000000000000000 5200.00000000000000000000 31.00000000000000000000 37.00000000000000000000 7799.00000000000000000000
5.00000000000000000000 164.00000000000000000000 99.40000152587890625000 176.60000610351562500000 66.40000152587890625000 54.29999923706054687500 2824.00000000000000000000 136.00000000000000000000 3.19000005722045898438 3.40000009536743208471 8.00000000000000000000 115.00000000000000000000 5500.00000000000000000000 18.00000000000000000000 22.00000000000000000000 17450.00000000000000000000
5.00000000000000000000 137.00000000000000000000 86.59999847412109375000 144.60000610351562500000 63.90000152587890625000 50.79999923706054687500 1819.00000000000000000000 92.00000000000000000000 2.91000008583068847656 3.41000008583068847656 9.19999980926513671875 76.00000000000000000000 6000.00000000000000000000 31.00000000000000000000 38.00000000000000000000 6855.00000000000000000000
3.00000000000000000000 106.00000000000000000000 96.50000000000000000000 167.50000000000000000000 65.19999694824218750000 53.29999923706054687500 2289.00000000000000000000 110.00000000000000000000 3.15000009536743208471 3.57999992370605468750 9.00000000000000000000 86.00000000000000000000 5800.00000000000000000000 27.00000000000000000000 33.00000000000000000000 9095.00000000000000000000
2.00000000000000000000 74.00000000000000000000 103.30000305175779828915 174.60000610351562500000 64.59999847412109375000 59.79999923706054687500 2535.00000000000000000000 122.00000000000000000000 3.34999990463256835938 3.46000003814697265625 8.50000000000000000000 88.00000000000000000000 5000.00000000000000000000 24.00000000000000000000 30.00000000000000000000 8921.00000000000000000000
3.00000000000000000000 188.00000000000000000000 101.19999694824220171085 176.80000305175781250000 64.80000305175781250000 54.29999923706054687500 2710.00000000000000000000 164.00000000000000000000 3.30999994277954101562 3.19000005722045898438 9.00000000000000000000 121.00000000000000000000 4250.00000000000000000000 21.00000000000000000000 28.00000000000000000000 20970.00000000000000000000
4.00000000000000000000 148.00000000000000000000 93.69999694824220171085 157.30000305175781250000 63.79999923706054687500 50.59999847412108664457 1967.00000000000000000000 90.00000000000000000000 2.97000002861022904810 3.23000001907348632812 9.39999961853027166114 68.00000000000000000000 5500.00000000000000000000 31.00000000000000000000 38.00000000000000000000 6229.00000000000000000000
3.00000000000000000000 93.00000000000000000000 106.69999694824220171085 187.50000000000000000000 70.30000305175781250000 54.90000152587890625000 3495.00000000000000000000 183.00000000000000000000 3.57999992370605468750 3.64000010490417480469 21.50000000000000000000 123.00000000000000000000 4350.00000000000000000000 22.00000000000000000000 25.00000000000000000000 28176.00000000000000000000
5.00000000000000000000 192.00000000000000000000 101.19999694824220171085 176.80000305175781250000 64.80000305175781250000 54.29999923706054687500 2395.00000000000000000000 108.00000000000000000000 3.50000000000000000000 2.79999995231628417969 8.80000019073486328125 101.00000000000000000000 5800.00000000000000000000 23.00000000000000000000 29.00000000000000000000 16430.00000000000000000000
3.00000000000000000000 91.00000000000000000000 95.69999694824220171085 169.69999694824218750000 63.59999847412108664457 59.09999847412108664457 3110.00000000000000000000 92.00000000000000000000 3.04999995231628417969 3.02999997138977050781 9.00000000000000000000 62.00000000000000000000 4800.00000000000000000000 27.00000000000000000000 32.00000000000000000000 8778.00000000000000000000
4.00000000000000000000 122.00000000000000000000 94.50000000000000000000 165.30000305175781250000 63.79999923706054687500 54.50000000000000000000 1971.00000000000000000000 97.00000000000000000000 3.15000009536743208471 3.28999996185302778784 9.39999961853027166114 69.00000000000000000000 5200.00000000000000000000 31.00000000000000000000 37.00000000000000000000 7499.00000000000000000000
3.00000000000000000000 106.00000000000000000000 96.50000000000000000000 167.50000000000000000000 65.19999694824218750000 53.29999923706054687500 2236.00000000000000000000 110.00000000000000000000 3.15000009536743208471 3.57999992370605468750 9.00000000000000000000 86.00000000000000000000 5800.00000000000000000000 27.00000000000000000000 33.00000000000000000000 7895.00000000000000000000
3.00000000000000000000 91.00000000000000000000 95.69999694824220171085 166.30000305175781250000 64.40000152587890625000 53.00000000000000000000 2081.00000000000000000000 98.00000000000000000000 3.19000005722045898438 3.02999997138977050781 9.00000000000000000000 70.00000000000000000000 4800.00000000000000000000 30.00000000000000000000 37.00000000000000000000 6938.00000000000000000000
6.00000000000000000000 153.00000000000000000000 96.30000305175779828915 173.00000000000000000000 65.40000152587890625000 49.40000152587890625000 2370.00000000000000000000 110.00000000000000000000 3.17000007629394531250 3.46000003814697265625 7.50000000000000000000 116.00000000000000000000 5500.00000000000000000000 23.00000000000000000000 30.00000000000000000000 9959.00000000000000000000
3.00000000000000000000 85.00000000000000000000 96.90000152587890625000 173.60000610351562500000 65.40000152587890625000 54.90000152587890625000 2420.00000000000000000000 108.00000000000000000000 3.61999988555908203125 2.64000010490417480469 9.00000000000000000000 82.00000000000000000000 4800.00000000000000000000 23.00000000000000000000 29.00000000000000000000 8013.00000000000000000000
3.00000000000000000000 161.00000000000000000000 107.90000152587890625000 186.69999694824218750000 68.40000152587890625000 56.70000076293945312500 3075.00000000000000000000 120.00000000000000000000 3.46000003814697265625 3.19000005722045898438 8.39999961853027343750 97.00000000000000000000 5000.00000000000000000000 19.00000000000000000000 24.00000000000000000000 16630.00000000000000000000
4.00000000000000000000 113.00000000000000000000 93.09999847412109375000 166.80000305175781250000 64.19999694824218750000 54.09999847412108664457 1945.00000000000000000000 91.00000000000000000000 3.02999997138977050781 3.15000009536743208471 9.00000000000000000000 68.00000000000000000000 5000.00000000000000000000 31.00000000000000000000 38.00000000000000000000 6695.00000000000000000000
4.00000000000000000000 128.00000000000000000000 94.50000000000000000000 165.30000305175781250000 63.79999923706054687500 54.50000000000000000000 1951.00000000000000000000 97.00000000000000000000 3.15000009536743208471 3.28999996185302778784 9.39999961853027166114 69.00000000000000000000 5200.00000000000000000000 31.00000000000000000000 37.00000000000000000000 7299.00000000000000000000
5.00000000000000000000 134.00000000000000000000 98.40000152587890625000 176.19999694824218750000 65.59999847412109375000 52.00000000000000000000 2540.00000000000000000000 146.00000000000000000000 3.61999988555908203125 3.50000000000000000000 9.30000019073486328125 116.00000000000000000000 4800.00000000000000000000 24.00000000000000000000 30.00000000000000000000 8449.00000000000000000000
2.00000000000000000000 110.00000000000000000000 103.30000305175779828915 174.60000610351562500000 64.59999847412109375000 59.79999923706054687500 2535.00000000000000000000 122.00000000000000000000 3.33999991416931152344 3.46000003814697265625 8.50000000000000000000 88.00000000000000000000 5000.00000000000000000000 24.00000000000000000000 30.00000000000000000000 8921.00000000000000000000
3.00000000000000000000 91.00000000000000000000 95.69999694824220171085 166.30000305175781250000 64.40000152587890625000 53.00000000000000000000 2275.00000000000000000000 110.00000000000000000000 3.26999998092651367188 3.34999990463256835938 22.50000000000000000000 56.00000000000000000000 4500.00000000000000000000 34.00000000000000000000 36.00000000000000000000 7898.00000000000000000000
4.00000000000000000000 154.00000000000000000000 93.69999694824220171085 167.30000305175781250000 63.79999923706054687500 50.79999923706054687500 1989.00000000000000000000 90.00000000000000000000 2.97000002861022904810 3.23000001907348632812 9.39999961853027166114 68.00000000000000000000 5500.00000000000000000000 31.00000000000000000000 38.00000000000000000000 6692.00000000000000000000
5.00000000000000000000 168.00000000000000000000 95.09999847412109375000 162.39999389648437500000 63.79999923706054687500 53.29999923706054687500 2008.00000000000000000000 97.00000000000000000000 3.15000009536743208471 3.28999996185302778784 9.39999961853027166114 69.00000000000000000000 5200.00000000000000000000 31.00000000000000000000 37.00000000000000000000 8249.00000000000000000000
1.00000000000000000000 103.00000000000000000000 104.30000305175779828915 188.80000305175781250000 67.19999694824218750000 56.20000076293945312500 3045.00000000000000000000 130.00000000000000000000 3.61999988555908203125 3.15000009536743208471 7.50000000000000000000 162.00000000000000000000 5100.00000000000000000000 17.00000000000000000000 22.00000000000000000000 18420.00000000000000000000
1.00000000000000000000 103.00000000000000000000 104.30000305175779828915 188.80000305175781250000 67.19999694824218750000 56.20000076293945312500 2912.00000000000000000000 141.00000000000000000000 3.77999997138977050781 3.15000009536743208471 9.50000000000000000000 114.00000000000000000000 5400.00000000000000000000 23.00000000000000000000 28.00000000000000000000 12940.00000000000000000000
3.00000000000000000000 161.00000000000000000000 107.90000152587890625000 186.69999694824218750000 68.40000152587890625000 56.70000076293945312500 3252.00000000000000000000 152.00000000000000000000 3.70000004768371582031 3.51999998092651367188 21.00000000000000000000 95.00000000000000000000 4150.00000000000000000000 28.00000000000000000000 33.00000000000000000000 16900.00000000000000000000
4.00000000000000000000 125.00000000000000000000 96.30000305175779828915 172.39999389648437500000 65.40000152587890625000 51.59999847412108664457 2365.00000000000000000000 122.00000000000000000000 3.34999990463256835938 3.46000003814697265625 8.50000000000000000000 88.00000000000000000000 5000.00000000000000000000 25.00000000000000000000 32.00000000000000000000 6989.00000000000000000000
4.00000000000000000000 168.00000000000000000000 94.50000000000000000000 168.69999694824218750000 64.00000000000000000000 52.59999847412108664457 2265.00000000000000000000 98.00000000000000000000 3.24000000953674316406 3.07999992370605468750 9.39999961853027166114 112.00000000000000000000 6600.00000000000000000000 26.00000000000000000000 29.00000000000000000000 9298.00000000000000000000
3.00000000000000000000 91.00000000000000000000 95.69999694824220171085 166.30000305175781250000 64.40000152587890625000 52.79999923706054687500 2122.00000000000000000000 98.00000000000000000000 3.19000005722045898438 3.02999997138977050781 9.00000000000000000000 70.00000000000000000000 4800.00000000000000000000 28.00000000000000000000 34.00000000000000000000 8358.00000000000000000000
1.00000000000000000000 103.00000000000000000000 104.30000305175779828915 188.80000305175781250000 67.19999694824218750000 56.20000076293945312500 2935.00000000000000000000 141.00000000000000000000 3.77999997138977050781 3.15000009536743208471 9.50000000000000000000 114.00000000000000000000 5400.00000000000000000000 24.00000000000000000000 28.00000000000000000000 15985.00000000000000000000
5.00000000000000000000 121.00000000000000000000 88.40000152587890625000 141.10000610351562500000 60.29999923706054687500 53.20000076293945312500 1488.00000000000000000000 61.00000000000000000000 2.91000008583068847656 3.02999997138977050781 9.50000000000000000000 48.00000000000000000000 5100.00000000000000000000 47.00000000000000000000 53.00000000000000000000 5151.00000000000000000000
5.00000000000000000000 134.00000000000000000000 98.40000152587890625000 176.19999694824218750000 65.59999847412109375000 52.00000000000000000000 2714.00000000000000000000 146.00000000000000000000 3.61999988555908203125 3.50000000000000000000 9.30000019073486328125 116.00000000000000000000 4800.00000000000000000000 24.00000000000000000000 30.00000000000000000000 11549.00000000000000000000
3.00000000000000000000 102.00000000000000000000 97.19999694824220171085 172.00000000000000000000 65.40000152587890625000 52.50000000000000000000 2340.00000000000000000000 108.00000000000000000000 3.61999988555908203125 2.64000010490417480469 9.00000000000000000000 94.00000000000000000000 5200.00000000000000000000 26.00000000000000000000 32.00000000000000000000 9960.00000000000000000000
4.00000000000000000000 118.00000000000000000000 93.69999694824220171085 157.30000305175781250000 63.79999923706054687500 50.79999923706054687500 1876.00000000000000000000 90.00000000000000000000 2.97000002861022904810 3.23000001907348632812 9.40999984741210937500 68.00000000000000000000 5500.00000000000000000000 37.00000000000000000000 41.00000000000000000000 5572.00000000000000000000
4.00000000000000000000 98.00000000000000000000 94.50000000000000000000 155.89999389648437500000 63.59999847412108664457 52.00000000000000000000 1874.00000000000000000000 90.00000000000000000000 3.02999997138977050781 3.10999989509582519531 9.60000038146972833886 70.00000000000000000000 5400.00000000000000000000 38.00000000000000000000 43.00000000000000000000 6295.00000000000000000000
3.00000000000000000000 89.00000000000000000000 97.00000000000000000000 173.50000000000000000000 65.40000152587890625000 53.00000000000000000000 2290.00000000000000000000 108.00000000000000000000 3.61999988555908203125 2.64000010490417480469 9.00000000000000000000 82.00000000000000000000 4800.00000000000000000000 28.00000000000000000000 32.00000000000000000000 7463.00000000000000000000
6.00000000000000000000 153.00000000000000000000 96.30000305175779828915 173.00000000000000000000 65.40000152587890625000 49.40000152587890625000 2328.00000000000000000000 122.00000000000000000000 3.34999990463256835938 3.46000003814697265625 8.50000000000000000000 88.00000000000000000000 5000.00000000000000000000 25.00000000000000000000 32.00000000000000000000 8499.00000000000000000000
2.00000000000000000000 137.00000000000000000000 96.30000305175779828915 172.39999389648437500000 65.40000152587890625000 51.59999847412108664457 2403.00000000000000000000 110.00000000000000000000 3.17000007629394531250 3.46000003814697265625 7.50000000000000000000 116.00000000000000000000 5500.00000000000000000000 23.00000000000000000000 30.00000000000000000000 9279.00000000000000000000
4.00000000000000000000 104.00000000000000000000 93.09999847412109375000 159.10000610351562500000 64.19999694824218750000 54.09999847412108664457 1900.00000000000000000000 91.00000000000000000000 3.02999997138977050781 3.15000009536743208471 9.00000000000000000000 68.00000000000000000000 5000.00000000000000000000 31.00000000000000000000 38.00000000000000000000 6095.00000000000000000000
4.00000000000000000000 125.00000000000000000000 96.30000305175779828915 172.39999389648437500000 65.40000152587890625000 51.59999847412108664457 2403.00000000000000000000 110.00000000000000000000 3.17000007629394531250 3.46000003814697265625 7.50000000000000000000 116.00000000000000000000 5500.00000000000000000000 23.00000000000000000000 30.00000000000000000000 9279.00000000000000000000
5.00000000000000000000 134.00000000000000000000 98.40000152587890625000 176.19999694824218750000 65.59999847412109375000 53.00000000000000000000 2975.00000000000000000000 146.00000000000000000000 3.61999988555908203125 3.50000000000000000000 9.30000019073486328125 116.00000000000000000000 4800.00000000000000000000 24.00000000000000000000 30.00000000000000000000 17669.00000000000000000000
4.00000000000000000000 118.00000000000000000000 93.69999694824220171085 157.30000305175781250000 63.79999923706054687500 50.79999923706054687500 1876.00000000000000000000 90.00000000000000000000 2.97000002861022904810 3.23000001907348632812 9.39999961853027166114 68.00000000000000000000 5500.00000000000000000000 31.00000000000000000000 38.00000000000000000000 6377.00000000000000000000
4.00000000000000000000 104.00000000000000000000 93.09999847412109375000 159.10000610351562500000 64.19999694824218750000 54.09999847412108664457 1905.00000000000000000000 91.00000000000000000000 3.02999997138977050781 3.15000009536743208471 9.00000000000000000000 68.00000000000000000000 5000.00000000000000000000 31.00000000000000000000 38.00000000000000000000 6795.00000000000000000000
3.00000000000000000000 192.00000000000000000000 101.19999694824220171085 176.80000305175781250000 64.80000305175781250000 54.29999923706054687500 2395.00000000000000000000 108.00000000000000000000 3.50000000000000000000 2.79999995231628417969 8.80000019073486328125 101.00000000000000000000 5800.00000000000000000000 23.00000000000000000000 29.00000000000000000000 16925.00000000000000000000
4.00000000000000000000 154.00000000000000000000 93.69999694824220171085 167.30000305175781250000 63.79999923706054687500 50.79999923706054687500 2191.00000000000000000000 98.00000000000000000000 2.97000002861022904810 3.23000001907348632812 9.39999961853027166114 68.00000000000000000000 5500.00000000000000000000 31.00000000000000000000 38.00000000000000000000 7609.00000000000000000000
5.00000000000000000000 104.00000000000000000000 99.09999847412109375000 186.60000610351559657829 66.50000000000000000000 56.09999847412108664457 2847.00000000000000000000 121.00000000000000000000 3.53999996185302778784 3.06999993324279785156 9.00000000000000000000 160.00000000000000000000 5500.00000000000000000000 19.00000000000000000000 26.00000000000000000000 18620.00000000000000000000
4.00000000000000000000 107.00000000000000000000 96.50000000000000000000 169.10000610351562500000 66.00000000000000000000 51.00000000000000000000 2293.00000000000000000000 110.00000000000000000000 3.15000009536743208471 3.57999992370605468750 9.10000038146972833886 100.00000000000000000000 5500.00000000000000000000 25.00000000000000000000 31.00000000000000000000 10345.00000000000000000000
6.00000000000000000000 142.00000000000000000000 96.59999847412109375000 180.30000305175781250000 70.50000000000000000000 50.79999923706054687500 3685.00000000000000000000 234.00000000000000000000 3.46000003814697265625 3.09999990463256835938 8.30000019073486328125 155.00000000000000000000 4750.00000000000000000000 16.00000000000000000000 18.00000000000000000000 35056.00000000000000000000
3.00000000000000000000 81.00000000000000000000 94.50000000000000000000 158.80000305175781250000 63.59999847412108664457 52.00000000000000000000 1909.00000000000000000000 90.00000000000000000000 3.02999997138977050781 3.10999989509582519531 9.60000038146972833886 70.00000000000000000000 5400.00000000000000000000 38.00000000000000000000 43.00000000000000000000 6575.00000000000000000000
