0.00000000000000000000 1.00000000000000000000 2.03999996185302778784 0.70999997854232788086 2.22000002861022904810 1.25000000000000000000
0.00000000000000000000 2.00000000000000000000 2.35999989509582519531 1.52999997138977050781 3.02999997138977050781 1.59000003337860085217
1.00000000000000000000 1.00000000000000000000 1.85000002384185791016 1.36000001430511474609 2.17000007629394531250 0.75999999046325683594
1.00000000000000000000 0.00000000000000000000 1.09000003337860085217 0.79000002145767211914 1.59000003337860085217 0.74000000953674316406
0.00000000000000000000 1.00000000000000000000 1.87000000476837202612 0.57999998331069946289 2.97000002861022904810 0.87999999523162841797
1.00000000000000000000 0.00000000000000000000 1.13999998569488525391 0.81000000238418579102 2.08999991416931152344 1.00999999046325683594
0.00000000000000000000 0.00000000000000000000 0.10999999940395349673 0.14000000059604639224 0.57999998331069946289 0.12999999523162839021
1.00000000000000000000 2.00000000000000000000 1.37999999523162841797 1.86000001430511474609 2.91000008583068847656 1.36000001430511474609
0.00000000000000000000 1.00000000000000000000 2.39000010490417480469 0.36000001430511469058 2.05999994277954101562 0.81000000238418579102
1.00000000000000000000 2.00000000000000000000 0.61000001430511474609 0.87000000476837158203 1.35000002384185791016 0.92000001668930042609
1.00000000000000000000 0.00000000000000000000 0.34999999403953552246 0.75000000000000000000 0.20000000298023221101 0.03999999910593030061
0.00000000000000000000 2.00000000000000000000 1.01999998092651367188 1.88999998569488525391 2.47000002861022904810 1.66999995708465576172
1.00000000000000000000 3.00000000000000000000 0.07999999821186060123 0.40000000596046447754 0.56999999284744262695 0.18999999761581420898
1.00000000000000000000 1.00000000000000000000 2.44000005722045898438 1.51999998092651367188 4.01000022888183682568 1.15999996662139914783
1.00000000000000000000 1.00000000000000000000 9.42000007629394353614 3.59999990463256835938 7.84000015258789151318 6.00000000000000000000
0.00000000000000000000 2.00000000000000000000 0.05000000074505799724 0.01999999955296510173 0.09000000357627860326 0.01999999955296510173
0.00000000000000000000 1.00000000000000000000 0.07000000029802319612 2.25999999046325683594 2.07999992370605468750 1.09000003337860085217
1.00000000000000000000 1.00000000000000000000 1.50000000000000000000 0.23999999463558199797 1.14999997615814208984 0.63999998569488525391
0.00000000000000000000 2.00000000000000000000 0.23999999463558199797 0.43999999761581420898 0.93999999761581420898 0.43999999761581420898
1.00000000000000000000 2.00000000000000000000 0.00000000000000000000 0.18999999761581420898 0.05999999865889540235 0.36000001430511469058
0.00000000000000000000 3.00000000000000000000 0.97000002861022960321 1.65999996662139914783 2.21000003814697265625 1.12999999523162841797
1.00000000000000000000 1.00000000000000000000 1.02999997138977050781 0.21999999880790710449 1.87999999523162841797 0.30000001192092889957
0.00000000000000000000 1.00000000000000000000 4.23999977111816317432 1.66999995708465576172 5.48000001907348632812 2.34999990463256835938
1.00000000000000000000 1.00000000000000000000 4.34000015258789240136 3.28999996185302778784 6.40000009536743252880 4.05999994277954101562
1.00000000000000000000 0.00000000000000000000 3.66000008583068892065 1.84000003337860085217 5.36000013351440340870 2.47000002861022904810
1.00000000000000000000 1.00000000000000000000 2.22000002861022904810 0.61000001430511474609 2.68000006675720170435 0.74000000953674316406
0.00000000000000000000 1.00000000000000000000 1.62000000476837158203 1.15999996662139914783 2.86999988555908203125 0.79000002145767211914
0.00000000000000000000 3.00000000000000000000 0.00000000000000000000 0.03999999910593030061 0.03999999910593030061 0.00000000000000000000
0.00000000000000000000 0.00000000000000000000 0.00999999977648250056 0.23000000417232510652 0.10000000149011610551 0.05000000074505799724
0.00000000000000000000 3.00000000000000000000 2.65000009536743208471 0.85000002384185791016 1.48000001907348632812 0.95999997854232799188
1.00000000000000000000 3.00000000000000000000 1.26999998092651367188 1.38999998569488525391 1.20000004768371582031 1.03999996185302712171
0.00000000000000000000 0.00000000000000000000 0.31000000238418579102 0.23000000417232510652 0.82999998331069946289 0.37000000476837158203
1.00000000000000000000 2.00000000000000000000 1.41999995708465576172 1.08000004291534423828 1.22000002861022949219 1.41999995708465576172
1.00000000000000000000 2.00000000000000000000 2.46000003814697265625 2.47000002861022904810 2.39000010490417480469 2.36999988555908203125
1.00000000000000000000 2.00000000000000000000 1.45000004768371582031 1.47000002861022949219 2.20000004768371582031 1.70000004768371582031
0.00000000000000000000 3.00000000000000000000 0.44999998807907098941 0.43000000715255737305 0.43999999761581420898 0.40000000596046447754
0.00000000000000000000 2.00000000000000000000 5.07999992370605468750 1.76999998092651367188 4.19999980926513671875 3.43000006675720170435
0.00000000000000000000 3.00000000000000000000 1.83000004291534401624 1.82000005245208806848 3.10999989509582519531 1.78999996185302712171
1.00000000000000000000 3.00000000000000000000 0.47999998927116399594 0.58999997377395629883 0.68000000715255737305 0.68000000715255737305
1.00000000000000000000 1.00000000000000000000 1.44000005722045898438 1.00000000000000000000 1.63999998569488525391 1.08000004291534423828
0.00000000000000000000 0.00000000000000000000 0.93999999761581420898 1.59000003337860085217 1.73000001907348632812 1.62000000476837158203
1.00000000000000000000 2.00000000000000000000 3.26999998092651367188 2.68000006675720170435 3.59999990463256835938 2.52999997138977050781
1.00000000000000000000 1.00000000000000000000 1.08000004291534423828 0.85000002384185791016 3.45000004768371626440 0.37000000476837158203
1.00000000000000000000 0.00000000000000000000 0.30000001192092889957 0.72000002861022949219 1.37999999523162841797 0.56999999284744262695
0.00000000000000000000 0.00000000000000000000 1.29999995231628417969 0.34000000357627868652 2.45000004768371582031 0.55000001192092895508
0.00000000000000000000 2.00000000000000000000 1.07000005245208740234 0.63999998569488525391 1.95000004768371604236 0.68999999761581420898
1.00000000000000000000 1.00000000000000000000 2.75999999046325683594 0.87000000476837158203 4.17000007629394442432 0.83999997377395629883
0.00000000000000000000 3.00000000000000000000 0.82999998331069946289 0.37999999523162841797 0.69999998807907104492 0.43999999761581420898
0.00000000000000000000 1.00000000000000000000 0.80000001192092906610 2.25000000000000000000 2.78999996185302778784 1.08000004291534423828
1.00000000000000000000 3.00000000000000000000 0.18000000715255728978 1.41999995708465576172 0.70999997854232788086 0.73000001907348632812
1.00000000000000000000 2.00000000000000000000 0.72000002861022949219 0.99000000953674316406 0.98000001907348643915 0.70999997854232788086
1.00000000000000000000 3.00000000000000000000 1.05999994277954079358 1.12999999523162841797 1.46000003814697287829 0.87999999523162841797
1.00000000000000000000 1.00000000000000000000 1.99000000953674316406 1.89999997615814164575 3.67000007629394486841 2.23000001907348632812
0.00000000000000000000 2.00000000000000000000 0.01999999955296510173 0.07999999821186060123 0.23999999463558199797 0.07000000029802319612
1.00000000000000000000 3.00000000000000000000 0.37999999523162841797 0.57999998331069946289 0.67000001668930053711 0.77999997138977050781
1.00000000000000000000 0.00000000000000000000 0.51999998092651367188 1.32000005245208740234 2.18000006675720170435 0.89999997615814208984
0.00000000000000000000 1.00000000000000000000 0.12999999523162839021 0.58999997377395629883 0.91000002622604359015 0.41999998688697809390
0.00000000000000000000 2.00000000000000000000 2.11999988555908158716 2.76999998092651367188 4.44000005722045898438 2.08999991416931152344
0.00000000000000000000 2.00000000000000000000 2.74000000953674316406 3.02999997138977050781 6.38999986648559659130 2.67000007629394531250
0.00000000000000000000 0.00000000000000000000 3.00999999046325683594 1.65999996662139914783 4.55999994277954101562 1.83000004291534401624
1.00000000000000000000 2.00000000000000000000 0.37000000476837158203 1.25000000000000000000 1.74000000953674316406 0.56000000238418579102
0.00000000000000000000 0.00000000000000000000 0.41999998688697809390 0.46999999880790710449 0.52999997138977050781 0.51999998092651367188
0.00000000000000000000 0.00000000000000000000 1.79999995231628417969 1.62000000476837158203 3.01999998092651367188 1.83000004291534401624
1.00000000000000000000 3.00000000000000000000 1.37999999523162841797 2.10999989509582475122 3.00999999046325683594 1.59000003337860085217
0.00000000000000000000 1.00000000000000000000 0.25999999046325678043 0.46999999880790710449 0.89999997615814208984 0.37000000476837158203
1.00000000000000000000 3.00000000000000000000 2.11999988555908158716 0.94999998807907082288 1.82000005245208806848 2.16000008583068847656
0.00000000000000000000 0.00000000000000000000 1.64999997615814208984 1.79999995231628417969 3.32999992370605468750 1.69000005722045898438
1.00000000000000000000 3.00000000000000000000 0.10000000149011610551 0.30000001192092889957 0.34000000357627868652 0.25000000000000000000
0.00000000000000000000 2.00000000000000000000 0.95999997854232799188 0.63999998569488525391 1.24000000953674316406 0.57999998331069946289
1.00000000000000000000 2.00000000000000000000 0.36000001430511469058 0.87000000476837158203 0.56999999284744262695 0.49000000953674321957
1.00000000000000000000 0.00000000000000000000 2.04999995231628417969 1.29999995231628417969 4.03999996185302645557 1.10000002384185791016
0.00000000000000000000 2.00000000000000000000 2.13000011444091841284 1.12999999523162841797 2.32999992370605468750 1.22000002861022949219
0.00000000000000000000 2.00000000000000000000 0.49000000953674321957 0.55000001192092895508 0.50999999046325683594 0.38999998569488530942
1.00000000000000000000 2.00000000000000000000 1.33000004291534423828 0.43000000715255737305 2.18000006675720170435 0.81000000238418579102
0.00000000000000000000 3.00000000000000000000 0.12999999523162839021 0.27000001072883611508 0.34999999403953552246 0.17000000178813928775
0.00000000000000000000 0.00000000000000000000 0.75999999046325683594 0.70999997854232788086 1.27999997138977050781 0.62999999523162841797
1.00000000000000000000 0.00000000000000000000 4.44000005722045898438 1.04999995231628417969 3.58999991416931152344 2.24000000953674316406
1.00000000000000000000 2.00000000000000000000 0.66000002622604370117 0.73000001907348632812 0.91000002622604359015 0.54000002145767211914
1.00000000000000000000 2.00000000000000000000 2.52999997138977050781 1.08000004291534423828 3.65000009536743208471 1.33000004291534423828
0.00000000000000000000 2.00000000000000000000 2.75999999046325683594 3.09999990463256835938 5.05999994277954101562 3.38000011444091796875
0.00000000000000000000 3.00000000000000000000 0.15000000596046439427 0.12999999523162839021 0.41999998688697809390 0.21999999880790710449
