66.00000000000000000000 8.00000000000000000000 30.03300094604491832229
41.00000000000000000000 1.00000000000000000000 47.33300018310546875000
74.00000000000000000000 7.00000000000000000000 22.75900077819823863479
36.00000000000000000000 11.00000000000000000000 52.42399978637695312500
32.00000000000000000000 1.00000000000000000000 101.66000366210937500000
74.00000000000000000000 7.00000000000000000000 22.18799972534180042771
64.00000000000000000000 4.00000000000000000000 23.73299980163574574021
37.00000000000000000000 1.00000000000000000000 67.66699981689453125000
45.00000000000000000000 10.00000000000000000000 48.02899932861328125000
73.00000000000000000000 5.00000000000000000000 17.24099922180175781250
41.00000000000000000000 11.00000000000000000000 79.00000000000000000000
43.00000000000000000000 10.00000000000000000000 59.70600128173828125000
73.00000000000000000000 7.00000000000000000000 24.82799911499023437500
72.00000000000000000000 5.00000000000000000000 10.41399955749511541114
46.00000000000000000000 2.00000000000000000000 55.17200088500976562500
48.00000000000000000000 10.00000000000000000000 42.93799972534179687500
56.00000000000000000000 9.00000000000000000000 27.24099922180176136521
66.00000000000000000000 8.00000000000000000000 24.68799972534180042771
49.00000000000000000000 10.00000000000000000000 50.58800125122070312500
38.00000000000000000000 1.00000000000000000000 59.37500000000000000000
57.00000000000000000000 9.00000000000000000000 19.30999946594238281250
51.00000000000000000000 3.00000000000000000000 54.83900070190429687500
54.00000000000000000000 9.00000000000000000000 43.58599853515625000000
42.00000000000000000000 2.00000000000000000000 38.62099838256835937500
77.00000000000000000000 6.00000000000000000000 17.00000000000000000000
54.00000000000000000000 9.00000000000000000000 40.93500137329101562500
38.00000000000000000000 11.00000000000000000000 81.66699981689453125000
32.00000000000000000000 1.00000000000000000000 71.15599822998046875000
24.00000000000000000000 0.00000000000000000000 101.30000305175779828915
60.00000000000000000000 4.00000000000000000000 25.93799972534180042771
69.00000000000000000000 4.00000000000000000000 25.00000000000000000000
71.00000000000000000000 7.00000000000000000000 32.44800186157226562500
56.00000000000000000000 3.00000000000000000000 27.93099975585937144729
60.00000000000000000000 4.00000000000000000000 34.66699981689453125000
79.00000000000000000000 6.00000000000000000000 17.87500000000000000000
34.00000000000000000000 0.00000000000000000000 62.33300018310546875000
67.00000000000000000000 8.00000000000000000000 24.68799972534180042771
66.00000000000000000000 8.00000000000000000000 18.27599906921386718750
34.00000000000000000000 0.00000000000000000000 79.68800354003906250000
55.00000000000000000000 3.00000000000000000000 19.35700035095214843750
39.00000000000000000000 2.00000000000000000000 65.86199951171875000000
