-1.00000000000000000000 1.00000000000000000000 0.00000000000000000000 1.00000000000000000000 -1.00000000000000000000 0.00000000000000000000 -1.00000000000000000000 -1.00000000000000000000 0.00000000000000000000 0.00000000000000000000 3.54999995231628417969
-1.00000000000000000000 0.00000000000000000000 1.00000000000000000000 -1.00000000000000000000 1.00000000000000000000 0.00000000000000000000 -1.00000000000000000000 0.00000000000000000000 1.00000000000000000000 -1.00000000000000000000 5.23000001907348632812
-1.00000000000000000000 1.00000000000000000000 1.00000000000000000000 0.00000000000000000000 1.00000000000000000000 -1.00000000000000000000 1.00000000000000000000 0.00000000000000000000 0.00000000000000000000 1.00000000000000000000 9.77999973297119140625
-1.00000000000000000000 -1.00000000000000000000 -1.00000000000000000000 0.00000000000000000000 -1.00000000000000000000 1.00000000000000000000 -1.00000000000000000000 -1.00000000000000000000 -1.00000000000000000000 0.00000000000000000000 -4.78000020980834960938
1.00000000000000000000 -1.00000000000000000000 -1.00000000000000000000 0.00000000000000000000 0.00000000000000000000 0.00000000000000000000 1.00000000000000000000 -1.00000000000000000000 1.00000000000000000000 -1.00000000000000000000 -2.88000011444091796875
-1.00000000000000000000 0.00000000000000000000 -1.00000000000000000000 1.00000000000000000000 1.00000000000000000000 1.00000000000000000000 0.00000000000000000000 0.00000000000000000000 0.00000000000000000000 1.00000000000000000000 0.12999999523162839021
1.00000000000000000000 -1.00000000000000000000 -1.00000000000000000000 1.00000000000000000000 1.00000000000000000000 -1.00000000000000000000 -1.00000000000000000000 0.00000000000000000000 0.00000000000000000000 1.00000000000000000000 -3.96000003814697265625
1.00000000000000000000 -1.00000000000000000000 0.00000000000000000000 -1.00000000000000000000 0.00000000000000000000 1.00000000000000000000 0.00000000000000000000 1.00000000000000000000 0.00000000000000000000 -1.00000000000000000000 0.87999999523162841797
1.00000000000000000000 1.00000000000000000000 -1.00000000000000000000 0.00000000000000000000 -1.00000000000000000000 1.00000000000000000000 1.00000000000000000000 0.00000000000000000000 0.00000000000000000000 0.00000000000000000000 -0.62999999523162841797
1.00000000000000000000 -1.00000000000000000000 -1.00000000000000000000 1.00000000000000000000 -1.00000000000000000000 -1.00000000000000000000 0.00000000000000000000 0.00000000000000000000 1.00000000000000000000 0.00000000000000000000 -6.65999984741210937500
1.00000000000000000000 1.00000000000000000000 -1.00000000000000000000 -1.00000000000000000000 1.00000000000000000000 0.00000000000000000000 1.00000000000000000000 0.00000000000000000000 1.00000000000000000000 0.00000000000000000000 0.82999998331069946289
-1.00000000000000000000 0.00000000000000000000 -1.00000000000000000000 0.00000000000000000000 -1.00000000000000000000 1.00000000000000000000 0.00000000000000000000 -1.00000000000000000000 0.00000000000000000000 -1.00000000000000000000 2.09999990463256835938
1.00000000000000000000 -1.00000000000000000000 -1.00000000000000000000 1.00000000000000000000 1.00000000000000000000 0.00000000000000000000 1.00000000000000000000 1.00000000000000000000 -1.00000000000000000000 -1.00000000000000000000 1.87999999523162841797
1.00000000000000000000 0.00000000000000000000 -1.00000000000000000000 1.00000000000000000000 -1.00000000000000000000 1.00000000000000000000 -1.00000000000000000000 1.00000000000000000000 -1.00000000000000000000 -1.00000000000000000000 -5.65999984741210937500
-1.00000000000000000000 -1.00000000000000000000 1.00000000000000000000 1.00000000000000000000 1.00000000000000000000 1.00000000000000000000 -1.00000000000000000000 -1.00000000000000000000 1.00000000000000000000 1.00000000000000000000 5.73999977111816406250
-1.00000000000000000000 -1.00000000000000000000 1.00000000000000000000 -1.00000000000000000000 1.00000000000000000000 1.00000000000000000000 0.00000000000000000000 -1.00000000000000000000 -1.00000000000000000000 -1.00000000000000000000 2.68000006675720214844
-1.00000000000000000000 -1.00000000000000000000 -1.00000000000000000000 0.00000000000000000000 0.00000000000000000000 -1.00000000000000000000 0.00000000000000000000 -1.00000000000000000000 0.00000000000000000000 -1.00000000000000000000 -1.65999996662139892578
1.00000000000000000000 -1.00000000000000000000 -1.00000000000000000000 1.00000000000000000000 0.00000000000000000000 1.00000000000000000000 0.00000000000000000000 -1.00000000000000000000 -1.00000000000000000000 1.00000000000000000000 0.50999999046325683594
1.00000000000000000000 0.00000000000000000000 1.00000000000000000000 -1.00000000000000000000 1.00000000000000000000 0.00000000000000000000 0.00000000000000000000 0.00000000000000000000 1.00000000000000000000 -1.00000000000000000000 -0.75999999046325683594
1.00000000000000000000 -1.00000000000000000000 1.00000000000000000000 -1.00000000000000000000 -1.00000000000000000000 -1.00000000000000000000 0.00000000000000000000 1.00000000000000000000 1.00000000000000000000 1.00000000000000000000 -7.28000020980834960938
-1.00000000000000000000 -1.00000000000000000000 1.00000000000000000000 0.00000000000000000000 0.00000000000000000000 1.00000000000000000000 0.00000000000000000000 0.00000000000000000000 -1.00000000000000000000 -1.00000000000000000000 1.97000002861022927014
1.00000000000000000000 0.00000000000000000000 0.00000000000000000000 1.00000000000000000000 1.00000000000000000000 1.00000000000000000000 -1.00000000000000000000 -1.00000000000000000000 1.00000000000000000000 0.00000000000000000000 0.76999998092651367188
1.00000000000000000000 1.00000000000000000000 1.00000000000000000000 1.00000000000000000000 -1.00000000000000000000 1.00000000000000000000 1.00000000000000000000 -1.00000000000000000000 -1.00000000000000000000 1.00000000000000000000 -1.94000005722045898438
1.00000000000000000000 -1.00000000000000000000 1.00000000000000000000 -1.00000000000000000000 0.00000000000000000000 -1.00000000000000000000 1.00000000000000000000 1.00000000000000000000 1.00000000000000000000 -1.00000000000000000000 -4.71000003814697265625
1.00000000000000000000 -1.00000000000000000000 -1.00000000000000000000 -1.00000000000000000000 -1.00000000000000000000 0.00000000000000000000 -1.00000000000000000000 -1.00000000000000000000 -1.00000000000000000000 1.00000000000000000000 -10.81000041961669921875
-1.00000000000000000000 0.00000000000000000000 0.00000000000000000000 0.00000000000000000000 -1.00000000000000000000 1.00000000000000000000 1.00000000000000000000 -1.00000000000000000000 0.00000000000000000000 1.00000000000000000000 3.34999990463256835938
1.00000000000000000000 -1.00000000000000000000 0.00000000000000000000 -1.00000000000000000000 0.00000000000000000000 1.00000000000000000000 0.00000000000000000000 1.00000000000000000000 1.00000000000000000000 -1.00000000000000000000 -1.63999998569488525391
-1.00000000000000000000 -1.00000000000000000000 0.00000000000000000000 -1.00000000000000000000 0.00000000000000000000 1.00000000000000000000 0.00000000000000000000 1.00000000000000000000 -1.00000000000000000000 -1.00000000000000000000 1.40999996662139892578
1.00000000000000000000 0.00000000000000000000 -1.00000000000000000000 -1.00000000000000000000 1.00000000000000000000 0.00000000000000000000 0.00000000000000000000 -1.00000000000000000000 1.00000000000000000000 0.00000000000000000000 -0.89999997615814208984
1.00000000000000000000 -1.00000000000000000000 0.00000000000000000000 1.00000000000000000000 1.00000000000000000000 0.00000000000000000000 0.00000000000000000000 -1.00000000000000000000 0.00000000000000000000 -1.00000000000000000000 -2.34999990463256835938
-1.00000000000000000000 1.00000000000000000000 -1.00000000000000000000 1.00000000000000000000 1.00000000000000000000 0.00000000000000000000 0.00000000000000000000 -1.00000000000000000000 0.00000000000000000000 0.00000000000000000000 5.32999992370605468750
-1.00000000000000000000 -1.00000000000000000000 1.00000000000000000000 1.00000000000000000000 -1.00000000000000000000 -1.00000000000000000000 0.00000000000000000000 1.00000000000000000000 0.00000000000000000000 0.00000000000000000000 2.15000009536743208471
-1.00000000000000000000 -1.00000000000000000000 1.00000000000000000000 1.00000000000000000000 1.00000000000000000000 1.00000000000000000000 1.00000000000000000000 1.00000000000000000000 -1.00000000000000000000 -1.00000000000000000000 2.04999995231628417969
1.00000000000000000000 0.00000000000000000000 1.00000000000000000000 1.00000000000000000000 -1.00000000000000000000 -1.00000000000000000000 1.00000000000000000000 1.00000000000000000000 -1.00000000000000000000 0.00000000000000000000 -5.90999984741210937500
1.00000000000000000000 1.00000000000000000000 -1.00000000000000000000 0.00000000000000000000 -1.00000000000000000000 -1.00000000000000000000 1.00000000000000000000 0.00000000000000000000 -1.00000000000000000000 1.00000000000000000000 -7.86999988555908203125
-1.00000000000000000000 0.00000000000000000000 -1.00000000000000000000 0.00000000000000000000 0.00000000000000000000 1.00000000000000000000 -1.00000000000000000000 1.00000000000000000000 -1.00000000000000000000 -1.00000000000000000000 -0.11999999731779090184
1.00000000000000000000 1.00000000000000000000 -1.00000000000000000000 -1.00000000000000000000 -1.00000000000000000000 0.00000000000000000000 1.00000000000000000000 1.00000000000000000000 1.00000000000000000000 1.00000000000000000000 -3.90000009536743208471
-1.00000000000000000000 -1.00000000000000000000 -1.00000000000000000000 0.00000000000000000000 0.00000000000000000000 1.00000000000000000000 0.00000000000000000000 0.00000000000000000000 -1.00000000000000000000 1.00000000000000000000 2.23000001907348632812
1.00000000000000000000 0.00000000000000000000 0.00000000000000000000 0.00000000000000000000 1.00000000000000000000 -1.00000000000000000000 1.00000000000000000000 0.00000000000000000000 1.00000000000000000000 0.00000000000000000000 -2.63000011444091796875
-1.00000000000000000000 0.00000000000000000000 -1.00000000000000000000 -1.00000000000000000000 0.00000000000000000000 1.00000000000000000000 -1.00000000000000000000 0.00000000000000000000 -1.00000000000000000000 -1.00000000000000000000 -0.50000000000000000000
1.00000000000000000000 -1.00000000000000000000 0.00000000000000000000 1.00000000000000000000 0.00000000000000000000 -1.00000000000000000000 0.00000000000000000000 -1.00000000000000000000 1.00000000000000000000 1.00000000000000000000 -5.51999998092651367188
1.00000000000000000000 0.00000000000000000000 0.00000000000000000000 0.00000000000000000000 0.00000000000000000000 0.00000000000000000000 -1.00000000000000000000 0.00000000000000000000 1.00000000000000000000 1.00000000000000000000 -0.87000000476837158203
-1.00000000000000000000 1.00000000000000000000 -1.00000000000000000000 0.00000000000000000000 1.00000000000000000000 1.00000000000000000000 0.00000000000000000000 1.00000000000000000000 0.00000000000000000000 -1.00000000000000000000 3.33999991416931152344
1.00000000000000000000 -1.00000000000000000000 1.00000000000000000000 1.00000000000000000000 1.00000000000000000000 -1.00000000000000000000 1.00000000000000000000 1.00000000000000000000 -1.00000000000000000000 0.00000000000000000000 1.14999997615814208984
-1.00000000000000000000 -1.00000000000000000000 -1.00000000000000000000 0.00000000000000000000 0.00000000000000000000 -1.00000000000000000000 0.00000000000000000000 0.00000000000000000000 0.00000000000000000000 1.00000000000000000000 -0.62000000476837158203
-1.00000000000000000000 1.00000000000000000000 -1.00000000000000000000 0.00000000000000000000 1.00000000000000000000 0.00000000000000000000 0.00000000000000000000 0.00000000000000000000 -1.00000000000000000000 1.00000000000000000000 5.98999977111816406250
-1.00000000000000000000 0.00000000000000000000 1.00000000000000000000 -1.00000000000000000000 0.00000000000000000000 -1.00000000000000000000 1.00000000000000000000 1.00000000000000000000 0.00000000000000000000 -1.00000000000000000000 7.01000022888183593750
-1.00000000000000000000 -1.00000000000000000000 0.00000000000000000000 -1.00000000000000000000 0.00000000000000000000 1.00000000000000000000 0.00000000000000000000 -1.00000000000000000000 1.00000000000000000000 -1.00000000000000000000 -0.88999998569488525391
-1.00000000000000000000 0.00000000000000000000 0.00000000000000000000 1.00000000000000000000 1.00000000000000000000 1.00000000000000000000 0.00000000000000000000 -1.00000000000000000000 1.00000000000000000000 -1.00000000000000000000 6.44000005722045898438
-1.00000000000000000000 -1.00000000000000000000 1.00000000000000000000 0.00000000000000000000 0.00000000000000000000 -1.00000000000000000000 0.00000000000000000000 0.00000000000000000000 0.00000000000000000000 0.00000000000000000000 1.50000000000000000000
1.00000000000000000000 1.00000000000000000000 -1.00000000000000000000 -1.00000000000000000000 0.00000000000000000000 0.00000000000000000000 0.00000000000000000000 -1.00000000000000000000 1.00000000000000000000 -1.00000000000000000000 -2.92000007629394531250
1.00000000000000000000 1.00000000000000000000 -1.00000000000000000000 -1.00000000000000000000 0.00000000000000000000 0.00000000000000000000 -1.00000000000000000000 0.00000000000000000000 1.00000000000000000000 1.00000000000000000000 -4.23000001907348632812
1.00000000000000000000 -1.00000000000000000000 1.00000000000000000000 0.00000000000000000000 -1.00000000000000000000 1.00000000000000000000 1.00000000000000000000 1.00000000000000000000 1.00000000000000000000 0.00000000000000000000 -3.29999995231628417969
-1.00000000000000000000 -1.00000000000000000000 1.00000000000000000000 1.00000000000000000000 1.00000000000000000000 -1.00000000000000000000 0.00000000000000000000 0.00000000000000000000 -1.00000000000000000000 0.00000000000000000000 5.92999982833862304688
1.00000000000000000000 -1.00000000000000000000 1.00000000000000000000 1.00000000000000000000 -1.00000000000000000000 1.00000000000000000000 0.00000000000000000000 1.00000000000000000000 0.00000000000000000000 -1.00000000000000000000 -5.92999982833862304688
-1.00000000000000000000 1.00000000000000000000 0.00000000000000000000 1.00000000000000000000 1.00000000000000000000 1.00000000000000000000 -1.00000000000000000000 -1.00000000000000000000 -1.00000000000000000000 0.00000000000000000000 5.19999980926513671875
-1.00000000000000000000 0.00000000000000000000 -1.00000000000000000000 0.00000000000000000000 0.00000000000000000000 0.00000000000000000000 -1.00000000000000000000 -1.00000000000000000000 -1.00000000000000000000 1.00000000000000000000 0.14000000059604639224
1.00000000000000000000 1.00000000000000000000 -1.00000000000000000000 -1.00000000000000000000 -1.00000000000000000000 -1.00000000000000000000 0.00000000000000000000 1.00000000000000000000 -1.00000000000000000000 -1.00000000000000000000 -6.55000019073486328125
-1.00000000000000000000 0.00000000000000000000 0.00000000000000000000 -1.00000000000000000000 1.00000000000000000000 -1.00000000000000000000 0.00000000000000000000 0.00000000000000000000 -1.00000000000000000000 1.00000000000000000000 3.49000000953674316406
1.00000000000000000000 0.00000000000000000000 1.00000000000000000000 1.00000000000000000000 -1.00000000000000000000 1.00000000000000000000 1.00000000000000000000 -1.00000000000000000000 0.00000000000000000000 1.00000000000000000000 -1.22000002861022949219
-1.00000000000000000000 -1.00000000000000000000 1.00000000000000000000 -1.00000000000000000000 1.00000000000000000000 -1.00000000000000000000 1.00000000000000000000 1.00000000000000000000 1.00000000000000000000 0.00000000000000000000 3.64000010490417480469
-1.00000000000000000000 1.00000000000000000000 1.00000000000000000000 -1.00000000000000000000 1.00000000000000000000 1.00000000000000000000 -1.00000000000000000000 0.00000000000000000000 0.00000000000000000000 0.00000000000000000000 9.67000007629394353614
1.00000000000000000000 0.00000000000000000000 -1.00000000000000000000 -1.00000000000000000000 0.00000000000000000000 0.00000000000000000000 -1.00000000000000000000 -1.00000000000000000000 1.00000000000000000000 1.00000000000000000000 -4.03999996185302734375
1.00000000000000000000 -1.00000000000000000000 0.00000000000000000000 -1.00000000000000000000 0.00000000000000000000 0.00000000000000000000 -1.00000000000000000000 0.00000000000000000000 -1.00000000000000000000 -1.00000000000000000000 -4.01000022888183593750
-1.00000000000000000000 1.00000000000000000000 0.00000000000000000000 -1.00000000000000000000 0.00000000000000000000 1.00000000000000000000 0.00000000000000000000 0.00000000000000000000 1.00000000000000000000 0.00000000000000000000 7.90999984741210937500
1.00000000000000000000 -1.00000000000000000000 1.00000000000000000000 1.00000000000000000000 0.00000000000000000000 1.00000000000000000000 1.00000000000000000000 1.00000000000000000000 -1.00000000000000000000 -1.00000000000000000000 -0.85000002384185791016
-1.00000000000000000000 0.00000000000000000000 -1.00000000000000000000 1.00000000000000000000 -1.00000000000000000000 0.00000000000000000000 -1.00000000000000000000 -1.00000000000000000000 -1.00000000000000000000 1.00000000000000000000 -1.69000005722045898438
1.00000000000000000000 0.00000000000000000000 1.00000000000000000000 -1.00000000000000000000 -1.00000000000000000000 0.00000000000000000000 -1.00000000000000000000 0.00000000000000000000 0.00000000000000000000 0.00000000000000000000 -4.94000005722045898438
-1.00000000000000000000 1.00000000000000000000 -1.00000000000000000000 1.00000000000000000000 -1.00000000000000000000 0.00000000000000000000 1.00000000000000000000 0.00000000000000000000 -1.00000000000000000000 -1.00000000000000000000 3.10999989509582519531
1.00000000000000000000 0.00000000000000000000 0.00000000000000000000 -1.00000000000000000000 0.00000000000000000000 0.00000000000000000000 0.00000000000000000000 1.00000000000000000000 -1.00000000000000000000 -1.00000000000000000000 -4.50000000000000000000
1.00000000000000000000 1.00000000000000000000 -1.00000000000000000000 0.00000000000000000000 0.00000000000000000000 0.00000000000000000000 1.00000000000000000000 -1.00000000000000000000 1.00000000000000000000 1.00000000000000000000 0.15000000596046439427
-1.00000000000000000000 0.00000000000000000000 1.00000000000000000000 1.00000000000000000000 -1.00000000000000000000 1.00000000000000000000 1.00000000000000000000 1.00000000000000000000 -1.00000000000000000000 1.00000000000000000000 4.63999986648559570312
1.00000000000000000000 -1.00000000000000000000 -1.00000000000000000000 1.00000000000000000000 1.00000000000000000000 0.00000000000000000000 1.00000000000000000000 1.00000000000000000000 -1.00000000000000000000 0.00000000000000000000 1.53999996185302712171
-1.00000000000000000000 0.00000000000000000000 -1.00000000000000000000 0.00000000000000000000 0.00000000000000000000 1.00000000000000000000 1.00000000000000000000 -1.00000000000000000000 -1.00000000000000000000 -1.00000000000000000000 1.85000002384185791016
-1.00000000000000000000 0.00000000000000000000 0.00000000000000000000 -1.00000000000000000000 1.00000000000000000000 1.00000000000000000000 -1.00000000000000000000 1.00000000000000000000 -1.00000000000000000000 1.00000000000000000000 3.61999988555908203125
-1.00000000000000000000 0.00000000000000000000 1.00000000000000000000 1.00000000000000000000 -1.00000000000000000000 1.00000000000000000000 1.00000000000000000000 0.00000000000000000000 1.00000000000000000000 1.00000000000000000000 5.21999979019165039062
-1.00000000000000000000 1.00000000000000000000 0.00000000000000000000 1.00000000000000000000 1.00000000000000000000 1.00000000000000000000 1.00000000000000000000 1.00000000000000000000 0.00000000000000000000 -1.00000000000000000000 8.09000015258789062500
1.00000000000000000000 1.00000000000000000000 1.00000000000000000000 0.00000000000000000000 -1.00000000000000000000 -1.00000000000000000000 -1.00000000000000000000 1.00000000000000000000 0.00000000000000000000 -1.00000000000000000000 -8.10999965667724609375
1.00000000000000000000 0.00000000000000000000 -1.00000000000000000000 0.00000000000000000000 -1.00000000000000000000 0.00000000000000000000 0.00000000000000000000 -1.00000000000000000000 1.00000000000000000000 -1.00000000000000000000 -5.32999992370605468750
-1.00000000000000000000 -1.00000000000000000000 1.00000000000000000000 0.00000000000000000000 1.00000000000000000000 -1.00000000000000000000 -1.00000000000000000000 1.00000000000000000000 1.00000000000000000000 0.00000000000000000000 0.37000000476837158203
1.00000000000000000000 0.00000000000000000000 1.00000000000000000000 0.00000000000000000000 -1.00000000000000000000 -1.00000000000000000000 -1.00000000000000000000 0.00000000000000000000 -1.00000000000000000000 0.00000000000000000000 -8.03999996185302734375
-1.00000000000000000000 0.00000000000000000000 -1.00000000000000000000 0.00000000000000000000 0.00000000000000000000 -1.00000000000000000000 -1.00000000000000000000 1.00000000000000000000 -1.00000000000000000000 1.00000000000000000000 -0.31999999284744262695
1.00000000000000000000 -1.00000000000000000000 -1.00000000000000000000 -1.00000000000000000000 0.00000000000000000000 1.00000000000000000000 1.00000000000000000000 -1.00000000000000000000 0.00000000000000000000 -1.00000000000000000000 -0.46000000834465021304
-1.00000000000000000000 0.00000000000000000000 -1.00000000000000000000 1.00000000000000000000 1.00000000000000000000 -1.00000000000000000000 1.00000000000000000000 -1.00000000000000000000 1.00000000000000000000 -1.00000000000000000000 0.81000000238418579102
-1.00000000000000000000 -1.00000000000000000000 -1.00000000000000000000 0.00000000000000000000 0.00000000000000000000 -1.00000000000000000000 -1.00000000000000000000 0.00000000000000000000 1.00000000000000000000 1.00000000000000000000 -2.80999994277954101562
1.00000000000000000000 0.00000000000000000000 0.00000000000000000000 -1.00000000000000000000 -1.00000000000000000000 -1.00000000000000000000 -1.00000000000000000000 0.00000000000000000000 1.00000000000000000000 -1.00000000000000000000 -9.64000034332275390625
1.00000000000000000000 -1.00000000000000000000 -1.00000000000000000000 0.00000000000000000000 0.00000000000000000000 -1.00000000000000000000 1.00000000000000000000 1.00000000000000000000 1.00000000000000000000 0.00000000000000000000 -5.92000007629394531250
-1.00000000000000000000 0.00000000000000000000 1.00000000000000000000 1.00000000000000000000 1.00000000000000000000 0.00000000000000000000 1.00000000000000000000 1.00000000000000000000 -1.00000000000000000000 1.00000000000000000000 7.57000017166137695312
-1.00000000000000000000 -1.00000000000000000000 -1.00000000000000000000 1.00000000000000000000 1.00000000000000000000 0.00000000000000000000 -1.00000000000000000000 0.00000000000000000000 0.00000000000000000000 0.00000000000000000000 -2.34999990463256835938
-1.00000000000000000000 0.00000000000000000000 0.00000000000000000000 -1.00000000000000000000 1.00000000000000000000 -1.00000000000000000000 -1.00000000000000000000 1.00000000000000000000 -1.00000000000000000000 1.00000000000000000000 4.00000000000000000000
1.00000000000000000000 -1.00000000000000000000 -1.00000000000000000000 1.00000000000000000000 0.00000000000000000000 0.00000000000000000000 1.00000000000000000000 1.00000000000000000000 1.00000000000000000000 0.00000000000000000000 -2.57999992370605468750
-1.00000000000000000000 -1.00000000000000000000 -1.00000000000000000000 0.00000000000000000000 -1.00000000000000000000 1.00000000000000000000 0.00000000000000000000 -1.00000000000000000000 1.00000000000000000000 1.00000000000000000000 -2.96000003814697265625
1.00000000000000000000 1.00000000000000000000 -1.00000000000000000000 1.00000000000000000000 0.00000000000000000000 -1.00000000000000000000 1.00000000000000000000 0.00000000000000000000 -1.00000000000000000000 0.00000000000000000000 -1.86000001430511474609
1.00000000000000000000 0.00000000000000000000 0.00000000000000000000 0.00000000000000000000 -1.00000000000000000000 -1.00000000000000000000 0.00000000000000000000 -1.00000000000000000000 0.00000000000000000000 1.00000000000000000000 -7.38999986648559570312
1.00000000000000000000 0.00000000000000000000 0.00000000000000000000 1.00000000000000000000 0.00000000000000000000 -1.00000000000000000000 1.00000000000000000000 0.00000000000000000000 1.00000000000000000000 0.00000000000000000000 -3.11999988555908203125
-1.00000000000000000000 1.00000000000000000000 -1.00000000000000000000 -1.00000000000000000000 0.00000000000000000000 -1.00000000000000000000 -1.00000000000000000000 -1.00000000000000000000 0.00000000000000000000 -1.00000000000000000000 4.00000000000000000000
1.00000000000000000000 1.00000000000000000000 -1.00000000000000000000 0.00000000000000000000 1.00000000000000000000 -1.00000000000000000000 1.00000000000000000000 1.00000000000000000000 1.00000000000000000000 1.00000000000000000000 2.26999998092651367188
-1.00000000000000000000 0.00000000000000000000 0.00000000000000000000 0.00000000000000000000 1.00000000000000000000 -1.00000000000000000000 1.00000000000000000000 0.00000000000000000000 1.00000000000000000000 -1.00000000000000000000 4.69999980926513671875
-1.00000000000000000000 -1.00000000000000000000 -1.00000000000000000000 1.00000000000000000000 0.00000000000000000000 1.00000000000000000000 1.00000000000000000000 0.00000000000000000000 -1.00000000000000000000 0.00000000000000000000 0.38999998569488519840
-1.00000000000000000000 -1.00000000000000000000 -1.00000000000000000000 -1.00000000000000000000 0.00000000000000000000 0.00000000000000000000 -1.00000000000000000000 1.00000000000000000000 0.00000000000000000000 -1.00000000000000000000 -1.57000005245208740234
1.00000000000000000000 1.00000000000000000000 0.00000000000000000000 -1.00000000000000000000 1.00000000000000000000 0.00000000000000000000 0.00000000000000000000 1.00000000000000000000 1.00000000000000000000 0.00000000000000000000 0.25000000000000000000
1.00000000000000000000 0.00000000000000000000 -1.00000000000000000000 0.00000000000000000000 1.00000000000000000000 -1.00000000000000000000 0.00000000000000000000 -1.00000000000000000000 0.00000000000000000000 1.00000000000000000000 -5.48000001907348632812
-1.00000000000000000000 0.00000000000000000000 0.00000000000000000000 0.00000000000000000000 1.00000000000000000000 1.00000000000000000000 1.00000000000000000000 0.00000000000000000000 -1.00000000000000000000 -1.00000000000000000000 2.44000005722045898438
1.00000000000000000000 0.00000000000000000000 1.00000000000000000000 -1.00000000000000000000 0.00000000000000000000 -1.00000000000000000000 -1.00000000000000000000 0.00000000000000000000 -1.00000000000000000000 1.00000000000000000000 -6.86000013351440429688
1.00000000000000000000 -1.00000000000000000000 -1.00000000000000000000 0.00000000000000000000 1.00000000000000000000 0.00000000000000000000 1.00000000000000000000 1.00000000000000000000 -1.00000000000000000000 1.00000000000000000000 0.37999999523162841797
1.00000000000000000000 -1.00000000000000000000 -1.00000000000000000000 1.00000000000000000000 -1.00000000000000000000 1.00000000000000000000 1.00000000000000000000 0.00000000000000000000 -1.00000000000000000000 -1.00000000000000000000 -2.05999994277954101562
1.00000000000000000000 -1.00000000000000000000 -1.00000000000000000000 -1.00000000000000000000 0.00000000000000000000 -1.00000000000000000000 1.00000000000000000000 1.00000000000000000000 0.00000000000000000000 1.00000000000000000000 -6.30000019073486328125
1.00000000000000000000 -1.00000000000000000000 0.00000000000000000000 -1.00000000000000000000 0.00000000000000000000 1.00000000000000000000 0.00000000000000000000 0.00000000000000000000 1.00000000000000000000 -1.00000000000000000000 -1.19000005722045898438
-1.00000000000000000000 1.00000000000000000000 0.00000000000000000000 1.00000000000000000000 0.00000000000000000000 0.00000000000000000000 1.00000000000000000000 0.00000000000000000000 1.00000000000000000000 -1.00000000000000000000 4.67000007629394531250
1.00000000000000000000 0.00000000000000000000 0.00000000000000000000 -1.00000000000000000000 -1.00000000000000000000 1.00000000000000000000 -1.00000000000000000000 -1.00000000000000000000 0.00000000000000000000 -1.00000000000000000000 -2.76999998092651367188
1.00000000000000000000 -1.00000000000000000000 1.00000000000000000000 1.00000000000000000000 0.00000000000000000000 0.00000000000000000000 1.00000000000000000000 1.00000000000000000000 1.00000000000000000000 0.00000000000000000000 -2.50000000000000000000
1.00000000000000000000 -1.00000000000000000000 -1.00000000000000000000 -1.00000000000000000000 1.00000000000000000000 1.00000000000000000000 0.00000000000000000000 1.00000000000000000000 1.00000000000000000000 0.00000000000000000000 0.73000001907348632812
1.00000000000000000000 -1.00000000000000000000 -1.00000000000000000000 0.00000000000000000000 0.00000000000000000000 1.00000000000000000000 1.00000000000000000000 -1.00000000000000000000 0.00000000000000000000 -1.00000000000000000000 -2.24000000953674316406
-1.00000000000000000000 -1.00000000000000000000 -1.00000000000000000000 -1.00000000000000000000 -1.00000000000000000000 0.00000000000000000000 1.00000000000000000000 1.00000000000000000000 -1.00000000000000000000 0.00000000000000000000 -3.18000006675720214844
1.00000000000000000000 1.00000000000000000000 -1.00000000000000000000 -1.00000000000000000000 -1.00000000000000000000 1.00000000000000000000 -1.00000000000000000000 -1.00000000000000000000 0.00000000000000000000 1.00000000000000000000 -2.99000000953674316406
-1.00000000000000000000 1.00000000000000000000 1.00000000000000000000 1.00000000000000000000 0.00000000000000000000 1.00000000000000000000 0.00000000000000000000 -1.00000000000000000000 0.00000000000000000000 0.00000000000000000000 7.15999984741210937500
1.00000000000000000000 -1.00000000000000000000 0.00000000000000000000 1.00000000000000000000 -1.00000000000000000000 -1.00000000000000000000 0.00000000000000000000 -1.00000000000000000000 0.00000000000000000000 -1.00000000000000000000 -9.77999973297119140625
1.00000000000000000000 0.00000000000000000000 1.00000000000000000000 0.00000000000000000000 -1.00000000000000000000 -1.00000000000000000000 1.00000000000000000000 1.00000000000000000000 -1.00000000000000000000 -1.00000000000000000000 -6.82000017166137695312
-1.00000000000000000000 -1.00000000000000000000 0.00000000000000000000 -1.00000000000000000000 1.00000000000000000000 0.00000000000000000000 -1.00000000000000000000 1.00000000000000000000 -1.00000000000000000000 0.00000000000000000000 1.28999996185302712171
-1.00000000000000000000 1.00000000000000000000 1.00000000000000000000 0.00000000000000000000 0.00000000000000000000 1.00000000000000000000 -1.00000000000000000000 1.00000000000000000000 0.00000000000000000000 1.00000000000000000000 12.09000015258789062500
1.00000000000000000000 1.00000000000000000000 0.00000000000000000000 0.00000000000000000000 1.00000000000000000000 1.00000000000000000000 -1.00000000000000000000 -1.00000000000000000000 1.00000000000000000000 0.00000000000000000000 0.05999999865889540235
1.00000000000000000000 -1.00000000000000000000 -1.00000000000000000000 0.00000000000000000000 0.00000000000000000000 -1.00000000000000000000 0.00000000000000000000 -1.00000000000000000000 1.00000000000000000000 0.00000000000000000000 -7.82999992370605468750
-1.00000000000000000000 -1.00000000000000000000 0.00000000000000000000 -1.00000000000000000000 1.00000000000000000000 0.00000000000000000000 -1.00000000000000000000 1.00000000000000000000 0.00000000000000000000 -1.00000000000000000000 1.14999997615814208984
1.00000000000000000000 0.00000000000000000000 1.00000000000000000000 1.00000000000000000000 1.00000000000000000000 -1.00000000000000000000 -1.00000000000000000000 1.00000000000000000000 1.00000000000000000000 -1.00000000000000000000 -1.25999999046325683594
1.00000000000000000000 -1.00000000000000000000 1.00000000000000000000 0.00000000000000000000 1.00000000000000000000 1.00000000000000000000 1.00000000000000000000 0.00000000000000000000 0.00000000000000000000 -1.00000000000000000000 5.53999996185302734375
1.00000000000000000000 1.00000000000000000000 0.00000000000000000000 0.00000000000000000000 0.00000000000000000000 -1.00000000000000000000 0.00000000000000000000 -1.00000000000000000000 1.00000000000000000000 0.00000000000000000000 -4.94000005722045898438
-1.00000000000000000000 0.00000000000000000000 1.00000000000000000000 0.00000000000000000000 0.00000000000000000000 1.00000000000000000000 1.00000000000000000000 1.00000000000000000000 0.00000000000000000000 1.00000000000000000000 5.00000000000000000000
1.00000000000000000000 1.00000000000000000000 0.00000000000000000000 -1.00000000000000000000 0.00000000000000000000 -1.00000000000000000000 -1.00000000000000000000 0.00000000000000000000 1.00000000000000000000 -1.00000000000000000000 -6.51999998092651367188
-1.00000000000000000000 -1.00000000000000000000 1.00000000000000000000 0.00000000000000000000 0.00000000000000000000 1.00000000000000000000 -1.00000000000000000000 -1.00000000000000000000 -1.00000000000000000000 0.00000000000000000000 0.81999999284744262695
-1.00000000000000000000 -1.00000000000000000000 0.00000000000000000000 0.00000000000000000000 1.00000000000000000000 0.00000000000000000000 -1.00000000000000000000 -1.00000000000000000000 0.00000000000000000000 1.00000000000000000000 1.94000005722045898438
1.00000000000000000000 1.00000000000000000000 0.00000000000000000000 -1.00000000000000000000 -1.00000000000000000000 0.00000000000000000000 -1.00000000000000000000 -1.00000000000000000000 0.00000000000000000000 0.00000000000000000000 -8.39000034332275390625
-1.00000000000000000000 1.00000000000000000000 -1.00000000000000000000 -1.00000000000000000000 1.00000000000000000000 1.00000000000000000000 0.00000000000000000000 -1.00000000000000000000 -1.00000000000000000000 -1.00000000000000000000 4.11999988555908203125
1.00000000000000000000 0.00000000000000000000 0.00000000000000000000 0.00000000000000000000 1.00000000000000000000 -1.00000000000000000000 -1.00000000000000000000 1.00000000000000000000 -1.00000000000000000000 0.00000000000000000000 -3.01999998092651367188
-1.00000000000000000000 -1.00000000000000000000 1.00000000000000000000 0.00000000000000000000 -1.00000000000000000000 0.00000000000000000000 -1.00000000000000000000 -1.00000000000000000000 1.00000000000000000000 1.00000000000000000000 1.42999994754791259766
1.00000000000000000000 -1.00000000000000000000 -1.00000000000000000000 1.00000000000000000000 -1.00000000000000000000 0.00000000000000000000 -1.00000000000000000000 0.00000000000000000000 0.00000000000000000000 -1.00000000000000000000 -5.46999979019165039062
1.00000000000000000000 -1.00000000000000000000 -1.00000000000000000000 1.00000000000000000000 -1.00000000000000000000 1.00000000000000000000 1.00000000000000000000 1.00000000000000000000 -1.00000000000000000000 -1.00000000000000000000 -3.65000009536743208471
1.00000000000000000000 1.00000000000000000000 -1.00000000000000000000 0.00000000000000000000 0.00000000000000000000 1.00000000000000000000 -1.00000000000000000000 1.00000000000000000000 1.00000000000000000000 1.00000000000000000000 -1.57000005245208740234
-1.00000000000000000000 0.00000000000000000000 -1.00000000000000000000 1.00000000000000000000 0.00000000000000000000 0.00000000000000000000 0.00000000000000000000 -1.00000000000000000000 -1.00000000000000000000 0.00000000000000000000 -0.05999999865889540235
-1.00000000000000000000 1.00000000000000000000 0.00000000000000000000 0.00000000000000000000 1.00000000000000000000 1.00000000000000000000 -1.00000000000000000000 0.00000000000000000000 1.00000000000000000000 -1.00000000000000000000 8.55000019073486328125
1.00000000000000000000 0.00000000000000000000 -1.00000000000000000000 -1.00000000000000000000 0.00000000000000000000 0.00000000000000000000 1.00000000000000000000 0.00000000000000000000 -1.00000000000000000000 -1.00000000000000000000 -0.01999999955296510173
-1.00000000000000000000 0.00000000000000000000 -1.00000000000000000000 -1.00000000000000000000 -1.00000000000000000000 0.00000000000000000000 -1.00000000000000000000 0.00000000000000000000 0.00000000000000000000 0.00000000000000000000 -1.65999996662139892578
-1.00000000000000000000 0.00000000000000000000 -1.00000000000000000000 0.00000000000000000000 -1.00000000000000000000 0.00000000000000000000 1.00000000000000000000 0.00000000000000000000 -1.00000000000000000000 -1.00000000000000000000 -1.57000005245208740234
1.00000000000000000000 0.00000000000000000000 0.00000000000000000000 1.00000000000000000000 0.00000000000000000000 0.00000000000000000000 -1.00000000000000000000 1.00000000000000000000 -1.00000000000000000000 -1.00000000000000000000 -3.93000006675720214844
1.00000000000000000000 1.00000000000000000000 1.00000000000000000000 -1.00000000000000000000 0.00000000000000000000 1.00000000000000000000 -1.00000000000000000000 -1.00000000000000000000 1.00000000000000000000 -1.00000000000000000000 -3.35999989509582519531
-1.00000000000000000000 1.00000000000000000000 0.00000000000000000000 -1.00000000000000000000 -1.00000000000000000000 1.00000000000000000000 1.00000000000000000000 1.00000000000000000000 1.00000000000000000000 1.00000000000000000000 4.61000013351440429688
-1.00000000000000000000 -1.00000000000000000000 -1.00000000000000000000 0.00000000000000000000 1.00000000000000000000 0.00000000000000000000 1.00000000000000000000 -1.00000000000000000000 0.00000000000000000000 0.00000000000000000000 1.59000003337860107422
-1.00000000000000000000 1.00000000000000000000 1.00000000000000000000 1.00000000000000000000 1.00000000000000000000 1.00000000000000000000 1.00000000000000000000 -1.00000000000000000000 -1.00000000000000000000 0.00000000000000000000 10.64999961853027166114
1.00000000000000000000 -1.00000000000000000000 0.00000000000000000000 1.00000000000000000000 -1.00000000000000000000 -1.00000000000000000000 -1.00000000000000000000 1.00000000000000000000 0.00000000000000000000 0.00000000000000000000 -7.63999986648559570312
-1.00000000000000000000 0.00000000000000000000 0.00000000000000000000 1.00000000000000000000 -1.00000000000000000000 -1.00000000000000000000 0.00000000000000000000 1.00000000000000000000 0.00000000000000000000 1.00000000000000000000 3.04999995231628417969
-1.00000000000000000000 0.00000000000000000000 1.00000000000000000000 1.00000000000000000000 1.00000000000000000000 0.00000000000000000000 0.00000000000000000000 1.00000000000000000000 0.00000000000000000000 0.00000000000000000000 5.67000007629394531250
