0.00000000000000000000 1.00000000000000000000 1.00000000000000000000 5.00000000000000000000 797.00000000000000000000
1.00000000000000000000 0.00000000000000000000 0.00000000000000000000 1.00000000000000000000 142.00000000000000000000
1.00000000000000000000 0.00000000000000000000 1.00000000000000000000 5.00000000000000000000 36.00000000000000000000
0.00000000000000000000 1.00000000000000000000 0.00000000000000000000 3.00000000000000000000 629.00000000000000000000
1.00000000000000000000 1.00000000000000000000 0.00000000000000000000 0.00000000000000000000 276.00000000000000000000
1.00000000000000000000 1.00000000000000000000 1.00000000000000000000 3.00000000000000000000 62.00000000000000000000
1.00000000000000000000 1.00000000000000000000 1.00000000000000000000 4.00000000000000000000 62.00000000000000000000
0.00000000000000000000 1.00000000000000000000 1.00000000000000000000 0.00000000000000000000 321.00000000000000000000
0.00000000000000000000 1.00000000000000000000 1.00000000000000000000 1.00000000000000000000 577.00000000000000000000
1.00000000000000000000 0.00000000000000000000 1.00000000000000000000 2.00000000000000000000 59.00000000000000000000
0.00000000000000000000 0.00000000000000000000 0.00000000000000000000 4.00000000000000000000 483.00000000000000000000
0.00000000000000000000 1.00000000000000000000 0.00000000000000000000 1.00000000000000000000 464.00000000000000000000
1.00000000000000000000 0.00000000000000000000 0.00000000000000000000 2.00000000000000000000 389.00000000000000000000
1.00000000000000000000 1.00000000000000000000 1.00000000000000000000 1.00000000000000000000 72.00000000000000000000
0.00000000000000000000 0.00000000000000000000 1.00000000000000000000 4.00000000000000000000 384.00000000000000000000
0.00000000000000000000 0.00000000000000000000 1.00000000000000000000 3.00000000000000000000 350.00000000000000000000
1.00000000000000000000 0.00000000000000000000 1.00000000000000000000 1.00000000000000000000 32.00000000000000000000
1.00000000000000000000 0.00000000000000000000 1.00000000000000000000 4.00000000000000000000 28.00000000000000000000
0.00000000000000000000 1.00000000000000000000 1.00000000000000000000 4.00000000000000000000 944.00000000000000000000
0.00000000000000000000 0.00000000000000000000 0.00000000000000000000 2.00000000000000000000 986.00000000000000000000
1.00000000000000000000 1.00000000000000000000 0.00000000000000000000 4.00000000000000000000 178.00000000000000000000
0.00000000000000000000 1.00000000000000000000 0.00000000000000000000 2.00000000000000000000 1112.00000000000000000000
0.00000000000000000000 0.00000000000000000000 0.00000000000000000000 3.00000000000000000000 652.00000000000000000000
0.00000000000000000000 0.00000000000000000000 0.00000000000000000000 0.00000000000000000000 765.00000000000000000000
1.00000000000000000000 1.00000000000000000000 1.00000000000000000000 0.00000000000000000000 47.00000000000000000000
1.00000000000000000000 0.00000000000000000000 0.00000000000000000000 5.00000000000000000000 119.00000000000000000000
0.00000000000000000000 1.00000000000000000000 1.00000000000000000000 2.00000000000000000000 541.00000000000000000000
1.00000000000000000000 0.00000000000000000000 1.00000000000000000000 3.00000000000000000000 66.00000000000000000000
1.00000000000000000000 0.00000000000000000000 0.00000000000000000000 4.00000000000000000000 176.00000000000000000000
0.00000000000000000000 0.00000000000000000000 0.00000000000000000000 1.00000000000000000000 399.00000000000000000000
0.00000000000000000000 0.00000000000000000000 1.00000000000000000000 1.00000000000000000000 218.00000000000000000000
1.00000000000000000000 1.00000000000000000000 1.00000000000000000000 5.00000000000000000000 70.00000000000000000000
1.00000000000000000000 0.00000000000000000000 0.00000000000000000000 0.00000000000000000000 231.00000000000000000000
0.00000000000000000000 1.00000000000000000000 0.00000000000000000000 0.00000000000000000000 747.00000000000000000000
1.00000000000000000000 1.00000000000000000000 0.00000000000000000000 3.00000000000000000000 243.00000000000000000000
1.00000000000000000000 0.00000000000000000000 1.00000000000000000000 0.00000000000000000000 26.00000000000000000000
