7.62900018692016601562 0.10000000149011610551 3.90000009536743208471 -0.20000000298023221101 70.69999694824218750000 14.00000000000000000000 506.00000000000000000000 3.85015010833740145557
7.56527996063232421875 3.50000000000000000000 6.90000009536743164062 0.20000000298023221101 204.39999389648440342171 15.00000000000000000000 482.00000000000000000000 2.70805001258850097656
8.31532001495361328125 -0.10000000149011610551 5.19999980926513671875 -0.80000001192092895508 79.00000000000000000000 8.00000000000000000000 555.00000000000000000000 4.60516977310180664062
7.12205982208252041943 -3.20000004768371582031 4.59999990463256835938 -0.10000000149011610551 62.20000076293945312500 12.00000000000000000000 427.00000000000000000000 2.83320999145507812500
7.43602991104125976562 -1.00000000000000000000 1.79999995231628417969 1.39999997615814208984 89.00000000000000000000 20.00000000000000000000 44.00000000000000000000 5.26785993576049804688
7.56579017639160156250 0.60000002384185791016 3.79999995231628417969 -0.40000000596046447754 64.59999847412109375000 12.00000000000000000000 507.00000000000000000000 3.43399000167846679688
6.35611009597778320312 6.90000009536743164062 7.00000000000000000000 0.80000001192092895508 220.00000000000000000000 24.00000000000000000000 34.00000000000000000000 3.52636003494262695312
7.59488010406494140625 11.19999980926513671875 1.70000004768371582031 -2.00000000000000000000 236.00000000000000000000 12.00000000000000000000 188.00000000000000000000 4.04304981231689541943
8.19781017303466796875 0.20000000298023221101 2.40000009536743208471 0.50000000000000000000 80.00000000000000000000 8.00000000000000000000 72.00000000000000000000 3.68887996673583984375
4.56435012817382812500 -6.30000019073486328125 2.00000000000000000000 2.29999995231628417969 223.00000000000000000000 3.00000000000000000000 148.00000000000000000000 2.77258992195129394531
4.82028007507324218750 -2.59999990463256835938 2.09999990463256835938 0.69999998807907104492 72.80000305175781250000 4.00000000000000000000 530.00000000000000000000 3.04451990127563476562
7.55223989486694335938 -0.60000002384185791016 2.50000000000000000000 -0.10000000149011610551 75.00000000000000000000 13.00000000000000000000 111.00000000000000000000 3.17805004119873046875
8.31385040283203125000 12.19999980926513671875 4.00000000000000000000 -2.79999995231628417969 230.39999389648440342171 17.00000000000000000000 572.00000000000000000000 3.76119995117187500000
6.69083976745605468750 6.40000009536743164062 1.20000004768371582031 0.00000000000000000000 188.00000000000000000000 6.00000000000000000000 207.00000000000000000000 3.46573996543884277344
5.70378017425537109375 5.80000019073486328125 2.79999995231628417969 0.00000000000000000000 43.00000000000000000000 7.00000000000000000000 189.00000000000000000000 2.30258989334106445312
7.98343992233276367188 -4.80000019073486328125 0.80000001192092895508 1.10000002384185791016 230.10000610351559657829 17.00000000000000000000 445.00000000000000000000 4.34381008148193359375
6.57367992401123135693 1.60000002384185791016 2.00000000000000000000 1.20000004768371582031 212.69999694824218750000 6.00000000000000000000 472.00000000000000000000 2.07944011688232421875
8.30597972869873046875 2.40000009536743208471 4.19999980926513671875 -0.69999998807907104492 65.09999847412109375000 8.00000000000000000000 556.00000000000000000000 4.79579019546508789062
7.96241998672485262745 -6.09999990463256835938 5.19999980926513671875 0.40000000596046447754 27.00000000000000000000 18.00000000000000000000 82.00000000000000000000 2.56494998931884810034
4.83627986907958984375 -10.39999961853027166114 1.89999997615814208984 1.10000002384185791016 75.00000000000000000000 7.00000000000000000000 86.00000000000000000000 2.07944011688232421875
6.51914978027343750000 -1.79999995231628417969 2.29999995231628417969 1.10000002384185791016 81.00000000000000000000 23.00000000000000000000 174.00000000000000000000 4.24849987030029296875
6.07764005661010742188 -10.10000038146972833886 2.79999995231628417969 0.00000000000000000000 73.00000000000000000000 1.00000000000000000000 89.00000000000000000000 2.19722008705139204565
5.12989997863769531250 7.80000019073486328125 1.60000002384185791016 1.70000004768371582031 184.30000305175781250000 4.00000000000000000000 604.00000000000000000000 2.07944011688232421875
7.63191986083984375000 5.80000019073486328125 1.89999997615814208984 -3.09999990463256835938 260.79998779296875000000 12.00000000000000000000 541.00000000000000000000 4.93447017669677734375
7.55276012420654296875 13.39999961853027166114 3.90000009536743208471 0.30000001192092889957 216.80000305175781250000 19.00000000000000000000 606.00000000000000000000 3.25810003280639648438
7.88720989227294921875 7.59999990463256835938 4.00000000000000000000 -0.60000002384185791016 180.00000000000000000000 13.00000000000000000000 208.00000000000000000000 4.00732994079589843750
5.24174976348876953125 -4.19999980926513671875 1.39999997615814208984 3.59999990463256835938 230.00000000000000000000 2.00000000000000000000 155.00000000000000000000 3.04451990127563476562
7.54327011108398437500 -8.00000000000000000000 0.60000002384185791016 0.50000000000000000000 88.00000000000000000000 13.00000000000000000000 94.00000000000000000000 4.81218004226684570312
5.14749002456665039062 -9.00000000000000000000 1.29999995231628417969 0.40000000596046447754 77.00000000000000000000 2.00000000000000000000 88.00000000000000000000 4.36945009231567382812
7.80344009399414062500 2.40000009536743208471 3.90000009536743208471 0.20000000298023221101 14.30000019073486328125 20.00000000000000000000 574.00000000000000000000 2.30258989334106445312
5.12989997863769531250 -1.50000000000000000000 2.50000000000000000000 -0.10000000149011610551 245.10000610351559657829 4.00000000000000000000 510.00000000000000000000 2.63906002044677734375
8.03398036956787109375 -5.69999980926513671875 4.80000019073486328125 -0.30000001192092889957 69.09999847412109375000 9.00000000000000000000 506.00000000000000000000 3.04451990127563476562
7.88795995712280273438 -0.30000001192092889957 1.70000004768371582031 0.40000000596046447754 26.89999961853027699021 15.00000000000000000000 416.00000000000000000000 3.87120008468627929688
7.66387987136840820312 16.79999923706054687500 6.00000000000000000000 -1.10000002384185791016 272.00000000000000000000 14.00000000000000000000 205.00000000000000000000 4.70047998428344726562
8.08209037780761718750 5.19999980926513671875 7.19999980926513671875 -1.29999995231628417969 202.69999694824218750000 14.00000000000000000000 537.00000000000000000000 5.17047977447509765625
5.28319978713989257812 8.60000038146972656250 1.79999995231628417969 1.50000000000000000000 242.00000000000000000000 3.00000000000000000000 34.00000000000000000000 1.60943996906280517578
7.90175008773803710938 7.40000009536743164062 4.30000019073486328125 -0.30000001192092889957 178.00000000000000000000 18.00000000000000000000 190.00000000000000000000 3.91201996803283691406
7.85477018356323242188 -12.50000000000000000000 3.20000004768371582031 0.20000000298023221101 82.09999847412109375000 15.00000000000000000000 456.00000000000000000000 3.17805004119873046875
7.34601020812988281250 3.00000000000000000000 1.39999997615814208984 1.00000000000000000000 200.00000000000000000000 21.00000000000000000000 177.00000000000000000000 3.55535006523132324219
7.50329017639160156250 1.60000002384185791016 4.50000000000000000000 0.10000000149011610551 117.00000000000000000000 19.00000000000000000000 62.00000000000000000000 1.79175996780395507812
7.58425998687744140625 4.00000000000000000000 3.09999990463256835938 -1.70000004768371582031 103.69999694824220171085 12.00000000000000000000 554.00000000000000000000 4.17438983917236328125
6.26340007781982421875 2.50000000000000000000 4.30000019073486328125 -0.10000000149011610551 79.00000000000000000000 24.00000000000000000000 69.00000000000000000000 2.99572992324829101562
6.33683013916015625000 2.20000004768371582031 2.79999995231628417969 0.10000000149011610551 142.00000000000000000000 1.00000000000000000000 63.00000000000000000000 1.09861004352569580078
5.89440011978149414062 2.79999995231628417969 4.69999980926513671875 0.00000000000000000000 66.00000000000000000000 2.00000000000000000000 574.00000000000000000000 2.48491001129150390625
5.54517984390258789062 -0.69999998807907104492 2.00000000000000000000 -0.30000001192092889957 254.00000000000000000000 1.00000000000000000000 542.00000000000000000000 3.40120005607604980469
7.07326984405517578125 -0.89999997615814208984 1.60000002384185791016 -0.50000000000000000000 256.50000000000000000000 9.00000000000000000000 510.00000000000000000000 2.48491001129150390625
7.77021980285644531250 -3.79999995231628417969 4.90000009536743164062 -0.20000000298023221101 68.00000000000000000000 7.00000000000000000000 166.00000000000000000000 4.72738981246948242188
7.61776018142700195312 -5.59999990463256835938 3.09999990463256835938 -0.50000000000000000000 77.40000152587890625000 11.00000000000000000000 519.00000000000000000000 3.43399000167846679688
7.59388017654418856495 -0.40000000596046447754 4.50000000000000000000 -0.20000000298023221101 64.59999847412109375000 13.00000000000000000000 430.00000000000000000000 3.21887993812561035156
8.26177978515625000000 1.00000000000000000000 3.40000009536743208471 1.29999995231628417969 248.00000000000000000000 8.00000000000000000000 43.00000000000000000000 4.72738981246948242188
8.11760997772216796875 0.20000000298023221101 0.80000001192092895508 0.89999997615814208984 11.00000000000000000000 16.00000000000000000000 113.00000000000000000000 3.73766994476318403784
7.70661020278930664062 7.80000019073486328125 8.00000000000000000000 -1.20000004768371582031 33.70000076293945312500 13.00000000000000000000 556.00000000000000000000 4.43081998825073242188
7.71780014038085937500 7.90000009536743164062 0.40000000596046447754 0.50000000000000000000 276.00000000000000000000 19.00000000000000000000 184.00000000000000000000 4.00732994079589843750
5.03043985366821289062 -4.00000000000000000000 1.50000000000000000000 -0.10000000149011610551 108.19999694824220171085 2.00000000000000000000 521.00000000000000000000 3.52636003494262695312
8.08979034423828125000 1.20000004768371582031 3.59999990463256835938 0.10000000149011610551 63.90000152587890625000 15.00000000000000000000 411.00000000000000000000 2.99572992324829101562
5.86362981796264737255 -0.60000002384185791016 0.60000002384185791016 1.70000004768371582031 142.00000000000000000000 1.00000000000000000000 79.00000000000000000000 3.68887996673583984375
7.56734991073608398438 -10.19999980926513671875 0.60000002384185791016 2.40000009536743208471 110.80000305175779828915 10.00000000000000000000 465.00000000000000000000 4.68212985992431640625
6.55250978469848632812 -3.50000000000000000000 3.90000009536743208471 -0.10000000149011610551 46.29999923706054687500 24.00000000000000000000 409.00000000000000000000 1.38628995418548583984
6.45361995697021484375 -2.59999990463256835938 4.90000009536743164062 0.20000000298023221101 38.29999923706054687500 23.00000000000000000000 405.00000000000000000000 0.69314998388290405273
5.22035980224609375000 3.40000009536743208471 1.10000002384185791016 1.39999997615814208984 89.00000000000000000000 6.00000000000000000000 565.00000000000000000000 2.83320999145507812500
8.01434040069580078125 10.10000038146972833886 2.40000009536743208471 -0.30000001192092889957 44.00000000000000000000 17.00000000000000000000 189.00000000000000000000 3.36730003356933593750
7.74414014816284179688 -1.29999995231628417969 4.19999980926513671875 -0.20000000298023221101 59.00000000000000000000 15.00000000000000000000 149.00000000000000000000 3.21887993812561035156
6.82979011535644531250 -15.50000000000000000000 3.09999990463256835938 0.20000000298023221101 70.30000305175781250000 22.00000000000000000000 460.00000000000000000000 3.66355991363525390625
7.59035015106201171875 0.10000000149011610551 2.59999990463256835938 -0.10000000149011610551 73.00000000000000000000 11.00000000000000000000 66.00000000000000000000 3.40120005607604980469
7.34147977828979492188 3.00000000000000000000 0.80000001192092895508 0.60000002384185791016 86.00000000000000000000 21.00000000000000000000 32.00000000000000000000 4.26268005371093750000
5.64897012710571289062 -8.69999980926513671875 4.30000019073486328125 -0.20000000298023221101 74.50000000000000000000 1.00000000000000000000 450.00000000000000000000 2.99572992324829101562
7.90064001083374023438 1.50000000000000000000 1.29999995231628417969 0.89999997615814208984 334.70001220703125000000 18.00000000000000000000 422.00000000000000000000 3.29584002494812011719
7.89655017852783203125 12.80000019073486328125 6.80000019073486328125 -0.60000002384185791016 227.69999694824218750000 15.00000000000000000000 583.00000000000000000000 3.68887996673583984375
7.66527986526489257812 7.40000009536743164062 0.89999997615814208984 -0.20000000298023221101 55.00000000000000000000 13.00000000000000000000 184.00000000000000000000 4.58496999740600585938
8.28450012207031250000 0.69999998807907104492 0.80000001192092895508 -0.80000001192092895508 86.00000000000000000000 8.00000000000000000000 541.00000000000000000000 3.63758993148803710938
8.01268005371093750000 10.00000000000000000000 4.80000019073486328125 -0.50000000000000000000 83.19999694824218750000 9.00000000000000000000 600.00000000000000000000 3.82863998413085937500
6.67833995819091796875 3.90000009536743208471 4.80000019073486328125 -0.60000002384185791016 66.80000305175781250000 8.00000000000000000000 573.00000000000000000000 3.04451990127563476562
7.03085994720458984375 7.09999990463256835938 1.60000002384185791016 0.50000000000000000000 66.40000152587890625000 22.00000000000000000000 593.00000000000000000000 2.63906002044677734375
7.59336996078491210938 8.80000019073486328125 2.20000004768371582031 0.00000000000000000000 186.00000000000000000000 21.00000000000000000000 577.00000000000000000000 3.61091995239257812500
4.89034986495971679688 -10.80000019073486328125 1.50000000000000000000 0.20000000298023221101 57.00000000000000000000 3.00000000000000000000 460.00000000000000000000 2.39790010452270507812
5.62762022018432617188 2.09999990463256835938 1.50000000000000000000 2.00000000000000000000 227.80000305175781250000 5.00000000000000000000 533.00000000000000000000 3.87120008468627929688
7.93057012557983398438 1.39999997615814208984 2.50000000000000000000 0.20000000298023221101 210.50000000000000000000 19.00000000000000000000 525.00000000000000000000 1.38628995418548583984
8.28425025939941406250 2.90000009536743208471 3.29999995231628417969 0.80000001192092895508 22.10000038146972656250 17.00000000000000000000 397.00000000000000000000 4.11086988449096679688
7.79769992828369140625 1.70000004768371582031 2.00000000000000000000 0.30000001192092889957 38.00000000000000000000 15.00000000000000000000 63.00000000000000000000 2.30258989334106445312
7.00759983062744140625 4.69999980926513671875 5.59999990463256835938 0.00000000000000000000 69.00000000000000000000 23.00000000000000000000 211.00000000000000000000 3.04451990127563476562
8.20576000213623046875 1.79999995231628417969 3.20000004768371582031 0.20000000298023221101 216.60000610351559657829 8.00000000000000000000 551.00000000000000000000 4.51085996627807617188
6.02344989776611328125 -18.60000038146972656250 2.29999995231628417969 0.10000000149011610551 79.40000152587890625000 7.00000000000000000000 457.00000000000000000000 2.99572992324829101562
7.20637989044189453125 -5.30000019073486328125 1.79999995231628417969 -0.20000000298023221101 80.00000000000000000000 13.00000000000000000000 451.00000000000000000000 3.36730003356933593750
7.97797012329101562500 4.30000019073486328125 5.69999980926513671875 -1.00000000000000000000 232.00000000000000000000 9.00000000000000000000 156.00000000000000000000 3.36730003356933593750
7.36201000213623046875 -0.60000002384185791016 0.80000001192092895508 1.10000002384185791016 88.30000305175781250000 21.00000000000000000000 422.00000000000000000000 4.07753992080688476562
7.45934009552001953125 6.09999990463256835938 2.50000000000000000000 0.00000000000000000000 92.00000000000000000000 22.00000000000000000000 210.00000000000000000000 3.33220005035400390625
8.25426959991455078125 -7.30000019073486328125 5.00000000000000000000 0.00000000000000000000 60.00000000000000000000 8.00000000000000000000 506.00000000000000000000 2.99572992324829101562
8.22336006164550781250 9.10000038146972833886 9.39999961853027166114 -0.50000000000000000000 39.40000152587890625000 16.00000000000000000000 556.00000000000000000000 4.46590995788574218750
7.76683998107910156250 15.80000019073486328125 3.20000004768371582031 -0.20000000298023221101 125.50000000000000000000 17.00000000000000000000 595.00000000000000000000 2.94443988800048828125
5.73333978652954101562 -2.20000004768371582031 4.30000019073486328125 -0.10000000149011610551 72.00000000000000000000 5.00000000000000000000 124.00000000000000000000 1.94590997695922829358
8.20985031127929687500 -3.00000000000000000000 1.50000000000000000000 2.70000004768371582031 89.59999847412109375000 8.00000000000000000000 470.00000000000000000000 4.63472986221313476562
7.10249996185302734375 1.29999995231628417969 8.00000000000000000000 0.00000000000000000000 61.59999847412108664457 23.00000000000000000000 557.00000000000000000000 3.91201996803283691406
8.04045009613037109375 12.89999961853027166114 8.30000019073486328125 -1.10000002384185791016 357.50000000000000000000 14.00000000000000000000 551.00000000000000000000 5.39363002777099609375
8.22012996673583984375 2.00000000000000000000 3.50000000000000000000 -0.20000000298023221101 82.00000000000000000000 8.00000000000000000000 64.00000000000000000000 3.17805004119873046875
6.48615980148315429688 -1.29999995231628417969 2.90000009536743208471 0.69999998807907104492 63.29999923706054687500 24.00000000000000000000 397.00000000000000000000 2.70805001258850097656
7.65917015075683593750 3.00000000000000000000 3.09999990463256835938 -0.10000000149011610551 221.00000000000000000000 14.00000000000000000000 169.00000000000000000000 3.29584002494812011719
4.81218004226684570312 -3.70000004768371582031 0.89999997615814208984 -0.10000000149011610551 281.29998779296875000000 4.00000000000000000000 513.00000000000000000000 3.76119995117187500000
4.59511995315551757812 0.50000000000000000000 5.50000000000000000000 0.10000000149011610551 354.00000000000000000000 4.00000000000000000000 171.00000000000000000000 1.94590997695922829358
7.70840978622436523438 2.09999990463256835938 3.09999990463256835938 0.00000000000000000000 79.00000000000000000000 10.00000000000000000000 64.00000000000000000000 3.36730003356933593750
7.67740011215209960938 1.10000002384185791016 5.19999980926513671875 0.10000000149011610551 43.09999847412108664457 10.00000000000000000000 480.00000000000000000000 1.94590997695922829358
7.89766979217529296875 8.10000038146972656250 6.40000009536743164062 -0.50000000000000000000 199.39999389648440342171 7.00000000000000000000 577.00000000000000000000 2.89036989212036132812
7.74240016937255859375 10.60000038146972833886 1.79999995231628417969 -1.60000002384185791016 245.00000000000000000000 14.00000000000000000000 177.00000000000000000000 4.33072996139526367188
6.43294000625610440380 1.89999997615814208984 2.40000009536743208471 0.10000000149011610551 133.00000000000000000000 24.00000000000000000000 62.00000000000000000000 0.69314998388290405273
7.43779993057250976562 -9.89999961853027166114 4.50000000000000000000 -0.10000000149011610551 55.00000000000000000000 11.00000000000000000000 89.00000000000000000000 3.82863998413085937500
8.29255008697509765625 6.09999990463256835938 4.19999980926513671875 0.30000001192092889957 23.00000000000000000000 17.00000000000000000000 173.00000000000000000000 3.93182992935180708471
4.54329013824462890625 3.79999995231628417969 5.80000019073486328125 0.69999998807907104492 201.89999389648440342171 3.00000000000000000000 473.00000000000000000000 1.38628995418548583984
5.21494007110595703125 -8.50000000000000000000 1.50000000000000000000 2.79999995231628417969 279.00000000000000000000 10.00000000000000000000 93.00000000000000000000 4.21951007843017578125
6.93244981765747070312 -3.20000004768371582031 0.80000001192092895508 -0.10000000149011610551 260.00000000000000000000 22.00000000000000000000 68.00000000000000000000 3.33220005035400390625
6.22850990295410156250 0.10000000149011610551 1.89999997615814208984 1.10000002384185791016 208.80000305175781250000 6.00000000000000000000 538.00000000000000000000 3.13548994064331054688
7.51806020736694335938 -4.90000009536743164062 4.09999990463256835938 -0.20000000298023221101 73.80000305175781250000 13.00000000000000000000 436.00000000000000000000 3.04451990127563476562
7.74845981597900390625 -13.39999961853027166114 4.00000000000000000000 0.20000000298023221101 74.09999847412109375000 13.00000000000000000000 448.00000000000000000000 3.78418993949890092310
7.19818019866943359375 3.00000000000000000000 1.79999995231628417969 1.10000002384185791016 191.00000000000000000000 22.00000000000000000000 192.00000000000000000000 4.06044006347656250000
5.10594987869262695312 -11.89999961853027166114 0.60000002384185791016 0.80000001192092895508 286.50000000000000000000 4.00000000000000000000 489.00000000000000000000 4.20468997955322265625
7.90175008773803710938 15.10000038146972833886 2.90000009536743208471 0.20000000298023221101 113.90000152587890625000 19.00000000000000000000 567.00000000000000000000 3.40120005607604980469
5.34710979461669921875 -3.79999995231628417969 2.70000004768371582031 -0.20000000298023221101 80.50000000000000000000 3.00000000000000000000 511.00000000000000000000 3.17805004119873046875
7.64203977584838867188 5.09999990463256835938 2.20000004768371582031 1.10000002384185791016 199.00000000000000000000 18.00000000000000000000 538.00000000000000000000 4.21951007843017578125
7.81197023391723632812 -6.59999990463256835938 2.20000004768371582031 1.29999995231628417969 87.00000000000000000000 7.00000000000000000000 122.00000000000000000000 3.78418993949890092310
4.47734022140502929688 -4.40000009536743164062 2.59999990463256835938 0.80000001192092895508 85.00000000000000000000 4.00000000000000000000 38.00000000000000000000 2.99572992324829101562
7.49053001403808593750 -1.60000002384185791016 2.20000004768371582031 -0.89999997615814208984 211.69999694824218750000 12.00000000000000000000 501.00000000000000000000 3.04451990127563476562
7.90026998519897460938 -12.60000038146972833886 2.20000004768371582031 0.20000000298023221101 77.80000305175781250000 19.00000000000000000000 488.00000000000000000000 4.94163990020752041943
8.26333045959472656250 9.50000000000000000000 5.00000000000000000000 -0.89999997615814208984 208.00000000000000000000 17.00000000000000000000 208.00000000000000000000 4.15888023376464843750
7.95437002182006835938 6.80000019073486328125 1.50000000000000000000 -0.60000002384185791016 124.90000152587890625000 7.00000000000000000000 585.00000000000000000000 4.35670995712280273438
5.21494007110595703125 5.80000019073486328125 2.59999990463256835938 -0.20000000298023221101 68.80000305175781250000 3.00000000000000000000 582.00000000000000000000 2.99572992324829101562
8.18060016632080078125 -0.50000000000000000000 0.69999998807907104492 -0.20000000298023221101 248.00000000000000000000 15.00000000000000000000 124.00000000000000000000 3.29584002494812011719
3.80665993690490722656 7.40000009536743164062 3.20000004768371582031 -0.10000000149011610551 225.00000000000000000000 3.00000000000000000000 205.00000000000000000000 3.09103989601135253906
5.95841979980468838818 -10.30000019073486328125 1.20000004768371582031 2.50000000000000000000 86.00000000000000000000 24.00000000000000000000 86.00000000000000000000 3.55535006523132324219
6.94986009597778320312 -3.79999995231628417969 0.69999998807907104492 -0.20000000298023221101 258.00000000000000000000 23.00000000000000000000 74.00000000000000000000 3.61091995239257812500
6.50278997421264737255 4.19999980926513671875 3.90000009536743208471 0.60000002384185791016 78.00000000000000000000 24.00000000000000000000 197.00000000000000000000 3.98898005485534623560
6.12904977798461914062 0.40000000596046447754 0.80000001192092895508 0.10000000149011610551 297.00000000000000000000 7.00000000000000000000 524.00000000000000000000 2.70805001258850097656
6.61070013046264737255 -13.10000038146972833886 3.50000000000000000000 0.00000000000000000000 83.00000000000000000000 9.00000000000000000000 97.00000000000000000000 3.13548994064331054688
7.35116004943847656250 3.50000000000000000000 1.89999997615814208984 0.20000000298023221101 215.00000000000000000000 20.00000000000000000000 107.00000000000000000000 1.94590997695922829358
8.30720996856689453125 9.30000019073486328125 7.30000019073486328125 -0.50000000000000000000 206.00000000000000000000 17.00000000000000000000 212.00000000000000000000 3.09103989601135253906
6.91274023056030273438 -5.09999990463256835938 0.80000001192092895508 1.39999997615814208984 241.00000000000000000000 23.00000000000000000000 137.00000000000000000000 3.87120008468627929688
7.54061985015869140625 -1.39999997615814208984 1.70000004768371582031 -0.20000000298023221101 86.00000000000000000000 12.00000000000000000000 51.00000000000000000000 3.97028994560241699219
7.54539012908935546875 6.50000000000000000000 9.39999961853027166114 -0.89999997615814208984 250.00000000000000000000 11.00000000000000000000 160.00000000000000000000 1.94590997695922829358
7.83280992507934570312 9.39999961853027166114 2.90000009536743208471 -0.30000001192092889957 248.39999389648440342171 15.00000000000000000000 540.00000000000000000000 4.38203001022338867188
7.49498987197875976562 2.90000009536743208471 1.20000004768371582031 2.09999990463256835938 271.10000610351562500000 21.00000000000000000000 543.00000000000000000000 5.08760023117065429688
7.62070989608764648438 3.40000009536743208471 5.90000009536743164062 -0.60000002384185791016 45.00000000000000000000 13.00000000000000000000 164.00000000000000000000 4.55388021469116210938
7.23055982589721679688 -4.59999990463256835938 6.50000000000000000000 0.10000000149011610551 80.00000000000000000000 21.00000000000000000000 122.00000000000000000000 5.25227022171020507812
7.58477020263671875000 4.19999980926513671875 6.50000000000000000000 0.40000000596046447754 214.30000305175781250000 11.00000000000000000000 474.00000000000000000000 3.21887993812561035156
7.77149009704589843750 10.80000019073486328125 2.40000009536743208471 -1.50000000000000000000 329.79998779296875000000 13.00000000000000000000 579.00000000000000000000 3.04451990127563476562
7.80384016036987304688 -1.00000000000000000000 1.79999995231628417969 0.00000000000000000000 16.00000000000000000000 7.00000000000000000000 150.00000000000000000000 2.83320999145507812500
8.01731014251708984375 0.40000000596046447754 3.90000009536743208471 0.69999998807907104492 67.40000152587890625000 18.00000000000000000000 507.00000000000000000000 4.47734022140502929688
7.80953979492187500000 18.20000076293945312500 3.70000004768371582031 -2.70000004768371582031 250.69999694824218750000 15.00000000000000000000 568.00000000000000000000 4.45434999465942382812
4.36945009231567382812 0.60000002384185791016 4.59999990463256835938 0.10000000149011610551 350.00000000000000000000 3.00000000000000000000 171.00000000000000000000 0.69314998388290405273
4.86752986907958984375 1.39999997615814208984 0.69999998807907104492 1.50000000000000000000 79.40000152587890625000 4.00000000000000000000 563.00000000000000000000 4.06044006347656250000
8.04942989349365234375 -7.80000019073486328125 0.60000002384185791016 -0.10000000149011610551 177.00000000000000000000 17.00000000000000000000 95.00000000000000000000 3.73766994476318403784
7.97488021850585937500 -1.60000002384185791016 3.50000000000000000000 0.50000000000000000000 34.50000000000000000000 18.00000000000000000000 480.00000000000000000000 3.55535006523132324219
7.54907989501953125000 0.89999997615814208984 1.00000000000000000000 -0.60000002384185791016 213.10000610351559657829 12.00000000000000000000 484.00000000000000000000 3.09103989601135253906
6.65801000595092773438 5.50000000000000000000 1.10000002384185791016 0.89999997615814208984 138.00000000000000000000 24.00000000000000000000 199.00000000000000000000 4.34381008148193359375
6.67456007003784179688 2.20000004768371582031 7.09999990463256835938 0.10000000149011610551 37.90000152587890625000 6.00000000000000000000 557.00000000000000000000 3.09103989601135253906
7.46107006072998046875 -2.79999995231628417969 1.39999997615814208984 -0.10000000149011610551 243.00000000000000000000 20.00000000000000000000 102.00000000000000000000 3.17805004119873046875
7.52347993850708007812 3.40000009536743208471 6.00000000000000000000 0.20000000298023221101 191.00000000000000000000 14.00000000000000000000 482.00000000000000000000 2.56494998931884810034
7.63143014907836914062 11.80000019073486328125 2.40000009536743208471 -1.50000000000000000000 232.50000000000000000000 14.00000000000000000000 535.00000000000000000000 5.05625009536743164062
5.43372011184692382812 0.69999998807907104492 3.90000009536743208471 0.10000000149011610551 182.89999389648440342171 2.00000000000000000000 491.00000000000000000000 2.30258989334106445312
4.70952987670898437500 -2.79999995231628417969 1.79999995231628417969 1.39999997615814208984 198.89999389648440342171 3.00000000000000000000 537.00000000000000000000 2.56494998931884810034
5.52942991256713867188 3.40000009536743208471 4.69999980926513671875 0.80000001192092895508 220.10000610351559657829 5.00000000000000000000 474.00000000000000000000 2.30258989334106445312
5.71043014526367187500 -2.09999990463256835938 1.29999995231628417969 1.79999995231628417969 87.80000305175781250000 1.00000000000000000000 485.00000000000000000000 3.97028994560241699219
7.44425010681152343750 5.59999990463256835938 7.00000000000000000000 1.00000000000000000000 248.10000610351559657829 12.00000000000000000000 471.00000000000000000000 3.40120005607604980469
6.43454980850219726562 -9.30000019073486328125 3.59999990463256835938 0.10000000149011610551 71.19999694824218750000 9.00000000000000000000 450.00000000000000000000 2.56494998931884810034
7.62167978286743164062 -2.29999995231628417969 5.19999980926513671875 -0.10000000149011610551 66.09999847412109375000 12.00000000000000000000 428.00000000000000000000 3.04451990127563476562
6.64248991012573242188 -8.30000019073486328125 2.59999990463256835938 0.20000000298023221101 60.00000000000000000000 23.00000000000000000000 85.00000000000000000000 2.83320999145507812500
5.33271980285644531250 -2.50000000000000000000 2.00000000000000000000 1.29999995231628417969 80.69999694824218750000 3.00000000000000000000 532.00000000000000000000 4.06044006347656250000
4.65396022796630859375 -0.40000000596046447754 5.69999980926513671875 0.80000001192092895508 267.00000000000000000000 3.00000000000000000000 121.00000000000000000000 1.09861004352569580078
6.97914981842041015625 -5.09999990463256835938 3.29999995231628417969 1.39999997615814208984 81.00000000000000000000 23.00000000000000000000 98.00000000000000000000 3.71357011795043989721
7.77779006958007812500 7.09999990463256835938 8.89999961853027343750 0.20000000298023221101 220.00000000000000000000 15.00000000000000000000 155.00000000000000000000 3.36730003356933593750
7.14125013351440429688 1.00000000000000000000 4.50000000000000000000 1.29999995231628417969 232.00000000000000000000 21.00000000000000000000 145.00000000000000000000 2.56494998931884810034
7.72885990142822265625 8.69999980926513671875 5.50000000000000000000 -0.40000000596046447754 132.30000305175781250000 14.00000000000000000000 573.00000000000000000000 4.00732994079589843750
6.56666994094848632812 0.10000000149011610551 2.09999990463256835938 -0.20000000298023221101 247.39999389648440342171 6.00000000000000000000 543.00000000000000000000 2.89036989212036132812
7.81520986557006835938 2.70000004768371582031 1.89999997615814208984 0.40000000596046447754 228.00000000000000000000 7.00000000000000000000 129.00000000000000000000 3.33220005035400390625
7.89096021652221679688 7.09999990463256835938 3.40000009536743208471 -0.30000001192092889957 82.50000000000000000000 19.00000000000000000000 571.00000000000000000000 3.55535006523132324219
6.58202981948852539062 2.20000004768371582031 1.79999995231628417969 0.10000000149011610551 64.19999694824218750000 6.00000000000000000000 549.00000000000000000000 2.70805001258850097656
6.16121006011962890625 8.10000038146972656250 1.89999997615814208984 -0.10000000149011610551 211.89999389648440342171 1.00000000000000000000 578.00000000000000000000 3.43399000167846679688
8.02453041076660156250 -2.70000004768371582031 1.39999997615814208984 1.60000002384185791016 66.00000000000000000000 9.00000000000000000000 73.00000000000000000000 3.87120008468627929688
8.28248023986816406250 8.50000000000000000000 3.09999990463256835938 -0.69999998807907104492 238.00000000000000000000 8.00000000000000000000 205.00000000000000000000 3.73766994476318403784
6.57507991790771484375 6.19999980926513671875 1.29999995231628417969 1.10000002384185791016 226.00000000000000000000 24.00000000000000000000 200.00000000000000000000 4.95583009719848632812
5.12989997863769531250 -1.89999997615814208984 4.50000000000000000000 0.40000000596046447754 17.00000000000000000000 2.00000000000000000000 40.00000000000000000000 0.69314998388290405273
7.97900009155273437500 1.39999997615814208984 5.00000000000000000000 -0.10000000149011610551 40.70000076293945312500 9.00000000000000000000 480.00000000000000000000 2.19722008705139204565
7.53209018707275390625 14.80000019073486328125 4.19999980926513671875 -4.50000000000000000000 227.69999694824218750000 11.00000000000000000000 588.00000000000000000000 2.19722008705139204565
5.48479986190795898438 5.69999980926513671875 3.29999995231628417969 0.50000000000000000000 228.00000000000000000000 5.00000000000000000000 204.00000000000000000000 3.25810003280639648438
6.49526977539062500000 -3.40000009536743208471 0.50000000000000000000 1.10000002384185791016 217.00000000000000000000 6.00000000000000000000 135.00000000000000000000 2.48491001129150390625
7.98445987701416015625 1.89999997615814208984 5.80000019073486328125 0.20000000298023221101 9.00000000000000000000 9.00000000000000000000 80.00000000000000000000 1.79175996780395507812
4.77067995071411132812 -0.50000000000000000000 0.50000000000000000000 0.69999998807907104492 358.00000000000000000000 4.00000000000000000000 402.00000000000000000000 3.87120008468627929688
7.49276018142700195312 4.50000000000000000000 6.59999990463256835938 -0.10000000149011610551 210.00000000000000000000 12.00000000000000000000 156.00000000000000000000 4.20468997955322265625
6.85751008987426757812 5.09999990463256835938 5.50000000000000000000 0.10000000149011610551 230.00000000000000000000 10.00000000000000000000 126.00000000000000000000 2.63906002044677734375
8.05832958221435546875 -2.09999990463256835938 4.09999990463256835938 -0.20000000298023221101 82.00000000000000000000 8.00000000000000000000 114.00000000000000000000 2.39790010452270507812
7.85165977478027343750 10.50000000000000000000 4.40000009536743164062 -0.89999997615814208984 69.00000000000000000000 15.00000000000000000000 198.00000000000000000000 4.02535009384155273438
4.45434999465942382812 -5.09999990463256835938 3.40000009536743208471 0.40000000596046447754 58.40000152587890625000 3.00000000000000000000 507.00000000000000000000 3.17805004119873046875
5.00395011901855468750 3.59999990463256835938 2.70000004768371582031 1.20000004768371582031 344.70001220703125000000 4.00000000000000000000 533.00000000000000000000 3.09103989601135253906
7.80709981918334960938 6.50000000000000000000 4.30000019073486328125 -1.10000002384185791016 44.00000000000000000000 11.00000000000000000000 173.00000000000000000000 4.54329013824462890625
6.89668989181518554688 5.09999990463256835938 2.50000000000000000000 0.69999998807907104492 80.00000000000000000000 23.00000000000000000000 197.00000000000000000000 3.80665993690490722656
6.86485004425048828125 0.80000001192092895508 1.50000000000000000000 -0.10000000149011610551 231.50000000000000000000 23.00000000000000000000 540.00000000000000000000 3.78418993949890092310
8.02027034759521484375 2.00000000000000000000 6.00000000000000000000 -0.10000000149011610551 152.00000000000000000000 18.00000000000000000000 61.00000000000000000000 3.33220005035400390625
6.43294000625610440380 1.00000000000000000000 2.50000000000000000000 -0.20000000298023221101 75.00000000000000000000 10.00000000000000000000 70.00000000000000000000 1.79175996780395507812
7.91570997238159179688 -2.50000000000000000000 3.59999990463256835938 0.00000000000000000000 64.00000000000000000000 15.00000000000000000000 143.00000000000000000000 4.87519979476928710938
5.18738985061645507812 5.19999980926513671875 4.40000009536743164062 0.80000001192092895508 206.00000000000000000000 4.00000000000000000000 126.00000000000000000000 3.61091995239257812500
7.65727996826171875000 -6.30000019073486328125 4.00000000000000000000 -0.10000000149011610551 51.59999847412108664457 19.00000000000000000000 408.00000000000000000000 2.70805001258850097656
7.55799007415771484375 12.00000000000000000000 4.40000009536743164062 0.20000000298023221101 274.20001220703125000000 20.00000000000000000000 584.00000000000000000000 2.83320999145507812500
7.90323019027709960938 0.69999998807907104492 2.09999990463256835938 1.29999995231628417969 207.10000610351559657829 18.00000000000000000000 473.00000000000000000000 3.29584002494812011719
8.11909961700439453125 0.80000001192092895508 3.00000000000000000000 -0.10000000149011610551 78.00000000000000000000 17.00000000000000000000 65.00000000000000000000 3.09103989601135253906
7.56940984725952148438 -4.09999990463256835938 4.30000019073486328125 -0.10000000149011610551 44.70000076293945312500 14.00000000000000000000 409.00000000000000000000 3.58351993560791015625
3.97028994560241699219 -11.69999980926513671875 2.70000004768371582031 1.70000004768371582031 81.00000000000000000000 4.00000000000000000000 87.00000000000000000000 2.99572992324829101562
5.06890010833740234375 4.30000019073486328125 4.90000009536743164062 0.10000000149011610551 82.00000000000000000000 2.00000000000000000000 212.00000000000000000000 2.19722008705139204565
5.95323991775512695312 -5.30000019073486328125 1.00000000000000000000 2.20000004768371582031 60.00000000000000000000 9.00000000000000000000 77.00000000000000000000 2.39790010452270507812
7.78239011764526367188 5.00000000000000000000 3.09999990463256835938 -0.40000000596046447754 230.00000000000000000000 16.00000000000000000000 545.00000000000000000000 3.78418993949890092310
7.82764005661010742188 -5.59999990463256835938 6.09999990463256835938 -0.20000000298023221101 79.50000000000000000000 17.00000000000000000000 441.00000000000000000000 3.13548994064331054688
5.65599012374877929688 0.30000001192092889957 1.50000000000000000000 1.70000004768371582031 303.39999389648437500000 1.00000000000000000000 529.00000000000000000000 4.18965005874633789062
5.60211992263794034130 3.79999995231628417969 3.90000009536743208471 -0.20000000298023221101 85.00000000000000000000 5.00000000000000000000 187.00000000000000000000 3.33220005035400390625
7.07580995559692382812 2.79999995231628417969 3.20000004768371582031 0.30000001192092889957 223.00000000000000000000 10.00000000000000000000 69.00000000000000000000 2.63906002044677734375
7.73849010467529296875 1.60000002384185791016 1.60000002384185791016 0.30000001192092889957 211.30000305175781250000 21.00000000000000000000 525.00000000000000000000 2.07944011688232421875
7.39265012741088867188 -14.89999961853027166114 1.89999997615814208984 0.80000001192092895508 65.00000000000000000000 20.00000000000000000000 91.00000000000000000000 4.15888023376464843750
4.95583009719848632812 -4.00000000000000000000 1.70000004768371582031 1.00000000000000000000 65.00000000000000000000 2.00000000000000000000 165.00000000000000000000 3.46573996543884277344
8.19643974304199218750 2.70000004768371582031 3.79999995231628417969 0.20000000298023221101 139.00000000000000000000 8.00000000000000000000 128.00000000000000000000 2.19722008705139204565
7.84031009674072265625 4.09999990463256835938 2.70000004768371582031 0.20000000298023221101 175.00000000000000000000 19.00000000000000000000 56.00000000000000000000 0.69314998388290405273
8.18618965148925781250 -0.89999997615814208984 1.29999995231628417969 0.60000002384185791016 57.00000000000000000000 8.00000000000000000000 67.00000000000000000000 3.40120005607604980469
7.95996999740600585938 -4.30000019073486328125 6.00000000000000000000 0.10000000149011610551 18.00000000000000000000 13.00000000000000000000 82.00000000000000000000 3.78418993949890092310
7.87663984298705877052 4.19999980926513671875 4.40000009536743164062 0.60000002384185791016 189.80000305175781250000 15.00000000000000000000 472.00000000000000000000 3.25810003280639648438
5.85220003128051757812 4.19999980926513671875 1.70000004768371582031 1.00000000000000000000 175.00000000000000000000 5.00000000000000000000 587.00000000000000000000 3.29584002494812011719
7.69302988052368164062 8.80000019073486328125 3.59999990463256835938 -2.50000000000000000000 85.40000152587890625000 12.00000000000000000000 547.00000000000000000000 4.85980987548828125000
6.11367988586425781250 -5.19999980926513671875 3.50000000000000000000 0.00000000000000000000 59.00000000000000000000 1.00000000000000000000 90.00000000000000000000 2.30258989334106445312
7.86634016036987304688 8.00000000000000000000 6.09999990463256835938 0.10000000149011610551 197.00000000000000000000 19.00000000000000000000 212.00000000000000000000 3.89181995391845703125
4.54329013824462890625 -11.50000000000000000000 1.70000004768371582031 3.70000004768371582031 90.40000152587890625000 4.00000000000000000000 465.00000000000000000000 3.63758993148803710938
7.56786012649536132812 -12.30000019073486328125 3.70000004768371582031 -0.20000000298023221101 70.00000000000000000000 12.00000000000000000000 460.00000000000000000000 3.33220005035400390625
7.54327011108398437500 2.59999990463256835938 2.59999990463256835938 -1.89999997615814208984 243.00000000000000000000 11.00000000000000000000 45.00000000000000000000 4.61511993408203125000
7.14282989501953125000 -1.29999995231628417969 1.20000004768371582031 0.60000002384185791016 66.00000000000000000000 21.00000000000000000000 113.00000000000000000000 3.40120005607604980469
6.63988018035888671875 4.69999980926513671875 3.59999990463256835938 0.00000000000000000000 59.00000000000000000000 24.00000000000000000000 196.00000000000000000000 3.40120005607604980469
7.62461996078491210938 -1.70000004768371582031 1.60000002384185791016 -0.10000000149011610551 172.00000000000000000000 19.00000000000000000000 51.00000000000000000000 3.29584002494812011719
5.48479986190795898438 -0.80000001192092895508 3.50000000000000000000 0.00000000000000000000 176.80000305175781250000 5.00000000000000000000 522.00000000000000000000 3.17805004119873046875
6.51322984695434570312 -3.90000009536743208471 2.79999995231628417969 0.40000000596046447754 71.30000305175781250000 8.00000000000000000000 398.00000000000000000000 3.21887993812561035156
7.63963985443115234375 -2.79999995231628417969 2.09999990463256835938 -1.60000002384185791016 210.19999694824218750000 11.00000000000000000000 512.00000000000000000000 3.58351993560791015625
8.35208034515380859375 17.79999923706054687500 5.00000000000000000000 -2.50000000000000000000 219.60000610351559657829 16.00000000000000000000 599.00000000000000000000 3.49651002883911177221
8.19451045989990234375 0.00000000000000000000 0.80000001192092895508 -0.30000001192092889957 254.19999694824218750000 16.00000000000000000000 500.00000000000000000000 3.71357011795043989721
6.43294000625610440380 -0.10000000149011610551 1.60000002384185791016 -0.20000000298023221101 75.00000000000000000000 22.00000000000000000000 55.00000000000000000000 3.52636003494262695312
6.47235012054443359375 1.50000000000000000000 1.20000004768371582031 1.29999995231628417969 101.00000000000000000000 24.00000000000000000000 191.00000000000000000000 4.64439010620117187500
6.63988018035888671875 0.20000000298023221101 0.50000000000000000000 1.39999997615814208984 84.80000305175781250000 24.00000000000000000000 483.00000000000000000000 3.40120005607604980469
7.39878988265991210938 -10.00000000000000000000 3.79999995231628417969 -0.10000000149011610551 78.40000152587890625000 20.00000000000000000000 449.00000000000000000000 2.99572992324829101562
8.17273044586181640625 -9.60000038146972833886 1.10000002384185791016 1.29999995231628417969 191.00000000000000000000 16.00000000000000000000 94.00000000000000000000 4.84419012069702148438
8.19229030609130859375 -4.40000009536743164062 1.50000000000000000000 0.50000000000000000000 87.90000152587890625000 8.00000000000000000000 423.00000000000000000000 3.91201996803283691406
7.52402019500732421875 2.40000009536743208471 7.90000009536743164062 -0.10000000149011610551 43.50000000000000000000 21.00000000000000000000 557.00000000000000000000 2.99572992324829101562
6.51322984695434570312 -8.10000038146972656250 0.69999998807907104492 1.20000004768371582031 111.00000000000000000000 24.00000000000000000000 143.00000000000000000000 4.46590995788574218750
5.27811002731323242188 -7.80000019073486328125 4.59999990463256835938 -0.10000000149011610551 71.50000000000000000000 19.00000000000000000000 450.00000000000000000000 2.63906002044677734375
7.67183017730712890625 8.30000019073486328125 0.69999998807907104492 -1.29999995231628417969 206.19999694824218750000 14.00000000000000000000 532.00000000000000000000 4.00732994079589843750
7.85979986190795898438 4.19999980926513671875 2.70000004768371582031 1.10000002384185791016 230.69999694824218750000 18.00000000000000000000 526.00000000000000000000 3.33220005035400390625
7.23706007003784179688 -14.19999980926513671875 1.39999997615814208984 -0.10000000149011610551 238.10000610351559657829 18.00000000000000000000 457.00000000000000000000 4.02535009384155273438
6.21461009979248046875 4.50000000000000000000 3.50000000000000000000 0.00000000000000000000 55.00000000000000000000 9.00000000000000000000 196.00000000000000000000 2.89036989212036132812
6.42811012268066406250 0.69999998807907104492 2.90000009536743208471 1.39999997615814208984 229.60000610351559657829 24.00000000000000000000 473.00000000000000000000 2.77258992195129394531
7.38894987106323242188 -4.80000019073486328125 6.00000000000000000000 0.00000000000000000000 81.00000000000000000000 20.00000000000000000000 122.00000000000000000000 5.38450002670288085938
5.54125976562500000000 4.59999990463256835938 0.89999997615814208984 0.50000000000000000000 108.00000000000000000000 5.00000000000000000000 190.00000000000000000000 3.49651002883911177221
7.80220985412597656250 2.50000000000000000000 5.00000000000000000000 0.10000000149011610551 135.00000000000000000000 7.00000000000000000000 128.00000000000000000000 2.30258989334106445312
7.63240003585815429688 3.09999990463256835938 4.69999980926513671875 -0.10000000149011610551 48.00000000000000000000 12.00000000000000000000 576.00000000000000000000 2.56494998931884810034
8.11073017120361328125 0.60000002384185791016 6.80000019073486328125 0.30000001192092889957 10.00000000000000000000 8.00000000000000000000 54.00000000000000000000 3.55535006523132324219
8.07619953155517578125 9.89999961853027166114 2.20000004768371582031 0.00000000000000000000 92.00000000000000000000 16.00000000000000000000 177.00000000000000000000 4.57470989227294921875
7.74240016937255859375 -4.40000009536743164062 4.90000009536743164062 -0.10000000149011610551 23.00000000000000000000 10.00000000000000000000 82.00000000000000000000 3.29584002494812011719
7.56163978576660156250 3.50000000000000000000 1.79999995231628417969 0.00000000000000000000 71.19999694824218750000 21.00000000000000000000 576.00000000000000000000 2.07944011688232421875
7.92695999145507812500 4.80000019073486328125 9.39999961853027166114 0.60000002384185791016 204.00000000000000000000 14.00000000000000000000 474.00000000000000000000 3.25810003280639648438
6.84054994583129882812 -13.10000038146972833886 4.80000019073486328125 -0.20000000298023221101 52.79999923706054687500 11.00000000000000000000 462.00000000000000000000 2.63906002044677734375
7.84698009490966796875 11.60000038146972833886 4.19999980926513671875 -2.70000004768371582031 247.00000000000000000000 14.00000000000000000000 200.00000000000000000000 4.02535009384155273438
5.83480978012084960938 -5.80000019073486328125 7.69999980926513671875 0.10000000149011610551 47.00000000000000000000 7.00000000000000000000 90.00000000000000000000 1.09861004352569580078
7.67276000976562500000 1.29999995231628417969 4.19999980926513671875 0.20000000298023221101 169.00000000000000000000 10.00000000000000000000 61.00000000000000000000 3.13548994064331054688
8.00067996978759765625 -4.40000009536743164062 3.70000004768371582031 -0.10000000149011610551 78.00000000000000000000 14.00000000000000000000 68.00000000000000000000 3.40120005607604980469
6.16121006011962890625 8.39999961853027343750 3.29999995231628417969 0.69999998807907104492 80.50000000000000000000 24.00000000000000000000 564.00000000000000000000 3.61091995239257812500
8.12710952758789062500 3.59999990463256835938 4.90000009536743164062 1.20000004768371582031 238.00000000000000000000 18.00000000000000000000 138.00000000000000000000 3.40120005607604980469
5.48063993453979492188 -13.10000038146972833886 1.10000002384185791016 1.29999995231628417969 62.90000152587890625000 5.00000000000000000000 464.00000000000000000000 3.76119995117187500000
7.38771009445190429688 -2.79999995231628417969 4.50000000000000000000 0.10000000149011610551 53.29999923706054687500 21.00000000000000000000 417.00000000000000000000 2.07944011688232421875
7.87283992767333984375 0.80000001192092895508 5.00000000000000000000 0.10000000149011610551 76.19999694824218750000 19.00000000000000000000 514.00000000000000000000 3.21887993812561035156
7.96345996856689453125 3.59999990463256835938 3.20000004768371582031 1.20000004768371582031 268.00000000000000000000 18.00000000000000000000 42.00000000000000000000 2.63906002044677734375
7.76259994506835937500 4.09999990463256835938 5.59999990463256835938 1.10000002384185791016 287.00000000000000000000 7.00000000000000000000 80.00000000000000000000 4.06044006347656250000
6.14418983459472656250 0.20000000298023221101 3.09999990463256835938 0.10000000149011610551 73.00000000000000000000 9.00000000000000000000 56.00000000000000000000 1.94590997695922829358
7.97694015502929687500 -1.70000004768371582031 5.19999980926513671875 0.00000000000000000000 76.00000000000000000000 8.00000000000000000000 124.00000000000000000000 2.77258992195129394531
5.71372985839843750000 -9.00000000000000000000 3.40000009536743208471 0.00000000000000000000 80.00000000000000000000 6.00000000000000000000 98.00000000000000000000 3.33220005035400390625
8.19145965576171875000 2.29999995231628417969 2.50000000000000000000 0.60000002384185791016 16.00000000000000000000 17.00000000000000000000 44.00000000000000000000 5.15328979492187500000
8.25035953521728515625 9.30000019073486328125 5.40000009536743164062 -0.80000001192092895508 213.00000000000000000000 16.00000000000000000000 212.00000000000000000000 3.13548994064331054688
7.15304994583129882812 -4.80000019073486328125 4.69999980926513671875 -0.10000000149011610551 74.59999847412109375000 23.00000000000000000000 441.00000000000000000000 2.56494998931884810034
4.11086988449096679688 -6.50000000000000000000 2.09999990463256835938 -0.10000000149011610551 68.19999694824218750000 5.00000000000000000000 451.00000000000000000000 2.19722008705139204565
5.24701976776123135693 1.29999995231628417969 0.80000001192092895508 1.10000002384185791016 72.30000305175781250000 5.00000000000000000000 563.00000000000000000000 4.09433984756469726562
8.19256973266601562500 -0.69999998807907104492 4.09999990463256835938 0.60000002384185791016 252.00000000000000000000 8.00000000000000000000 121.00000000000000000000 2.30258989334106445312
4.79579019546508789062 2.70000004768371582031 2.79999995231628417969 0.20000000298023221101 187.00000000000000000000 4.00000000000000000000 131.00000000000000000000 0.69314998388290405273
7.50879001617431640625 -0.69999998807907104492 4.00000000000000000000 -0.50000000000000000000 65.09999847412109375000 11.00000000000000000000 507.00000000000000000000 3.21887993812561035156
7.33954000473022460938 -5.90000009536743164062 2.90000009536743208471 0.20000000298023221101 64.59999847412109375000 22.00000000000000000000 406.00000000000000000000 2.83320999145507812500
6.25190019607544034130 0.10000000149011610551 1.00000000000000000000 0.20000000298023221101 87.00000000000000000000 24.00000000000000000000 111.00000000000000000000 3.40120005607604980469
6.70563983917236328125 1.79999995231628417969 0.80000001192092895508 0.10000000149011610551 269.00000000000000000000 6.00000000000000000000 141.00000000000000000000 2.89036989212036132812
7.87474012374877929688 -6.80000019073486328125 1.00000000000000000000 0.00000000000000000000 207.00000000000000000000 15.00000000000000000000 84.00000000000000000000 3.40120005607604980469
7.46107006072998046875 2.20000004768371582031 3.09999990463256835938 0.10000000149011610551 62.29999923706054687500 13.00000000000000000000 470.00000000000000000000 3.29584002494812011719
7.51589012145996093750 4.30000019073486328125 2.09999990463256835938 0.60000002384185791016 32.29999923706054687500 20.00000000000000000000 555.00000000000000000000 4.41883993148803710938
8.33471012115478515625 1.60000002384185791016 4.40000009536743164062 -0.30000001192092889957 78.09999847412109375000 16.00000000000000000000 558.00000000000000000000 3.21887993812561035156
7.61135005950927734375 0.80000001192092895508 3.09999990463256835938 -0.10000000149011610551 65.59999847412109375000 19.00000000000000000000 429.00000000000000000000 3.04451990127563476562
7.57917022705078125000 2.50000000000000000000 3.00000000000000000000 -0.20000000298023221101 83.00000000000000000000 13.00000000000000000000 64.00000000000000000000 3.25810003280639648438
7.72222995758056640625 7.09999990463256835938 3.90000009536743208471 -0.89999997615814208984 90.00000000000000000000 10.00000000000000000000 197.00000000000000000000 4.17438983917236328125
6.89163017272949218750 4.09999990463256835938 2.00000000000000000000 0.10000000149011610551 183.00000000000000000000 9.00000000000000000000 132.00000000000000000000 2.07944011688232421875
7.75832986831665039062 -4.19999980926513671875 4.59999990463256835938 -0.10000000149011610551 78.00000000000000000000 10.00000000000000000000 120.00000000000000000000 3.21887993812561035156
8.34068965911865234375 6.30000019073486328125 4.19999980926513671875 -0.10000000149011610551 76.00000000000000000000 16.00000000000000000000 166.00000000000000000000 4.36945009231567382812
7.76089000701904296875 2.00000000000000000000 1.70000004768371582031 1.10000002384185791016 234.00000000000000000000 15.00000000000000000000 121.00000000000000000000 3.52636003494262695312
6.88958978652954101562 1.50000000000000000000 4.00000000000000000000 0.10000000149011610551 240.39999389648440342171 22.00000000000000000000 523.00000000000000000000 1.60943996906280517578
7.92225980758666992188 4.19999980926513671875 1.39999997615814208984 0.20000000298023221101 161.00000000000000000000 7.00000000000000000000 127.00000000000000000000 3.13548994064331054688
5.05625009536743164062 5.59999990463256835938 3.50000000000000000000 -0.10000000149011610551 78.00000000000000000000 4.00000000000000000000 184.00000000000000000000 4.12713003158569335938
7.59336996078491210938 3.29999995231628417969 4.19999980926513671875 1.20000004768371582031 235.00000000000000000000 20.00000000000000000000 138.00000000000000000000 3.13548994064331054688
5.42934989929199218750 2.40000009536743208471 3.59999990463256835938 0.10000000149011610551 125.00000000000000000000 5.00000000000000000000 128.00000000000000000000 2.19722008705139204565
7.34147977828979492188 -14.60000038146972833886 1.60000002384185791016 -0.40000000596046447754 228.89999389648440342171 14.00000000000000000000 457.00000000000000000000 3.52636003494262695312
7.79400014877319335938 3.29999995231628417969 4.30000019073486328125 0.80000001192092895508 217.00000000000000000000 17.00000000000000000000 105.00000000000000000000 3.43399000167846679688
5.67331981658935635693 -1.89999997615814208984 0.89999997615814208984 3.70000004768371582031 109.19999694824220171085 5.00000000000000000000 397.00000000000000000000 3.40120005607604980469
7.47591018676757812500 9.00000000000000000000 4.59999990463256835938 -0.89999997615814208984 208.69999694824218750000 10.00000000000000000000 587.00000000000000000000 3.13548994064331054688
5.15906000137329101562 0.00000000000000000000 4.30000019073486328125 0.10000000149011610551 102.69999694824220171085 3.00000000000000000000 477.00000000000000000000 2.48491001129150390625
6.75577020645141601562 -3.20000004768371582031 2.59999990463256835938 0.60000002384185791016 70.50000000000000000000 21.00000000000000000000 398.00000000000000000000 3.73766994476318403784
8.16222953796386718750 0.40000000596046447754 8.60000038146972656250 0.10000000149011610551 34.00000000000000000000 17.00000000000000000000 39.00000000000000000000 2.30258989334106445312
7.74932003021240234375 15.00000000000000000000 7.30000019073486328125 -2.20000004768371582031 229.89999389648440342171 14.00000000000000000000 584.00000000000000000000 3.63758993148803710938
6.51470994949340820312 4.40000009536743164062 2.00000000000000000000 0.69999998807907104492 205.00000000000000000000 6.00000000000000000000 33.00000000000000000000 2.19722008705139204565
7.29028987884521484375 -3.09999990463256835938 1.00000000000000000000 -0.20000000298023221101 211.00000000000000000000 21.00000000000000000000 102.00000000000000000000 3.25810003280639648438
5.18738985061645507812 -7.30000019073486328125 1.89999997615814208984 0.50000000000000000000 85.00000000000000000000 3.00000000000000000000 118.00000000000000000000 2.94443988800048828125
6.53669023513794034130 8.00000000000000000000 1.89999997615814208984 -0.20000000298023221101 54.59999847412108664457 8.00000000000000000000 578.00000000000000000000 2.07944011688232421875
7.74109983444213867188 -12.80000019073486328125 3.59999990463256835938 0.10000000149011610551 68.40000152587890625000 14.00000000000000000000 460.00000000000000000000 2.94443988800048828125
7.90175008773803710938 -4.40000009536743164062 3.79999995231628417969 0.10000000149011610551 15.00000000000000000000 9.00000000000000000000 82.00000000000000000000 3.29584002494812011719
7.91607999801635742188 0.10000000149011610551 2.09999990463256835938 2.00000000000000000000 77.00000000000000000000 18.00000000000000000000 49.00000000000000000000 4.17438983917236328125
5.42495012283325195312 -12.80000019073486328125 0.80000001192092895508 1.20000004768371582031 55.00000000000000000000 6.00000000000000000000 91.00000000000000000000 1.94590997695922829358
4.78748989105224609375 1.50000000000000000000 3.20000004768371582031 0.10000000149011610551 153.00000000000000000000 4.00000000000000000000 61.00000000000000000000 2.70805001258850097656
7.87168979644775390625 -1.70000004768371582031 0.50000000000000000000 0.00000000000000000000 218.00000000000000000000 18.00000000000000000000 51.00000000000000000000 3.09103989601135253906
4.82831001281738281250 -7.80000019073486328125 3.70000004768371582031 0.10000000149011610551 58.40000152587890625000 4.00000000000000000000 407.00000000000000000000 1.94590997695922829358
5.42052984237670898438 3.40000009536743208471 2.90000009536743208471 0.40000000596046447754 74.69999694824218750000 3.00000000000000000000 567.00000000000000000000 2.94443988800048828125
6.42161989212036132812 2.09999990463256835938 4.09999990463256835938 0.69999998807907104492 260.00000000000000000000 24.00000000000000000000 43.00000000000000000000 2.63906002044677734375
7.62412977218627929688 0.10000000149011610551 2.59999990463256835938 1.50000000000000000000 230.00000000000000000000 19.00000000000000000000 175.00000000000000000000 3.73766994476318403784
7.36009979248046875000 -8.19999980926513671875 4.69999980926513671875 -0.20000000298023221101 76.50000000000000000000 11.00000000000000000000 408.00000000000000000000 3.17805004119873046875
7.73281002044677734375 1.70000004768371582031 1.50000000000000000000 1.10000002384185791016 345.00000000000000000000 19.00000000000000000000 158.00000000000000000000 3.25810003280639648438
6.66823005676269531250 4.09999990463256835938 1.39999997615814208984 0.20000000298023221101 139.80000305175781250000 24.00000000000000000000 572.00000000000000000000 3.04451990127563476562
6.20455980300903320312 4.69999980926513671875 1.50000000000000000000 1.10000002384185791016 104.40000152587890625000 1.00000000000000000000 588.00000000000000000000 3.09103989601135253906
5.31321001052856445312 -5.69999980926513671875 2.20000004768371582031 0.60000002384185791016 82.00000000000000000000 5.00000000000000000000 165.00000000000000000000 3.55535006523132324219
7.58730983734130859375 3.09999990463256835938 2.20000004768371582031 -3.40000009536743208471 227.00000000000000000000 11.00000000000000000000 148.00000000000000000000 4.85202980041503906250
7.86978006362915039062 3.20000004768371582031 2.59999990463256835938 1.29999995231628417969 286.00000000000000000000 20.00000000000000000000 42.00000000000000000000 2.48491001129150390625
7.65112018585205078125 -6.80000019073486328125 2.20000004768371582031 -0.40000000596046447754 78.80000305175781250000 16.00000000000000000000 517.00000000000000000000 2.99572992324829101562
7.97280979156494140625 3.70000004768371582031 4.19999980926513671875 0.20000000298023221101 172.00000000000000000000 9.00000000000000000000 128.00000000000000000000 2.07944011688232421875
7.57096004486083984375 8.39999961853027343750 5.40000009536743164062 -1.79999995231628417969 240.00000000000000000000 11.00000000000000000000 163.00000000000000000000 3.63758993148803710938
7.60239982604980468750 12.89999961853027166114 5.59999990463256835938 -0.80000001192092895508 46.00000000000000000000 13.00000000000000000000 188.00000000000000000000 4.33072996139526367188
5.72031021118164062500 1.00000000000000000000 1.79999995231628417969 0.60000002384185791016 92.00000000000000000000 3.00000000000000000000 76.00000000000000000000 3.13548994064331054688
7.39816999435424804688 3.90000009536743208471 6.19999980926513671875 0.69999998807907104492 206.00000000000000000000 20.00000000000000000000 155.00000000000000000000 2.94443988800048828125
5.89164018630981534130 1.70000004768371582031 1.10000002384185791016 2.40000009536743208471 173.10000610351562500000 1.00000000000000000000 533.00000000000000000000 3.98898005485534623560
7.78406000137329101562 6.09999990463256835938 1.89999997615814208984 0.40000000596046447754 171.00000000000000000000 21.00000000000000000000 210.00000000000000000000 3.13548994064331054688
6.74052000045776367188 -6.40000009536743164062 2.79999995231628417969 -0.10000000149011610551 77.00000000000000000000 22.00000000000000000000 84.00000000000000000000 3.13548994064331054688
7.97038984298705877052 5.50000000000000000000 3.90000009536743208471 -0.50000000000000000000 231.00000000000000000000 14.00000000000000000000 131.00000000000000000000 3.04451990127563476562
5.42495012283325195312 2.79999995231628417969 1.29999995231628417969 0.00000000000000000000 75.80000305175781250000 2.00000000000000000000 404.00000000000000000000 2.07944011688232421875
7.90617990493774414062 -2.79999995231628417969 2.29999995231628417969 -0.10000000149011610551 205.00000000000000000000 20.00000000000000000000 511.00000000000000000000 2.99572992324829101562
6.08449983596801757812 -5.80000019073486328125 2.00000000000000000000 -0.30000001192092889957 107.50000000000000000000 1.00000000000000000000 518.00000000000000000000 2.63906002044677734375
7.29028987884521484375 3.79999995231628417969 4.30000019073486328125 0.50000000000000000000 210.00000000000000000000 22.00000000000000000000 105.00000000000000000000 2.94443988800048828125
7.08339023590087890625 -3.70000004768371582031 1.10000002384185791016 0.10000000149011610551 192.00000000000000000000 22.00000000000000000000 101.00000000000000000000 4.81218004226684570312
5.29330015182495117188 3.29999995231628417969 2.20000004768371582031 0.50000000000000000000 77.09999847412109375000 2.00000000000000000000 562.00000000000000000000 3.58351993560791015625
4.96981000900268554688 -0.50000000000000000000 0.60000002384185791016 1.70000004768371582031 341.10000610351562500000 4.00000000000000000000 552.00000000000000000000 3.36730003356933593750
7.20637989044189453125 -0.80000001192092895508 1.60000002384185791016 1.70000004768371582031 192.60000610351559657829 22.00000000000000000000 469.00000000000000000000 2.39790010452270507812
4.64439010620117187500 -2.20000004768371582031 4.90000009536743164062 -0.10000000149011610551 77.00000000000000000000 2.00000000000000000000 114.00000000000000000000 2.30258989334106445312
7.54061985015869140625 0.00000000000000000000 6.09999990463256835938 -0.20000000298023221101 207.50000000000000000000 19.00000000000000000000 489.00000000000000000000 1.79175996780395507812
5.48479986190795898438 2.20000004768371582031 2.00000000000000000000 1.89999997615814208984 253.80000305175781250000 5.00000000000000000000 473.00000000000000000000 1.94590997695922829358
7.21228981018066406250 -0.60000002384185791016 2.09999990463256835938 0.10000000149011610551 60.00000000000000000000 21.00000000000000000000 134.00000000000000000000 2.48491001129150390625
7.41877985000610262745 -0.20000000298023221101 1.10000002384185791016 3.20000004768371582031 138.00000000000000000000 22.00000000000000000000 49.00000000000000000000 4.36945009231567382812
6.42971992492675781250 1.60000002384185791016 1.29999995231628417969 1.00000000000000000000 58.00000000000000000000 8.00000000000000000000 76.00000000000000000000 2.56494998931884810034
7.96031999588012695312 7.69999980926513671875 4.80000019073486328125 -0.20000000298023221101 66.00000000000000000000 17.00000000000000000000 196.00000000000000000000 3.46573996543884277344
7.88230991363525390625 3.29999995231628417969 5.80000019073486328125 -0.10000000149011610551 46.90000152587890625000 19.00000000000000000000 557.00000000000000000000 3.66355991363525390625
5.78995990753173828125 1.10000002384185791016 4.00000000000000000000 -0.10000000149011610551 79.00000000000000000000 3.00000000000000000000 70.00000000000000000000 2.56494998931884810034
7.67554998397827059620 6.80000019073486328125 9.89999961853027166114 -0.20000000298023221101 249.00000000000000000000 15.00000000000000000000 160.00000000000000000000 2.77258992195129394531
6.56243991851806640625 2.59999990463256835938 2.79999995231628417969 -0.69999998807907104492 224.10000610351559657829 8.00000000000000000000 545.00000000000000000000 3.25810003280639648438
5.58349990844726562500 -4.50000000000000000000 4.09999990463256835938 0.30000001192092889957 59.40000152587890625000 1.00000000000000000000 507.00000000000000000000 3.43399000167846679688
5.66642999649047940380 -3.79999995231628417969 2.09999990463256835938 0.60000002384185791016 73.00000000000000000000 3.00000000000000000000 77.00000000000000000000 2.48491001129150390625
7.52294015884399414062 -12.50000000000000000000 0.80000001192092895508 -0.40000000596046447754 232.00000000000000000000 19.00000000000000000000 463.00000000000000000000 3.78418993949890092310
8.06400966644287109375 3.59999990463256835938 2.29999995231628417969 -0.30000001192092889957 9.39999961853027166114 9.00000000000000000000 549.00000000000000000000 3.13548994064331054688
5.92959022521972656250 2.09999990463256835938 3.79999995231628417969 0.50000000000000000000 64.19999694824218750000 1.00000000000000000000 531.00000000000000000000 3.36730003356933593750
7.68064022064208984375 6.30000019073486328125 9.39999961853027166114 0.20000000298023221101 248.00000000000000000000 16.00000000000000000000 160.00000000000000000000 2.70805001258850097656
5.49716997146606445312 -5.00000000000000000000 4.00000000000000000000 -0.10000000149011610551 75.40000152587890625000 5.00000000000000000000 440.00000000000000000000 2.48491001129150390625
5.95841979980468838818 -3.09999990463256835938 4.19999980926513671875 -0.10000000149011610551 52.50000000000000000000 2.00000000000000000000 426.00000000000000000000 2.07944011688232421875
5.84064006805419921875 7.40000009536743164062 4.30000019073486328125 0.30000001192092889957 189.60000610351559657829 1.00000000000000000000 590.00000000000000000000 2.94443988800048828125
7.88682985305786132812 5.80000019073486328125 2.29999995231628417969 -0.10000000149011610551 200.00000000000000000000 9.00000000000000000000 33.00000000000000000000 3.68887996673583984375
8.24512004852294921875 8.60000038146972656250 1.60000002384185791016 -1.00000000000000000000 258.79998779296875000000 15.00000000000000000000 530.00000000000000000000 4.17438983917236328125
7.54379987716674804688 8.69999980926513671875 4.00000000000000000000 -1.20000004768371582031 216.30000305175781250000 14.00000000000000000000 538.00000000000000000000 4.11086988449096679688
7.78655004501342773438 0.40000000596046447754 1.50000000000000000000 -0.10000000149011610551 110.00000000000000000000 13.00000000000000000000 124.00000000000000000000 3.49651002883911177221
7.68431997299194335938 7.69999980926513671875 1.50000000000000000000 -0.10000000149011610551 89.00000000000000000000 16.00000000000000000000 209.00000000000000000000 2.48491001129150390625
4.70047998428344726562 -13.50000000000000000000 4.30000019073486328125 0.20000000298023221101 80.00000000000000000000 3.00000000000000000000 95.00000000000000000000 3.71357011795043989721
7.54115009307861328125 5.19999980926513671875 0.89999997615814208984 -1.00000000000000000000 280.00000000000000000000 11.00000000000000000000 155.00000000000000000000 3.71357011795043989721
8.17807960510253906250 -1.29999995231628417969 5.59999990463256835938 -0.20000000298023221101 46.00000000000000000000 17.00000000000000000000 149.00000000000000000000 2.94443988800048828125
4.30406999588012695312 3.20000004768371582031 1.50000000000000000000 0.40000000596046447754 75.00000000000000000000 3.00000000000000000000 194.00000000000000000000 3.93182992935180708471
7.10002994537353515625 -4.00000000000000000000 5.80000019073486328125 -0.40000000596046447754 78.40000152587890625000 11.00000000000000000000 399.00000000000000000000 2.39790010452270507812
7.64060020446777343750 1.70000004768371582031 2.29999995231628417969 -0.30000001192092889957 85.00000000000000000000 15.00000000000000000000 167.00000000000000000000 4.21951007843017578125
