2481.00000000000000000000 29.00000000000000000000 76.00000000000000000000 14.00000000000000000000 1.00000000000000000000 2.00000000000000000000 1.00000000000000000000 0.00000000000000000000 0.00000000000000000000 5642.00000000000000000000 2543.00000000000000000000 1851.00000000000000000000 393.00000000000000000000 4808.00000000000000000000 3038.00000000000000000000
13439.00000000000000000000 147.00000000000000000000 379.00000000000000000000 114.00000000000000000000 7.00000000000000000000 2.00000000000000000000 4.00000000000000000000 12.00000000000000000000 10.00000000000000000000 26205.00000000000000000000 12008.00000000000000000000 9781.00000000000000000000 3272.00000000000000000000 25145.00000000000000000000 12091.00000000000000000000
12126.00000000000000000000 114.00000000000000000000 307.00000000000000000000 53.00000000000000000000 2.00000000000000000000 2.00000000000000000000 0.00000000000000000000 17.00000000000000000000 3.00000000000000000000 22258.00000000000000000000 7014.00000000000000000000 5960.00000000000000000000 2375.00000000000000000000 15397.00000000000000000000 9634.00000000000000000000
177279.00000000000000000000 789.00000000000000000000 7099.00000000000000000000 1212.00000000000000000000 128.00000000000000000000 49.00000000000000000000 35.00000000000000000000 123.00000000000000000000 74.00000000000000000000 573306.00000000000000000000 320736.00000000000000000000 142834.00000000000000000000 38964.00000000000000000000 505105.00000000000000000000 386518.00000000000000000000
73029.00000000000000000000 504.00000000000000000000 1729.00000000000000000000 297.00000000000000000000 24.00000000000000000000 6.00000000000000000000 3.00000000000000000000 20.00000000000000000000 110.00000000000000000000 116680.00000000000000000000 37768.00000000000000000000 60839.00000000000000000000 8587.00000000000000000000 107687.00000000000000000000 40958.00000000000000000000
39497.00000000000000000000 229.00000000000000000000 1214.00000000000000000000 210.00000000000000000000 11.00000000000000000000 4.00000000000000000000 2.00000000000000000000 13.00000000000000000000 12.00000000000000000000 60674.00000000000000000000 10923.00000000000000000000 26244.00000000000000000000 4957.00000000000000000000 42336.00000000000000000000 19482.00000000000000000000
176967.00000000000000000000 836.00000000000000000000 7348.00000000000000000000 1104.00000000000000000000 215.00000000000000000000 35.00000000000000000000 29.00000000000000000000 150.00000000000000000000 66.00000000000000000000 353331.00000000000000000000 144223.00000000000000000000 136621.00000000000000000000 25154.00000000000000000000 308190.00000000000000000000 166581.00000000000000000000
115185.00000000000000000000 570.00000000000000000000 4470.00000000000000000000 643.00000000000000000000 39.00000000000000000000 11.00000000000000000000 11.00000000000000000000 76.00000000000000000000 72.00000000000000000000 218395.00000000000000000000 80416.00000000000000000000 87980.00000000000000000000 25249.00000000000000000000 195055.00000000000000000000 97318.00000000000000000000
152082.00000000000000000000 650.00000000000000000000 2752.00000000000000000000 954.00000000000000000000 160.00000000000000000000 36.00000000000000000000 16.00000000000000000000 41.00000000000000000000 57.00000000000000000000 264428.00000000000000000000 112258.00000000000000000000 126857.00000000000000000000 13844.00000000000000000000 253943.00000000000000000000 107680.00000000000000000000
9138.00000000000000000000 102.00000000000000000000 138.00000000000000000000 40.00000000000000000000 2.00000000000000000000 0.00000000000000000000 1.00000000000000000000 7.00000000000000000000 4.00000000000000000000 16300.00000000000000000000 6665.00000000000000000000 7187.00000000000000000000 1602.00000000000000000000 15509.00000000000000000000 6868.00000000000000000000
34062.00000000000000000000 262.00000000000000000000 3215.00000000000000000000 658.00000000000000000000 42.00000000000000000000 4.00000000000000000000 658.00000000000000000000 21.00000000000000000000 20.00000000000000000000 86242.00000000000000000000 40144.00000000000000000000 25303.00000000000000000000 8072.00000000000000000000 74484.00000000000000000000 47300.00000000000000000000
33864.00000000000000000000 108.00000000000000000000 1075.00000000000000000000 105.00000000000000000000 29.00000000000000000000 13.00000000000000000000 8.00000000000000000000 12.00000000000000000000 19.00000000000000000000 61852.00000000000000000000 20851.00000000000000000000 28516.00000000000000000000 5005.00000000000000000000 54646.00000000000000000000 26619.00000000000000000000
75293.00000000000000000000 194.00000000000000000000 1940.00000000000000000000 551.00000000000000000000 38.00000000000000000000 38.00000000000000000000 5.00000000000000000000 70.00000000000000000000 27.00000000000000000000 137044.00000000000000000000 36168.00000000000000000000 28892.00000000000000000000 8482.00000000000000000000 73897.00000000000000000000 58888.00000000000000000000
16059.00000000000000000000 47.00000000000000000000 1090.00000000000000000000 162.00000000000000000000 26.00000000000000000000 1.00000000000000000000 0.00000000000000000000 7.00000000000000000000 3.00000000000000000000 33878.00000000000000000000 15219.00000000000000000000 12021.00000000000000000000 4817.00000000000000000000 32450.00000000000000000000 16483.00000000000000000000
8014.00000000000000000000 108.00000000000000000000 182.00000000000000000000 53.00000000000000000000 4.00000000000000000000 2.00000000000000000000 0.00000000000000000000 5.00000000000000000000 9.00000000000000000000 12461.00000000000000000000 4479.00000000000000000000 5742.00000000000000000000 1874.00000000000000000000 12144.00000000000000000000 4084.00000000000000000000
3764.00000000000000000000 30.00000000000000000000 75.00000000000000000000 17.00000000000000000000 2.00000000000000000000 0.00000000000000000000 0.00000000000000000000 3.00000000000000000000 2.00000000000000000000 6234.00000000000000000000 2417.00000000000000000000 2926.00000000000000000000 851.00000000000000000000 6204.00000000000000000000 2341.00000000000000000000
2873.00000000000000000000 90.00000000000000000000 39.00000000000000000000 10.00000000000000000000 1.00000000000000000000 0.00000000000000000000 1.00000000000000000000 3.00000000000000000000 2.00000000000000000000 5174.00000000000000000000 1794.00000000000000000000 1717.00000000000000000000 630.00000000000000000000 4158.00000000000000000000 2155.00000000000000000000
39053.00000000000000000000 282.00000000000000000000 1932.00000000000000000000 330.00000000000000000000 28.00000000000000000000 9.00000000000000000000 7.00000000000000000000 31.00000000000000000000 16.00000000000000000000 103113.00000000000000000000 50058.00000000000000000000 33914.00000000000000000000 6672.00000000000000000000 91685.00000000000000000000 61425.00000000000000000000
26216.00000000000000000000 145.00000000000000000000 732.00000000000000000000 309.00000000000000000000 21.00000000000000000000 10.00000000000000000000 5.00000000000000000000 33.00000000000000000000 10.00000000000000000000 55658.00000000000000000000 21870.00000000000000000000 18335.00000000000000000000 6091.00000000000000000000 46484.00000000000000000000 28177.00000000000000000000
20196.00000000000000000000 99.00000000000000000000 409.00000000000000000000 51.00000000000000000000 14.00000000000000000000 5.00000000000000000000 3.00000000000000000000 7.00000000000000000000 5.00000000000000000000 34941.00000000000000000000 14244.00000000000000000000 15608.00000000000000000000 3739.00000000000000000000 33699.00000000000000000000 14152.00000000000000000000
49963.00000000000000000000 289.00000000000000000000 1459.00000000000000000000 203.00000000000000000000 36.00000000000000000000 4.00000000000000000000 1.00000000000000000000 14.00000000000000000000 21.00000000000000000000 88545.00000000000000000000 25750.00000000000000000000 35089.00000000000000000000 8813.00000000000000000000 73911.00000000000000000000 36555.00000000000000000000
4051.00000000000000000000 27.00000000000000000000 59.00000000000000000000 4.00000000000000000000 3.00000000000000000000 0.00000000000000000000 1.00000000000000000000 1.00000000000000000000 8.00000000000000000000 6801.00000000000000000000 3583.00000000000000000000 3188.00000000000000000000 1140.00000000000000000000 7997.00000000000000000000 2647.00000000000000000000
29744.00000000000000000000 270.00000000000000000000 1378.00000000000000000000 194.00000000000000000000 16.00000000000000000000 5.00000000000000000000 0.00000000000000000000 28.00000000000000000000 18.00000000000000000000 57154.00000000000000000000 22042.00000000000000000000 20114.00000000000000000000 7244.00000000000000000000 49585.00000000000000000000 25501.00000000000000000000
12608.00000000000000000000 83.00000000000000000000 435.00000000000000000000 60.00000000000000000000 4.00000000000000000000 1.00000000000000000000 3.00000000000000000000 12.00000000000000000000 3.00000000000000000000 27100.00000000000000000000 9583.00000000000000000000 8232.00000000000000000000 2185.00000000000000000000 20075.00000000000000000000 13891.00000000000000000000
28627.00000000000000000000 105.00000000000000000000 950.00000000000000000000 123.00000000000000000000 13.00000000000000000000 4.00000000000000000000 2.00000000000000000000 10.00000000000000000000 13.00000000000000000000 49616.00000000000000000000 16373.00000000000000000000 22709.00000000000000000000 4635.00000000000000000000 43963.00000000000000000000 19769.00000000000000000000
55135.00000000000000000000 563.00000000000000000000 1810.00000000000000000000 361.00000000000000000000 26.00000000000000000000 14.00000000000000000000 6.00000000000000000000 49.00000000000000000000 22.00000000000000000000 102634.00000000000000000000 37033.00000000000000000000 41397.00000000000000000000 11340.00000000000000000000 90146.00000000000000000000 44648.00000000000000000000
5058.00000000000000000000 43.00000000000000000000 131.00000000000000000000 21.00000000000000000000 4.00000000000000000000 1.00000000000000000000 1.00000000000000000000 4.00000000000000000000 3.00000000000000000000 9854.00000000000000000000 4824.00000000000000000000 3415.00000000000000000000 1666.00000000000000000000 9936.00000000000000000000 4588.00000000000000000000
68581.00000000000000000000 570.00000000000000000000 3392.00000000000000000000 412.00000000000000000000 82.00000000000000000000 18.00000000000000000000 14.00000000000000000000 77.00000000000000000000 17.00000000000000000000 142713.00000000000000000000 66472.00000000000000000000 48346.00000000000000000000 18011.00000000000000000000 133457.00000000000000000000 69550.00000000000000000000
35419.00000000000000000000 182.00000000000000000000 1461.00000000000000000000 127.00000000000000000000 15.00000000000000000000 6.00000000000000000000 3.00000000000000000000 12.00000000000000000000 19.00000000000000000000 66885.00000000000000000000 27121.00000000000000000000 27836.00000000000000000000 7783.00000000000000000000 63014.00000000000000000000 29641.00000000000000000000
4983.00000000000000000000 88.00000000000000000000 93.00000000000000000000 32.00000000000000000000 20.00000000000000000000 0.00000000000000000000 0.00000000000000000000 5.00000000000000000000 9.00000000000000000000 8026.00000000000000000000 2992.00000000000000000000 3522.00000000000000000000 1287.00000000000000000000 7859.00000000000000000000 2796.00000000000000000000
2698.00000000000000000000 29.00000000000000000000 75.00000000000000000000 32.00000000000000000000 2.00000000000000000000 0.00000000000000000000 0.00000000000000000000 2.00000000000000000000 3.00000000000000000000 4666.00000000000000000000 1731.00000000000000000000 1398.00000000000000000000 652.00000000000000000000 3795.00000000000000000000 1825.00000000000000000000
106141.00000000000000000000 305.00000000000000000000 3587.00000000000000000000 538.00000000000000000000 81.00000000000000000000 30.00000000000000000000 5.00000000000000000000 96.00000000000000000000 34.00000000000000000000 184377.00000000000000000000 65692.00000000000000000000 80882.00000000000000000000 18389.00000000000000000000 165923.00000000000000000000 73560.00000000000000000000
36248.00000000000000000000 311.00000000000000000000 723.00000000000000000000 131.00000000000000000000 13.00000000000000000000 1.00000000000000000000 1.00000000000000000000 19.00000000000000000000 43.00000000000000000000 50285.00000000000000000000 45051.00000000000000000000 59778.00000000000000000000 9357.00000000000000000000 114878.00000000000000000000 12795.00000000000000000000
2153.00000000000000000000 24.00000000000000000000 39.00000000000000000000 11.00000000000000000000 2.00000000000000000000 6.00000000000000000000 9.00000000000000000000 4.00000000000000000000 7.00000000000000000000 3973.00000000000000000000 1734.00000000000000000000 1518.00000000000000000000 406.00000000000000000000 3670.00000000000000000000 1718.00000000000000000000
82214.00000000000000000000 396.00000000000000000000 2436.00000000000000000000 3211.00000000000000000000 33.00000000000000000000 9888.00000000000000000000 3.00000000000000000000 59.00000000000000000000 2927.00000000000000000000 198230.00000000000000000000 78905.00000000000000000000 63067.00000000000000000000 17319.00000000000000000000 160118.00000000000000000000 97063.00000000000000000000
3300.00000000000000000000 29.00000000000000000000 97.00000000000000000000 52.00000000000000000000 1.00000000000000000000 0.00000000000000000000 0.00000000000000000000 4.00000000000000000000 2.00000000000000000000 5395.00000000000000000000 1985.00000000000000000000 1939.00000000000000000000 841.00000000000000000000 4795.00000000000000000000 1910.00000000000000000000
5413.00000000000000000000 65.00000000000000000000 84.00000000000000000000 28.00000000000000000000 2.00000000000000000000 0.00000000000000000000 0.00000000000000000000 3.00000000000000000000 2.00000000000000000000 8669.00000000000000000000 3356.00000000000000000000 4038.00000000000000000000 819.00000000000000000000 8247.00000000000000000000 3072.00000000000000000000
10964.00000000000000000000 89.00000000000000000000 258.00000000000000000000 127.00000000000000000000 7.00000000000000000000 1.00000000000000000000 2.00000000000000000000 5.00000000000000000000 8.00000000000000000000 18508.00000000000000000000 6691.00000000000000000000 7588.00000000000000000000 1970.00000000000000000000 16326.00000000000000000000 7047.00000000000000000000
4750.00000000000000000000 39.00000000000000000000 139.00000000000000000000 24.00000000000000000000 4.00000000000000000000 7.00000000000000000000 3.00000000000000000000 12.00000000000000000000 6.00000000000000000000 14549.00000000000000000000 9405.00000000000000000000 3813.00000000000000000000 938.00000000000000000000 14193.00000000000000000000 9565.00000000000000000000
60426.00000000000000000000 122.00000000000000000000 1400.00000000000000000000 185.00000000000000000000 34.00000000000000000000 7.00000000000000000000 4.00000000000000000000 29.00000000000000000000 10.00000000000000000000 92122.00000000000000000000 23182.00000000000000000000 42590.00000000000000000000 6320.00000000000000000000 72511.00000000000000000000 29905.00000000000000000000
1669.00000000000000000000 10.00000000000000000000 26.00000000000000000000 6.00000000000000000000 0.00000000000000000000 3.00000000000000000000 1.00000000000000000000 0.00000000000000000000 1.00000000000000000000 2504.00000000000000000000 829.00000000000000000000 1166.00000000000000000000 316.00000000000000000000 2322.00000000000000000000 788.00000000000000000000
4743.00000000000000000000 22.00000000000000000000 103.00000000000000000000 11.00000000000000000000 1.00000000000000000000 3.00000000000000000000 2.00000000000000000000 2.00000000000000000000 7.00000000000000000000 8133.00000000000000000000 3882.00000000000000000000 3855.00000000000000000000 1135.00000000000000000000 8896.00000000000000000000 3239.00000000000000000000
3546.00000000000000000000 71.00000000000000000000 86.00000000000000000000 21.00000000000000000000 4.00000000000000000000 2.00000000000000000000 2.00000000000000000000 9.00000000000000000000 2.00000000000000000000 6132.00000000000000000000 2480.00000000000000000000 2424.00000000000000000000 1054.00000000000000000000 5986.00000000000000000000 2389.00000000000000000000
152846.00000000000000000000 3407.00000000000000000000 5564.00000000000000000000 743.00000000000000000000 143.00000000000000000000 45.00000000000000000000 302.00000000000000000000 103.00000000000000000000 188.00000000000000000000 432286.00000000000000000000 230621.00000000000000000000 133762.00000000000000000000 30739.00000000000000000000 397231.00000000000000000000 268945.00000000000000000000
1316.00000000000000000000 39.00000000000000000000 19.00000000000000000000 12.00000000000000000000 3.00000000000000000000 0.00000000000000000000 0.00000000000000000000 2.00000000000000000000 1.00000000000000000000 2403.00000000000000000000 868.00000000000000000000 913.00000000000000000000 376.00000000000000000000 2164.00000000000000000000 1011.00000000000000000000
57948.00000000000000000000 272.00000000000000000000 2489.00000000000000000000 243.00000000000000000000 35.00000000000000000000 5.00000000000000000000 3.00000000000000000000 26.00000000000000000000 19.00000000000000000000 110209.00000000000000000000 41835.00000000000000000000 44059.00000000000000000000 10360.00000000000000000000 96741.00000000000000000000 49169.00000000000000000000
52043.00000000000000000000 267.00000000000000000000 984.00000000000000000000 313.00000000000000000000 15.00000000000000000000 4.00000000000000000000 2.00000000000000000000 20.00000000000000000000 33.00000000000000000000 70605.00000000000000000000 16434.00000000000000000000 40631.00000000000000000000 5432.00000000000000000000 62963.00000000000000000000 16924.00000000000000000000
1840.00000000000000000000 9.00000000000000000000 56.00000000000000000000 12.00000000000000000000 3.00000000000000000000 0.00000000000000000000 1.00000000000000000000 1.00000000000000000000 0.00000000000000000000 3342.00000000000000000000 1530.00000000000000000000 1361.00000000000000000000 521.00000000000000000000 3431.00000000000000000000 1420.00000000000000000000
4511.00000000000000000000 46.00000000000000000000 149.00000000000000000000 30.00000000000000000000 3.00000000000000000000 2.00000000000000000000 1.00000000000000000000 6.00000000000000000000 0.00000000000000000000 8583.00000000000000000000 3054.00000000000000000000 2931.00000000000000000000 1091.00000000000000000000 7165.00000000000000000000 3835.00000000000000000000
3038.00000000000000000000 29.00000000000000000000 54.00000000000000000000 18.00000000000000000000 2.00000000000000000000 0.00000000000000000000 1.00000000000000000000 5.00000000000000000000 1.00000000000000000000 6159.00000000000000000000 2791.00000000000000000000 2195.00000000000000000000 578.00000000000000000000 5584.00000000000000000000 3011.00000000000000000000
