0.53399997949600219727 -3.62709999084472700659 -21.04509925842285156250 -4.26919984817504882812 -0.24410000443458548802
1.39639997482299804688 6.27750015258789062500 -7.91349983215332031250 -2.25399994850158691406 2.70530009269714399878
7.06729984283447265625 -1.28450000286102294922 -6.40430021286010742188 -6.94140005111694335938 -3.39389991760253906250
-1.99619996547698952405 7.59420013427734375000 -8.60869979858398437500 -5.54279994964599609375 6.74170017242431640625
2.63350009918212890625 -0.52179998159408569336 3.49810004234314009253 2.19059991836547851562 -4.21540021896362304688
-3.00600004196166992188 5.73780012130737304688 6.02139997482299804688 2.86800003051757812500 4.48750019073486328125
-3.76970005035400390625 -6.59539985656738281250 -7.05399990081787109375 1.96420001983642555921 1.24249994754791259766
1.64680004119873046875 -2.81599998474121093750 7.96950006484985262745 -0.14790000021457669344 -3.10630011558532714844
-6.32410001754760742188 6.14319992065429687500 1.62510001659393310547 9.61849975585937677636 4.06319999694824218750
-5.65030002593994140625 0.71560001373291015625 7.35699987411499023438 14.00800037384033203125 -2.52010011672973632812
2.97519993782043457031 -8.44880008697509765625 -7.25670003890991210938 -1.43859994411468505859 -2.53769993782043457031
0.11940000206232069535 -4.80919981002807617188 -7.64610004425048828125 6.54960012435913085938 -2.65210008621215820312
7.88730001449584960938 -0.33719998598098749332 -13.35770034790039062500 -10.78779983520507812500 -0.82300001382827758789
-4.49760007858276367188 17.18639945983886718750 -1.01230001449584960938 5.50099992752075195312 6.41230010986328125000
-1.77380001544952392578 3.78740000724792480469 -0.87889999151229858398 0.70620000362396240234 2.56699991226196289062
4.56330013275146484375 7.40859985351562500000 9.30029964447021662011 -5.18260002136230468750 0.37279999256134027652
3.79410004615783691406 -0.39919999241828918457 5.12260007858276367188 -12.06770038604736328125 1.81939995288848876953
-6.79379987716674804688 -4.63059997558593750000 -6.46449995040893643505 7.50790023803710937500 1.85360002517700195312
-4.19920015335083007812 4.20559978485107421875 -12.19919967651367187500 4.48050022125244140625 1.99179995059967041016
-0.46270000934600830078 0.21909999847412109375 -0.22800000011920928955 0.62480002641677856445 0.19349999725818631258
-1.33910000324249289783 -8.31029987335205078125 10.79349994659423828125 6.35820007324218838818 -4.71859979629516601562
-3.43460011482238813940 -4.50489997863769531250 9.82789993286132812500 8.31379985809326171875 -0.05539999902248379793
-14.38860034942626953125 -0.65439999103546142578 0.69669997692108154297 21.04179954528808949021 6.66400003433227539062
-4.60720014572143643505 4.27180004119873046875 -6.06230020523071289062 14.14500045776367187500 -2.82380008697509765625
2.68930006027221679688 -4.13380002975463867188 -1.30139994621276855469 -3.42109990119934082031 0.20000000298023221101
-2.91210007667541503906 -5.29510021209716796875 -4.41179990768432617188 9.37559986114501953125 0.19130000472068781070
5.03490018844604492188 -7.84079980850219726562 -2.56539988517761230469 -5.25699996948242187500 -5.51949977874755859375
-3.00079989433288574219 -8.50619983673095703125 -3.82049989700317382812 3.69989991188049316406 -1.83759999275207519531
-5.08739995956420898438 6.35349988937377929688 8.93690013885498046875 1.19239997863769509046 3.62779998779296875000
5.22790002822875976562 3.20460009574890136719 6.64739990234375000000 -0.07949999719858169556 -4.77110004425048828125
-1.95529997348785400391 7.15399980545044034130 -10.29399967193603515625 2.43869996070861816406 0.64149999618530273438
-2.62129998207092285156 -2.64610004425048828125 -6.48689985275268554688 -2.29579997062683105469 4.58519983291625976562
-5.29990005493164062500 2.28530001640319824219 4.21449995040893643505 9.30070018768310369239 1.30700004100799560547
-14.19830036163330078125 1.53939998149871848376 3.30559992790222167969 21.07760047912597656250 5.67030000686645507812
-3.51410007476806640625 -6.86600017547607421875 -0.11940000206232069535 7.76830005645751864307 -2.03679990768432617188
-9.84010028839111150489 1.56610000133514404297 15.53750038146972833886 18.69470024108886718750 3.14639997482299804688
-1.55980002880096435547 -0.50910001993179321289 0.17710000276565548982 -0.35030001401901239566 1.44700002670288085938
-1.93050003051757790296 -1.60189998149871848376 0.85199999809265136719 7.88170003890991210938 -4.07019996643066406250
2.53990006446838378906 -1.99389994144439697266 8.15270042419433593750 -6.57779979705810546875 -1.84200000762939430921
-2.87919998168945312500 -2.73390007019042968750 0.94690001010894775391 9.42840003967285156250 -2.87660002708435058594
6.89249992370605468750 0.09300000220537180118 -7.35489988327026367188 -4.92070007324218838818 -3.63720011711120605469
5.76440000534057617188 2.24349999427795410156 15.58409976959228337989 -6.05350017547607421875 -2.14949989318847700659
8.82419967651367187500 3.01110005378723144531 4.88119983673095703125 -16.33029937744140625000 1.63180005550384521484
-8.49470043182373046875 2.92840003967285200659 8.20569992065429687500 12.79179954528808593750 4.89079999923706054688
-3.55929994583129882812 4.15479993820190429688 7.21530008316040039062 3.53029990196228027344 2.68379998207092285156
8.98490047454833984375 3.10389995574951216284 9.10849952697754083886 -7.17980003356933593750 -4.02759981155395507812
-5.10620021820068359375 5.82439994812011718750 12.84589958190917968750 5.23920011520385742188 2.65459990501403808594
-6.67399978637695312500 -9.60319995880126953125 0.05150000005960460314 6.36910009384155273438 3.53150010108947709497
-5.01270008087158203125 3.53480005264282226562 9.12419986724853515625 1.32210004329681396484 4.20569992065429687500
-2.32170009613037109375 6.15409994125366210938 -8.61569976806640625000 6.88040018081665039062 3.51600003242492675781
-0.00579999992623920005 -0.43459999561309808902 -13.79629993438720880761 -2.85619997978210449219 0.54710000753402709961
-5.05079984664916992188 -12.18309974670410156250 -17.83679962158203125000 -0.74299997091293334961 0.00300000002607700000
-12.10639953613281250000 2.20190000534057617188 -7.03200006484985351562 14.84109973907470880761 5.13290023803710937500
1.50870001316070556641 -0.56080001592636108398 -3.04089999198913618628 -0.33259999752044677734 -2.58629989624023437500
-1.81470000743865989001 1.29750001430511474609 5.97700023651123135693 8.82120037078857421875 -3.13409996032714843750
-1.85249996185302756579 -7.81559991836547851562 -5.58269977569580078125 0.06920000165700909700 2.48200011253356933594
-5.26160001754760742188 -2.09150004386901855469 8.58279991149902343750 14.66440010070800781250 -3.92249989509582519531
-1.66240000724792480469 9.04399967193603515625 -9.45590019226074218750 -5.64559984207153320312 7.64389991760253906250
2.49110007286071777344 -3.43729996681213378906 -8.31299972534179687500 -5.42100000381469726562 0.27439999580383300781
0.60460001230239868164 6.08589982986450195312 -10.80729961395263671875 -3.23600006103515580591 0.76630002260208129883
-2.41070008277893066406 5.81010007858276367188 5.99630022048950195312 1.80780005455017089844 4.74280023574829101562
-1.74639999866485595703 5.05919981002807617188 19.48990058898925425979 6.96120023727416992188 -1.69679999351501464844
-1.62769997119903564453 -5.33470010757446289062 -1.27059996128082275391 -0.89349997043609619141 1.98280000686645507812
0.90499997138977039679 6.35570001602172851562 -4.14279985427856445312 -2.57030010223388671875 3.00559997558593705591
-0.71549999713897705078 2.73860001564025878906 1.22230005264282248767 0.60379999876022338867 1.67939996719360351562
-0.05530000105500219865 0.63630002737045288086 -0.44220000505447387695 1.05519998073577880859 -0.63040000200271606445
5.08379983901977539062 -5.44549989700317382812 -6.49399995803833007812 -4.88490009307861328125 -4.69189977645874023438
-4.77990007400512695312 -1.26900005340576149671 7.54099988937377929688 9.94740009307861150489 1.23790001869201660156
4.54699993133544921875 5.89629983901977539062 4.24399995803833007812 -5.67049980163574218750 0.55140000581741333008
8.98190021514892578125 -6.78539991378784179688 1.01740002632141113281 -10.00129985809326171875 -4.02390003204345703125
-1.69760000705718994141 -1.50629997253417968750 -6.34460020065307617188 0.11720000207424159655 2.06680011749267578125
-0.85600000619888305664 -0.67739999294281005859 -4.13539981842041015625 7.95139980316162109375 0.89020001888275146484
-13.79529953002929687500 -1.15320003032684326172 0.23389999568462369051 24.14220046997070312500 3.13450002670288085938
-9.60079956054687677636 -7.34499979019165039062 -0.53149998188018798828 17.66080093383789062500 0.43560001254081720523
-5.42929983139038085938 -4.40670013427734375000 -1.15439999103546142578 8.03120040893554687500 0.31650000810623168945
-9.98190021514892578125 -4.10690021514892578125 22.26129913330078125000 18.74659919738769175979 -2.33229994773864746094
6.62820005416870117188 -0.76840001344680786133 -10.63129997253417968750 -5.93559980392456054688 -3.47390007972717285156
-6.73780012130737304688 -3.13820004463195800781 9.95849990844726562500 15.20639991760254083886 -1.30050003528594970703
-2.14050006866455078125 5.61350011825561523438 -12.19499969482422052636 -0.99250000715255737305 3.04069995880126908716
3.06270003318786621094 0.02659999951720230099 10.55889987945556640625 -0.07729999721050259676 -4.80639982223510742188
-5.38530015945434570312 4.11310005187988281250 1.93879997730255149158 8.25720024108886718750 -0.20810000598430630769
-0.23720000684261319246 3.80439996719360395971 12.52289962768554865136 -0.52829998731613159180 3.63380002975463911596
4.24310016632080078125 13.67039966583251953125 5.95160007476806640625 -4.07789993286132812500 3.17799997329711914062
-1.21440005302429199219 5.08869981765747070312 11.08160018920898437500 8.85509967803955078125 -1.78530001640319824219
-5.63829994201660156250 -0.81580001115798950195 -3.81200003623962402344 1.16740000247955322266 7.04680013656616210938
-1.91040003299713156970 3.76049995422363281250 11.00699996948242187500 9.80539989471435546875 -2.52679991722106933594
2.72630000114440917969 2.88240003585815429688 7.21019983291625976562 -6.59700012207031250000 -0.23810000717639920320
-10.39019966125488458886 -3.88860011100768954151 2.30699992179870605469 22.19879913330078125000 -2.93339991569519042969
-2.87549996376037597656 -6.01310014724731445312 3.65910005569458007812 7.96759986877441406250 -3.64869999885559082031
0.87379997968673706055 -7.21180009841918856495 7.24389982223510742188 8.86069965362548828125 -4.97709989547729492188
-10.17259979248046875000 -6.66709995269775390625 -1.25689995288848876953 19.45529937744140625000 0.06729999929666509451
-3.43239998817443847656 3.74119997024536088404 4.83589982986450195312 8.42020034790039062500 -1.72409999370574951172
9.80980014801025390625 -1.61930000782012939453 1.09679996967315673828 -13.74800014495849609375 -0.04100000113248820216
-3.20869994163513183594 8.39910030364990234375 -1.21790003776550292969 -0.29330000281333917789 3.64750003814697265625
-1.38180005550384521484 1.22829997539520263672 -10.16230010986327947364 -5.50029993057250976562 3.60630011558532714844
3.49440002441406250000 4.57410001754760742188 1.69260001182556152344 -10.25339984893798828125 -1.52929997444152832031
-5.33780002593994140625 -7.20370006561279296875 -7.03039979934692382812 6.37979984283447265625 0.09440000355243680086
-2.01020002365112304688 2.26320004463195800781 6.47720003128051757812 2.18549990653991699219 3.60279989242553710938
-7.37200021743774414062 -5.20170021057128906250 -0.96369999647140502930 11.57779979705810369239 -0.40430000424385070801
-14.31480026245117187500 -4.02559995651245117188 3.65700006484985351562 18.37039947509765625000 5.23659992218017578125
6.88040018081665039062 2.95260000228881835938 -1.96080005168914794922 -12.72830009460449218750 -3.12719988822937011719
6.58920001983642578125 4.16989994049072265625 -0.89670002460479736328 -1.40690004825592041016 -2.15939998626708984375
3.61789989471435591284 10.01210021972656250000 -12.41489982604980468750 -7.78079986572265625000 0.33410000801086420230
-2.78570008277893066406 3.57509994506835981909 -6.98210000991821289062 1.41390001773834250720 2.24119997024536132812
3.80819988250732421875 3.25000000000000000000 -0.39629998803138727359 -5.13189983367919921875 -1.84340000152587890625
4.78410005569458007812 5.70909976959228515625 -2.73410010337829589844 -5.35699987411499023438 -1.57739996910095192639
-0.36460000276565551758 0.28979998826980590820 -0.26660001277923578433 0.71460002660751342773 0.06780000030994409732
-0.73000001907348632812 -7.53809976577758789062 9.64920043945312322364 5.75460004806518554688 -5.08309984207153320312
-0.82160001993179321289 -4.97849988937377929688 -11.23480033874511541114 2.81419992446899414062 -1.37950003147125244141
-4.26380014419555664062 -1.86530005931854248047 0.84210002422332763672 7.88009977340698242188 0.33959999680519098453
-9.46840000152588068261 -1.24590003490447998047 1.08780002593994140625 13.60249996185302734375 -0.37619999051094049625
-0.13359999656677240543 -8.30609989166259765625 2.14779996871948242188 -3.89689993858337402344 1.31180000305175781250
11.58670043945312322364 3.97410011291503906250 -1.44110000133514404297 -18.05540084838867187500 -2.43420004844665571753
-8.35849952697753906250 7.70569992065429687500 -4.69540023803710937500 8.37110042572021484375 7.86980009078979492188
-2.27880001068115234375 -3.90179991722106889185 -6.99350023269653320312 3.44199991226196289062 -0.87440001964569091797
1.96940004825592041016 7.09390020370483398438 8.13049983978271484375 -4.25860023498535156250 2.15750002861022904810
14.81779956817626953125 3.13940000534057617188 -2.46799993515014648438 -24.24489974975585937500 -2.52390003204345703125
-4.51079988479614257812 -3.79949998855590820312 13.52070045471191406250 17.43120002746582031250 -3.63450002670288085938
0.40000000596046447754 -3.76990008354187011719 0.69389998912811279297 -4.18380022048950195312 -0.12590000033378601074
-5.01879978179931640625 -7.38119983673095703125 -1.79910004138946510999 1.71720004081726074219 0.11760000139474860448
6.27229976654052734375 7.90840005874633789062 16.57439994812011718750 -5.10570001602172851562 -0.77480000257492065430
-3.89700007438659667969 7.09450006484985351562 12.80809974670410156250 6.05100011825561523438 3.45300006866455078125
-2.14389991760253906250 1.13950002193450927734 -7.84719991683959960938 3.52169990539550781250 -0.99360001087188720703
0.68180000782012939453 -0.61949998140335083008 -8.19789981842041015625 1.82089996337890647204 0.01049999985843889927
-8.63809967041015625000 -10.10359954833984375000 1.27160000801086447986 7.81510019302368164062 0.33660000562667841129
-5.54129981994628906250 -1.57690000534057617188 -10.99339962005615234375 -2.32730007171630859375 4.09060001373291015625
0.33899998664855951480 -2.78949999809265181128 -8.48289966583251953125 -3.54340004920959472656 1.45969998836517311780
1.04410004615783691406 -6.82289981842041015625 -12.42420005798339843750 -6.47779989242553710938 -0.25870001316070551090
-5.86189985275268554688 5.52050018310546875000 6.39029979705810546875 11.23379993438720880761 1.57720005512237571033
-2.55909991264343261719 -6.23050022125244140625 9.36999988555908203125 6.31020021438598632812 -3.40829992294311523438
9.17840003967285156250 -2.47860002517700195312 -1.85959994792938232422 -13.10060024261474609375 -5.35920000076294034130
-12.51529979705810369239 -5.78630018234252929688 5.61089992523193359375 16.46689987182617187500 5.74520015716552734375
-2.45160007476806640625 9.28899955749511541114 3.06450009346008300781 7.95419979095458984375 1.61220002174377441406
-1.79760003089904807361 3.50959992408752441406 -10.41510009765625000000 -3.78559994697570800781 4.07250022888183593750
-10.17109966278076171875 5.65710020065307617188 -4.86000013351440429688 14.19789981842041015625 5.42829990386962890625
2.05040001869201660156 -0.20659999549388879947 -13.28989982604980468750 -5.58510017395019531250 0.12849999964237210359
4.75430011749267578125 0.05770000070333480141 7.61049985885620117188 -4.20050001144409179688 -1.85380005836486794202
8.48509979248046875000 4.56080007553100585938 5.22300004959106445312 -9.81270027160644353614 -2.47550010681152343750
5.28550004959106445312 1.20949995517730712891 -1.22000002861022949219 -6.89709997177124023438 -2.82599997520446821753
7.25120019912719726562 -3.86919999122619584497 -4.40180015563964843750 -12.59689998626708984375 -0.55849999189376831055
1.60710000991821289062 -2.09669995307922407690 -10.08609962463378728614 -0.55019998550415039062 -1.12290000915527343750
7.78970003128051757812 2.28590011596679687500 5.39890003204345703125 -11.87889957427978337989 0.58810001611709594727
-9.37020015716552734375 -10.02110004425048828125 -2.74359989166259765625 10.54409980773925781250 1.07739996910095192639
7.69110012054443359375 1.45899999141693115234 -1.57659995555877685547 -7.38899993896484375000 -4.57420015335083007812
-3.24670004844665571753 -4.94150018692016601562 0.22280000150203699283 3.73510003089904785156 2.38280010223388671875
-15.90019989013672052636 -1.45869994163513183594 -2.79419994354248046875 19.01930046081542968750 4.93079996109008789062
-2.22919988632202104029 7.85949993133544921875 -0.15500000119209289551 3.59150004386901855469 -0.37169998884201049805
5.53049993515014648438 -2.13470005989074707031 3.86260008811950683594 0.17829999327659601382 -5.18060016632080078125
-2.41149997711181640625 -5.60850000381469726562 2.56579995155334472656 6.27759981155395507812 -0.29850000143051147461
13.53439998626708984375 -0.95800000429153442383 -0.26730000972747802734 -20.70400047302246093750 -1.23819994926452636719
6.23710012435913085938 4.02790021896362304688 6.18240022659301757812 -9.87510013580322443261 -1.19350004196166992188
-2.48749995231628417969 1.59249997138977050781 -0.80949997901916503906 1.78869998455047607422 1.73870003223419189453
8.54230022430419921875 -1.01100003719329833984 7.25640010833740234375 -10.49650001525878728614 -1.55589997768402099609
8.93179988861083984375 4.70539999008178710938 -2.42249989509582519531 -11.22669982910156250000 -3.26279997825622558594
-0.69630002975463867188 -3.96860003471374511719 -15.58749961853027166114 -2.87380003929138183594 0.25130000710487360172
-2.49469995498657226562 0.63590002059936523438 1.57630002498626708984 0.60909998416900634766 4.14319992065429687500
-3.57610011100769042969 0.84789997339248657227 -2.94000005722045898438 1.12839996814727783203 2.03609991073608398438
-12.82219982147216796875 3.94180011749267578125 7.43870019912719726562 19.43129920959472656250 3.13280010223388671875
1.11370003223419189453 -1.77559995651245117188 2.68149995803833007812 -6.30789995193481534130 -0.13330000638961789217
-5.62010002136230468750 7.22459983825683593750 -0.11770000308752059937 8.91090011596679687500 2.36800003051757812500
-0.85939997434616088867 9.56130027770995916114 -3.12520003318786621094 1.57819998264312744141 3.49950003623962402344
-13.07639980316161931739 -2.90199995040893554688 9.79749965667724609375 22.33659934997558238479 1.61839997768402099609
-18.00519943237304687500 -5.43610000610351562500 -1.89149999618530273438 21.41880035400390269729 5.50960016250610440380
5.26070022583007812500 -2.15540003776550292969 2.14939999580383300781 -8.61489963531494140625 -2.95549988746643066406
0.56580001115798950195 10.20259952545166015625 -7.89120006561279296875 -2.33270001411437988281 1.67780005931854248047
13.18010044097900390625 4.81549978256225585938 5.37249994277954101562 -11.93130016326904474511 -6.50460004806518554688
3.41030001640319824219 -4.74289989471435635693 -1.82589995861053489001 -8.08990001678466796875 -2.15790009498596191406
-1.14709997177124023438 4.37130022048950195312 -11.39239978790283203125 5.47940015792846679688 1.94229996204376242908
-8.86349964141845703125 -4.68599987030029296875 -10.99670028686523437500 15.39229965209960937500 -0.76719999313354492188
-0.09899999946355819702 0.25249999761581420898 -8.77709960937500000000 0.75340002775192260742 0.66939997673034667969
-5.82719993591308593750 1.82899999618530273438 8.68410015106201171875 9.50559997558593750000 0.33980000019073480777
7.96110010147094726562 -1.91519999504089355469 1.48210000991821289062 -8.00039958953857421875 -2.66860008239746093750
-1.42729997634887695312 -0.53750002384185791016 0.17870000004768368806 -0.28659999370574951172 1.57949995994567871094
0.02199999988079070004 -2.87430000305175781250 10.49890041351318359375 9.57789993286132812500 -6.04580020904541015625
2.96919989585876464844 -7.42110013961791992188 1.84930002689361594470 -6.09060001373291015625 -1.30840003490447998047
2.70779991149902343750 -6.78550004959106445312 -3.98799991607666015625 -8.53339958190917968750 0.00829999987035980047
0.11339999735355370258 -2.51209998130798339844 -9.56680011749267578125 0.64950001239776611328 -2.92650008201599121094
-0.15049999952316278629 -0.25209999084472650699 -8.55539989471435546875 1.29100000858306884766 1.25689995288848876953
-12.04669952392577947364 -9.07979965209960937500 -6.69939994812011718750 17.98789978027343750000 1.96650004386901833264
0.47040000557899469547 -4.68720006942749023438 -8.87399959564208984375 -1.34179997444152832031 -0.87739998102188110352
-1.20560002326965309827 4.76340007781982421875 -1.39209997653961181641 1.62440001964569091797 1.71210002899169921875
6.79510021209716796875 -2.45009994506835981909 -0.53960001468658447266 -11.74989986419677556739 -2.23289990425109818872
2.90529990196228027344 8.41289997100830078125 19.14529991149902343750 0.09030000120401379671 -0.86900001764297485352
-4.75850009918212890625 -2.51279997825622558594 4.90590000152587890625 7.92229986190795898438 -2.10579991340637207031
2.16669988632202104029 -0.71520000696182250977 -16.52820014953613281250 -2.50309991836547851562 0.56809997558593750000
4.88719987869262695312 3.01209998130798339844 -7.05859994888305664062 -11.84389972686767578125 1.82710003852844238281
-6.05609989166259765625 -11.17380046844482421875 -0.52079999446868896484 12.95069980621338068261 -1.46990001201629638672
1.69200003147125244141 10.24720001220703125000 -21.97030067443848011521 -10.26990032196044921875 3.72510004043579101562
-15.04599952697754083886 -5.37290000915527343750 -8.48040008544921875000 16.97800064086914062500 3.91280007362365678247
6.24800014495849609375 1.30190002918243408203 -7.65630006790161132812 -11.12080001831054865136 -0.23340000212192529849
5.07620000839233398438 5.57919979095458984375 -3.07089996337890625000 -7.98000001907348632812 -0.62959998846054077148
0.57050001621246337891 0.77740001678466796875 -0.55409997701644897461 1.48389995098113991467 -0.67610001564025878906
-0.27579998970031738281 8.52680015563964843750 10.66390037536621271386 -0.67019999027252197266 1.04980003833770751953
4.08620023727416992188 2.93819999694824218750 2.82080006599426269531 -12.35830020904541015625 1.21529996395111083984
8.51770019531250000000 -3.03010010719299316406 -4.63140010833740234375 -6.05940008163452148438 -4.38509988784790039062
-11.98299980163574218750 2.84190011024475097656 13.46479988098144353614 17.54630088806152343750 4.07119989395141601562
0.70300000905990600586 -8.85639953613281250000 -0.49329999089241027832 0.33410000801086420230 -2.63109993934631303247
3.14140009880065917969 -5.88019990921020507812 2.12280011177062988281 -3.77889990806579589844 -2.10299992561340376440
5.96960020065307617188 11.30869960784911931739 0.12880000472068781070 -11.35519981384277166114 2.99729990959167480469
4.67379999160766601562 -4.94729995727539062500 10.22859954833984375000 -2.27329993247985839844 -4.65799999237060546875
1.80750000476837202612 -2.95600008964538574219 5.51609992980957031250 -5.12410020828247070312 -0.79229998588562011719
-11.02579975128173828125 3.08999991416931152344 3.90989995002746582031 10.23169994354248046875 4.15299987792968838818
3.89490008354187011719 1.93210005760192871094 6.56650018692016601562 -8.01669979095458984375 1.19570004940032958984
-1.76660001277923583984 1.83089995384216308594 -11.56130027770995916114 -0.15559999644756308812 3.31730008125305220190
4.77099990844726562500 3.03069996833801269531 -0.42899999022483820132 -9.71389961242675781250 0.48539999127388000488
-8.68799972534179687500 -3.66770005226135298315 12.19359970092773437500 11.81729984283447265625 2.22059988975524902344
2.51589989662170410156 -4.46339988708496093750 -1.68439996242523193359 -0.26370000839233398438 -5.88229990005493164062
-13.10000038146972833886 -2.93589997291564941406 -3.19819998741149902344 16.69239997863769531250 2.19600009918212890625
4.09819984436035156250 2.44320011138916015625 0.25960001349449157715 -5.97139978408813476562 -2.09920001029968261719
-4.37779998779296875000 -2.98830008506774902344 -1.17920005321502685547 0.33980000019073480777 1.70529997348785400391
-3.79859995841979980469 -5.99230003356933593750 -14.72369956970214843750 -2.04299998283386230469 4.28690004348754882812
4.76009988784790039062 5.49289989471435635693 0.03280000016093249926 -9.51609992980957031250 -0.32949998974800109863
-4.34749984741210937500 -1.18719995021820090564 -10.93229961395263671875 0.21410000324249259251 1.83050000667571999280
-5.62150001525878906250 -2.28859996795654296875 -5.41139984130859375000 -1.73580002784729003906 4.43750000000000000000
-1.26810002326965309827 6.09369993209838867188 -3.70499992370605513159 7.96229982376098632812 -1.44579994678497314453
-0.80320000648498535156 2.13549995422363281250 -8.88959980010986328125 -0.84009999036788940430 2.85069990158081054688
-3.12930011749267578125 -3.59529995918273970190 -4.49200010299682617188 6.72189998626708984375 -3.35840010643005371094
1.12370002269744873047 10.90890026092529119239 -3.85400009155273437500 -9.48610019683838068261 4.84089994430541992188
6.47660017013549804688 9.10299968719482421875 0.72299998998641967773 -7.49179983139038085938 0.46999999880790710449
-12.87450027465820312500 5.05670022964477539062 1.47959995269775390625 13.00279998779296875000 5.64169979095458984375
-4.78719997406005859375 -1.92379999160766601562 19.03450012207031250000 16.08720016479492187500 -3.32899999618530273438
-2.36030006408691406250 1.56729996204376220703 8.08650016784667968750 6.28299999237060546875 -2.83049988746643066406
6.90859985351562500000 5.66410017013549804688 -10.60890007019042968750 -10.46500015258789062500 -2.11290001869201660156
5.57919979095458984375 -5.75969982147216796875 -7.74959993362426757812 -4.63810014724731445312 -5.38980007171630859375
5.20380020141601562500 3.27679991722106933594 5.63159990310668945312 -0.64319998025894165039 -2.68540000915527299341
-2.41599988937377974096 -9.32250022888183593750 -10.09599971771240234375 1.11469995975494384766 1.00059998035430908203
0.22239999473094940186 3.52340006828308105469 4.53259992599487304688 5.63280010223388671875 -3.53690004348754882812
-11.80720043182373046875 7.16279983520507812500 6.24219989776611328125 19.52960014343261718750 2.22090005874633789062
-4.90350008010864257812 1.30710005760192871094 4.69290018081665039062 9.07369995117187677636 3.90050005912780806128
-1.50730001926422119141 2.61339998245239257812 3.70070004463195800781 0.20669999718666071109 1.93079996109008789062
0.06040000170469279894 5.06710004806518554688 4.78020000457763671875 4.39900016784667968750 -2.28620004653930619654
-13.70069980621338068261 -5.61999988555908203125 -2.09229993820190429688 17.35770034790039062500 3.72340011596679687500
-9.90390014648437677636 3.20760011672973632812 7.88649988174438476562 12.98840045928955078125 3.17000007629394531250
-4.05159997940063476562 -1.28750002384185791016 -5.10139989852905273438 5.15729999542236328125 1.46819996833801269531
6.50390005111694335938 1.41340005397796630859 1.90559995174408003393 -5.14529991149902343750 -1.53120005130767822266
-2.42100000381469726562 2.64400005340576171875 2.42670011520385742188 -1.12380003929138183594 4.54960012435913085938
-0.80279999971389770508 8.47889995574951171875 -9.22070026397705078125 2.03940010070800781250 0.49829998612403869629
1.66760003566741943359 -4.02950000762939453125 3.32229995727539018091 -6.51429986953735351562 1.52499997615814208984
1.84300005435943603516 2.93919992446899414062 -9.39859962463378728614 -10.08259963989257812500 3.68950009346008300781
-0.31740000844001770020 -5.87949991226196289062 3.54809999465942382812 4.71560001373291015625 -1.98930001258850097656
-1.31509995460510231702 0.52960002422332763672 -3.56469988822937011719 2.99740004539489701685 -1.42420005798339843750
-11.74120044708251953125 3.15429997444152832031 3.63439989089965820312 19.17989921569823863479 6.07829999923706054688
1.62639999389648437500 -3.85080003738403320312 -7.29640007019042968750 -0.10520000010728830508 -2.26360011100769042969
5.75470018386840820312 -3.17409992218017578125 -11.09619998931884765625 -7.19080018997192382812 -2.75699996948242187500
-1.56330001354217529297 6.44640016555786132812 6.05030012130737304688 9.31509971618652343750 -2.52859997749328613281
-7.21070003509521484375 2.53640007972717285156 2.72119998931884810034 13.90400028228759765625 2.54559993743896484375
-14.67210006713867187500 -4.46180009841918945312 1.19270002841949462891 15.09630012512207031250 7.70079994201660156250
9.35579967498779119239 -3.94479990005493208471 -11.95460033416748046875 -17.75289916992187500000 -1.83599996566772483142
10.55370044708251953125 1.09609997272491455078 1.22880005836486816406 -15.51990032196044921875 -4.89249992370605468750
5.95879983901977539062 -7.33659982681274414062 5.14729976654052734375 -5.28900003433227539062 -3.97530007362365678247
0.11389999836683270540 -3.29340004920959472656 6.73990011215209960938 8.42899990081787109375 -2.06399989128112792969
-9.98630046844482421875 -2.71539998054504394531 0.62449997663497924805 17.50309944152832031250 2.47009992599487304688
-2.77819991111755371094 -5.22539997100830078125 -7.27530002593994140625 0.78820002079010009766 0.53810000419616699219
3.29909992218017578125 1.72300004959106445312 -4.93839979171752929688 -14.14389991760254083886 2.93930006027221679688
-3.58909988403320312500 8.35760021209716796875 -21.53800010681152343750 -4.66909980773925781250 6.72030019760131835938
0.43939998745918268375 -4.96789979934692382812 -3.03740000724792480469 -6.49989986419677734375 1.70759999752044677734
5.04930019378662109375 -8.86890029907226562500 -1.51349997520446777344 -10.71010017395019531250 -1.87779998779296875000
9.27029991149902343750 10.11789989471435546875 -2.90840005874633789062 -16.49740028381347656250 1.93610000610351606909
-3.46639990806579589844 5.58830022811889648438 1.06610000133514404297 6.16340017318725585938 -0.08500000089406960224
9.86779975891113281250 7.89389991760253906250 -0.06889999657869330663 -15.66779994964599609375 0.25009998679161071777
-4.10949993133544921875 -2.29060006141662597656 -1.33200001716613769531 4.63660001754760742188 0.62019997835159301758
-1.36800003051757790296 -2.81040000915527299341 0.82169997692108154297 -0.03810000047087659658 2.15019989013671875000
-3.91039991378784179688 -5.58960008621215820312 3.99370002746581986841 15.89480018615722833886 -2.53999996185302778784
3.46399998664856001440 -8.20610046386718750000 -1.42190003395080566406 -3.30240011215210005346 -3.85870003700256392065
-12.08119964599609375000 -2.85780000686645507812 4.03739976882934570312 27.15279960632323863479 -2.44359993934631303247
-20.86540031433105113479 4.97830009460449218750 2.32780003547668501440 27.46229934692382812500 9.37069988250732421875
9.71280002593993962989 3.00780010223388671875 -5.36660003662109375000 -13.40970039367675781250 -0.72729998826980590820
3.10680007934570312500 -2.83739995956420898438 -9.79230022430419921875 -10.95829963684082031250 0.73699998855590820312
-4.02139997482299804688 -9.27999973297119140625 -2.04900002479553178247 6.85610008239746093750 -1.45150005817413330078
0.34540000557899469547 5.98559999465942382812 -3.65000009536743208471 -2.19650006294250488281 3.64100003242492720190
12.14290046691894353614 -0.22959999740123748779 4.31979990005493164062 -16.97669982910156250000 -4.52920007705688476562
8.16559982299804687500 -4.57060003280639648438 -7.89940023422241210938 -15.05599975585937677636 -3.95239996910095214844
-4.08080005645752041943 2.01780009269714399878 -9.88169956207275390625 -1.69860005378723144531 4.92180013656616210938
-3.66449999809265136719 -6.65689992904663085938 -2.31040000915527299341 1.58340001106262207031 2.39149999618530273438
-6.12890005111694335938 -3.11619997024536132812 3.09130001068115234375 10.46720027923583984375 -1.30659997463226318359
-2.76889991760253906250 -3.85220003128051757812 3.13159990310668900904 16.29800033569335937500 -6.86920022964477539062
13.03579998016357421875 5.13229990005493164062 -0.09070000052452080463 -22.74570083618164062500 -1.03750002384185791016
-1.29960000514984130859 -0.19789999723434439916 0.02080000005662439866 -0.05469999834895129809 0.81160002946853637695
0.07959999889135359330 0.42390000820159912109 -0.36079999804496759586 1.03480005264282248767 -0.04760000109672540142
3.97849988937377929688 4.03499984741210937500 6.61040019989013671875 -7.83559989929199218750 0.15410000085830680150
-3.27290010452270507812 -5.76490020751953125000 -4.42700004577636718750 11.96809959411621271386 -0.56470000743865966797
-3.29069995880126908716 -5.22989988327026367188 0.71210002899169921875 12.60820007324218750000 -0.88099998235702514648
1.28460001945495605469 -3.86139988899230957031 -0.86269998550415039062 -7.66480016708374023438 1.22309994697570800781
5.38250017166137695312 -2.34619998931884810034 -1.12119996547698952405 -10.63280010223388849511 -1.18250000476837158203
-4.83960008621215820312 5.68270015716552734375 5.20279979705810546875 0.15919999778270718660 6.87599992752075195312
1.24240005016326904297 -4.84070014953613281250 -10.25080013275146484375 -5.43559980392456054688 2.97810006141662597656
-0.14790000021457669344 -4.27799987792968838818 -3.38529992103576660156 2.52110004425048828125 -0.65920001268386840820
-6.13079977035522460938 10.77460002899169921875 4.34919977188110440380 9.43579959869384765625 1.89059996604919433594
-4.33690023422241210938 5.21700000762939453125 9.75360012054443359375 10.54609966278076171875 0.34589999914169311523
2.02090001106262207031 9.10439968109130859375 1.94659996032714843750 -6.51569986343383789062 2.82299995422363281250
-1.32620000839233398438 1.30120003223419189453 4.83090019226074218750 -1.56789994239807128906 1.59510004520416259766
-4.11999988555908203125 7.30280017852783203125 10.27060031890869140625 -0.68290001153945922852 6.25930023193359375000
-1.17250001430511474609 -2.19609999656677246094 -12.40460014343261541114 -1.08010005950927712171 2.26329994201660156250
0.45890000462532037906 6.78000020980834960938 18.12470054626464843750 -1.67939996719360351562 -0.22100000083446499910
-0.24300000071525570955 7.24879980087280273438 -2.92120003700256347656 -4.46239995956420898438 4.25780010223388671875
-5.12500000000000000000 -3.26600003242492675781 -11.07310009002685546875 4.51579999923706054688 2.33730006217956498560
1.74720001220703125000 4.99340009689331143505 -10.16469955444335937500 -7.25099992752075195312 1.49329996109008789062
-8.34309959411621093750 -0.42809998989105219058 8.43410015106201171875 12.94830036163330078125 0.81760001182556152344
-12.93840026855468750000 2.61759996414184570312 9.78750038146972833886 25.01059913635253906250 4.34749984741210937500
5.49620008468627929688 0.13150000572204589844 -2.52489995956420898438 -14.00640010833740234375 1.81570005416870072779
0.60310000181198120117 7.73810005187988281250 12.66870021820068359375 2.76929998397827148438 0.05570000037550919963
-4.75969982147216796875 1.16190004348754882812 9.78919982910156250000 3.67939996719360395971 0.31779998540878290347
-3.83229994773864790503 3.21269989013671875000 10.48700046539306640625 11.91300010681152343750 -2.34509992599487304688
7.16330003738403320312 -0.90909999608993519171 0.79570001363754272461 -7.42780017852783203125 -2.27300000190734863281
6.63780021667480468750 -1.88209998607635498047 -6.60410022735595703125 -6.47739982604980468750 -2.13639998435974121094
7.12720012664794921875 2.36849999427795410156 -5.28950023651123135693 -13.04959964752197265625 2.63779997825622558594
-8.86400032043457031250 -8.57260036468505859375 3.35730004310607910156 4.76579999923706054688 4.07999992370605468750
0.74360001087188720703 -5.41879987716674804688 1.77409994602203369141 -1.22580003738403320312 1.05799996852874755859
-0.15340000391006469727 -2.62260007858276411596 -3.00640010833740234375 3.95910000801086381372 -2.67689990997314453125
1.47060000896453857422 1.46319997310638449939 -7.09350013732910156250 -10.44120025634765625000 0.45509999990463251285
-1.55820000171661376953 3.38210010528564453125 9.65810012817382812500 2.68420004844665571753 1.13890004158020019531
6.18830013275146484375 -0.36390000581741327457 -0.37290000915527338199 -9.04590034484863281250 -1.62399995326995849609
-9.31369972229004083886 -7.52019977569580078125 8.17660045623779296875 19.60939979553222656250 -0.76999998092651367188
-2.89190006256103515625 -3.46420001983642578125 -8.31639957427978515625 -1.91439998149871848376 2.05520009994506835938
6.81180000305175781250 -5.57969999313354492188 -2.24979996681213378906 -7.49049997329711914062 -3.30780005455017089844
-5.36329984664916992188 -2.52049994468688964844 10.94219970703125000000 18.83860015869140625000 -3.25859999656677246094
2.20970010757446289062 -3.96720004081726074219 3.17030000686645507812 -5.87569999694824218750 2.19679999351501420435
-5.62039995193481534130 1.47060000896453857422 -0.27279999852180480957 12.98550033569335937500 1.22829997539520263672
-15.03929996490478337989 5.89870023727416992188 -2.55340003967285200659 21.12350082397460937500 3.78990006446838378906
-12.03100013732910156250 1.69819998741149902344 0.43560001254081720523 24.07390022277832031250 0.53060001134872436523
0.72930002212524414062 5.54029989242553710938 10.78520011901855646386 -1.05289995670318603516 -0.94179999828338623047
4.12080001831054687500 0.39269998669624328613 9.19690036773681640625 -3.04049992561340376440 -3.00690007209777832031
0.34369999170303339175 -4.21150016784667968750 -5.83620023727416992188 -2.47519993782043457031 2.25510001182556107935
-2.19790005683898925781 -3.98169994354248091284 9.96590042114257812500 3.75819993019104003906 2.09719991683960005346
4.21150016784667968750 -4.99109983444213867188 -5.14610004425048828125 -8.40550041198730468750 -1.60199999809265136719
-13.45600032806396484375 5.45539999008178710938 -3.05069994926452636719 19.11160087585448863479 4.91389989852905273438
4.66669988632202148438 -3.50300002098083496094 -12.18980026245117187500 -10.08339977264404474511 -3.94309997558593750000
1.11899995803833007812 -2.89199995994567871094 -5.08610010147094726562 -1.24679994583129882812 -2.40440011024475097656
-2.69280004501342817846 -2.01959991455078080591 3.34920001029968261719 9.82180023193359375000 -1.56729996204376220703
-12.61789989471435546875 -0.28080001473426818848 2.51130008697509765625 12.46570014953613281250 7.09219980239868164062
3.50099992752075195312 -2.11249995231628417969 -0.65230000019073486328 -4.94999980926513671875 -0.05310000106692309985
5.23729991912841796875 8.69740009307861328125 6.81090021133422851562 -13.33259963989257812500 2.55320000648498535156
5.94729995727539062500 4.14349985122680664062 -10.50920009613037287011 -13.88860034942626953125 2.01379990577697709497
2.87050008773803710938 -5.30369997024536132812 1.25419998168945312500 -9.52079963684082031250 0.25229999423027038574
2.67239999771118164062 -7.03950023651123135693 -5.15269994735717773438 -4.14900016784667968750 -0.95520001649856556281
-1.77980005741119384766 5.55889987945556640625 2.07299995422363281250 4.32000017166137695312 -0.13650000095367428865
5.17539978027343750000 3.74250006675720214844 9.79539966583251953125 -4.25229978561401367188 0.08889999985694879703
3.30830001831054687500 -0.81819999217987060547 -2.86479997634887695312 -8.69099998474121093750 -1.29779994487762428967
4.75839996337890625000 1.74419999122619628906 -0.04670000076293939761 -1.62160003185272216797 -0.32949998974800109863
6.63170003890991210938 1.73759996891021728516 5.63740015029907226562 -6.46140003204345703125 -4.65290021896362304688
14.25860023498535156250 7.73549985885620117188 -1.22570002079010009766 -23.03339958190917968750 -3.73410010337829589844
15.99269962310791015625 -0.59189999103546142578 -14.28149986267089843750 -27.52059936523437144729 -4.80210018157958984375
8.36839962005615234375 5.94530010223388671875 12.89710044860839843750 -12.80620002746582031250 -0.03979999944567679665
-1.06330001354217529297 -6.57019996643066406250 1.52760004997253417969 6.59100008010864257812 -4.86560010910034179688
8.32489967346191406250 1.84109997749328591077 -3.89820003509521484375 -19.14949989318848011521 3.78130006790161132812
6.23670005798339843750 -3.61170005798339843750 1.76520001888275168689 -15.35990047454833984375 -1.21140003204345703125
-3.28780007362365678247 -4.32259988784790039062 -0.75389999151229858398 6.45090007781982421875 1.99940001964569091797
6.46840000152587890625 0.49689999222755432129 -18.57299995422363636521 -14.88959980010986328125 1.75699996948242209704
0.96939998865127563477 0.31720000505447387695 2.97049999237060502466 -9.69610023498535156250 2.31940007209777832031
-6.42000007629394531250 0.51230001449584960938 4.99569988250732421875 7.79059982299804687500 -0.81220000982284545898
-10.85509967803955078125 -5.36990022659301757812 4.13079977035522460938 21.31019973754882812500 1.81509995460510231702
-3.79730010032653808594 13.71609973907470880761 0.05539999902248379793 20.35849952697753906250 0.30430001020431518555
2.19679999351501420435 -0.99059998989105224609 -10.41769981384277166114 -1.98529994487762428967 1.62349998950958229749
5.22270011901855468750 1.84140002727508522717 -1.07860004901886008533 -6.87659978866577237255 -1.20720005035400390625
-1.74380004405975341797 -1.04859995841979980469 0.35730001330375671387 4.97130012512207031250 2.24270009994506835938
4.50419998168945312500 -1.70780003070831298828 -11.45629978179931640625 -14.16600036621093750000 0.31549999117851257324
-1.47739994525909423828 -0.34209999442100519351 11.85490036010742187500 6.33199977874755859375 -1.48409998416900634766
-6.08680009841918945312 2.60949993133544921875 1.57330000400543190686 11.98799991607666015625 -1.11759996414184570312
1.93780004978179953845 2.89689993858337402344 8.62759971618652343750 -0.80089998245239257812 -4.03350019454956054688
0.01339999958872790074 0.43810001015663141422 -0.36160001158714288882 1.00290000438690207751 -0.11389999836683270540
-0.98339998722076416016 -4.94169998168945312500 9.31649971008300781250 10.11800003051757812500 -3.24550008773803710938
4.14109992980957031250 -7.28630018234252929688 3.17309999465942382812 -3.09850001335144042969 -3.33389997482299804688
-4.66769981384277343750 3.86949992179870605469 -17.45800018310546875000 8.42290019989013671875 0.77789998054504394531
4.63700008392333984375 7.38700008392333984375 -1.82099997997283957751 -5.67360019683837890625 -0.34130001068115228824
7.34619998931884765625 -3.00119996070861816406 1.59839999675750710217 -8.25949954986572265625 -3.91289997100830078125
8.73110008239746093750 -3.35630011558532714844 -10.85359954833984375000 -11.29489994049072443261 -3.57299995422363281250
-1.71440005302429199219 1.80540001392364501953 -10.71010017395019531250 -2.66639995574951216284 4.84609985351562500000
-3.43009996414184570312 2.12380003929138183594 2.58060002326965332031 9.93949985504150390625 0.17859999835491180420
-3.04089999198913618628 -0.89859998226165771484 -5.60699987411499023438 0.41040000319480890445 0.67960000038146972656
-5.33449983596801757812 -5.21059989929199218750 4.69420003890991210938 10.20540046691894353614 1.19860005378723144531
2.16000008583068847656 -2.91289997100830078125 0.01759999990463249897 -5.06010007858276367188 -1.71930003166198730469
-9.06289958953857421875 -7.87510013580322265625 -9.53219985961914062500 11.24320030212402343750 2.56489992141723632812
-7.22370004653930664062 -8.47159957885742187500 4.04160022735595703125 8.27760028839111328125 1.69630002975463889392
1.74590003490447998047 -1.51880002021789550781 1.76030004024505615234 -9.46249961853027166114 0.93379998207092285156
-1.06540000438690207751 3.63080000877380415503 2.59310007095336914062 2.29159998893737792969 2.29049992561340376440
5.30550003051757812500 -0.86239999532699584961 7.95429992675781161182 -5.08370018005371093750 -2.84089994430541992188
8.33860015869140625000 3.28020000457763671875 -3.43400001525878906250 -12.01389980316161931739 -3.93470001220703125000
-5.07439994812011718750 8.42370033264160156250 0.02080000005662439866 8.24020004272460937500 1.57780003547668457031
7.58400011062622070312 3.63389992713928178247 -3.78309988975524902344 -11.69379997253417968750 -2.40319991111755371094
5.83839988708496093750 -0.36610001325607299805 -7.36940002441406250000 -11.43939971923827947364 0.52509999275207519531
2.23749995231628417969 -0.26579999923706049136 8.97749996185302734375 4.39820003509521484375 -4.31120014190673828125
7.55830001831054687500 9.47010040283203125000 4.39540004730224609375 -17.05879974365234375000 1.84389996528625488281
3.66350007057189941406 -3.35299992561340376440 -3.16930007934570312500 -3.19070005416870117188 0.67669999599456787109
-4.78849983215332031250 -9.38099956512451171875 -12.56709957122802734375 6.32889986038208007812 -0.70829999446868896484
9.02550029754638849511 -1.37960004806518554688 -3.71090006828308105469 -10.72999954223632812500 -2.60450005531311035156
-6.76539993286132812500 -5.72319984436035156250 0.98019999265670776367 16.08559989929199218750 0.91850000619888316766
-1.06540000438690207751 -0.84960001707077026367 -13.78209972381591796875 1.43929994106292724609 1.48909997940063476562
3.79139995574951216284 -1.82770001888275168689 25.64340019226074574021 -0.38420000672340387515 -7.66949987411499023438
9.16139984130859375000 1.01139998435974121094 3.31340003013610839844 -17.97150039672851562500 -1.17299997806549072266
-1.32430005073547363281 -0.17299999296665188875 -4.01170015335083007812 1.53400003910064697266 0.56139999628067016602
7.16249990463256835938 1.62689995765686035156 -10.05869960784911931739 -11.24800014495849609375 -0.71189999580383300781
-1.66240000724792480469 -0.56180000305175781250 -0.72189998626708984375 8.34270000457763671875 -2.09649991989135742188
10.59630012512207031250 -1.76160001754760742188 -19.58419990539550781250 -20.91090011596680042771 -1.57330000400543190686
-5.91669988632202148438 9.41580009460449218750 1.61179995536804199219 7.06020021438598632812 3.15240001678466796875
-0.12590000033378601074 5.84180021286010742188 10.78250026702880859375 9.18330001831054865136 -2.32319998741149902344
-0.24920000135898590088 0.31090000271797180176 -0.28519999980926508121 0.79140001535415649414 0.07119999825954430317
11.02729988098144353614 -7.30100011825561523438 -3.32890009880065917969 -13.58380031585693359375 -3.88050007820129394531
11.31359958648681640625 12.44250011444091796875 7.93839979171752929688 -21.09790039062500000000 0.93739998340606678351
7.34499979019165039062 -0.58240002393722534180 -0.47560000419616699219 -12.38420009613037287011 -2.83030009269714399878
6.07800006866455078125 -1.97370004653930641858 -11.41139984130859375000 -9.94789981842041015625 -0.18410000205039969701
-8.24129962921142578125 5.67259979248046875000 5.69600009918212890625 7.42299985885620117188 4.58179998397827237255
-8.31389999389648437500 7.56580018997192382812 11.60120010375976562500 4.57609987258911132812 9.75669956207275390625
-12.97859954833984375000 -8.58679962158203125000 -8.36909961700439453125 13.91310024261474609375 3.48160004615783691406
0.06639999896287909764 3.86350011825561523438 -5.50869989395141601562 2.51250004768371582031 -0.75370001792907714844
-0.44080001115798950195 9.01109981536865234375 -11.29469966888427556739 -5.48250007629394531250 4.05649995803833007812
6.92850017547607421875 -7.28620004653930664062 -7.11450004577636718750 -17.75989913940429687500 -1.38160002231597900391
0.50019997358322143555 -3.13549995422363281250 -5.14909982681274414062 0.15670000016689300537 -0.04069999977946280045
7.63630008697509765625 4.82119989395141601562 -2.52620005607604980469 -14.12209987640380859375 0.09839999675750729646
-2.65429997444152832031 3.16689991950988813940 -0.98150002956390380859 0.65340000391006469727 5.42409992218017578125
3.12840008735656738281 -2.28859996795654296875 -2.76239991188049316406 -2.61100006103515580591 -2.11770009994506835938
6.21150016784667968750 3.40890002250671386719 0.05840000137686719717 -17.62240028381347656250 2.76469993591308593750
-4.32350015640258789062 -5.22559976577758789062 -10.59539985656738458886 1.93799996376037597656 1.56659996509552001953
-3.66729998588562011719 -3.45090007781982421875 -9.42479991912841796875 -0.44279998540878290347 -0.23270000517368311099
0.21089999377727500218 -0.54750001430511474609 4.35249996185302734375 -3.83480000495910555713 2.07579994201660156250
-2.33960008621215820312 -8.63829994201660156250 5.62529993057250976562 9.84790039062500000000 -2.56119990348815917969
7.87779998779296875000 -0.37599998712539667300 1.11819994449615478516 -19.70499992370605113479 2.76110005378723144531
11.01910018920898437500 4.47779989242553710938 -2.96099996566772460938 -15.07040023803710937500 -4.16109991073608398438
9.81149959564208984375 3.10920000076293945312 -5.20050001144409179688 -13.08139991760254083886 -1.95910000801086447986
0.18690000474452969637 -7.17549991607666015625 -19.32270050048828125000 -1.89010000228881835938 2.81209993362426802221
-10.02079963684082031250 -0.70910000801086425781 9.88980007171630859375 16.03359985351562500000 1.79670000076293967517
-2.13089990615844770971 4.29099988937377929688 -9.99069976806640625000 3.53880000114440917969 1.32939994335174560547
-2.08489990234375000000 2.39249992370605468750 -8.34640026092529296875 -0.45989999175071710757 2.00460004806518510279
-2.40849995613098100122 3.26659989356994628906 -9.10089969635009765625 11.75119972229004083886 -1.89279997348785400391
-7.51280021667480468750 -1.39869999885559082031 -15.50809955596923828125 6.69929981231689541943 5.30719995498657226562
7.59079980850219726562 -1.07060003280639648438 2.09719991683960005346 -8.11310005187988281250 0.08290000259876249833
12.82999992370605646386 -7.24669981002807617188 -0.01769999973475929952 -12.26150035858154474511 -8.48929977416992187500
-0.91240000724792480469 -3.97670006752014160156 -5.31290006637573242188 -8.71640014648437500000 1.41719996929168701172
12.72169971466064453125 -1.16550004482269287109 -7.73439979553222656250 -28.51819992065429687500 3.31100010871887207031
15.50489997863769531250 2.49119997024536132812 -1.29379999637603759766 -20.94510078430176136521 -3.68600010871887207031
-2.14299988746643066406 4.09849977493286132812 -7.33690023422241210938 8.35770034790039062500 0.93550002574920643195
8.92409992218017578125 4.03450012207031250000 -10.14410018920898437500 -14.72770023345947265625 -0.01240000035613770049
-2.34820008277893066406 3.63140010833740145557 5.02890014648437500000 10.87209987640380859375 -1.38520002365112304688
10.49510002136230468750 0.05710000172257419931 2.21970009803772017065 -7.63129997253417968750 -6.59759998321533203125
-10.34949970245361150489 -3.87430000305175781250 3.47799992561340376440 17.28919982910156250000 2.09660005569458007812
-3.90370011329650878906 -3.82030010223388716284 -10.20460033416748046875 6.53719997406005859375 2.60619997978210449219
-8.95209980010986328125 -1.60940003395080566406 -17.46750068664550781250 10.21420001983642578125 4.97249984741210937500
-1.79680001735687255859 -5.05630016326904296875 -10.10659980773925781250 -9.51249980926513671875 6.70380020141601562500
-8.78159999847412109375 5.54290008544921875000 2.01040005683898925781 13.24660015106201171875 4.35430002212524414062
-1.43040001392364501953 -3.03550004959106445312 -15.34939956665039062500 -4.44010019302368164062 2.17269992828369140625
4.54139995574951171875 8.07330036163330078125 0.42500001192092889957 -3.85549998283386230469 0.15880000591278070621
-7.40299987792968661182 6.93289995193481534130 4.39699983596801757812 13.89229965209960937500 3.12949991226196289062
4.18660020828247070312 15.35270023345947265625 14.27770042419433593750 -1.22630000114440917969 -1.48810005187988281250
5.51809978485107421875 5.39230012893676757812 3.09719991683960005346 -6.34880018234252929688 -0.57289999723434448242
-12.52260017395019531250 -7.06419992446899414062 5.13590002059936523438 23.20669937133789062500 0.35310000181198120117
5.11140012741088867188 7.31129980087280273438 -1.51830005645751953125 -14.57439994812011541114 3.75200009346008300781
-1.57480001449584960938 4.75320005416870117188 -6.73810005187988281250 1.62590003013610839844 2.85579991340637207031
-4.48509979248046875000 12.78649997711181640625 -1.45270001888275168689 7.71859979629516601562 3.04920005798339843750
6.76900005340576171875 -4.26989984512329101562 7.94089984893798828125 -8.49419975280761718750 -2.25570011138916015625
-2.76430010795593261719 -0.53649997711181640625 -3.68230009078979492188 2.48639988899230957031 3.33839988708496093750
-2.24499988555908203125 -0.10069999843835830688 4.04589986801147460938 -0.64810001850128173828 2.23410010337829589844
4.41739988327026367188 0.03689999878406519801 5.84170007705688476562 -4.89319992065429687500 -0.35429999232292169742
3.34969997406005859375 9.92609977722167968750 12.10599994659423828125 -5.32749986648559570312 0.58890002965927124023
-4.10830020904541015625 -3.82809996604919344776 -4.15929985046386718750 0.94489997625350963251 3.65879988670349121094
5.52449989318847656250 0.95099997520446777344 -12.73999977111816406250 -15.17580032348632812500 -0.90609997510910045282
-3.88509988784790083471 1.70469999313354492188 -7.76189994812011718750 -0.46840000152587890625 2.92090010643005371094
0.18909999728202819824 2.48160004615783691406 5.64550018310546875000 -7.80539989471435546875 3.96810007095336914062
-11.83150005340576171875 1.67330002784729003906 11.74040031433105646386 13.77190017700195134864 6.97980022430419921875
-2.94449996948242187500 -4.84840011596679687500 -6.43590021133422851562 -1.07630002498626708984 2.93519997596740722656
-1.97130000591278076172 -0.57870000600814819336 -4.75460004806518554688 4.39779996871948242188 2.08019995689392089844
0.21840000152587890625 -9.05809974670410156250 15.04889965057373046875 -0.16300000250339499730 -0.62540000677108764648
-12.76700019836425781250 1.94470000267028808594 11.31239986419677556739 28.30419921875000000000 -0.78899997472763061523
-5.04199981689453125000 10.62339973449707031250 0.03180000185966490311 8.40170001983642578125 -0.13840000331401819400
11.61849975585937677636 2.00720000267028808594 -6.59880018234252929688 -19.03450012207031250000 -0.78339999914169311523
2.81229996681213378906 -1.89030003547668479236 -0.74690002202987670898 -5.46840000152587890625 -1.64370000362396240234
0.33120000362396240234 -4.47139978408813476562 21.66869926452636718750 5.63959980010986328125 -7.23619985580444335938
4.54890012741088867188 -7.46420001983642578125 1.68789994716644287109 -4.05910015106201171875 -4.54939985275268554688
2.73720002174377441406 -3.65969991683960005346 4.05100011825561523438 -5.03429985046386718750 1.26339995861053489001
2.61089992523193359375 2.05739998817443847656 -0.12189999967813490434 4.02440023422241210938 -4.09730005264282226562
5.94990015029907226562 0.01750000007450579903 9.73880004882812322364 -5.96260023117065429688 -2.23819994926452636719
8.30280017852783203125 -4.07889986038208007812 -5.27180004119873046875 -4.04029989242553710938 -5.20190000534057617188
12.66149997711181640625 8.08250045776367187500 -4.65350008010864257812 -17.34830093383789062500 -4.32009983062744140625
-2.84050011634826660156 1.68770003318786621094 5.95539999008178710938 0.30099999904632568359 2.03590011596679687500
-3.23970007896423339844 4.68100023269653320312 -12.95619964599609375000 -3.16729998588562011719 5.15310001373291015625
-0.41040000319480890445 -3.33949995040893554688 11.20810031890869140625 2.30320000648498535156 -0.21829999983310699463
8.87880039215087890625 -1.20039999485015869141 -1.32780003547668457031 -13.84130001068115234375 -1.69200003147125244141
8.63449954986572265625 0.08739999681711189961 -3.67759990692138627466 -12.06910037994384765625 -1.03159999847412109375
-1.49319994449615478516 -5.38180017471313476562 -7.27250003814697265625 -3.23079991340637207031 2.71309995651245117188
-0.65079998970031738281 -3.38389992713928222656 -2.40199995040893554688 6.32280015945434570312 -3.67280006408691406250
-2.50990009307861328125 -5.20900011062622070312 -1.66489994525909423828 8.82789993286132812500 -1.76989996433258056641
-3.43910002708435058594 3.63210010528564497534 -5.62699985504150390625 -0.06740000098943710327 2.79290008544921875000
-0.73049998283386230469 0.65689998865127563477 -15.64050006866455078125 -4.88100004196166992188 5.22219991683959960938
-0.91710001230239879266 4.03959989547729492188 13.25459957122802734375 1.34459996223449707031 3.79189991950988813940
12.03250026702880859375 8.19159984588623046875 -12.57120037078857421875 -25.28560066223144531250 -0.09449999779462810168
-0.17990000545978540591 2.00359988212585449219 9.90999984741210937500 -0.18860000371932980623 1.55340003967285156250
8.05280017852783203125 -0.98449999094009399414 -8.36279964447021484375 -15.85109996795654474511 0.79449999332427978516
-2.95329999923706054688 -3.15409994125366210938 8.70890045166015625000 7.38420009613037109375 -0.31319999694824218750
0.10589999705553050646 -12.84099960327148437500 -0.29829999804496759586 4.34689998626708984375 -5.87120008468627929688
1.16499996185302712171 0.24570000171661368626 18.18379974365234375000 -1.74349999427795410156 1.46159994602203369141
4.81519985198974609375 -1.31180000305175781250 5.66060018539428710938 -1.24730002880096435547 -5.43499994277954101562
7.19710016250610440380 -2.18440008163452104029 -7.57929992675781161182 -13.31070041656493962989 -1.35420000553131103516
-4.72160005569458007812 9.68830013275146484375 -2.18079996109008789062 0.91490000486373901367 5.45469999313354492188
8.68640041351318359375 -9.98929977416992187500 -10.84580039978027166114 -19.02000045776367187500 0.56690001487731933594
-0.81739997863769531250 8.10990047454833984375 -1.13680005073547363281 -1.82480001449584960938 2.51379990577697709497
7.63450002670288085938 -1.89769995212554909436 -17.71879959106445312500 -17.58090019226074218750 -0.25650000572204589844
5.80159997940063476562 1.97749996185302756579 -0.39930000901222229004 -0.09979999810457229614 -3.42020010948181152344
8.96660041809082031250 8.90830039978027343750 -14.69820022583007812500 -17.78240013122558593750 2.58739995956420898438
7.95650005340576171875 -2.87509989738464399878 -11.61040019989013671875 -12.95899963378906250000 -2.09229993820190429688
0.97119998931884754523 -4.52150011062622070312 9.20849990844726562500 1.42250001430511474609 -3.51589989662170410156
-0.30370000004768371582 -0.55369997024536132812 -9.44769954681396484375 3.46000003814697265625 -1.05499994754791259766
-2.14580011367797851562 -5.57810020446777343750 -3.28369998931884810034 11.40369987487792968750 -3.10669994354248046875
-6.62410020828247070312 4.37050008773803710938 10.98270034790039062500 7.60209989547729492188 3.22059988975524902344
5.44840002059936523438 -4.50979995727539062500 7.59450006484985262745 -0.29739999771118158511 -5.28070020675659179688
-1.84039998054504394531 9.15320014953613281250 6.51859998703002929688 4.00759983062744140625 3.25830006599426269531
-8.45349979400634765625 -8.83279991149902343750 -10.40299987792968750000 7.70870018005371093750 1.18019998073577880859
3.89989995956420898438 -7.12699985504150390625 -3.10890007019042968750 -6.72469997406005859375 -3.33610010147094770971
4.01849985122680664062 4.68860006332397460938 11.26589965820312322364 -0.85100001096725463867 -3.09500002861022904810
8.03670024871826171875 1.61479997634887695312 10.32569980621338068261 -5.14429998397827237255 -6.08269977569580078125
-13.87409973144531250000 -10.67360019683838068261 -8.85990047454833984375 21.57830047607421875000 0.26199999451637268066
3.40190005302429199219 -9.69909954071044921875 -7.39060020446777343750 0.25580000877380371094 -5.09999990463256835938
-7.54710006713867187500 -6.06220006942749023438 4.91060018539428710938 15.22229957580566406250 -0.14450000226497650146
-13.89220046997070312500 1.15349996089935302734 -0.66649997234344482422 14.66860008239745916114 7.05709981918334960938
2.31250000000000000000 3.89569997787475585938 2.56859993934631303247 -7.12729978561401367188 -1.33050000667572021484
-4.92070007324218838818 -1.34940004348754882812 8.50949954986572265625 7.13630008697509765625 0.64420002698898315430
-6.90729999542236328125 -5.80649995803833007812 4.77110004425048828125 7.87650012969970703125 -0.60640001296997070312
-0.38760000467300409488 1.92750000953674316406 -10.05850028991699218750 -8.68379974365234375000 3.76329994201660156250
8.44670009613037109375 3.64890003204345703125 4.49910020828247070312 -5.91760015487670898438 -4.10540008544921875000
7.12069988250732421875 -2.77570009231567382812 3.08789992332458496094 -7.69199991226196289062 -3.57399988174438476562
-1.26600003242492675781 1.99759995937347389905 -7.76480007171630859375 1.90429997444152832031 2.30960011482238813940
6.61619997024536132812 -3.41280007362365678247 -0.76160001754760742188 -16.08259963989257812500 0.95539999008178722040
-1.07700002193450927734 7.90759992599487304688 7.04540014266967773438 -5.80189990997314453125 5.62200021743774414062
6.04570007324218838818 1.62329995632171630859 -1.88010001182556130139 -8.13580036163330078125 0.36179998517036437988
0.47850000858306879215 -6.15990018844604492188 5.95170021057128906250 2.13490009307861328125 -5.50960016250610440380
5.54419994354248046875 -0.91909998655319202765 -3.59629988670349121094 -17.33909988403320312500 3.46329998970031738281
-0.74760001897811889648 6.94059991836547940380 -7.82019996643066406250 1.69780004024505615234 2.09479999542236372534
8.27390003204345703125 0.22599999606609338931 8.74230003356933593750 -9.31579971313476562500 -2.23300004005432128906
1.68620002269744873047 -5.98470020294189541943 0.40650001168251037598 -1.39690005779266357422 -2.62599992752075195312
15.81760025024414062500 2.35139989852905273438 -2.84170007705688476562 -18.41119956970214843750 -6.70849990844726562500
3.57249999046325683594 -8.77400016784667968750 6.88579988479614257812 3.49690008163452104029 -5.92899990081787109375
4.80970001220703125000 0.98140001296997081415 -10.64410018920898437500 -12.64830017089843750000 2.44400000572204589844
4.13649988174438476562 7.34810018539428710938 11.47780036926269531250 -9.53090000152588068261 -2.17090010643005371094
0.48230001330375671387 -0.29989999532699579410 -17.87240028381347656250 -6.14300012588500976562 3.24869990348815917969
-4.13910007476806640625 -0.88440001010894775391 0.83079999685287475586 1.09700000286102294922 3.09529995918273970190
-5.87930011749267578125 -3.01029992103576660156 -11.94779968261718750000 4.01919984817504882812 3.04169988632202104029
9.58399963378906250000 6.06040000915527343750 -6.53569984436035156250 -14.84230041503906250000 0.70029997825622558594
-3.78780007362365678247 -0.29670000076293939761 -4.71479988098144531250 12.48960018157958984375 0.61239999532699584961
-3.42470002174377441406 -0.35080000758171081543 7.32840013504028320312 7.69460010528564453125 -2.01510000228881835938
7.17320013046264737255 0.14679999649524688721 -1.37220001220703125000 -13.65810012817382812500 1.51390004158020019531
-1.12559998035430908203 2.54220008850097700659 6.73479986190795898438 9.05620002746582031250 -2.03369998931884810034
-1.67770004272460937500 -2.76500010490417480469 -2.79099988937377974096 -0.06230000033974639889 1.55869996547698952405
-2.63680005073547363281 3.12179994583129882812 -12.30949974060058593750 -5.26560020446777343750 5.42089986801147460938
-3.74860000610351606909 0.04380000010132779897 -3.14019989967346191406 10.86989974975585937500 -0.25990000367164611816
-2.51609992980957031250 -1.49790000915527343750 1.25769996643066406250 13.18700027465820312500 -2.51020002365112304688
7.14309978485107421875 1.15289998054504394531 -12.02869987487792968750 -14.38729953765869140625 0.69160002470016479492
-1.16709995269775390625 -0.22630000114440909642 0.02250000089406959877 0.00899999961256980029 0.94419997930526722296
7.63570022583007812500 7.21549987792968661182 -2.43849992752075195312 -6.85150003433227539062 -2.80640006065368652344
5.84679985046386718750 -4.36959981918334960938 -2.84310007095336914062 -6.87039995193481534130 1.15670001506805419922
-1.60370004177093505859 5.80719995498657226562 11.82369995117187677636 2.71889996528625488281 1.04929995536804199219
0.45010000467300409488 -2.51710009574890136719 0.61790001392364501953 -3.66989994049072221216 0.53320002555847167969
-0.11909999698400490498 0.46650001406669611148 -0.36329999566078180484 0.93919998407363880499 -0.24650000035762781314
-1.01069998741149902344 -4.11719989776611328125 -0.72350001335144042969 3.88249993324279785156 -2.56259989738464399878
3.03360009193420410156 -0.65380001068115234375 7.63670015335083007812 1.88499999046325683594 -3.74009990692138627466
-8.01570034027099609375 -10.00930023193359375000 10.12279987335205078125 12.27620029449462712989 -0.46389999985694879703
0.56790000200271606445 -8.99899959564208984375 5.88910007476806640625 -1.43040001392364501953 -1.00750005245208740234
-10.60480022430419921875 2.87280011177062988281 23.82040023803710937500 17.22410011291503906250 1.31110000610351562500
4.43809986114502041943 0.61549997329711914062 -1.93169999122619628906 1.04059994220733642578 -2.38240003585815429688
4.02530002593994140625 -0.12439999729394909944 -19.22150039672851917771 -12.16559982299804865136 4.37290000915527343750
-2.25390005111694380346 -1.95819997787475608142 -2.21550011634826660156 3.75349998474121093750 -3.47900009155273437500
-8.32059955596923828125 -3.87179994583129882812 4.32749986648559570312 18.89259910583496093750 0.85699999332427978516
-1.85829997062683105469 -2.86829996109008789062 1.84070003032684370581 -1.75020003318786621094 2.34910011291503906250
-5.19929981231689541943 -3.04509997367858886719 12.48369979858398437500 12.42739963531493962989 1.36319994926452636719
4.32639980316162109375 1.50619995594024658203 -0.22769999504089349918 -7.14650011062622070312 0.04569999873638150301
-12.15869998931884765625 5.04699993133544921875 6.64359998703002929688 13.54419994354248046875 6.20879983901977539062
8.19670009613037109375 2.77390003204345703125 -7.58580017089843661182 -20.19090080261230468750 1.75329995155334472656
-2.15319991111755371094 -7.20310020446777343750 -20.07220077514648437500 2.49149990081787109375 0.17339999973773950748
-8.97659969329833984375 4.98579978942871093750 -1.53900003433227539062 13.11600017547607421875 3.68029999732971191406
0.93120002746582042352 -3.19670009613037109375 -3.60199999809265181128 -1.79470002651214599609 0.30899998545646667480
4.27320003509521484375 -3.25090003013610839844 3.68989992141723588404 -4.48080015182495117188 -3.16829991340637207031
2.68039989471435546875 -2.91619992256164506372 3.19090008735656738281 -13.03339958190917968750 4.22459983825683593750
-5.83309984207153320312 6.36110019683837890625 -9.97959995269775390625 0.55769997835159301758 5.60550022125244140625
-1.18459999561309792249 -3.48449993133544921875 -10.97529983520507812500 4.37849998474121093750 -3.91289997100830078125
-3.46329998970031738281 -2.87549996376037597656 16.37159919738769531250 4.28940010070800781250 1.38150000572204589844
3.79559993743896484375 -4.25430011749267578125 -9.89470005035400390625 -16.17880058288574218750 0.84820002317428588867
-9.70170021057128728614 8.04010009765625000000 -2.25259995460510253906 12.88829994201660156250 2.55290007591247603003
7.19320011138916015625 -3.25139999389648437500 -2.83220005035400390625 -15.70409965515136718750 3.23449993133544921875
-1.50479996204376220703 -2.32719993591308593750 -1.42649996280670166016 0.37409999966621398926 2.46979999542236372534
4.55900001525878906250 -5.16900014877319335938 4.98180007934570312500 -5.80770015716552734375 -1.05509996414184570312
0.27110001444816589355 0.93330001831054676398 -0.59769999980926513672 1.38259994983673095703 -1.19949996471405029297
-1.20159995555877685547 -7.63920021057128906250 1.04279994964599609375 4.40320014953613281250 -2.79310011863708496094
-1.30560004711151123047 8.01070022583007812500 2.96749997138977050781 3.68950009346008300781 2.82069993019104003906
-1.98119997978210449219 12.11190032958984375000 -1.19079995155334472656 2.13529992103576660156 2.11610007286071777344
-8.68140029907226562500 0.66229999065399169922 7.51599979400634765625 8.33699989318847656250 0.60320001840591430664
6.52370023727416992188 -0.37180000543594360352 0.36449998617172241211 -11.92500019073486328125 0.17319999635219571199
-7.02759981155395507812 6.96840000152587890625 9.69789981842041015625 4.21210002899169921875 5.50920009613037109375
-7.96770000457763671875 1.73329997062683105469 8.70759963989257812500 3.44829988479614257812 3.08270001411437988281
4.87960004806518554688 -0.62459999322891235352 7.79269981384277343750 -5.31589984893798828125 -4.23530006408691406250
3.82509994506835981909 7.96530008316040039062 -5.61649990081787109375 -9.30399990081787287011 0.20139999687671661377
6.77510023117065429688 -2.79879999160766601562 9.51439952850341796875 -3.06669998168945312500 -5.57490015029907226562
-6.02080011367797851562 -11.63140010833740234375 -8.87450027465820312500 1.23140001296997070312 3.20300006866455078125
6.02909994125366210938 -3.38879990577697709497 -6.25010013580322265625 -13.14430046081542968750 0.36950001120567321777
6.58650016784667968750 4.41249990463256835938 2.93370008468627974096 -15.71990013122558593750 0.20900000631809229068
-3.21840000152587890625 5.14519977569580078125 1.23780000209808349609 -0.14409999549388879947 5.31860017776489257812
4.22340011596679687500 -4.09119987487792968750 9.63510036468506037011 -3.03920006752014160156 -3.99449992179870605469
-3.49539995193481445312 -6.22739982604980468750 5.35680007934570312500 8.25479984283447265625 -3.69219994544982910156
8.94579982757568359375 -3.98720002174377441406 -9.24330043792724609375 -12.21500015258789062500 -3.22659993171691894531
6.02600002288818359375 1.71399998664855957031 6.66610002517700195312 -7.56440019607543856495 -0.27849999070167541504
3.85680007934570312500 -3.50780010223388671875 15.11340045928955078125 0.97579997777938842773 -4.11969995498657226562
-0.76450002193450927734 1.27049994468688964844 -2.22480010986328080591 1.63779997825622558594 0.28000000119209289551
-12.98270034790039062500 -0.81279999017715454102 3.54879999160766601562 13.15740013122558593750 4.62720012664794921875
-5.72259998321533203125 2.97440004348754882812 4.93590021133422851562 7.09700012207031250000 0.25810000300407409668
-5.90869998931884765625 -4.87480020523071289062 -13.94060039520263671875 8.14490032196044921875 0.01649999991059300161
-2.84680008888244628906 2.00180006027221679688 -4.55429983139038085938 8.32909965515136718750 0.63410001993179321289
2.95309996604919433594 -1.08599996566772460938 2.72670006752014160156 -6.92320013046264737255 -1.86230003833770751953
-2.37660002708435058594 -3.80029988288879394531 4.32929992675781250000 10.13259983062743962989 -3.24489998817443847656
0.12380000203847879581 0.82730001211166381836 -0.53969997167587280273 1.24790000915527343750 -1.01090002059936523438
-5.03270006179809570312 5.71169996261596679688 -12.32320022583007812500 2.16960000991821289062 4.72469997406005859375
8.78129959106445312500 0.16500000655651089754 -1.85319995880126930921 -10.84739971160888849511 -6.00029993057250976562
1.25199997425079367908 8.88840007781982421875 -4.09280014038085937500 -6.61210012435913085938 4.50050020217895507812
-21.75200080871582031250 -1.74679994583129882812 5.40649986267089843750 27.59659957885742542771 8.21930027008056640625
7.29750013351440429688 -4.36009979248046875000 -7.82700014114379882812 -12.56900024414062322364 -0.06989999860525129838
2.63140010833740234375 -2.96029996871948242188 12.55039978027343750000 0.79420000314712524414 -4.74919986724853515625
4.20469999313354492188 3.12520003318786621094 16.98279953002929687500 -6.84219980239868164062 -0.37760001420974731445
-7.07200002670288085938 -2.63619995117187500000 2.06760001182556107935 15.06200027465820312500 -0.83490002155303955078
-11.66619968414306640625 -1.17030000686645507812 -0.80440002679824829102 19.57029914855957031250 5.00729990005493164062
0.92949998378753662109 7.58050012588500976562 0.10719999670982359452 -11.87849998474121271386 4.03919982910156250000
-11.76420021057128728614 -10.77530002593993962989 -3.82879996299743696753 15.59420013427734375000 1.23160004615783691406
8.97449970245361328125 1.23730003833770751953 10.21000003814697265625 -8.88959980010986328125 -6.09759998321533203125
-11.37469959259033203125 -3.12549996376037597656 2.64709997177123979029 20.90970039367676136521 0.38859999179840087891
5.70419979095458984375 0.36610001325607299805 1.45369994640350341797 -3.52500009536743208471 -5.97049999237060546875
9.01900005340576171875 -5.22590017318725585938 0.74440002441406250000 -10.39350032806396484375 -7.84940004348754882812
-9.50179958343506037011 0.87739998102188110352 -14.44480037689208984375 7.40479993820190429688 7.15829992294311523438
-12.20030021667480468750 -3.21289992332458496094 -6.59600019454956054688 18.10140037536621093750 5.26259994506835937500
-6.18930006027221679688 -3.80609989166259765625 5.46449995040893643505 13.12119960784911931739 -0.64069998264312744141
7.55420017242431640625 5.02960014343261718750 11.39109992980957031250 -2.17600011825561523438 -4.67360019683837890625
-4.33090019226074218750 1.79149997234344482422 7.30730009078979492188 2.06410002708435058594 2.45840001106262207031
4.91499996185302734375 4.56790018081665039062 -3.37500000000000000000 -11.61849975585937677636 -0.07729999721050259676
-11.12609958648681640625 -8.97049999237060546875 -1.97420001029968239514 21.09189987182616832229 0.42579999566078180484
4.83760023117065429688 -2.15120005607604980469 -1.50670003890991210938 -6.59110021591186523438 -1.37569999694824218750
7.03590011596679687500 0.78850001096725463867 -3.46700000762939453125 -8.27480030059814453125 -4.82469987869262695312
-1.57599997520446777344 -0.20700000226497650146 -7.04960012435913085938 0.79060000181198120117 -1.51970005035400390625
-3.07349991798400878906 2.79690003395080566406 6.40509986877441406250 6.68440008163452148438 0.91750001907348643915
1.67680001258850097656 1.43250000476837158203 3.82419991493225097656 1.73559999465942382812 -4.21470022201538085938
-5.46719980239868164062 -9.62569999694824218750 -3.58990001678466796875 5.53849983215332031250 -0.35310000181198120117
4.98649978637695312500 -1.13650000095367431641 -3.05250000953674316406 -2.09069991111755371094 -6.32140016555786132812
-2.72399997711181640625 4.79530000686645507812 -9.08259963989257812500 -3.96399998664856001440 4.02470016479492187500
-5.05779981613159179688 -4.04920005798339843750 6.27279996871948242188 11.15579986572265625000 -0.80629998445510864258
3.67659997940063432154 4.70130014419555664062 2.64669990539550781250 -11.55900001525878728614 1.52579998970031738281
9.74689960479736328125 -2.88529992103576660156 -2.83769989013671875000 -19.07139968872070312500 -3.74300003051757812500
2.34739995002746582031 -5.31570005416870117188 -6.89760017395019531250 -2.68829989433288574219 -0.51889997720718383789
1.76730000972747802734 -3.15720009803772017065 3.92070007324218794409 2.01609992980957031250 -4.11999988555908203125
-7.29489994049072265625 -8.25699996948242187500 -3.60249996185302778784 -1.20000004768371582031 5.99480009078979492188
-8.48700046539306640625 1.54849994182586669922 9.37419986724853515625 9.86989974975585937500 0.95590001344680797235
-2.52550005912780806128 7.71680021286010742188 2.88389992713928222656 10.66709995269775390625 0.97939997911453235968
0.22689999639987940006 0.52999997138977050781 -0.41879999637603759766 1.16949999332427978516 -0.23620000481605529785
-9.49260044097900390625 6.94680023193359375000 4.57569980621337890625 12.66629981994628728614 6.48750019073486328125
-0.64429998397827148438 0.21209999918937680330 -0.21029999852180480957 0.51609998941421508789 0.12370000034570689806
-1.00139999389648437500 -9.29049968719482421875 7.01490020751953125000 3.77430009841918945312 -3.20880007743835449219
1.61290001869201660156 -0.47999998927116388492 -3.28940010070800781250 1.34800004959106445312 -0.61470001935958862305
-0.50599998235702514648 3.38660001754760742188 1.41519999504089355469 2.19160008430480957031 1.76670002937316894531
3.44709992408752441406 -5.23999977111816406250 11.90590000152588068261 -1.28750002384185791016 -4.73500013351440429688
-1.27579998970031738281 8.78009986877441406250 4.08379983901977539062 4.70310020446777343750 0.82249999046325683594
-9.84930038452148437500 -1.40960001945495605469 1.19270002841949462891 18.75839996337890269729 -0.87099999189376831055
-11.56140041351318359375 -7.81759977340698242188 -1.30299997329711914062 17.37220001220703125000 3.24160003662109375000
-3.65659999847412109375 -7.13409996032714843750 -2.14669990539550781250 11.62650012969970880761 -2.03090000152587890625
-2.14219999313354492188 -4.41510009765625000000 -2.98469996452331542969 1.50499999523162841797 -0.04940000176429740208
-0.31220000982284540347 -8.78009986877441406250 7.77969980239868164062 0.73269999027252197266 -0.03280000016093249926
-9.11540031433105646386 -1.25629997253417968750 16.42939949035644531250 19.79990005493164062500 -0.85680001974105834961
-1.32690000534057617188 5.33129978179931640625 5.81640005111694335938 -1.77479994297027610095 2.69749999046325683594
-5.68060016632080078125 2.20650005340576171875 10.93770027160644353614 11.86979961395263671875 1.70360004901886008533
-1.34780001640319824219 -5.25649976730346679688 10.31690025329589843750 7.64069986343383789062 -1.23930001258850097656
0.86690002679824829102 -1.23440003395080566406 10.38840007781982421875 0.89480000734329223633 -2.44429993629455610815
1.97619998455047607422 -7.51830005645751864307 6.99970006942749023438 -7.25339984893798828125 -0.66019999980926513672
-4.02759981155395507812 6.19579982757568359375 5.28849983215332031250 4.55350017547607421875 4.26539993286132812500
5.09159994125366210938 -1.00569999217987060547 -10.28680038452148437500 -11.64420032501220880761 -0.58960002660751342773
0.16310000419616699219 8.00969982147216796875 -0.21690000593662259187 -7.36240005493164062500 6.03009986877441406250
1.76119995117187500000 -5.15899991989135742188 6.50969982147216796875 2.57859992980957031250 -6.64130020141601562500
-11.09230041503906250000 -1.14810001850128151624 0.12520000338554379549 15.43029975891113281250 2.22620010375976562500
-2.31780004501342817846 0.90249997377395640985 -4.40229988098144531250 3.17610001564025878906 1.34780001640319824219
7.79180002212524414062 2.09170007705688476562 -5.98260021209716796875 -16.96190071105957031250 1.82149994373321555408
10.81949996948242187500 -4.76809978485107421875 4.08090019226074218750 -11.82540035247802734375 -5.39050006866455078125
-3.51180005073547363281 1.35350000858306884766 18.68840026855468750000 12.33710002899169921875 -4.18959999084472656250
0.13670000433921811189 -8.27900028228759765625 1.07350003719329833984 0.14920000731945029515 -3.50950002670288085938
-5.07450008392333984375 -5.59749984741210937500 -8.09469985961914062500 9.18010044097900390625 0.25929999351501459293
3.24189996719360351562 3.50780010223388671875 7.58620023727416992188 1.20130002498626708984 -2.85419988632202104029
-0.09589999914169310136 0.95859998464584361688 11.05020046234130859375 -1.31610000133514404297 -1.49600005149841308594
-16.82309913635253906250 1.52310001850128151624 6.88040018081665039062 20.34090042114257457229 6.47830009460449218750
2.13520002365112304688 -6.91879987716674804688 -3.37490010261535644531 -5.75559997558593750000 0.63529998064041137695
4.93100023269653320312 0.15090000629425048828 1.62709999084472656250 -9.85190010070800781250 -2.03489995002746582031
1.49469995498657248767 -1.71029996871948242188 11.19050025939941406250 1.63689994812011718750 -1.84350001811981201172
11.27820014953613281250 -0.09019999951124189896 -11.45800018310546875000 -15.76309967041015625000 -2.83410000801086425781
8.57009983062744140625 0.75599998235702514648 14.79230022430419921875 -2.42519998550415039062 -8.30609989166259765625
3.92709994316101029810 1.20420002937316894531 -11.07880020141601562500 -14.14229965209960937500 3.41729998588562011719
3.91319990158081054688 2.05739998817443847656 1.00129997730255126953 -0.52979999780654907227 -3.22539997100830078125
-7.64769983291625976562 -4.04879999160766601562 5.72149991989135742188 13.54950046539306640625 3.11299991607666015625
-1.30089998245239257812 -7.58230018615722656250 -15.04059982299804865136 0.22640000283718109131 1.93869996070861838611
-10.85429954528808593750 2.61050009727478027344 7.91249990463256835938 13.63829994201660156250 7.17999982833862304688
-7.80630016326904296875 2.03130006790161177221 11.20289993286132812500 11.89350032806396484375 1.41250002384185791016
-8.49730014801025390625 -2.06240010261535644531 -15.97029972076416015625 9.26420021057128728614 1.74220001697540283203
13.07190036773681640625 -4.48600006103515625000 10.52429962158203125000 -11.76169967651367187500 -9.39490032196044921875
-7.41319990158080965870 -7.18930006027221679688 -15.29619979858398437500 -1.15569996833801269531 5.06790018081665039062
-2.51970005035400390625 -10.68270015716552734375 -9.83100032806396484375 7.94239997863769531250 -2.68779993057250976562
-1.31350004673004150391 4.96869993209838867188 1.32430005073547363281 4.44899988174438476562 0.80070000886917114258
1.60810005664825439453 7.41590023040771484375 -2.26029992103576660156 -2.71050000190734863281 1.39960002899169921875
1.40869998931884765625 1.13419997692108154297 -12.53400039672851562500 -4.42059993743896484375 1.41600000858306884766
-5.95919990539550781250 -4.33449983596801757812 -4.99860000610351562500 6.31180000305175781250 0.40590000152587890625
3.60829997062683105469 -5.33339977264404296875 1.79030001163482688220 -1.27839994430541992188 -4.28329992294311523438
-6.38780021667480468750 -6.95849990844726562500 8.94359970092773437500 8.01010036468505859375 -0.57309997081756591797
11.38669967651367187500 1.71319997310638449939 -1.04890000820159912109 -9.22970008850097656250 -3.91960000991821289062
-2.47539997100830078125 -6.38759994506835937500 10.40709972381591796875 11.71140003204345525489 -6.73699998855590820312
3.29730010032653808594 1.52020001411438010486 4.82910013198852539062 -5.60410022735595703125 0.03629999980330460285
-7.64960002899169921875 2.09409999847412109375 9.09440040588378728614 11.71179962158203125000 0.59240001440048217773
-7.39160013198852539062 5.52260017395019531250 11.19180011749267578125 11.02369976043701171875 -0.38929998874664301090
8.37650012969970703125 1.56920003890991210938 5.04269981384277343750 -8.84160041809082031250 -3.66630005836486816406
14.74339962005615234375 -0.07100000232458110461 -3.22370004653930619654 -20.04990005493164062500 -4.07070016860961914062
-3.63380002975463911596 -6.76590013504028320312 1.55579996109008789062 7.61399984359741210938 -1.35920000076293967517
-1.03199994564056396484 14.21500015258789062500 -5.34200000762939453125 3.83139991760253906250 1.47019994258880615234
0.73780000209808349609 -1.64079999923706032483 14.76830005645751953125 11.20139980316161931739 -7.26009988784790039062
-0.40380001068115228824 4.68419981002807617188 3.22180008888244628906 3.20309996604919433594 3.85290002822876020971
14.61130046844482421875 -1.16149997711181640625 -0.36309999227523798160 -21.13809967041015980271 -4.03739976882934570312
4.04750013351440429688 -5.84100008010864257812 -4.65380001068115234375 -9.24750041961669921875 -1.82210004329681396484
1.38880002498626708984 7.79379987716674804688 0.53850001096725463867 -7.19840002059936523438 5.09740018844604492188
5.20289993286132812500 -2.06509995460510253906 -2.62150001525878906250 -5.65129995346069335938 -3.35409998893737792969
-1.50360000133514404297 -7.34369993209838867188 -10.45170021057128728614 -0.04710000008344650269 -0.68459999561309814453
4.33400011062622070312 -2.93359994888305664062 9.01039981842041015625 -8.50370025634765625000 1.00049996376037597656
1.15970003604888916016 0.82770001888275146484 3.89499998092651367188 -3.06710004806518510279 1.80340003967285200659
-7.65299987792968661182 1.07760000228881835938 10.12209987640380859375 11.77410030364990234375 1.08930003643035888672
-0.78640002012252807617 -0.85199999809265136719 -10.58360004425048828125 0.13230000436305999756 0.51649999618530273438
5.02860021591186523438 -0.33689999580383300781 14.97369956970214843750 -0.67739999294281005859 -7.66590023040771484375
5.17829990386962890625 -1.25619995594024658203 -0.73180001974105834961 -8.66549968719482421875 -1.84560000896453835217
-9.41969966888427556739 -2.03080010414123579565 3.82739996910095214844 23.98110008239746093750 -2.21390008926391601562
3.60509991645812988281 4.44610023498535156250 0.94429999589920043945 -7.48859977722167968750 0.61440002918243408203
-18.62100028991699218750 -6.31909990310668945312 6.70749998092651367188 20.88960075378417968750 5.75880002975463867188
11.35210037231445134864 8.06330013275146484375 0.21449999511241910066 -16.53879928588867187500 -1.01370000839233398438
5.51310014724731445312 -8.47879981994628906250 -2.93510007858276411596 -0.26989999413490289859 -2.55299997329711914062
1.29200005531311035156 -3.52579998970031738281 -20.45999908447265625000 -4.92920017242431640625 -0.36480000615119928531
-1.79050004482269287109 -0.55140000581741333008 0.21410000324249259251 -0.50389999151229858398 1.44009995460510231702
3.38280010223388671875 -2.06469988822937011719 3.26349997520446821753 -9.34840011596679687500 -0.37709999084472650699
2.85570001602172851562 -2.67210006713867187500 9.08959960937500000000 -0.54460000991821289062 -2.62129998207092285156
-12.52929973602294921875 -3.69880008697509765625 5.82700014114379882812 12.72189998626708984375 6.37080001831054687500
5.84829998016357421875 0.62650001049041748047 -8.65909957885742187500 -12.72099971771240234375 -0.59469997882843017578
3.18140006065368652344 -1.52919995784759521484 -16.31150054931640625000 -10.19149971008300781250 0.34850001335144037418
-6.61299991607666015625 -0.15199999511241910066 6.61479997634887695312 9.03170013427734375000 -0.47009998559951782227
-3.89750003814697265625 -5.29199981689453125000 -4.89940023422241210938 7.91139984130859375000 0.18189999461174011230
0.91189998388290405273 7.41680002212524414062 8.10949993133544921875 -5.17320013046264737255 3.72860002517700195312
4.31449985504150390625 0.75010001659393310547 6.78709983825683593750 -1.28190004825592041016 -2.51929998397827148438
3.55940008163452104029 -6.94280004501342773438 -5.10620021820068359375 -9.14760017395019531250 -1.81889998912811279297
4.49800014495849609375 1.35450005531311035156 6.99720001220703125000 -9.64570045471191406250 -0.80030000209808349609
9.98550033569335937500 7.40320014953613281250 -11.52840042114257812500 -16.18700027465820312500 -1.08860003948211669922
-4.51800012588500976562 4.71099996566772460938 -0.72100001573562622070 9.00809955596923828125 -0.67989999055862426758
-1.96840000152587890625 1.60140001773834250720 -7.25799989700317382812 2.68910002708435058594 1.23930001258850097656
-6.69309997558593750000 6.15670013427734375000 10.05739974975585937500 4.62349987030029296875 4.54619979858398437500
8.49020004272460937500 2.79320001602172851562 -5.94350004196166992188 -16.69969940185546875000 1.51339995861053489001
2.75550007820129394531 2.80679988861083984375 -13.72589969635009765625 -15.22309970855712712989 3.85680007934570312500
12.12320041656493962989 4.94309997558593750000 -3.83780002593994096216 -18.04750061035155894729 -2.56940007209777832031
8.06840038299560546875 4.11070013046264737255 -1.00810003280639648438 -13.29870033264160156250 -1.95980000495910644531
0.53229999542236328125 9.23519992828369140625 -2.47040009498596191406 -2.27659988403320312500 1.26950001716613769531
2.42619991302490234375 0.92350000143051158563 -14.13199996948242187500 -6.35720014572143643505 0.53810000419616699219
0.14579999446868890933 1.81620001792907670435 12.31229972839355646386 1.89079999923706032483 0.07180000096559520373
-11.92860031127929687500 4.94309997558593750000 0.24369999766349789705 16.01899909973144531250 5.33389997482299804688
-6.99209976196289062500 4.42789983749389648438 5.27510023117065429688 8.11299991607666015625 3.54699993133544921875
2.76500010490417480469 -0.08540000021457669344 9.69719982147216796875 -0.50779998302459716797 -0.35269999504089349918
