37.00000000000000000000 31.00000000000000000000 75.00000000000000000000 8.00000000000000000000 3.25999999046325683594 11.89999961853027166114 78.40000152587890625000 4259.00000000000000000000 13.10000038146972833886 49.59999847412108664457 13.89999961853027166114 23.00000000000000000000 9.00000000000000000000 15.00000000000000000000 58.00000000000000000000 958.83898925781238631316
11.00000000000000000000 53.00000000000000000000 68.00000000000000000000 9.19999980926513671875 2.99000000953674316406 12.10000038146972833886 90.59999847412109375000 4700.00000000000000000000 7.80000019073486328125 48.90000152587890625000 12.30000019073486328125 648.00000000000000000000 319.00000000000000000000 130.00000000000000000000 47.00000000000000000000 861.83300781250000000000
43.00000000000000000000 35.00000000000000000000 77.00000000000000000000 7.59999990463256835938 3.44000005722045898438 9.60000038146972833886 84.59999847412109375000 6441.00000000000000000000 24.39999961853027699021 43.70000076293945312500 14.30000019073486328125 43.00000000000000000000 38.00000000000000000000 206.00000000000000000000 55.00000000000000000000 1071.28894042968750000000
35.00000000000000000000 28.00000000000000000000 71.00000000000000000000 8.80000019073486328125 3.28999996185302778784 11.10000038146972833886 86.30000305175781250000 3042.00000000000000000000 14.69999980926513671875 44.59999847412108664457 11.39999961853027166114 31.00000000000000000000 21.00000000000000000000 64.00000000000000000000 60.00000000000000000000 985.95001220703125000000
36.00000000000000000000 29.00000000000000000000 72.00000000000000000000 9.50000000000000000000 3.31999993324279785156 10.60000038146972833886 77.59999847412109375000 3437.00000000000000000000 8.10000038146972656250 45.50000000000000000000 13.80000019073486328125 45.00000000000000000000 59.00000000000000000000 263.00000000000000000000 56.00000000000000000000 991.28997802734375000000
36.00000000000000000000 24.00000000000000000000 70.00000000000000000000 9.00000000000000000000 3.30999994277954101562 10.50000000000000000000 83.19999694824218750000 6582.00000000000000000000 8.10000038146972656250 42.50000000000000000000 12.60000038146972833886 18.00000000000000000000 12.00000000000000000000 37.00000000000000000000 61.00000000000000000000 1001.90197753906238631316
42.00000000000000000000 32.00000000000000000000 76.00000000000000000000 9.10000038146972833886 3.31999993324279785156 10.50000000000000000000 87.50000000000000000000 6092.00000000000000000000 17.50000000000000000000 45.29999923706054687500 13.19999980926513671875 29.00000000000000000000 32.00000000000000000000 161.00000000000000000000 54.00000000000000000000 1015.02301025390625000000
40.00000000000000000000 34.00000000000000000000 77.00000000000000000000 9.19999980926513671875 3.21000003814697265625 10.19999980926513671875 77.00000000000000000000 4101.00000000000000000000 13.00000000000000000000 45.70000076293945312500 15.10000038146972833886 26.00000000000000000000 26.00000000000000000000 146.00000000000000000000 57.00000000000000000000 970.46697998046875000000
44.00000000000000000000 29.00000000000000000000 74.00000000000000000000 10.39999961853027166114 3.21000003814697265625 9.80000019073486328125 81.59999847412109375000 4260.00000000000000000000 0.80000001192092895508 39.40000152587890625000 12.39999961853027166114 6.00000000000000000000 6.00000000000000000000 33.00000000000000000000 54.00000000000000000000 962.35400390625000000000
35.00000000000000000000 40.00000000000000000000 64.00000000000000000000 9.60000038146972833886 3.01999998092651367188 12.19999980926513671875 82.50000000000000000000 3626.00000000000000000000 5.69999980926513671875 54.29999923706054687500 10.10000038146972833886 20.00000000000000000000 7.00000000000000000000 20.00000000000000000000 72.00000000000000000000 899.26397705078125000000
37.00000000000000000000 38.00000000000000000000 67.00000000000000000000 11.30000019073486328125 2.99000000953674316406 12.00000000000000000000 81.50000000000000000000 3387.00000000000000000000 3.59999990463256835938 50.29999923706054687500 13.50000000000000000000 56.00000000000000000000 21.00000000000000000000 44.00000000000000000000 73.00000000000000000000 893.99102783203125000000
42.00000000000000000000 40.00000000000000000000 77.00000000000000000000 6.09999990463256835938 3.45000004768371582031 10.39999961853027166114 71.80000305175781250000 2269.00000000000000000000 22.70000076293945312500 41.40000152587890625000 19.50000000000000000000 8.00000000000000000000 3.00000000000000000000 5.00000000000000000000 53.00000000000000000000 971.12200927734375000000
30.00000000000000000000 35.00000000000000000000 71.00000000000000000000 8.30000019073486328125 3.36999988555908203125 9.89999961853027166114 77.40000152587890625000 4474.00000000000000000000 13.10000038146972833886 42.59999847412108664457 17.70000076293945312500 38.00000000000000000000 37.00000000000000000000 193.00000000000000000000 57.00000000000000000000 989.26501464843761368684
31.00000000000000000000 26.00000000000000000000 73.00000000000000000000 9.30000019073486328125 3.22000002861022904810 10.69999980926513671875 81.30000305175781250000 3249.00000000000000000000 9.50000000000000000000 43.90000152587890625000 13.60000038146972833886 11.00000000000000000000 7.00000000000000000000 25.00000000000000000000 59.00000000000000000000 972.46398925781238631316
15.00000000000000000000 30.00000000000000000000 73.00000000000000000000 8.19999980926513671875 3.15000009536743208471 12.19999980926513671875 84.19999694824218750000 4824.00000000000000000000 4.69999980926513671875 53.09999847412108664457 12.69999980926513671875 17.00000000000000000000 8.00000000000000000000 28.00000000000000000000 38.00000000000000000000 871.76599121093750000000
45.00000000000000000000 28.00000000000000000000 74.00000000000000000000 10.60000038146972833886 3.21000003814697265625 11.10000038146972833886 82.59999847412109375000 1883.00000000000000000000 3.40000009536743208471 41.90000152587890625000 12.30000019073486328125 5.00000000000000000000 4.00000000000000000000 20.00000000000000000000 56.00000000000000000000 904.15502929687500000000
41.00000000000000000000 33.00000000000000000000 77.00000000000000000000 11.19999980926513671875 3.07999992370605468750 9.60000038146972833886 79.90000152587890625000 4843.00000000000000000000 2.70000004768371582031 38.59999847412108664457 14.10000038146972833886 11.00000000000000000000 11.00000000000000000000 89.00000000000000000000 54.00000000000000000000 946.18499755859375000000
50.00000000000000000000 42.00000000000000000000 82.00000000000000000000 7.30000019073486328125 3.49000000953674316406 10.39999961853027166114 72.50000000000000000000 3497.00000000000000000000 36.70000076293945312500 43.29999923706054687500 26.39999961853027699021 15.00000000000000000000 18.00000000000000000000 34.00000000000000000000 59.00000000000000000000 1006.48999023437500000000
35.00000000000000000000 23.00000000000000000000 72.00000000000000000000 11.10000038146972833886 3.14000010490417480469 11.00000000000000000000 78.80000305175781250000 4281.00000000000000000000 3.50000000000000000000 50.70000076293945312500 14.39999961853027166114 8.00000000000000000000 10.00000000000000000000 39.00000000000000000000 57.00000000000000000000 997.87500000000000000000
54.00000000000000000000 54.00000000000000000000 81.00000000000000000000 7.40000009536743164062 3.35999989509582519531 9.69999980926513671875 72.80000305175781250000 3172.00000000000000000000 31.39999961853027699021 45.50000000000000000000 24.20000076293945312500 20.00000000000000000000 17.00000000000000000000 1.00000000000000000000 62.00000000000000000000 1113.15600585937500000000
45.00000000000000000000 33.00000000000000000000 76.00000000000000000000 7.69999980926513671875 3.39000010490417480469 11.30000019073486328125 82.19999694824218750000 3152.00000000000000000000 12.10000038146972833886 47.29999923706054687500 10.89999961853027166114 14.00000000000000000000 11.00000000000000000000 42.00000000000000000000 56.00000000000000000000 1003.50201416015625000000
34.00000000000000000000 32.00000000000000000000 79.00000000000000000000 9.30000019073486328125 3.23000001907348632812 9.69999980926513671875 76.80000305175781250000 5160.00000000000000000000 17.20000076293945312500 45.09999847412108664457 15.30000019073486328125 31.00000000000000000000 15.00000000000000000000 68.00000000000000000000 57.00000000000000000000 953.55999755859375000000
39.00000000000000000000 29.00000000000000000000 75.00000000000000000000 8.69999980926513671875 3.23000001907348632812 11.39999961853027166114 78.59999847412109375000 4412.00000000000000000000 15.60000038146972833886 46.59999847412108664457 13.19999980926513671875 13.00000000000000000000 7.00000000000000000000 33.00000000000000000000 60.00000000000000000000 968.66497802734375000000
53.00000000000000000000 45.00000000000000000000 80.00000000000000000000 7.69999980926513671875 3.45000004768371582031 10.19999980926513671875 66.80000305175781250000 3325.00000000000000000000 38.50000000000000000000 43.09999847412108664457 25.50000000000000000000 30.00000000000000000000 32.00000000000000000000 72.00000000000000000000 54.00000000000000000000 1030.38000488281250000000
28.00000000000000000000 32.00000000000000000000 81.00000000000000000000 7.00000000000000000000 3.26999998092651367188 12.10000038146972833886 81.00000000000000000000 3665.00000000000000000000 7.50000000000000000000 51.59999847412108664457 13.19999980926513671875 4.00000000000000000000 2.00000000000000000000 1.00000000000000000000 54.00000000000000000000 823.76397705078125000000
31.00000000000000000000 24.00000000000000000000 72.00000000000000000000 9.00000000000000000000 3.36999988555908203125 10.89999961853027166114 82.80000305175781250000 3226.00000000000000000000 5.09999990463256835938 45.20000076293945312500 12.30000019073486328125 5.00000000000000000000 3.00000000000000000000 10.00000000000000000000 61.00000000000000000000 871.33801269531250000000
47.00000000000000000000 45.00000000000000000000 79.00000000000000000000 6.50000000000000000000 3.41000008583068847656 11.10000038146972833886 77.50000000000000000000 3125.00000000000000000000 27.10000038146972656250 50.20000076293945312500 20.60000038146972656250 18.00000000000000000000 8.00000000000000000000 24.00000000000000000000 56.00000000000000000000 982.29101562500000000000
60.00000000000000000000 67.00000000000000000000 82.00000000000000000000 10.00000000000000000000 2.98000001907348632812 11.50000000000000000000 88.59999847412109375000 4657.00000000000000000000 13.50000000000000000000 47.29999923706054687500 22.39999961853027699021 3.00000000000000000000 1.00000000000000000000 1.00000000000000000000 60.00000000000000000000 861.43902587890625000000
30.00000000000000000000 20.00000000000000000000 69.00000000000000000000 8.80000019073486328125 3.25999999046325683594 11.10000038146972833886 85.40000152587890625000 2934.00000000000000000000 5.80000019073486328125 44.00000000000000000000 9.39999961853027166114 33.00000000000000000000 23.00000000000000000000 125.00000000000000000000 64.00000000000000000000 929.15002441406238631316
45.00000000000000000000 40.00000000000000000000 80.00000000000000000000 8.30000019073486328125 3.31999993324279785156 10.10000038146972833886 70.30000305175781250000 2682.00000000000000000000 21.00000000000000000000 46.09999847412108664457 24.10000038146972656250 17.00000000000000000000 14.00000000000000000000 78.00000000000000000000 56.00000000000000000000 961.00897216796875000000
45.00000000000000000000 24.00000000000000000000 70.00000000000000000000 11.80000019073486328125 3.25000000000000000000 11.10000038146972833886 79.80000305175781250000 3678.00000000000000000000 1.00000000000000000000 44.79999923706054687500 14.00000000000000000000 7.00000000000000000000 3.00000000000000000000 8.00000000000000000000 56.00000000000000000000 895.69598388671875000000
46.00000000000000000000 30.00000000000000000000 72.00000000000000000000 10.19999980926513671875 3.16000008583068847656 11.30000019073486328125 83.19999694824218750000 3327.00000000000000000000 8.80000019073486328125 45.29999923706054687500 12.19999980926513671875 4.00000000000000000000 3.00000000000000000000 8.00000000000000000000 58.00000000000000000000 923.23400878906238631316
32.00000000000000000000 25.00000000000000000000 72.00000000000000000000 10.89999961853027166114 3.21000003814697265625 11.10000038146972833886 82.50000000000000000000 4355.00000000000000000000 5.00000000000000000000 46.40000152587890625000 10.80000019073486328125 7.00000000000000000000 4.00000000000000000000 18.00000000000000000000 60.00000000000000000000 874.28100585937500000000
38.00000000000000000000 24.00000000000000000000 72.00000000000000000000 9.80000019073486328125 3.33999991416931152344 11.39999961853027166114 78.00000000000000000000 4923.00000000000000000000 3.79999995231628417969 50.50000000000000000000 11.10000038146972833886 8.00000000000000000000 5.00000000000000000000 25.00000000000000000000 61.00000000000000000000 950.67199707031238631316
36.00000000000000000000 27.00000000000000000000 71.00000000000000000000 8.10000038146972656250 3.33999991416931152344 11.39999961853027166114 81.50000000000000000000 3243.00000000000000000000 8.80000019073486328125 42.59999847412108664457 11.69999980926513671875 21.00000000000000000000 15.00000000000000000000 59.00000000000000000000 59.00000000000000000000 921.86999511718761368684
40.00000000000000000000 23.00000000000000000000 71.00000000000000000000 11.30000019073486328125 3.27999997138977050781 10.30000019073486328125 73.80000305175781250000 1671.00000000000000000000 2.50000000000000000000 47.40000152587890625000 13.50000000000000000000 5.00000000000000000000 2.00000000000000000000 11.00000000000000000000 60.00000000000000000000 912.20202636718761368684
36.00000000000000000000 27.00000000000000000000 72.00000000000000000000 9.50000000000000000000 3.35999989509582519531 10.69999980926513671875 79.30000305175781250000 4213.00000000000000000000 6.69999980926513671875 41.00000000000000000000 13.19999980926513671875 12.00000000000000000000 7.00000000000000000000 20.00000000000000000000 59.00000000000000000000 912.34698486328125000000
25.00000000000000000000 12.00000000000000000000 73.00000000000000000000 9.19999980926513671875 3.27999997138977050781 12.10000038146972833886 83.09999847412109375000 2095.00000000000000000000 2.00000000000000000000 51.90000152587890625000 9.80000019073486328125 20.00000000000000000000 11.00000000000000000000 26.00000000000000000000 58.00000000000000000000 857.62200927734375000000
18.00000000000000000000 48.00000000000000000000 63.00000000000000000000 9.19999980926513671875 2.92000007629394531250 12.19999980926513671875 87.69999694824218750000 4253.00000000000000000000 13.69999980926513671875 51.20000076293945312500 12.00000000000000000000 311.00000000000000000000 171.00000000000000000000 86.00000000000000000000 71.00000000000000000000 911.70098876953125000000
45.00000000000000000000 30.00000000000000000000 73.00000000000000000000 9.30000019073486328125 3.28999996185302778784 10.60000038146972833886 86.00000000000000000000 2140.00000000000000000000 5.30000019073486328125 40.40000152587890625000 10.50000000000000000000 6.00000000000000000000 4.00000000000000000000 4.00000000000000000000 56.00000000000000000000 899.52899169921875000000
44.00000000000000000000 39.00000000000000000000 78.00000000000000000000 8.19999980926513671875 3.31999993324279785156 11.00000000000000000000 79.90000152587890625000 3768.00000000000000000000 28.60000038146972656250 49.50000000000000000000 17.50000000000000000000 12.00000000000000000000 9.00000000000000000000 48.00000000000000000000 53.00000000000000000000 1025.50195312500000000000
33.00000000000000000000 26.00000000000000000000 76.00000000000000000000 8.60000038146972656250 3.20000004768371582031 10.89999961853027166114 83.40000152587890625000 6122.00000000000000000000 16.29999923706054687500 44.90000152587890625000 10.69999980926513671875 88.00000000000000000000 63.00000000000000000000 278.00000000000000000000 58.00000000000000000000 1024.88500976562500000000
42.00000000000000000000 29.00000000000000000000 72.00000000000000000000 10.69999980926513671875 3.19000005722045898438 10.10000038146972833886 79.50000000000000000000 3508.00000000000000000000 2.20000004768371582031 38.79999923706054687500 15.69999980926513671875 6.00000000000000000000 4.00000000000000000000 18.00000000000000000000 56.00000000000000000000 938.50000000000000000000
35.00000000000000000000 31.00000000000000000000 81.00000000000000000000 9.19999980926513671875 3.09999990463256835938 12.00000000000000000000 78.30000305175781250000 3262.00000000000000000000 12.60000038146972833886 48.59999847412108664457 13.89999961853027166114 7.00000000000000000000 4.00000000000000000000 4.00000000000000000000 55.00000000000000000000 919.72900390625000000000
43.00000000000000000000 32.00000000000000000000 74.00000000000000000000 10.10000038146972833886 3.38000011444091796875 9.50000000000000000000 79.19999694824218750000 3214.00000000000000000000 2.90000009536743208471 43.70000076293945312500 12.00000000000000000000 11.00000000000000000000 7.00000000000000000000 32.00000000000000000000 54.00000000000000000000 844.05297851562500000000
