7.81682014465332031250 -3.59999990463256835938 4.00000000000000000000 0.00000000000000000000 43.40000152587890625000 18.00000000000000000000 409.00000000000000000000 3.32504010200500488281
7.29028987884521484375 10.80000019073486328125 2.29999995231628417969 0.50000000000000000000 85.50000000000000000000 22.00000000000000000000 570.00000000000000000000 4.47505998611450195312
7.80220985412597656250 2.50000000000000000000 5.00000000000000000000 0.10000000149011610551 135.00000000000000000000 7.00000000000000000000 128.00000000000000000000 3.79098010063171386719
6.64378976821899414062 -5.69999980926513671875 1.89999997615814208984 -0.30000001192092889957 74.19999694824218750000 23.00000000000000000000 517.00000000000000000000 2.78501009941101074219
7.59488010406494140625 4.90000009536743164062 2.90000009536743208471 -0.10000000149011610551 77.00000000000000000000 11.00000000000000000000 170.00000000000000000000 4.06044006347656250000
7.59740018844604492188 2.59999990463256835938 1.29999995231628417969 0.20000000298023221101 233.00000000000000000000 12.00000000000000000000 50.00000000000000000000 4.53044986724853515625
7.52347993850708007812 3.40000009536743208471 6.00000000000000000000 0.20000000298023221101 191.00000000000000000000 14.00000000000000000000 482.00000000000000000000 3.85861992835998579565
7.66856002807617187500 -2.90000009536743208471 1.60000002384185791016 0.69999998807907104492 65.30000305175781250000 20.00000000000000000000 446.00000000000000000000 4.40916013717651367188
8.06400966644287109375 3.59999990463256835938 2.29999995231628417969 -0.30000001192092889957 9.39999961853027166114 9.00000000000000000000 549.00000000000000000000 4.34251022338867187500
4.89034986495971679688 -4.09999990463256835938 6.30000019073486328125 -0.10000000149011610551 45.09999847412108664457 6.00000000000000000000 455.00000000000000000000 1.79175996780395507812
7.59336996078491210938 -7.50000000000000000000 3.20000004768371582031 -0.20000000298023221101 59.70000076293945312500 11.00000000000000000000 435.00000000000000000000 4.62399005889892578125
7.60239982604980468750 -3.90000009536743208471 2.79999995231628417969 0.00000000000000000000 76.00000000000000000000 10.00000000000000000000 68.00000000000000000000 4.76216983795166015625
8.34854030609130859375 2.70000004768371582031 7.69999980926513671875 0.10000000149011610551 219.00000000000000000000 17.00000000000000000000 159.00000000000000000000 3.81551003456115678247
6.54965019226074218750 1.10000002384185791016 2.79999995231628417969 0.00000000000000000000 66.00000000000000000000 24.00000000000000000000 59.00000000000000000000 2.70805001258850097656
4.92724990844726562500 4.40000009536743164062 2.20000004768371582031 0.20000000298023221101 82.00000000000000000000 2.00000000000000000000 170.00000000000000000000 3.26575994491577148438
6.65027999877929687500 -3.70000004768371582031 0.50000000000000000000 1.20000004768371582031 325.60000610351562500000 24.00000000000000000000 445.00000000000000000000 4.42962980270385742188
7.23634004592895507812 5.00000000000000000000 3.50000000000000000000 -0.10000000149011610551 62.00000000000000000000 23.00000000000000000000 196.00000000000000000000 2.62467002868652343750
7.23634004592895507812 1.20000004768371582031 4.30000019073486328125 0.00000000000000000000 64.30000305175781250000 21.00000000000000000000 404.00000000000000000000 2.87355995178222656250
8.16934013366699218750 -1.50000000000000000000 1.89999997615814208984 3.20000004768371582031 83.00000000000000000000 8.00000000000000000000 78.00000000000000000000 5.23644018173217773438
5.81412982940673828125 -9.10000038146972833886 2.09999990463256835938 0.60000002384185791016 79.00000000000000000000 3.00000000000000000000 83.00000000000000000000 3.93769001960754394531
7.91790008544921875000 2.70000004768371582031 2.50000000000000000000 0.00000000000000000000 212.00000000000000000000 9.00000000000000000000 131.00000000000000000000 4.07414007186889648438
5.97634983062744140625 -9.69999980926513671875 0.80000001192092895508 0.00000000000000000000 67.69999694824218750000 1.00000000000000000000 438.00000000000000000000 4.20767021179199218750
5.50533008575439453125 3.40000009536743208471 6.30000019073486328125 0.60000002384185791016 186.00000000000000000000 2.00000000000000000000 475.00000000000000000000 3.37417006492614746094
7.15696001052856445312 3.29999995231628417969 1.70000004768371582031 0.50000000000000000000 90.00000000000000000000 22.00000000000000000000 191.00000000000000000000 4.38203001022338867188
8.12740039825439453125 19.10000038146972656250 5.09999990463256835938 -1.20000004768371582031 266.60000610351562500000 16.00000000000000000000 603.00000000000000000000 3.45632004737854003906
7.75790977478027343750 5.19999980926513671875 4.59999990463256835938 -0.80000001192092895508 214.00000000000000000000 14.00000000000000000000 176.00000000000000000000 4.17438983917236328125
5.52545022964477539062 -7.90000009536743164062 1.60000002384185791016 0.30000001192092889957 211.89999389648440342171 5.00000000000000000000 502.00000000000000000000 4.01277017593383789062
6.70563983917236328125 -5.59999990463256835938 2.40000009536743208471 -0.40000000596046447754 75.50000000000000000000 10.00000000000000000000 518.00000000000000000000 2.85070991516113281250
5.14749002456665039062 -9.00000000000000000000 1.29999995231628417969 0.40000000596046447754 77.00000000000000000000 2.00000000000000000000 88.00000000000000000000 3.84373998641967773438
7.75017976760864257812 9.89999961853027166114 1.79999995231628417969 -1.29999995231628417969 266.29998779296875000000 14.00000000000000000000 529.00000000000000000000 4.25134992599487304688
7.15617990493774414062 -12.69999980926513671875 5.19999980926513671875 -0.10000000149011610551 64.50000000000000000000 12.00000000000000000000 462.00000000000000000000 3.15700006484985307154
6.52941989898681640625 9.50000000000000000000 6.50000000000000000000 -0.80000001192092895508 210.00000000000000000000 10.00000000000000000000 35.00000000000000000000 2.94443988800048828125
6.46770000457763671875 -1.10000002384185791016 2.50000000000000000000 1.00000000000000000000 277.00000000000000000000 6.00000000000000000000 142.00000000000000000000 3.67122006416320800781
8.25634956359863281250 8.39999961853027343750 3.09999990463256835938 -0.50000000000000000000 225.00000000000000000000 17.00000000000000000000 207.00000000000000000000 4.01457977294921875000
7.79194021224975585938 8.00000000000000000000 4.09999990463256835938 -0.20000000298023221101 207.60000610351559657829 13.00000000000000000000 585.00000000000000000000 4.05352020263671875000
7.64826011657714843750 -4.09999990463256835938 2.90000009536743208471 -0.40000000596046447754 85.30000305175781250000 14.00000000000000000000 519.00000000000000000000 4.23699998855590820312
6.91473007202148437500 4.80000019073486328125 4.59999990463256835938 0.20000000298023221101 199.00000000000000000000 23.00000000000000000000 109.00000000000000000000 3.17388010025024414062
7.66200017929077148438 3.40000009536743208471 2.90000009536743208471 0.60000002384185791016 23.00000000000000000000 18.00000000000000000000 174.00000000000000000000 3.43075990676879882812
7.62216997146606356495 -3.40000009536743208471 2.90000009536743208471 1.70000004768371582031 213.00000000000000000000 20.00000000000000000000 81.00000000000000000000 4.11086988449096679688
7.59589004516601562500 -2.70000004768371582031 1.29999995231628417969 1.20000004768371582031 159.10000610351562500000 19.00000000000000000000 400.00000000000000000000 4.46245002746582031250
5.49716997146606445312 4.19999980926513671875 4.40000009536743164062 1.50000000000000000000 254.00000000000000000000 5.00000000000000000000 80.00000000000000000000 3.21083998680114746094
7.14203977584838867188 -1.60000002384185791016 2.09999990463256835938 2.00000000000000000000 85.00000000000000000000 22.00000000000000000000 78.00000000000000000000 4.62399005889892578125
4.81218004226684570312 -3.70000004768371582031 0.89999997615814208984 -0.10000000149011610551 281.29998779296875000000 4.00000000000000000000 513.00000000000000000000 3.31418991088867187500
5.25750017166137695312 4.00000000000000000000 8.30000019073486328125 0.30000001192092889957 218.00000000000000000000 5.00000000000000000000 46.00000000000000000000 2.87919998168945312500
4.74492979049682617188 -1.60000002384185791016 3.00000000000000000000 0.40000000596046447754 58.29999923706054687500 3.00000000000000000000 554.00000000000000000000 2.37954998016357421875
7.74414014816284179688 -1.29999995231628417969 4.19999980926513671875 -0.20000000298023221101 59.00000000000000000000 15.00000000000000000000 149.00000000000000000000 4.14472007751464843750
5.54125976562500000000 -1.39999997615814208984 2.20000004768371582031 1.70000004768371582031 212.00000000000000000000 1.00000000000000000000 142.00000000000000000000 3.09558010101318403784
6.57087993621826171875 5.50000000000000000000 0.80000001192092895508 0.10000000149011610551 89.00000000000000000000 6.00000000000000000000 206.00000000000000000000 3.96651005744934082031
6.15059995651245117188 -0.60000002384185791016 1.29999995231628417969 1.20000004768371582031 337.00000000000000000000 7.00000000000000000000 146.00000000000000000000 4.33990001678466796875
8.26461982727050781250 7.69999980926513671875 2.59999990463256835938 -0.80000001192092895508 69.09999847412109375000 16.00000000000000000000 571.00000000000000000000 4.04829978942871093750
7.68340015411376953125 3.59999990463256835938 2.90000009536743208471 -0.30000001192092889957 74.00000000000000000000 10.00000000000000000000 187.00000000000000000000 4.35413980484008789062
8.15680027008056640625 -0.69999998807907104492 5.09999990463256835938 0.00000000000000000000 57.20000076293945312500 16.00000000000000000000 425.00000000000000000000 4.18205022811889648438
7.76345014572143554688 9.19999980926513671875 5.69999980926513671875 -0.89999997615814208984 199.00000000000000000000 14.00000000000000000000 212.00000000000000000000 4.35927009582519531250
5.05625009536743164062 -7.00000000000000000000 3.20000004768371582031 -0.10000000149011610551 67.00000000000000000000 20.00000000000000000000 85.00000000000000000000 2.65323996543884277344
7.31985998153686523438 16.79999923706054687500 3.40000009536743208471 -0.30000001192092889957 41.50000000000000000000 17.00000000000000000000 564.00000000000000000000 2.52572989463806107935
4.53259992599487304688 -6.50000000000000000000 2.70000004768371582031 0.00000000000000000000 77.50000000000000000000 6.00000000000000000000 451.00000000000000000000 2.36085009574890136719
7.57609987258911132812 -5.50000000000000000000 5.00000000000000000000 -0.10000000149011610551 82.00000000000000000000 17.00000000000000000000 118.00000000000000000000 3.84802007675170898438
7.70840978622436523438 2.09999990463256835938 3.09999990463256835938 0.00000000000000000000 79.00000000000000000000 10.00000000000000000000 64.00000000000000000000 3.80444002151489257812
7.93272018432617187500 -3.90000009536743208471 4.00000000000000000000 -0.30000001192092889957 78.40000152587890625000 15.00000000000000000000 452.00000000000000000000 3.17805004119873046875
6.57507991790771484375 5.00000000000000000000 0.80000001192092895508 0.30000001192092889957 262.70001220703125000000 6.00000000000000000000 403.00000000000000000000 3.92790007591247603003
6.89163017272949218750 0.10000000149011610551 1.00000000000000000000 0.50000000000000000000 334.00000000000000000000 23.00000000000000000000 66.00000000000000000000 2.98061990737915039062
5.47645998001098632812 -1.00000000000000000000 4.40000009536743164062 0.40000000596046447754 5.80000019073486328125 5.00000000000000000000 553.00000000000000000000 1.33500003814697287829
7.57146978378295898438 8.39999961853027343750 1.79999995231628417969 -0.89999997615814208984 108.00000000000000000000 13.00000000000000000000 191.00000000000000000000 4.14155006408691406250
4.77911996841430664062 -1.00000000000000000000 1.10000002384185791016 2.29999995231628417969 291.00000000000000000000 3.00000000000000000000 36.00000000000000000000 3.82863998413085937500
8.25191974639892578125 0.00000000000000000000 3.50000000000000000000 -0.20000000298023221101 77.00000000000000000000 8.00000000000000000000 157.00000000000000000000 4.41764020919799804688
4.58496999740600585938 1.79999995231628417969 2.29999995231628417969 0.10000000149011610551 59.00000000000000000000 4.00000000000000000000 164.00000000000000000000 2.56494998931884810034
8.00000953674316406250 4.30000019073486328125 4.59999990463256835938 -0.20000000298023221101 215.00000000000000000000 17.00000000000000000000 176.00000000000000000000 4.10593986511230468750
7.65776014328002929688 3.00000000000000000000 1.89999997615814208984 2.00000000000000000000 265.00000000000000000000 19.00000000000000000000 540.00000000000000000000 4.36690998077392578125
7.43247985839843661182 -10.30000019073486328125 4.09999990463256835938 -0.20000000298023221101 61.59999847412108664457 12.00000000000000000000 459.00000000000000000000 4.28495979309082031250
8.17780017852783203125 -4.19999980926513671875 1.39999997615814208984 0.20000000298023221101 86.00000000000000000000 16.00000000000000000000 101.00000000000000000000 4.56331014633178710938
8.19863986968994140625 2.40000009536743208471 3.40000009536743208471 0.40000000596046447754 186.00000000000000000000 16.00000000000000000000 148.00000000000000000000 4.30000019073486328125
7.93057012557983398438 -8.19999980926513671875 2.59999990463256835938 0.40000000596046447754 50.40000152587890625000 18.00000000000000000000 407.00000000000000000000 3.92196989059448153370
7.02908992767333984375 4.50000000000000000000 2.79999995231628417969 0.20000000298023221101 75.50000000000000000000 21.00000000000000000000 573.00000000000000000000 3.27336001396179199219
7.96206998825073242188 7.30000019073486328125 2.79999995231628417969 0.69999998807907104492 317.00000000000000000000 16.00000000000000000000 35.00000000000000000000 3.69387006759643599096
6.14418983459472656250 -7.90000009536743164062 1.20000004768371582031 0.30000001192092889957 56.00000000000000000000 11.00000000000000000000 86.00000000000000000000 3.73289990425109818872
7.21671009063720703125 -0.80000001192092895508 3.50000000000000000000 0.30000001192092889957 56.09999847412108664457 23.00000000000000000000 420.00000000000000000000 3.32504010200500488281
7.18991994857788085938 7.00000000000000000000 4.09999990463256835938 0.40000000596046447754 159.00000000000000000000 22.00000000000000000000 212.00000000000000000000 2.72784996032714843750
7.59740018844604492188 0.30000001192092889957 0.80000001192092895508 1.70000004768371582031 113.30000305175779828915 22.00000000000000000000 483.00000000000000000000 4.21655988693237304688
6.74992990493774414062 -2.79999995231628417969 2.00000000000000000000 -0.89999997615814208984 231.80000305175781250000 10.00000000000000000000 504.00000000000000000000 3.14844989776611328125
7.83992004394531161182 1.00000000000000000000 6.90000009536743164062 -0.30000001192092889957 81.69999694824218750000 11.00000000000000000000 558.00000000000000000000 4.43438005447387695312
6.21059989929199218750 5.90000009536743164062 3.29999995231628417969 1.79999995231628417969 248.00000000000000000000 24.00000000000000000000 41.00000000000000000000 3.05871009826660156250
5.18177986145019531250 0.20000000298023221101 0.40000000596046447754 0.20000000298023221101 230.00000000000000000000 5.00000000000000000000 112.00000000000000000000 3.42751002311706498560
5.43807983398437500000 -0.89999997615814208984 1.60000002384185791016 4.30000019073486328125 96.00000000000000000000 6.00000000000000000000 49.00000000000000000000 3.96651005744934082031
8.19589042663574218750 -4.19999980926513671875 0.80000001192092895508 0.40000000596046447754 247.19999694824218750000 16.00000000000000000000 445.00000000000000000000 4.83787012100219726562
7.48828983306884765625 3.20000004768371582031 4.19999980926513671875 -0.60000002384185791016 285.00000000000000000000 12.00000000000000000000 121.00000000000000000000 3.75419998168945312500
7.61824989318847656250 8.39999961853027343750 2.79999995231628417969 -1.10000002384185791016 133.10000610351562500000 13.00000000000000000000 581.00000000000000000000 3.07269001007080078125
7.02375984191894531250 -13.60000038146972833886 2.90000009536743208471 0.10000000149011610551 82.09999847412109375000 22.00000000000000000000 488.00000000000000000000 4.24133014678955078125
7.93486976623535156250 9.69999980926513671875 1.79999995231628417969 -0.60000002384185791016 255.50000000000000000000 15.00000000000000000000 529.00000000000000000000 4.04654979705810546875
7.71064996719360351562 15.80000019073486328125 3.70000004768371582031 -0.30000001192092889957 136.39999389648437500000 16.00000000000000000000 595.00000000000000000000 3.54384994506835981909
7.76003980636596679688 -7.30000019073486328125 0.50000000000000000000 -0.30000001192092889957 176.00000000000000000000 13.00000000000000000000 84.00000000000000000000 3.48430991172790527344
7.36771011352539062500 1.79999995231628417969 1.70000004768371582031 0.69999998807907104492 91.00000000000000000000 22.00000000000000000000 140.00000000000000000000 4.08429002761840820312
7.35627985000610262745 4.40000009536743164062 2.40000009536743208471 0.30000001192092889957 76.59999847412109375000 20.00000000000000000000 573.00000000000000000000 3.33576989173889204565
8.05261039733886718750 8.00000000000000000000 6.80000019073486328125 -1.20000004768371582031 280.10000610351562500000 16.00000000000000000000 546.00000000000000000000 3.17388010025024414062
8.22012996673583984375 2.00000000000000000000 3.50000000000000000000 -0.20000000298023221101 82.00000000000000000000 8.00000000000000000000 64.00000000000000000000 3.81110000610351606909
7.85940980911254882812 1.29999995231628417969 2.20000004768371582031 0.20000000298023221101 227.00000000000000000000 7.00000000000000000000 141.00000000000000000000 4.16666984558105468750
7.67507982254028320312 3.20000004768371582031 1.70000004768371582031 1.10000002384185791016 249.00000000000000000000 14.00000000000000000000 52.00000000000000000000 4.32677984237670898438
4.39445018768310546875 1.29999995231628417969 4.40000009536743164062 0.00000000000000000000 115.00000000000000000000 4.00000000000000000000 59.00000000000000000000 1.36098003387451149671
6.76734018325805664062 -6.80000019073486328125 3.29999995231628417969 0.00000000000000000000 76.30000305175781250000 24.00000000000000000000 450.00000000000000000000 3.14844989776611328125
7.51151990890502929688 0.40000000596046447754 3.00000000000000000000 -0.80000001192092895508 89.80000305175781250000 11.00000000000000000000 398.00000000000000000000 3.81551003456115678247
8.14206027984619140625 -5.09999990463256835938 1.50000000000000000000 1.50000000000000000000 237.00000000000000000000 8.00000000000000000000 152.00000000000000000000 5.54713010787963867188
7.66010999679565429688 6.40000009536743164062 3.50000000000000000000 -0.20000000298023221101 90.80000305175779828915 20.00000000000000000000 571.00000000000000000000 3.74241995811462402344
7.63530015945434570312 9.50000000000000000000 1.60000002384185791016 -5.40000009536743164062 226.60000610351559657829 11.00000000000000000000 529.00000000000000000000 4.29728984832763671875
6.95558977127075195312 -7.50000000000000000000 1.29999995231628417969 2.29999995231628417969 236.00000000000000000000 20.00000000000000000000 86.00000000000000000000 4.02535009384155273438
6.80351018905639648438 -9.30000019073486328125 3.59999990463256835938 0.30000001192092889957 73.00000000000000000000 8.00000000000000000000 83.00000000000000000000 3.59182000160217285156
7.91497993469238281250 -3.50000000000000000000 1.79999995231628417969 0.20000000298023221101 222.00000000000000000000 18.00000000000000000000 520.00000000000000000000 4.17285013198852539062
5.66642999649047940380 1.29999995231628417969 2.09999990463256835938 1.79999995231628417969 226.80000305175781250000 6.00000000000000000000 546.00000000000000000000 2.76631999015808105469
5.39815998077392578125 0.69999998807907104492 1.29999995231628417969 0.80000001192092895508 208.00000000000000000000 6.00000000000000000000 180.00000000000000000000 2.98061990737915039062
4.45434999465942382812 -2.79999995231628417969 5.30000019073486328125 0.40000000596046447754 67.00000000000000000000 3.00000000000000000000 508.00000000000000000000 3.36037993431091308594
7.97384023666381835938 7.40000009536743164062 1.70000004768371582031 -0.20000000298023221101 165.00000000000000000000 9.00000000000000000000 208.00000000000000000000 4.20319986343383789062
7.44365978240966796875 -4.50000000000000000000 5.09999990463256835938 -0.20000000298023221101 47.90000152587890625000 13.00000000000000000000 409.00000000000000000000 4.10098981857299804688
7.69893980026245117188 6.40000009536743164062 3.50000000000000000000 -0.30000001192092889957 56.00000000000000000000 14.00000000000000000000 196.00000000000000000000 3.10009002685546875000
7.30586004257202059620 15.39999961853027166114 1.60000002384185791016 -2.20000004768371582031 279.20001220703125000000 14.00000000000000000000 565.00000000000000000000 2.95491003990173339844
5.26269006729125976562 -0.89999997615814208984 1.10000002384185791016 2.09999990463256835938 271.00000000000000000000 5.00000000000000000000 48.00000000000000000000 3.94352006912231445312
7.93164014816284179688 14.19999980926513671875 8.10000038146972656250 -2.09999990463256835938 209.10000610351559657829 14.00000000000000000000 577.00000000000000000000 4.31481981277465820312
7.73236989974975585938 -5.19999980926513671875 0.60000002384185791016 0.10000000149011610551 91.00000000000000000000 7.00000000000000000000 74.00000000000000000000 4.38576984405517578125
7.82164001464843661182 16.10000038146972656250 3.09999990463256835938 -1.50000000000000000000 259.29998779296875000000 17.00000000000000000000 563.00000000000000000000 3.42425990104675292969
7.53423023223876953125 1.60000002384185791016 1.70000004768371582031 -1.50000000000000000000 336.00000000000000000000 11.00000000000000000000 135.00000000000000000000 3.91201996803283691406
6.31536006927490234375 -10.39999961853027166114 2.50000000000000000000 -0.20000000298023221101 62.29999923706054687500 6.00000000000000000000 460.00000000000000000000 4.16043996810913085938
8.26255989074707031250 3.79999995231628417969 0.69999998807907104492 -0.40000000596046447754 161.00000000000000000000 8.00000000000000000000 191.00000000000000000000 4.58190011978149414062
7.60638999938964843750 5.50000000000000000000 5.40000009536743164062 -0.60000002384185791016 54.90000152587890625000 11.00000000000000000000 528.00000000000000000000 4.07922983169555664062
6.60799980163574218750 7.19999980926513671875 0.60000002384185791016 1.29999995231628417969 191.39999389648440342171 24.00000000000000000000 598.00000000000000000000 3.92986011505126953125
7.19518995285034179688 -2.50000000000000000000 5.00000000000000000000 0.00000000000000000000 66.30000305175781250000 22.00000000000000000000 427.00000000000000000000 3.71601009368896484375
4.80401992797851562500 2.79999995231628417969 5.00000000000000000000 -0.10000000149011610551 80.00000000000000000000 4.00000000000000000000 186.00000000000000000000 2.95491003990173339844
5.62039995193481534130 6.19999980926513671875 3.50000000000000000000 0.00000000000000000000 70.90000152587890625000 5.00000000000000000000 582.00000000000000000000 3.27713990211486816406
5.22035980224609375000 -1.50000000000000000000 2.40000009536743208471 0.89999997615814208984 82.69999694824218750000 5.00000000000000000000 556.00000000000000000000 4.00186014175415039062
6.53087997436523437500 -4.19999980926513671875 3.79999995231628417969 0.10000000149011610551 64.30000305175781250000 8.00000000000000000000 503.00000000000000000000 2.93916010856628417969
7.71423006057739257812 -2.09999990463256835938 3.20000004768371582031 -0.10000000149011610551 39.90000152587890625000 7.00000000000000000000 432.00000000000000000000 4.02356004714965820312
7.76980018615722656250 6.09999990463256835938 2.50000000000000000000 -1.00000000000000000000 237.19999694824218750000 13.00000000000000000000 545.00000000000000000000 3.65583992004394486841
7.26542997360229492188 -1.70000004768371582031 1.29999995231628417969 1.39999997615814208984 114.00000000000000000000 21.00000000000000000000 50.00000000000000000000 5.13048982620239257812
4.68212985992431640625 -7.59999990463256835938 4.40000009536743164062 0.10000000149011610551 66.19999694824218750000 3.00000000000000000000 407.00000000000000000000 2.11626005172729492188
7.78239011764526367188 4.80000019073486328125 6.50000000000000000000 -1.10000002384185791016 41.09999847412108664457 10.00000000000000000000 556.00000000000000000000 4.13357019424438476562
8.21905994415283203125 11.60000038146972833886 5.50000000000000000000 -2.50000000000000000000 231.39999389648440342171 8.00000000000000000000 586.00000000000000000000 3.10458993911743208471
7.84462976455688476562 -0.10000000149011610551 1.00000000000000000000 1.79999995231628417969 174.00000000000000000000 18.00000000000000000000 50.00000000000000000000 5.11499977111816406250
5.19295978546142578125 -18.60000038146972656250 2.70000004768371582031 0.80000001192092895508 86.00000000000000000000 5.00000000000000000000 92.00000000000000000000 3.44999003410339355469
6.24417018890380859375 2.70000004768371582031 1.50000000000000000000 0.40000000596046447754 196.89999389648440342171 24.00000000000000000000 478.00000000000000000000 3.37758994102478027344
7.42536020278930664062 4.00000000000000000000 5.80000019073486328125 0.20000000298023221101 184.60000610351559657829 20.00000000000000000000 402.00000000000000000000 3.65842008590698242188
8.17611026763916015625 -2.00000000000000000000 3.00000000000000000000 1.29999995231628417969 222.50000000000000000000 17.00000000000000000000 509.00000000000000000000 4.07244014739990234375
8.22603988647460937500 -5.59999990463256835938 2.50000000000000000000 0.00000000000000000000 87.00000000000000000000 17.00000000000000000000 68.00000000000000000000 4.34119987487792968750
7.85670995712280273438 6.30000019073486328125 3.50000000000000000000 -0.10000000149011610551 77.00000000000000000000 7.00000000000000000000 185.00000000000000000000 4.17285013198852539062
7.69119977951049804688 9.19999980926513671875 4.80000019073486328125 -0.10000000149011610551 74.40000152587890625000 20.00000000000000000000 600.00000000000000000000 3.71844005584716796875
7.76216983795166015625 12.19999980926513671875 6.19999980926513671875 -2.09999990463256835938 221.00000000000000000000 14.00000000000000000000 193.00000000000000000000 3.99451994895935103003
6.54965019226074218750 -9.19999980926513671875 4.19999980926513671875 -0.20000000298023221101 78.80000305175781250000 6.00000000000000000000 408.00000000000000000000 3.72568988800048783716
8.19589042663574218750 -3.20000004768371582031 2.00000000000000000000 3.00000000000000000000 211.69999694824218750000 17.00000000000000000000 400.00000000000000000000 4.37827014923095703125
8.17245006561279296875 4.19999980926513671875 5.90000009536743164062 0.30000001192092889957 214.00000000000000000000 16.00000000000000000000 108.00000000000000000000 4.23120021820068359375
7.17088985443115234375 -5.30000019073486328125 2.59999990463256835938 0.10000000149011610551 69.40000152587890625000 22.00000000000000000000 442.00000000000000000000 3.83944988250732421875
5.89440011978149414062 -1.00000000000000000000 1.89999997615814208984 2.70000004768371582031 164.00000000000000000000 1.00000000000000000000 397.00000000000000000000 4.23120021820068359375
5.64545011520385742188 0.30000001192092889957 7.09999990463256835938 -0.10000000149011610551 69.50000000000000000000 2.00000000000000000000 425.00000000000000000000 2.42479991912841796875
8.16707038879394531250 6.30000019073486328125 4.80000019073486328125 -0.30000001192092889957 61.00000000000000000000 15.00000000000000000000 194.00000000000000000000 4.26127004623413085938
7.46107006072998046875 -2.79999995231628417969 1.39999997615814208984 -0.10000000149011610551 243.00000000000000000000 20.00000000000000000000 102.00000000000000000000 3.87742996215820312500
7.43779993057250976562 2.09999990463256835938 1.60000002384185791016 1.00000000000000000000 205.00000000000000000000 20.00000000000000000000 178.00000000000000000000 3.23475003242492675781
5.95584011077880859375 6.69999980926513671875 1.10000002384185791016 0.60000002384185791016 89.90000152587890625000 5.00000000000000000000 605.00000000000000000000 4.03247022628784179688
5.47227001190185635693 -3.79999995231628417969 3.59999990463256835938 1.89999997615814208984 76.69999694824218750000 6.00000000000000000000 469.00000000000000000000 3.92790007591247603003
6.87315988540649414062 5.59999990463256835938 7.00000000000000000000 0.60000002384185791016 191.00000000000000000000 21.00000000000000000000 125.00000000000000000000 2.80335998535156250000
8.26177978515625000000 1.00000000000000000000 3.40000009536743208471 1.29999995231628417969 248.00000000000000000000 8.00000000000000000000 43.00000000000000000000 4.54223012924194335938
7.64107990264892578125 6.69999980926513671875 2.29999995231628417969 -0.40000000596046447754 247.00000000000000000000 10.00000000000000000000 33.00000000000000000000 3.98154997825622558594
7.42475986480712890625 -3.20000004768371582031 4.90000009536743164062 -0.40000000596046447754 78.90000152587890625000 12.00000000000000000000 399.00000000000000000000 3.20679998397827148438
7.71244001388549804688 7.50000000000000000000 1.79999995231628417969 -2.70000004768371582031 273.89999389648437500000 12.00000000000000000000 530.00000000000000000000 4.23410987854003906250
6.12468004226684570312 5.30000019073486328125 3.20000004768371582031 0.00000000000000000000 73.00000000000000000000 1.00000000000000000000 209.00000000000000000000 2.36085009574890136719
8.31066036224365234375 11.30000019073486328125 3.40000009536743208471 0.00000000000000000000 200.30000305175781250000 8.00000000000000000000 603.00000000000000000000 4.20915985107421875000
5.93754005432128906250 -7.80000019073486328125 0.89999997615814208984 1.00000000000000000000 111.69999694824220171085 6.00000000000000000000 447.00000000000000000000 4.14629983901977539062
7.57301998138427734375 -4.59999990463256835938 0.80000001192092895508 1.29999995231628417969 87.19999694824218750000 14.00000000000000000000 464.00000000000000000000 6.39509010314941406250
7.22621011734008789062 -6.50000000000000000000 3.79999995231628417969 -0.10000000149011610551 52.00000000000000000000 21.00000000000000000000 89.00000000000000000000 2.40694999694824218750
5.70043992996215820312 2.70000004768371582031 1.20000004768371582031 1.70000004768371582031 185.00000000000000000000 1.00000000000000000000 180.00000000000000000000 4.01817989349365234375
8.30251026153564453125 3.50000000000000000000 0.50000000000000000000 -2.20000004768371582031 207.89999389648440342171 8.00000000000000000000 535.00000000000000000000 4.58190011978149414062
5.27811002731323242188 1.50000000000000000000 3.29999995231628417969 1.60000002384185791016 251.00000000000000000000 5.00000000000000000000 156.00000000000000000000 3.76815009117126464844
8.34640026092529296875 20.79999923706054687500 2.40000009536743208471 -2.40000009536743208471 230.00000000000000000000 16.00000000000000000000 605.00000000000000000000 4.14945983886718838818
7.84188985824584960938 0.40000000596046447754 2.90000009536743208471 1.89999997615814208984 279.00000000000000000000 18.00000000000000000000 43.00000000000000000000 4.88128995895385742188
7.75060987472534179688 8.19999980926513671875 4.50000000000000000000 0.20000000298023221101 307.00000000000000000000 14.00000000000000000000 32.00000000000000000000 3.15274000167846679688
5.80212020874023437500 2.20000004768371582031 1.00000000000000000000 1.29999995231628417969 299.00000000000000000000 6.00000000000000000000 140.00000000000000000000 2.61006999015808105469
8.00702953338623046875 -2.79999995231628417969 6.00000000000000000000 -0.20000000298023221101 62.50000000000000000000 15.00000000000000000000 453.00000000000000000000 3.65583992004394486841
7.78738021850585937500 7.50000000000000000000 8.10000038146972656250 -0.50000000000000000000 220.00000000000000000000 15.00000000000000000000 156.00000000000000000000 3.87742996215820312500
6.58202981948852539062 2.20000004768371582031 1.79999995231628417969 0.10000000149011610551 64.19999694824218750000 6.00000000000000000000 549.00000000000000000000 4.01096010208129882812
4.55388021469116210938 2.50000000000000000000 3.90000009536743208471 0.10000000149011610551 195.50000000000000000000 3.00000000000000000000 548.00000000000000000000 3.19458007812500000000
7.53635978698730468750 -2.20000004768371582031 1.70000004768371582031 -0.69999998807907104492 250.00000000000000000000 13.00000000000000000000 137.00000000000000000000 4.26127004623413085938
7.77316999435424804688 2.20000004768371582031 3.70000004768371582031 -0.69999998807907104492 211.69999694824218750000 13.00000000000000000000 523.00000000000000000000 3.76584005355834960938
7.97728013992309570312 4.90000009536743164062 2.79999995231628417969 0.30000001192092889957 194.00000000000000000000 17.00000000000000000000 126.00000000000000000000 3.34990000724792480469
4.56435012817382812500 -3.90000009536743208471 1.39999997615814208984 -0.10000000149011610551 76.80000305175781250000 4.00000000000000000000 521.00000000000000000000 2.42479991912841796875
8.07526969909667968750 3.40000009536743208471 5.30000019073486328125 -0.89999997615814208984 10.50000000000000000000 9.00000000000000000000 550.00000000000000000000 3.37417006492614746094
8.18702030181884765625 -4.00000000000000000000 0.89999997615814208984 0.89999997615814208984 245.89999389648440342171 16.00000000000000000000 513.00000000000000000000 4.10098981857299804688
7.97280979156494140625 6.30000019073486328125 4.19999980926513671875 -0.60000002384185791016 81.00000000000000000000 9.00000000000000000000 194.00000000000000000000 4.57882976531982421875
5.42934989929199218750 -7.69999980926513671875 2.50000000000000000000 0.89999997615814208984 352.00000000000000000000 2.00000000000000000000 81.00000000000000000000 4.12713003158569335938
7.95893001556396484375 -1.70000004768371582031 3.70000004768371582031 0.00000000000000000000 40.79999923706054687500 15.00000000000000000000 431.00000000000000000000 4.25134992599487304688
4.54329013824462890625 6.50000000000000000000 3.70000004768371582031 0.00000000000000000000 80.00000000000000000000 4.00000000000000000000 185.00000000000000000000 3.23867988586425781250
7.59035015106201171875 11.69999980926513671875 6.40000009536743164062 -0.20000000298023221101 235.00000000000000000000 13.00000000000000000000 34.00000000000000000000 3.71601009368896484375
7.73192977905273437500 2.59999990463256835938 4.19999980926513671875 -0.20000000298023221101 77.90000152587890625000 14.00000000000000000000 514.00000000000000000000 4.06731986999511718750
7.91205978393554687500 -5.19999980926513671875 4.50000000000000000000 -0.10000000149011610551 76.00000000000000000000 9.00000000000000000000 120.00000000000000000000 4.39198017120361328125
7.64588022232055664062 5.00000000000000000000 1.50000000000000000000 -1.10000002384185791016 243.19999694824218750000 14.00000000000000000000 527.00000000000000000000 4.36054992675781250000
7.98479986190795898438 -8.80000019073486328125 2.09999990463256835938 -0.20000000298023221101 48.00000000000000000000 15.00000000000000000000 88.00000000000000000000 3.82646989822387695312
5.09987020492553710938 6.69999980926513671875 4.30000019073486328125 0.60000002384185791016 183.80000305175781250000 2.00000000000000000000 590.00000000000000000000 3.64545011520385742188
7.62070989608764648438 -0.80000001192092895508 4.69999980926513671875 -0.10000000149011610551 61.40000152587890625000 12.00000000000000000000 417.00000000000000000000 4.18662023544311523438
7.09256982803344726562 4.59999990463256835938 3.40000009536743208471 0.20000000298023221101 194.00000000000000000000 22.00000000000000000000 109.00000000000000000000 3.35689997673034667969
6.86485004425048828125 0.80000001192092895508 1.50000000000000000000 -0.10000000149011610551 231.50000000000000000000 23.00000000000000000000 540.00000000000000000000 3.87536001205444335938
7.64300012588500976562 8.50000000000000000000 4.30000019073486328125 -0.20000000298023221101 322.00000000000000000000 13.00000000000000000000 32.00000000000000000000 3.22287011146545410156
5.11198997497558593750 0.69999998807907104492 1.10000002384185791016 1.60000002384185791016 48.00000000000000000000 4.00000000000000000000 161.00000000000000000000 3.55535006523132324219
7.63722991943359375000 -5.40000009536743164062 4.09999990463256835938 -0.20000000298023221101 72.50000000000000000000 17.00000000000000000000 440.00000000000000000000 3.99082994461059614721
7.35307979583740234375 2.40000009536743208471 1.10000002384185791016 0.89999997615814208984 77.00000000000000000000 21.00000000000000000000 187.00000000000000000000 4.28081989288330078125
5.44674015045166015625 1.60000002384185791016 2.90000009536743208471 -0.10000000149011610551 220.89999389648440342171 5.00000000000000000000 545.00000000000000000000 2.64616990089416503906
7.23128986358642578125 8.00000000000000000000 3.79999995231628417969 1.70000004768371582031 207.89999389648440342171 22.00000000000000000000 583.00000000000000000000 3.50254988670349121094
7.83002996444702059620 9.50000000000000000000 0.80000001192092895508 0.10000000149011610551 110.69999694824220171085 19.00000000000000000000 597.00000000000000000000 4.21064996719360440380
7.98071002960205078125 -11.60000038146972833886 3.09999990463256835938 0.30000001192092889957 78.80000305175781250000 9.00000000000000000000 444.00000000000000000000 4.89933013916015625000
4.99042987823486328125 1.29999995231628417969 2.29999995231628417969 2.20000004768371582031 277.00000000000000000000 2.00000000000000000000 53.00000000000000000000 4.13995981216430664062
4.85980987548828125000 -6.30000019073486328125 3.09999990463256835938 0.60000002384185791016 73.00000000000000000000 2.00000000000000000000 143.00000000000000000000 3.48430991172790527344
6.64509010314941406250 -6.80000019073486328125 1.10000002384185791016 0.10000000149011610551 145.80000305175781250000 24.00000000000000000000 444.00000000000000000000 4.58801984786987304688
5.76205015182495117188 0.10000000149011610551 0.40000000596046447754 0.20000000298023221101 145.00000000000000000000 2.00000000000000000000 112.00000000000000000000 3.37758994102478027344
7.70074987411499023438 11.50000000000000000000 7.30000019073486328125 -2.09999990463256835938 216.00000000000000000000 14.00000000000000000000 210.00000000000000000000 2.71468997001647949219
7.08840990066528320312 0.69999998807907104492 1.10000002384185791016 0.50000000000000000000 295.00000000000000000000 22.00000000000000000000 114.00000000000000000000 3.81551003456115678247
4.84419012069702148438 7.69999980926513671875 3.50000000000000000000 0.10000000149011610551 81.80000305175781250000 4.00000000000000000000 589.00000000000000000000 3.08648991584777832031
7.61874008178710937500 -12.60000038146972833886 2.09999990463256835938 0.50000000000000000000 81.00000000000000000000 15.00000000000000000000 91.00000000000000000000 3.92196989059448153370
6.18001985549926757812 8.89999961853027343750 4.80000019073486328125 1.00000000000000000000 215.00000000000000000000 1.00000000000000000000 34.00000000000000000000 2.68784999847412109375
6.55392980575561523438 3.70000004768371582031 2.79999995231628417969 1.10000002384185791016 241.00000000000000000000 23.00000000000000000000 132.00000000000000000000 3.06804990768432617188
4.73619985580444335938 2.90000009536743208471 2.40000009536743208471 0.60000002384185791016 80.00000000000000000000 3.00000000000000000000 200.00000000000000000000 3.52929997444152832031
6.94793987274169921875 -3.40000009536743208471 0.60000002384185791016 -0.50000000000000000000 97.00000000000000000000 11.00000000000000000000 119.00000000000000000000 3.17388010025024414062
8.19699001312255859375 -10.60000038146972833886 3.40000009536743208471 0.30000001192092889957 81.09999847412109375000 17.00000000000000000000 438.00000000000000000000 4.90602016448974609375
8.10892009735107421875 1.00000000000000000000 1.20000004768371582031 1.50000000000000000000 215.00000000000000000000 18.00000000000000000000 47.00000000000000000000 4.48187017440795898438
6.79571008682250976562 -4.00000000000000000000 3.70000004768371582031 -0.20000000298023221101 56.90000152587890625000 11.00000000000000000000 434.00000000000000000000 3.44041991233825683594
8.05768966674804687500 2.29999995231628417969 1.29999995231628417969 0.50000000000000000000 152.00000000000000000000 9.00000000000000000000 36.00000000000000000000 4.92434978485107421875
8.16222953796386718750 4.69999980926513671875 5.90000009536743164062 0.40000000596046447754 207.00000000000000000000 17.00000000000000000000 128.00000000000000000000 4.03247022628784179688
8.18227958679199218750 4.09999990463256835938 2.09999990463256835938 0.30000001192092889957 177.00000000000000000000 8.00000000000000000000 127.00000000000000000000 4.32545995712280273438
7.64826011657714843750 4.80000019073486328125 4.40000009536743164062 -0.60000002384185791016 229.00000000000000000000 13.00000000000000000000 141.00000000000000000000 3.94158005714416503906
5.63835000991821289062 -13.80000019073486328125 1.00000000000000000000 1.79999995231628417969 61.00000000000000000000 7.00000000000000000000 91.00000000000000000000 3.44041991233825683594
7.58425998687744140625 10.50000000000000000000 2.09999990463256835938 0.50000000000000000000 214.50000000000000000000 20.00000000000000000000 598.00000000000000000000 3.69882988929748490747
7.54750013351440429688 -8.00000000000000000000 0.30000001192092889957 -0.20000000298023221101 289.00000000000000000000 14.00000000000000000000 95.00000000000000000000 4.10759019851684570312
6.74052000045776367188 -6.40000009536743164062 2.79999995231628417969 -0.10000000149011610551 77.00000000000000000000 22.00000000000000000000 84.00000000000000000000 3.21083998680114746094
4.81218004226684570312 -6.40000009536743164062 4.69999980926513671875 0.40000000596046447754 75.90000152587890625000 7.00000000000000000000 451.00000000000000000000 2.53369998931884810034
7.65727996826171875000 2.50000000000000000000 2.50000000000000000000 -0.20000000298023221101 60.79999923706054687500 10.00000000000000000000 404.00000000000000000000 3.36730003356933593750
7.47022008895874023438 10.80000019073486328125 2.59999990463256835938 -3.50000000000000000000 262.00000000000000000000 12.00000000000000000000 203.00000000000000000000 2.83908009529113769531
5.54907989501953125000 5.50000000000000000000 2.00000000000000000000 -0.10000000149011610551 75.09999847412109375000 2.00000000000000000000 582.00000000000000000000 2.65323996543884277344
7.57763004302978515625 -0.20000000298023221101 2.79999995231628417969 -0.10000000149011610551 85.00000000000000000000 16.00000000000000000000 111.00000000000000000000 3.81330990791320800781
8.20083999633789062500 -9.00000000000000000000 2.40000009536743208471 0.00000000000000000000 84.00000000000000000000 8.00000000000000000000 100.00000000000000000000 4.33336019515991210938
7.88757991790771484375 -5.00000000000000000000 4.69999980926513671875 -0.10000000149011610551 47.20000076293945312500 9.00000000000000000000 409.00000000000000000000 4.31080007553100585938
8.31385040283203125000 12.19999980926513671875 4.00000000000000000000 -2.79999995231628417969 230.39999389648440342171 17.00000000000000000000 572.00000000000000000000 4.04829978942871093750
7.07749986648559570312 4.90000009536743164062 4.90000009536743164062 -0.10000000149011610551 229.00000000000000000000 11.00000000000000000000 126.00000000000000000000 2.51769995689392089844
5.52942991256713867188 -1.50000000000000000000 7.50000000000000000000 0.30000001192092889957 3.00000000000000000000 5.00000000000000000000 40.00000000000000000000 2.54944992065429687500
7.43247985839843661182 8.89999961853027343750 2.00000000000000000000 -2.40000009536743208471 201.39999389648440342171 12.00000000000000000000 581.00000000000000000000 3.39451003074645996094
7.96727991104125976562 9.80000019073486328125 2.20000004768371582031 0.00000000000000000000 44.00000000000000000000 18.00000000000000000000 189.00000000000000000000 3.01062011718750000000
7.78779983520507812500 0.00000000000000000000 2.70000004768371582031 -0.10000000149011610551 82.00000000000000000000 18.00000000000000000000 70.00000000000000000000 3.28466010093688964844
7.52617979049682617188 -5.50000000000000000000 3.00000000000000000000 1.60000002384185791016 75.00000000000000000000 21.00000000000000000000 98.00000000000000000000 3.88156008720397993628
7.79974985122680664062 -0.80000001192092895508 0.80000001192092895508 1.10000002384185791016 80.00000000000000000000 18.00000000000000000000 113.00000000000000000000 4.28495979309082031250
8.13710021972656250000 6.40000009536743164062 2.20000004768371582031 -2.59999990463256835938 246.60000610351559657829 9.00000000000000000000 575.00000000000000000000 4.31347990036010742188
8.14148044586181640625 -2.79999995231628417969 4.00000000000000000000 -0.30000001192092889957 79.00000000000000000000 8.00000000000000000000 149.00000000000000000000 4.33336019515991210938
7.00759983062744140625 -3.40000009536743208471 1.50000000000000000000 1.70000004768371582031 76.00000000000000000000 23.00000000000000000000 44.00000000000000000000 4.21655988693237304688
4.12713003158569335938 2.50000000000000000000 5.59999990463256835938 0.30000001192092889957 213.50000000000000000000 3.00000000000000000000 526.00000000000000000000 2.79728007316589355469
8.21310997009277343750 1.10000002384185791016 9.30000019073486328125 0.10000000149011610551 213.89999389648440342171 17.00000000000000000000 481.00000000000000000000 3.71112990379333496094
5.56833982467651367188 4.80000019073486328125 1.60000002384185791016 0.60000002384185791016 220.00000000000000000000 2.00000000000000000000 204.00000000000000000000 2.69462990760803178247
7.41998004913330078125 -4.59999990463256835938 3.00000000000000000000 -0.10000000149011610551 82.00000000000000000000 20.00000000000000000000 115.00000000000000000000 4.12713003158569335938
7.82844018936157226562 3.59999990463256835938 0.80000001192092895508 1.50000000000000000000 87.69999694824218750000 19.00000000000000000000 529.00000000000000000000 4.75359010696411132812
6.75809001922607421875 -4.69999980926513671875 1.60000002384185791016 0.69999998807907104492 262.89999389648437500000 9.00000000000000000000 468.00000000000000000000 4.26549005508422851562
4.98361015319824218750 1.79999995231628417969 3.50000000000000000000 0.30000001192092889957 121.00000000000000000000 4.00000000000000000000 128.00000000000000000000 2.28238010406494140625
6.85435009002685635693 1.20000004768371582031 5.00000000000000000000 0.00000000000000000000 65.90000152587890625000 23.00000000000000000000 404.00000000000000000000 2.41591000556945800781
8.23853969573974609375 -1.70000004768371582031 5.40000009536743164062 -0.10000000149011610551 58.20000076293945312500 17.00000000000000000000 417.00000000000000000000 4.12389993667602539062
7.04140996932983398438 -0.69999998807907104492 2.70000004768371582031 1.20000004768371582031 73.00000000000000000000 22.00000000000000000000 72.00000000000000000000 3.79549002647399902344
7.51914978027343661182 3.00000000000000000000 3.40000009536743208471 0.60000002384185791016 44.09999847412108664457 20.00000000000000000000 528.00000000000000000000 4.50424003601074218750
5.81711006164550781250 1.29999995231628417969 3.79999995231628417969 0.30000001192092889957 33.00000000000000000000 5.00000000000000000000 174.00000000000000000000 1.58923995494842529297
7.76132011413574218750 0.00000000000000000000 0.69999998807907104492 0.60000002384185791016 147.69999694824218750000 18.00000000000000000000 470.00000000000000000000 4.94876003265380859375
7.46566009521484375000 6.40000009536743164062 9.60000038146972833886 0.60000002384185791016 264.29998779296875000000 13.00000000000000000000 471.00000000000000000000 4.22243976593017578125
7.91681003570556640625 -9.10000038146972833886 1.60000002384185791016 0.60000002384185791016 21.00000000000000000000 14.00000000000000000000 83.00000000000000000000 3.89588999748229980469
7.99934005737304687500 4.80000019073486328125 2.59999990463256835938 0.30000001192092889957 194.00000000000000000000 16.00000000000000000000 126.00000000000000000000 3.74950003623962402344
5.86362981796264737255 -0.60000002384185791016 0.60000002384185791016 1.70000004768371582031 142.00000000000000000000 1.00000000000000000000 79.00000000000000000000 4.22243976593017578125
7.94057989120483398438 4.30000019073486328125 5.59999990463256835938 -0.89999997615814208984 64.00000000000000000000 12.00000000000000000000 174.00000000000000000000 3.45947003364562988281
7.65064001083374023438 0.80000001192092895508 3.40000009536743208471 -0.40000000596046447754 70.00000000000000000000 12.00000000000000000000 167.00000000000000000000 3.67376995086669921875
7.99563980102539062500 12.19999980926513671875 5.40000009536743164062 -1.39999997615814208984 234.00000000000000000000 17.00000000000000000000 203.00000000000000000000 2.93386006355285644531
7.41156005859375000000 3.29999995231628417969 6.80000019073486328125 1.00000000000000000000 197.19999694824218750000 20.00000000000000000000 472.00000000000000000000 3.95316004753112792969
5.07517004013061523438 -4.80000019073486328125 0.60000002384185791016 0.10000000149011610551 103.69999694824220171085 2.00000000000000000000 520.00000000000000000000 3.72568988800048783716
8.08364009857177734375 -7.00000000000000000000 1.39999997615814208984 -0.10000000149011610551 242.30000305175781250000 15.00000000000000000000 467.00000000000000000000 4.56954002380371093750
8.14988994598388671875 5.40000009536743164062 3.00000000000000000000 0.10000000149011610551 234.00000000000000000000 15.00000000000000000000 131.00000000000000000000 3.85650992393493696753
7.61628007888793945312 5.09999990463256835938 2.90000009536743208471 1.10000002384185791016 192.00000000000000000000 20.00000000000000000000 192.00000000000000000000 3.65324997901916503906
7.67183017730712890625 2.59999990463256835938 1.60000002384185791016 0.30000001192092889957 224.19999694824218750000 19.00000000000000000000 527.00000000000000000000 4.16043996810913085938
6.16331005096435635693 -3.70000004768371582031 3.90000009536743208471 0.30000001192092889957 30.89999961853027699021 1.00000000000000000000 406.00000000000000000000 1.22378003597259521484
6.30078983306884765625 -1.60000002384185791016 2.00000000000000000000 0.10000000149011610551 289.10000610351562500000 7.00000000000000000000 510.00000000000000000000 2.92851996421814009253
4.62496995925903320312 -9.60000038146972833886 2.90000009536743208471 0.80000001192092895508 73.00000000000000000000 6.00000000000000000000 86.00000000000000000000 2.79728007316589355469
6.56385993957519531250 -1.20000004768371582031 2.09999990463256835938 1.89999997615814208984 192.89999389648440342171 6.00000000000000000000 446.00000000000000000000 4.32677984237670898438
8.06746006011962890625 19.60000038146972656250 2.59999990463256835938 -2.79999995231628417969 244.39999389648440342171 14.00000000000000000000 605.00000000000000000000 3.77045989036560058594
6.93924999237060546875 4.19999980926513671875 5.50000000000000000000 -0.40000000596046447754 238.00000000000000000000 9.00000000000000000000 160.00000000000000000000 2.99072003364562988281
5.11198997497558593750 -4.40000009536743164062 4.19999980926513671875 -0.10000000149011610551 55.00000000000000000000 4.00000000000000000000 119.00000000000000000000 1.70474994182586669922
7.35946989059448242188 -9.60000038146972833886 1.29999995231628417969 0.10000000149011610551 64.59999847412109375000 21.00000000000000000000 437.00000000000000000000 4.53474998474121093750
7.78489017486572265625 0.69999998807907104492 2.09999990463256835938 0.60000002384185791016 219.89999389648440342171 7.00000000000000000000 551.00000000000000000000 3.97406005859375000000
5.17614984512329101562 -2.70000004768371582031 2.20000004768371582031 1.50000000000000000000 219.00000000000000000000 3.00000000000000000000 153.00000000000000000000 4.26549005508422851562
8.02027034759521484375 -5.19999980926513671875 4.30000019073486328125 -0.10000000149011610551 17.00000000000000000000 16.00000000000000000000 116.00000000000000000000 3.72086000442504882812
5.88887977600097656250 9.00000000000000000000 1.00000000000000000000 0.20000000298023221101 151.60000610351562500000 2.00000000000000000000 601.00000000000000000000 3.46573996543884277344
7.33433008193969726562 -14.69999980926513671875 0.80000001192092895508 0.00000000000000000000 212.00000000000000000000 17.00000000000000000000 457.00000000000000000000 4.07073020935058593750
7.82723999023437500000 -10.10000038146972833886 1.70000004768371582031 0.60000002384185791016 70.80000305175781250000 7.00000000000000000000 443.00000000000000000000 4.75616979598999023438
6.52649021148681640625 -0.30000001192092889957 6.09999990463256835938 -0.20000000298023221101 68.90000152587890625000 6.00000000000000000000 429.00000000000000000000 3.68887996673583984375
7.72532987594604492188 -2.29999995231628417969 4.09999990463256835938 -0.10000000149011610551 61.90000152587890625000 19.00000000000000000000 417.00000000000000000000 3.62700009346008300781
8.20302963256835937500 3.50000000000000000000 3.29999995231628417969 -0.20000000298023221101 51.90000152587890625000 16.00000000000000000000 576.00000000000000000000 4.24849987030029296875
6.13122987747192382812 3.50000000000000000000 8.39999961853027343750 0.60000002384185791016 209.89999389648440342171 7.00000000000000000000 475.00000000000000000000 3.25810003280639648438
8.24905014038085937500 0.80000001192092895508 1.29999995231628417969 0.20000000298023221101 215.00000000000000000000 8.00000000000000000000 162.00000000000000000000 4.11086988449096679688
6.39024019241333007812 2.00000000000000000000 0.60000002384185791016 1.10000002384185791016 177.00000000000000000000 7.00000000000000000000 139.00000000000000000000 3.56104993820190429688
7.61430978775024414062 0.89999997615814208984 3.90000009536743208471 0.10000000149011610551 107.00000000000000000000 19.00000000000000000000 65.00000000000000000000 3.61091995239257812500
7.56940984725952148438 10.69999980926513671875 3.09999990463256835938 -0.89999997615814208984 56.00000000000000000000 13.00000000000000000000 189.00000000000000000000 2.21919989585876464844
5.50938987731933593750 -1.39999997615814208984 5.40000009536743164062 0.50000000000000000000 88.00000000000000000000 2.00000000000000000000 167.00000000000000000000 3.30689001083373979029
7.85516023635864257812 6.50000000000000000000 5.19999980926513671875 -0.20000000298023221101 69.00000000000000000000 19.00000000000000000000 196.00000000000000000000 3.09103989601135253906
7.97488021850585937500 -1.60000002384185791016 3.50000000000000000000 0.50000000000000000000 34.50000000000000000000 18.00000000000000000000 480.00000000000000000000 4.23554992675781250000
6.83625984191894531250 7.80000019073486328125 7.50000000000000000000 0.80000001192092895508 220.00000000000000000000 21.00000000000000000000 34.00000000000000000000 2.66722989082336425781
5.68697977066040039062 11.00000000000000000000 1.20000004768371582031 -4.09999990463256835938 286.60000610351562500000 7.00000000000000000000 594.00000000000000000000 2.42479991912841796875
5.20948982238769531250 -12.89999961853027166114 1.10000002384185791016 1.60000002384185791016 219.50000000000000000000 3.00000000000000000000 489.00000000000000000000 4.17746019363403320312
7.79811000823974609375 16.10000038146972656250 1.70000004768371582031 -0.20000000298023221101 246.10000610351559657829 19.00000000000000000000 570.00000000000000000000 4.35543012619018554688
7.49165010452270507812 -9.50000000000000000000 2.00000000000000000000 -0.10000000149011610551 77.30000305175781250000 20.00000000000000000000 437.00000000000000000000 4.45899009704589843750
5.86078977584838867188 6.50000000000000000000 3.59999990463256835938 0.10000000149011610551 49.00000000000000000000 2.00000000000000000000 196.00000000000000000000 1.50408005714416503906
7.83952999114990234375 11.50000000000000000000 2.50000000000000000000 -2.70000004768371582031 243.60000610351559657829 15.00000000000000000000 575.00000000000000000000 3.78871989250183105469
8.08672046661376953125 -13.60000038146972833886 3.09999990463256835938 0.00000000000000000000 77.00000000000000000000 8.00000000000000000000 96.00000000000000000000 4.07414007186889648438
7.32777976989746093750 -4.90000009536743164062 4.59999990463256835938 0.30000001192092889957 359.00000000000000000000 21.00000000000000000000 116.00000000000000000000 3.57235002517700195312
4.86752986907958984375 2.09999990463256835938 3.00000000000000000000 0.60000002384185791016 217.00000000000000000000 2.00000000000000000000 177.00000000000000000000 2.77882003784179687500
7.68202018737792968750 3.50000000000000000000 5.00000000000000000000 -1.00000000000000000000 78.00000000000000000000 11.00000000000000000000 166.00000000000000000000 4.30946016311645507812
7.61726999282836914062 -4.19999980926513671875 3.70000004768371582031 -0.10000000149011610551 217.80000305175781250000 10.00000000000000000000 481.00000000000000000000 4.24276018142700195312
7.82723999023437500000 17.79999923706054687500 3.50000000000000000000 -1.70000004768371582031 254.10000610351559657829 17.00000000000000000000 568.00000000000000000000 3.16968989372253417969
7.24707984924316406250 -10.60000038146972833886 5.50000000000000000000 0.00000000000000000000 62.50000000000000000000 10.00000000000000000000 456.00000000000000000000 4.30406999588012695312
6.55108022689819335938 -12.00000000000000000000 2.79999995231628417969 0.40000000596046447754 82.50000000000000000000 6.00000000000000000000 444.00000000000000000000 4.44147014617919921875
5.61313009262084960938 -4.40000009536743164062 2.90000009536743208471 0.30000001192092889957 74.00000000000000000000 1.00000000000000000000 101.00000000000000000000 3.81330990791320800781
4.81218004226684570312 2.70000004768371582031 1.89999997615814208984 0.30000001192092889957 204.19999694824218750000 2.00000000000000000000 479.00000000000000000000 2.92851996421814009253
7.34922981262207031250 -0.40000000596046447754 1.89999997615814208984 1.00000000000000000000 77.00000000000000000000 21.00000000000000000000 72.00000000000000000000 3.96651005744934082031
6.40853023529052734375 -0.89999997615814208984 3.00000000000000000000 0.10000000149011610551 235.00000000000000000000 1.00000000000000000000 69.00000000000000000000 3.23079991340637207031
7.17854976654052734375 4.90000009536743164062 5.00000000000000000000 -0.60000002384185791016 76.19999694824218750000 9.00000000000000000000 573.00000000000000000000 2.87919998168945312500
5.93754005432128906250 -2.79999995231628417969 2.09999990463256835938 -0.20000000298023221101 65.00000000000000000000 1.00000000000000000000 124.00000000000000000000 3.35689997673034667969
6.86589002609252929688 -6.80000019073486328125 6.90000009536743164062 -0.10000000149011610551 50.00000000000000000000 10.00000000000000000000 90.00000000000000000000 2.57260990142822265625
7.68385982513427734375 0.60000002384185791016 4.69999980926513671875 -1.20000004768371582031 58.20000076293945312500 10.00000000000000000000 417.00000000000000000000 4.40304994583129882812
4.64439010620117187500 -3.29999995231628417969 1.89999997615814208984 1.29999995231628417969 88.00000000000000000000 3.00000000000000000000 51.00000000000000000000 3.66098999977111816406
5.43372011184692382812 7.00000000000000000000 4.69999980926513671875 0.00000000000000000000 27.50000000000000000000 2.00000000000000000000 593.00000000000000000000 1.97407996654510498047
6.92755985260009765625 1.79999995231628417969 4.19999980926513671875 0.30000001192092889957 207.00000000000000000000 23.00000000000000000000 130.00000000000000000000 3.25424003601074218750
8.31898975372314453125 1.60000002384185791016 2.70000004768371582031 -0.30000001192092889957 209.89999389648440342171 16.00000000000000000000 523.00000000000000000000 3.79098010063171386719
5.40267992019653320312 1.29999995231628417969 0.89999997615814208984 0.69999998807907104492 68.40000152587890625000 5.00000000000000000000 581.00000000000000000000 3.13548994064331054688
8.03948020935058593750 4.90000009536743164062 5.09999990463256835938 -0.69999998807907104492 338.00000000000000000000 9.00000000000000000000 172.00000000000000000000 3.35341000556945800781
7.88832998275756835938 3.79999995231628417969 1.10000002384185791016 2.20000004768371582031 34.90000152587890625000 19.00000000000000000000 532.00000000000000000000 4.50313997268676757812
6.68959999084472656250 0.30000001192092889957 0.60000002384185791016 0.69999998807907104492 252.00000000000000000000 21.00000000000000000000 104.00000000000000000000 3.79549002647399902344
6.39358997344970703125 -13.39999961853027166114 4.40000009536743164062 -0.10000000149011610551 80.00000000000000000000 6.00000000000000000000 95.00000000000000000000 3.94546008110046386719
6.12248992919921875000 4.50000000000000000000 2.90000009536743208471 0.60000002384185791016 196.00000000000000000000 1.00000000000000000000 125.00000000000000000000 2.73436999320983886719
6.67581987380981534130 6.59999990463256835938 1.60000002384185791016 0.40000000596046447754 104.50000000000000000000 23.00000000000000000000 579.00000000000000000000 4.13035011291503906250
7.02908992767333984375 -16.20000076293945312500 2.59999990463256835938 0.89999997615814208984 73.00000000000000000000 22.00000000000000000000 91.00000000000000000000 3.99082994461059614721
8.06777954101562500000 3.90000009536743208471 2.79999995231628417969 -0.10000000149011610551 43.50000000000000000000 18.00000000000000000000 576.00000000000000000000 4.13035011291503906250
7.06647014617919921875 0.20000000298023221101 3.00000000000000000000 1.00000000000000000000 90.00000000000000000000 21.00000000000000000000 174.00000000000000000000 4.20468997955322265625
5.99644994735717773438 8.60000038146972656250 2.59999990463256835938 0.00000000000000000000 82.00000000000000000000 5.00000000000000000000 600.00000000000000000000 3.23079991340637207031
6.34036016464233398438 -4.09999990463256835938 2.90000009536743208471 -0.10000000149011610551 60.59999847412108664457 8.00000000000000000000 433.00000000000000000000 3.16547989845275878906
7.21598005294799804688 8.80000019073486328125 2.09999990463256835938 0.69999998807907104492 90.09999847412109375000 21.00000000000000000000 579.00000000000000000000 4.04829978942871093750
7.96554994583129882812 1.10000002384185791016 3.90000009536743208471 0.00000000000000000000 78.00000000000000000000 9.00000000000000000000 59.00000000000000000000 4.00186014175415039062
7.64012002944946289062 5.90000009536743164062 2.40000009536743208471 2.59999990463256835938 249.00000000000000000000 16.00000000000000000000 48.00000000000000000000 4.26127004623413085938
4.49981021881103515625 3.90000009536743208471 3.59999990463256835938 0.10000000149011610551 68.00000000000000000000 3.00000000000000000000 198.00000000000000000000 2.63906002044677734375
7.23778009414672762745 11.89999961853027166114 4.19999980926513671875 -1.29999995231628417969 233.00000000000000000000 15.00000000000000000000 180.00000000000000000000 2.41591000556945800781
5.06260013580322265625 -2.09999990463256835938 2.50000000000000000000 -0.10000000149011610551 81.69999694824218750000 4.00000000000000000000 400.00000000000000000000 2.73436999320983886719
7.25275993347167968750 1.10000002384185791016 1.39999997615814208984 1.20000004768371582031 78.90000152587890625000 21.00000000000000000000 530.00000000000000000000 4.51196002960205078125
5.30329990386962890625 -0.60000002384185791016 2.79999995231628417969 0.00000000000000000000 76.00000000000000000000 5.00000000000000000000 56.00000000000000000000 2.50959992408752441406
6.57507991790771484375 6.19999980926513671875 1.29999995231628417969 1.10000002384185791016 226.00000000000000000000 24.00000000000000000000 200.00000000000000000000 3.99268007278442382812
7.56630992889404296875 -5.50000000000000000000 3.50000000000000000000 -0.10000000149011610551 65.09999847412109375000 12.00000000000000000000 436.00000000000000000000 4.51196002960205078125
7.27585983276367187500 -7.19999980926513671875 1.29999995231628417969 1.00000000000000000000 85.00000000000000000000 21.00000000000000000000 143.00000000000000000000 4.49646997451782226562
6.63199996948242187500 4.09999990463256835938 3.90000009536743208471 0.30000001192092889957 212.00000000000000000000 6.00000000000000000000 106.00000000000000000000 3.45632004737854003906
7.65159988403320312500 7.19999980926513671875 1.50000000000000000000 -0.40000000596046447754 248.00000000000000000000 16.00000000000000000000 531.00000000000000000000 3.81110000610351606909
4.45434999465942382812 -13.80000019073486328125 4.19999980926513671875 0.20000000298023221101 80.00000000000000000000 4.00000000000000000000 95.00000000000000000000 3.86072993278503417969
7.61480998992919921875 6.90000009536743164062 2.70000004768371582031 0.10000000149011610551 178.00000000000000000000 19.00000000000000000000 190.00000000000000000000 3.91201996803283691406
8.17527008056640625000 -3.90000009536743208471 2.79999995231628417969 0.30000001192092889957 52.40000152587890625000 16.00000000000000000000 486.00000000000000000000 4.12065982818603515625
8.16137981414794921875 -2.20000004768371582031 1.70000004768371582031 1.10000002384185791016 69.00000000000000000000 8.00000000000000000000 73.00000000000000000000 4.50091981887817382812
7.80261993408203125000 -4.59999990463256835938 5.69999980926513671875 -0.20000000298023221101 81.00000000000000000000 18.00000000000000000000 122.00000000000000000000 4.30675983428955078125
5.65948009490966796875 -5.09999990463256835938 3.90000009536743208471 0.00000000000000000000 46.50000000000000000000 7.00000000000000000000 406.00000000000000000000 1.28093004226684570312
7.75148010253906250000 2.09999990463256835938 4.90000009536743164062 0.20000000298023221101 149.00000000000000000000 19.00000000000000000000 60.00000000000000000000 3.45632004737854003906
8.08887004852294921875 15.10000038146972833886 1.89999997615814208984 -5.09999990463256835938 240.69999694824218750000 9.00000000000000000000 599.00000000000000000000 4.03953981399536132812
4.83627986907958984375 2.00000000000000000000 1.70000004768371582031 -0.10000000149011610551 63.09999847412108664457 4.00000000000000000000 549.00000000000000000000 3.19458007812500000000
7.98718023300170898438 -1.60000002384185791016 5.30000019073486328125 0.60000002384185791016 227.00000000000000000000 18.00000000000000000000 81.00000000000000000000 3.99268007278442382812
7.71244001388549804688 -9.89999961853027166114 2.70000004768371582031 0.69999998807907104492 78.00000000000000000000 21.00000000000000000000 119.00000000000000000000 4.19117021560668945312
5.57595014572143643505 -3.50000000000000000000 4.59999990463256835938 -0.10000000149011610551 62.29999923706054687500 5.00000000000000000000 418.00000000000000000000 2.69462990760803178247
5.81114006042480468750 -3.09999990463256835938 1.79999995231628417969 0.30000001192092889957 78.00000000000000000000 2.00000000000000000000 55.00000000000000000000 3.83297991752624511719
4.76216983795166015625 1.70000004768371582031 0.30000001192092889957 1.29999995231628417969 112.50000000000000000000 3.00000000000000000000 563.00000000000000000000 4.17130994796752929688
6.33150005340576171875 -5.09999990463256835938 1.60000002384185791016 1.00000000000000000000 251.60000610351559657829 8.00000000000000000000 468.00000000000000000000 4.23699998855590820312
7.60937023162841796875 -0.10000000149011610551 3.90000009536743208471 -0.20000000298023221101 74.30000305175781250000 10.00000000000000000000 430.00000000000000000000 4.07922983169555664062
7.67879009246826171875 4.09999990463256835938 4.40000009536743164062 0.50000000000000000000 297.10000610351562500000 10.00000000000000000000 473.00000000000000000000 4.33860015869140625000
5.74620008468627929688 -6.40000009536743164062 5.09999990463256835938 -0.10000000149011610551 82.00000000000000000000 6.00000000000000000000 118.00000000000000000000 3.19458007812500000000
4.65396022796630859375 -5.69999980926513671875 4.90000009536743164062 -0.10000000149011610551 58.50000000000000000000 4.00000000000000000000 409.00000000000000000000 2.28238010406494140625
7.78321981430053710938 3.70000004768371582031 2.20000004768371582031 0.00000000000000000000 40.50000000000000000000 19.00000000000000000000 576.00000000000000000000 4.01997995376586914062
5.82305002212524414062 4.59999990463256835938 4.30000019073486328125 0.30000001192092889957 203.00000000000000000000 1.00000000000000000000 127.00000000000000000000 3.15274000167846679688
7.68064022064208984375 0.30000001192092889957 1.29999995231628417969 1.39999997615814208984 221.80000305175781250000 19.00000000000000000000 469.00000000000000000000 4.47049999237060546875
7.76302003860473632812 12.30000019073486328125 2.00000000000000000000 -3.70000004768371582031 273.39999389648437500000 11.00000000000000000000 563.00000000000000000000 4.36436986923217773438
5.66642999649047940380 6.69999980926513671875 2.40000009536743208471 -0.10000000149011610551 66.09999847412109375000 5.00000000000000000000 592.00000000000000000000 3.33931994438171386719
7.66763019561767578125 0.60000002384185791016 5.80000019073486328125 0.00000000000000000000 42.09999847412108664457 14.00000000000000000000 480.00000000000000000000 3.84588003158569291529
5.90808010101318359375 -8.10000038146972656250 3.79999995231628417969 -0.10000000149011610551 48.50000000000000000000 1.00000000000000000000 456.00000000000000000000 2.59524989128112792969
7.68569993972778320312 1.79999995231628417969 1.79999995231628417969 -1.10000002384185791016 269.00000000000000000000 10.00000000000000000000 138.00000000000000000000 4.75874996185302734375
7.74587011337280273438 1.60000002384185791016 2.09999990463256835938 -0.10000000149011610551 146.00000000000000000000 17.00000000000000000000 167.00000000000000000000 3.81330990791320800781
5.14749002456665039062 -6.50000000000000000000 1.70000004768371582031 0.80000001192092895508 184.00000000000000000000 5.00000000000000000000 154.00000000000000000000 4.31615018844604492188
7.72355985641479492188 -5.09999990463256835938 0.69999998807907104492 -0.20000000298023221101 216.60000610351559657829 11.00000000000000000000 445.00000000000000000000 4.29591989517211914062
6.89769983291625976562 -1.39999997615814208984 4.80000019073486328125 -0.10000000149011610551 72.00000000000000000000 23.00000000000000000000 57.00000000000000000000 3.18220996856689453125
