3.00000000000000000000 0.00000000000000000000 19.00000000000000000000 2067.00000000000000000000
2.00000000000000000000 1.00000000000000000000 15.00000000000000000000 0.00000000000000000000
2.00000000000000000000 1.00000000000000000000 18.00000000000000000000 0.00000000000000000000
2.00000000000000000000 2.00000000000000000000 19.00000000000000000000 0.00000000000000000000
2.00000000000000000000 4.00000000000000000000 5.00000000000000000000 0.00000000000000000000
3.00000000000000000000 3.00000000000000000000 5.00000000000000000000 16704.00000000000000000000
0.00000000000000000000 4.00000000000000000000 19.00000000000000000000 94.00000000000000000000
2.00000000000000000000 4.00000000000000000000 14.00000000000000000000 0.00000000000000000000
0.00000000000000000000 0.00000000000000000000 13.00000000000000000000 99.00000000000000000000
3.00000000000000000000 2.00000000000000000000 14.00000000000000000000 32.00000000000000000000
0.00000000000000000000 0.00000000000000000000 15.00000000000000000000 389.00000000000000000000
1.00000000000000000000 2.00000000000000000000 10.00000000000000000000 0.00000000000000000000
0.00000000000000000000 0.00000000000000000000 3.00000000000000000000 1522.00000000000000000000
1.00000000000000000000 4.00000000000000000000 10.00000000000000000000 79.00000000000000000000
0.00000000000000000000 4.00000000000000000000 9.00000000000000000000 23.00000000000000000000
1.00000000000000000000 2.00000000000000000000 9.00000000000000000000 0.00000000000000000000
0.00000000000000000000 0.00000000000000000000 2.00000000000000000000 4128.00000000000000000000
0.00000000000000000000 0.00000000000000000000 18.00000000000000000000 143.00000000000000000000
4.00000000000000000000 1.00000000000000000000 17.00000000000000000000 0.00000000000000000000
2.00000000000000000000 4.00000000000000000000 9.00000000000000000000 0.00000000000000000000
1.00000000000000000000 4.00000000000000000000 12.00000000000000000000 0.00000000000000000000
4.00000000000000000000 2.00000000000000000000 15.00000000000000000000 0.00000000000000000000
3.00000000000000000000 1.00000000000000000000 13.00000000000000000000 0.00000000000000000000
0.00000000000000000000 2.00000000000000000000 7.00000000000000000000 0.00000000000000000000
2.00000000000000000000 0.00000000000000000000 18.00000000000000000000 0.00000000000000000000
0.00000000000000000000 4.00000000000000000000 3.00000000000000000000 0.00000000000000000000
1.00000000000000000000 2.00000000000000000000 17.00000000000000000000 16.00000000000000000000
0.00000000000000000000 0.00000000000000000000 7.00000000000000000000 4634.00000000000000000000
2.00000000000000000000 1.00000000000000000000 13.00000000000000000000 0.00000000000000000000
2.00000000000000000000 1.00000000000000000000 2.00000000000000000000 13.00000000000000000000
2.00000000000000000000 3.00000000000000000000 3.00000000000000000000 0.00000000000000000000
4.00000000000000000000 0.00000000000000000000 3.00000000000000000000 9.00000000000000000000
1.00000000000000000000 3.00000000000000000000 16.00000000000000000000 30.00000000000000000000
1.00000000000000000000 1.00000000000000000000 13.00000000000000000000 0.00000000000000000000
4.00000000000000000000 3.00000000000000000000 9.00000000000000000000 3.00000000000000000000
3.00000000000000000000 4.00000000000000000000 7.00000000000000000000 18.00000000000000000000
3.00000000000000000000 0.00000000000000000000 10.00000000000000000000 1599.00000000000000000000
2.00000000000000000000 1.00000000000000000000 19.00000000000000000000 0.00000000000000000000
4.00000000000000000000 4.00000000000000000000 7.00000000000000000000 0.00000000000000000000
0.00000000000000000000 1.00000000000000000000 8.00000000000000000000 0.00000000000000000000
2.00000000000000000000 3.00000000000000000000 12.00000000000000000000 0.00000000000000000000
0.00000000000000000000 1.00000000000000000000 7.00000000000000000000 547.00000000000000000000
4.00000000000000000000 0.00000000000000000000 9.00000000000000000000 12.00000000000000000000
0.00000000000000000000 0.00000000000000000000 19.00000000000000000000 1420.00000000000000000000
1.00000000000000000000 2.00000000000000000000 5.00000000000000000000 0.00000000000000000000
2.00000000000000000000 1.00000000000000000000 16.00000000000000000000 0.00000000000000000000
2.00000000000000000000 3.00000000000000000000 11.00000000000000000000 0.00000000000000000000
3.00000000000000000000 0.00000000000000000000 8.00000000000000000000 2301.00000000000000000000
1.00000000000000000000 4.00000000000000000000 18.00000000000000000000 0.00000000000000000000
3.00000000000000000000 1.00000000000000000000 1.00000000000000000000 562.00000000000000000000
0.00000000000000000000 3.00000000000000000000 6.00000000000000000000 2137.00000000000000000000
4.00000000000000000000 1.00000000000000000000 11.00000000000000000000 0.00000000000000000000
1.00000000000000000000 0.00000000000000000000 6.00000000000000000000 104.00000000000000000000
4.00000000000000000000 2.00000000000000000000 13.00000000000000000000 0.00000000000000000000
0.00000000000000000000 1.00000000000000000000 14.00000000000000000000 199.00000000000000000000
3.00000000000000000000 4.00000000000000000000 14.00000000000000000000 0.00000000000000000000
1.00000000000000000000 4.00000000000000000000 7.00000000000000000000 0.00000000000000000000
0.00000000000000000000 3.00000000000000000000 17.00000000000000000000 670.00000000000000000000
1.00000000000000000000 4.00000000000000000000 5.00000000000000000000 0.00000000000000000000
4.00000000000000000000 4.00000000000000000000 1.00000000000000000000 132.00000000000000000000
4.00000000000000000000 4.00000000000000000000 2.00000000000000000000 0.00000000000000000000
3.00000000000000000000 0.00000000000000000000 15.00000000000000000000 182.00000000000000000000
1.00000000000000000000 0.00000000000000000000 1.00000000000000000000 83.00000000000000000000
4.00000000000000000000 3.00000000000000000000 7.00000000000000000000 7.00000000000000000000
2.00000000000000000000 3.00000000000000000000 19.00000000000000000000 0.00000000000000000000
3.00000000000000000000 0.00000000000000000000 18.00000000000000000000 544.00000000000000000000
3.00000000000000000000 1.00000000000000000000 17.00000000000000000000 167.00000000000000000000
3.00000000000000000000 1.00000000000000000000 6.00000000000000000000 97.00000000000000000000
0.00000000000000000000 3.00000000000000000000 13.00000000000000000000 407.00000000000000000000
1.00000000000000000000 1.00000000000000000000 5.00000000000000000000 0.00000000000000000000
1.00000000000000000000 0.00000000000000000000 12.00000000000000000000 0.00000000000000000000
3.00000000000000000000 1.00000000000000000000 7.00000000000000000000 97.00000000000000000000
1.00000000000000000000 1.00000000000000000000 17.00000000000000000000 526.00000000000000000000
3.00000000000000000000 1.00000000000000000000 11.00000000000000000000 14.00000000000000000000
3.00000000000000000000 2.00000000000000000000 1.00000000000000000000 365.00000000000000000000
1.00000000000000000000 1.00000000000000000000 6.00000000000000000000 235.00000000000000000000
2.00000000000000000000 2.00000000000000000000 13.00000000000000000000 0.00000000000000000000
3.00000000000000000000 3.00000000000000000000 8.00000000000000000000 21510.00000000000000000000
3.00000000000000000000 4.00000000000000000000 19.00000000000000000000 133.00000000000000000000
3.00000000000000000000 4.00000000000000000000 16.00000000000000000000 112.00000000000000000000
2.00000000000000000000 4.00000000000000000000 7.00000000000000000000 0.00000000000000000000
0.00000000000000000000 2.00000000000000000000 8.00000000000000000000 0.00000000000000000000
4.00000000000000000000 3.00000000000000000000 1.00000000000000000000 242.00000000000000000000
4.00000000000000000000 1.00000000000000000000 8.00000000000000000000 0.00000000000000000000
0.00000000000000000000 2.00000000000000000000 13.00000000000000000000 0.00000000000000000000
2.00000000000000000000 3.00000000000000000000 18.00000000000000000000 0.00000000000000000000
3.00000000000000000000 0.00000000000000000000 7.00000000000000000000 1188.00000000000000000000
4.00000000000000000000 2.00000000000000000000 19.00000000000000000000 0.00000000000000000000
1.00000000000000000000 0.00000000000000000000 8.00000000000000000000 0.00000000000000000000
4.00000000000000000000 0.00000000000000000000 17.00000000000000000000 0.00000000000000000000
4.00000000000000000000 4.00000000000000000000 17.00000000000000000000 11.00000000000000000000
3.00000000000000000000 1.00000000000000000000 3.00000000000000000000 12.00000000000000000000
4.00000000000000000000 0.00000000000000000000 1.00000000000000000000 82.00000000000000000000
4.00000000000000000000 2.00000000000000000000 8.00000000000000000000 0.00000000000000000000
2.00000000000000000000 3.00000000000000000000 7.00000000000000000000 0.00000000000000000000
1.00000000000000000000 2.00000000000000000000 6.00000000000000000000 0.00000000000000000000
4.00000000000000000000 1.00000000000000000000 19.00000000000000000000 0.00000000000000000000
0.00000000000000000000 0.00000000000000000000 11.00000000000000000000 695.00000000000000000000
4.00000000000000000000 4.00000000000000000000 9.00000000000000000000 33.00000000000000000000
3.00000000000000000000 3.00000000000000000000 11.00000000000000000000 18475.00000000000000000000
0.00000000000000000000 0.00000000000000000000 9.00000000000000000000 562.00000000000000000000
0.00000000000000000000 4.00000000000000000000 15.00000000000000000000 235.00000000000000000000
2.00000000000000000000 0.00000000000000000000 9.00000000000000000000 0.00000000000000000000
0.00000000000000000000 3.00000000000000000000 10.00000000000000000000 2547.00000000000000000000
1.00000000000000000000 4.00000000000000000000 1.00000000000000000000 56.00000000000000000000
1.00000000000000000000 2.00000000000000000000 3.00000000000000000000 0.00000000000000000000
3.00000000000000000000 2.00000000000000000000 17.00000000000000000000 10.00000000000000000000
1.00000000000000000000 1.00000000000000000000 15.00000000000000000000 0.00000000000000000000
1.00000000000000000000 0.00000000000000000000 11.00000000000000000000 28.00000000000000000000
0.00000000000000000000 2.00000000000000000000 17.00000000000000000000 24.00000000000000000000
0.00000000000000000000 4.00000000000000000000 7.00000000000000000000 0.00000000000000000000
4.00000000000000000000 0.00000000000000000000 19.00000000000000000000 13.00000000000000000000
1.00000000000000000000 1.00000000000000000000 2.00000000000000000000 223.00000000000000000000
3.00000000000000000000 4.00000000000000000000 8.00000000000000000000 31.00000000000000000000
1.00000000000000000000 4.00000000000000000000 11.00000000000000000000 27.00000000000000000000
4.00000000000000000000 2.00000000000000000000 17.00000000000000000000 0.00000000000000000000
3.00000000000000000000 1.00000000000000000000 8.00000000000000000000 0.00000000000000000000
4.00000000000000000000 3.00000000000000000000 15.00000000000000000000 23.00000000000000000000
4.00000000000000000000 2.00000000000000000000 4.00000000000000000000 0.00000000000000000000
4.00000000000000000000 2.00000000000000000000 6.00000000000000000000 0.00000000000000000000
2.00000000000000000000 3.00000000000000000000 8.00000000000000000000 0.00000000000000000000
4.00000000000000000000 0.00000000000000000000 13.00000000000000000000 0.00000000000000000000
1.00000000000000000000 0.00000000000000000000 9.00000000000000000000 0.00000000000000000000
3.00000000000000000000 4.00000000000000000000 3.00000000000000000000 0.00000000000000000000
2.00000000000000000000 4.00000000000000000000 3.00000000000000000000 0.00000000000000000000
4.00000000000000000000 2.00000000000000000000 16.00000000000000000000 0.00000000000000000000
1.00000000000000000000 1.00000000000000000000 7.00000000000000000000 114.00000000000000000000
1.00000000000000000000 0.00000000000000000000 17.00000000000000000000 115.00000000000000000000
2.00000000000000000000 3.00000000000000000000 1.00000000000000000000 57.00000000000000000000
2.00000000000000000000 1.00000000000000000000 8.00000000000000000000 0.00000000000000000000
0.00000000000000000000 4.00000000000000000000 14.00000000000000000000 0.00000000000000000000
3.00000000000000000000 0.00000000000000000000 14.00000000000000000000 1287.00000000000000000000
0.00000000000000000000 4.00000000000000000000 16.00000000000000000000 150.00000000000000000000
1.00000000000000000000 3.00000000000000000000 17.00000000000000000000 117.00000000000000000000
3.00000000000000000000 1.00000000000000000000 5.00000000000000000000 0.00000000000000000000
4.00000000000000000000 0.00000000000000000000 10.00000000000000000000 487.00000000000000000000
0.00000000000000000000 1.00000000000000000000 12.00000000000000000000 0.00000000000000000000
4.00000000000000000000 1.00000000000000000000 5.00000000000000000000 0.00000000000000000000
2.00000000000000000000 0.00000000000000000000 6.00000000000000000000 0.00000000000000000000
1.00000000000000000000 0.00000000000000000000 19.00000000000000000000 241.00000000000000000000
0.00000000000000000000 2.00000000000000000000 9.00000000000000000000 0.00000000000000000000
0.00000000000000000000 3.00000000000000000000 18.00000000000000000000 370.00000000000000000000
3.00000000000000000000 2.00000000000000000000 12.00000000000000000000 0.00000000000000000000
4.00000000000000000000 3.00000000000000000000 5.00000000000000000000 0.00000000000000000000
3.00000000000000000000 2.00000000000000000000 3.00000000000000000000 0.00000000000000000000
3.00000000000000000000 3.00000000000000000000 13.00000000000000000000 18061.00000000000000000000
0.00000000000000000000 4.00000000000000000000 18.00000000000000000000 16.00000000000000000000
3.00000000000000000000 4.00000000000000000000 15.00000000000000000000 37.00000000000000000000
4.00000000000000000000 3.00000000000000000000 11.00000000000000000000 59.00000000000000000000
3.00000000000000000000 2.00000000000000000000 2.00000000000000000000 0.00000000000000000000
1.00000000000000000000 3.00000000000000000000 11.00000000000000000000 20.00000000000000000000
1.00000000000000000000 1.00000000000000000000 12.00000000000000000000 0.00000000000000000000
3.00000000000000000000 3.00000000000000000000 10.00000000000000000000 14740.00000000000000000000
2.00000000000000000000 3.00000000000000000000 6.00000000000000000000 0.00000000000000000000
0.00000000000000000000 1.00000000000000000000 3.00000000000000000000 21.00000000000000000000
3.00000000000000000000 3.00000000000000000000 6.00000000000000000000 14400.00000000000000000000
3.00000000000000000000 4.00000000000000000000 17.00000000000000000000 5.00000000000000000000
2.00000000000000000000 2.00000000000000000000 9.00000000000000000000 0.00000000000000000000
1.00000000000000000000 2.00000000000000000000 4.00000000000000000000 0.00000000000000000000
1.00000000000000000000 4.00000000000000000000 2.00000000000000000000 0.00000000000000000000
0.00000000000000000000 2.00000000000000000000 11.00000000000000000000 0.00000000000000000000
3.00000000000000000000 4.00000000000000000000 4.00000000000000000000 0.00000000000000000000
0.00000000000000000000 4.00000000000000000000 13.00000000000000000000 0.00000000000000000000
4.00000000000000000000 4.00000000000000000000 15.00000000000000000000 82.00000000000000000000
4.00000000000000000000 3.00000000000000000000 4.00000000000000000000 0.00000000000000000000
0.00000000000000000000 3.00000000000000000000 2.00000000000000000000 2986.00000000000000000000
2.00000000000000000000 4.00000000000000000000 19.00000000000000000000 0.00000000000000000000
0.00000000000000000000 2.00000000000000000000 16.00000000000000000000 0.00000000000000000000
2.00000000000000000000 2.00000000000000000000 18.00000000000000000000 0.00000000000000000000
3.00000000000000000000 1.00000000000000000000 16.00000000000000000000 18.00000000000000000000
0.00000000000000000000 3.00000000000000000000 19.00000000000000000000 1216.00000000000000000000
3.00000000000000000000 0.00000000000000000000 1.00000000000000000000 1810.00000000000000000000
3.00000000000000000000 3.00000000000000000000 1.00000000000000000000 14828.00000000000000000000
2.00000000000000000000 2.00000000000000000000 10.00000000000000000000 0.00000000000000000000
4.00000000000000000000 1.00000000000000000000 6.00000000000000000000 0.00000000000000000000
4.00000000000000000000 4.00000000000000000000 18.00000000000000000000 0.00000000000000000000
2.00000000000000000000 4.00000000000000000000 17.00000000000000000000 0.00000000000000000000
2.00000000000000000000 1.00000000000000000000 12.00000000000000000000 0.00000000000000000000
3.00000000000000000000 0.00000000000000000000 11.00000000000000000000 1661.00000000000000000000
0.00000000000000000000 0.00000000000000000000 12.00000000000000000000 968.00000000000000000000
0.00000000000000000000 2.00000000000000000000 14.00000000000000000000 3.00000000000000000000
1.00000000000000000000 3.00000000000000000000 14.00000000000000000000 1219.00000000000000000000
2.00000000000000000000 3.00000000000000000000 16.00000000000000000000 17.00000000000000000000
4.00000000000000000000 1.00000000000000000000 9.00000000000000000000 0.00000000000000000000
0.00000000000000000000 0.00000000000000000000 17.00000000000000000000 1824.00000000000000000000
2.00000000000000000000 4.00000000000000000000 11.00000000000000000000 0.00000000000000000000
0.00000000000000000000 3.00000000000000000000 5.00000000000000000000 3256.00000000000000000000
0.00000000000000000000 0.00000000000000000000 6.00000000000000000000 5668.00000000000000000000
4.00000000000000000000 2.00000000000000000000 7.00000000000000000000 0.00000000000000000000
4.00000000000000000000 3.00000000000000000000 12.00000000000000000000 0.00000000000000000000
1.00000000000000000000 1.00000000000000000000 9.00000000000000000000 0.00000000000000000000
1.00000000000000000000 4.00000000000000000000 6.00000000000000000000 0.00000000000000000000
4.00000000000000000000 4.00000000000000000000 11.00000000000000000000 207.00000000000000000000
3.00000000000000000000 1.00000000000000000000 12.00000000000000000000 0.00000000000000000000
1.00000000000000000000 0.00000000000000000000 4.00000000000000000000 0.00000000000000000000
2.00000000000000000000 3.00000000000000000000 15.00000000000000000000 8.00000000000000000000
0.00000000000000000000 3.00000000000000000000 3.00000000000000000000 230.00000000000000000000
4.00000000000000000000 0.00000000000000000000 4.00000000000000000000 0.00000000000000000000
2.00000000000000000000 0.00000000000000000000 12.00000000000000000000 0.00000000000000000000
0.00000000000000000000 2.00000000000000000000 12.00000000000000000000 0.00000000000000000000
2.00000000000000000000 1.00000000000000000000 17.00000000000000000000 0.00000000000000000000
4.00000000000000000000 1.00000000000000000000 10.00000000000000000000 0.00000000000000000000
2.00000000000000000000 2.00000000000000000000 6.00000000000000000000 0.00000000000000000000
2.00000000000000000000 1.00000000000000000000 6.00000000000000000000 0.00000000000000000000
0.00000000000000000000 1.00000000000000000000 15.00000000000000000000 0.00000000000000000000
4.00000000000000000000 3.00000000000000000000 18.00000000000000000000 0.00000000000000000000
3.00000000000000000000 3.00000000000000000000 12.00000000000000000000 23383.00000000000000000000
0.00000000000000000000 4.00000000000000000000 1.00000000000000000000 22.00000000000000000000
4.00000000000000000000 3.00000000000000000000 2.00000000000000000000 0.00000000000000000000
4.00000000000000000000 3.00000000000000000000 3.00000000000000000000 26.00000000000000000000
2.00000000000000000000 1.00000000000000000000 10.00000000000000000000 0.00000000000000000000
3.00000000000000000000 2.00000000000000000000 10.00000000000000000000 2.00000000000000000000
4.00000000000000000000 2.00000000000000000000 3.00000000000000000000 0.00000000000000000000
4.00000000000000000000 4.00000000000000000000 3.00000000000000000000 0.00000000000000000000
1.00000000000000000000 4.00000000000000000000 13.00000000000000000000 0.00000000000000000000
2.00000000000000000000 3.00000000000000000000 2.00000000000000000000 2.00000000000000000000
2.00000000000000000000 4.00000000000000000000 18.00000000000000000000 0.00000000000000000000
1.00000000000000000000 0.00000000000000000000 16.00000000000000000000 23.00000000000000000000
0.00000000000000000000 4.00000000000000000000 5.00000000000000000000 21.00000000000000000000
3.00000000000000000000 3.00000000000000000000 18.00000000000000000000 13927.00000000000000000000
1.00000000000000000000 2.00000000000000000000 14.00000000000000000000 285.00000000000000000000
2.00000000000000000000 1.00000000000000000000 7.00000000000000000000 0.00000000000000000000
4.00000000000000000000 4.00000000000000000000 8.00000000000000000000 154.00000000000000000000
1.00000000000000000000 2.00000000000000000000 19.00000000000000000000 47.00000000000000000000
3.00000000000000000000 2.00000000000000000000 5.00000000000000000000 0.00000000000000000000
0.00000000000000000000 4.00000000000000000000 17.00000000000000000000 8.00000000000000000000
1.00000000000000000000 1.00000000000000000000 8.00000000000000000000 0.00000000000000000000
4.00000000000000000000 0.00000000000000000000 14.00000000000000000000 12.00000000000000000000
4.00000000000000000000 4.00000000000000000000 16.00000000000000000000 253.00000000000000000000
3.00000000000000000000 0.00000000000000000000 4.00000000000000000000 1266.00000000000000000000
2.00000000000000000000 4.00000000000000000000 15.00000000000000000000 6.00000000000000000000
1.00000000000000000000 2.00000000000000000000 8.00000000000000000000 0.00000000000000000000
1.00000000000000000000 0.00000000000000000000 7.00000000000000000000 32.00000000000000000000
0.00000000000000000000 1.00000000000000000000 4.00000000000000000000 0.00000000000000000000
3.00000000000000000000 3.00000000000000000000 4.00000000000000000000 13274.00000000000000000000
4.00000000000000000000 0.00000000000000000000 5.00000000000000000000 10.00000000000000000000
3.00000000000000000000 2.00000000000000000000 16.00000000000000000000 0.00000000000000000000
0.00000000000000000000 3.00000000000000000000 11.00000000000000000000 1226.00000000000000000000
2.00000000000000000000 0.00000000000000000000 16.00000000000000000000 42.00000000000000000000
3.00000000000000000000 4.00000000000000000000 18.00000000000000000000 0.00000000000000000000
0.00000000000000000000 2.00000000000000000000 4.00000000000000000000 0.00000000000000000000
2.00000000000000000000 4.00000000000000000000 6.00000000000000000000 0.00000000000000000000
1.00000000000000000000 0.00000000000000000000 18.00000000000000000000 0.00000000000000000000
2.00000000000000000000 4.00000000000000000000 13.00000000000000000000 0.00000000000000000000
4.00000000000000000000 2.00000000000000000000 12.00000000000000000000 0.00000000000000000000
2.00000000000000000000 0.00000000000000000000 11.00000000000000000000 0.00000000000000000000
2.00000000000000000000 3.00000000000000000000 9.00000000000000000000 0.00000000000000000000
2.00000000000000000000 4.00000000000000000000 16.00000000000000000000 28.00000000000000000000
3.00000000000000000000 3.00000000000000000000 2.00000000000000000000 16256.00000000000000000000
0.00000000000000000000 4.00000000000000000000 11.00000000000000000000 113.00000000000000000000
2.00000000000000000000 2.00000000000000000000 15.00000000000000000000 0.00000000000000000000
0.00000000000000000000 1.00000000000000000000 10.00000000000000000000 0.00000000000000000000
2.00000000000000000000 2.00000000000000000000 2.00000000000000000000 0.00000000000000000000
0.00000000000000000000 4.00000000000000000000 10.00000000000000000000 2258.00000000000000000000
1.00000000000000000000 3.00000000000000000000 12.00000000000000000000 12.00000000000000000000
3.00000000000000000000 2.00000000000000000000 6.00000000000000000000 0.00000000000000000000
0.00000000000000000000 1.00000000000000000000 6.00000000000000000000 107.00000000000000000000
1.00000000000000000000 3.00000000000000000000 13.00000000000000000000 0.00000000000000000000
3.00000000000000000000 3.00000000000000000000 14.00000000000000000000 10709.00000000000000000000
0.00000000000000000000 4.00000000000000000000 12.00000000000000000000 22.00000000000000000000
1.00000000000000000000 0.00000000000000000000 3.00000000000000000000 15.00000000000000000000
0.00000000000000000000 0.00000000000000000000 16.00000000000000000000 1207.00000000000000000000
3.00000000000000000000 4.00000000000000000000 6.00000000000000000000 0.00000000000000000000
2.00000000000000000000 1.00000000000000000000 3.00000000000000000000 0.00000000000000000000
1.00000000000000000000 3.00000000000000000000 2.00000000000000000000 72.00000000000000000000
0.00000000000000000000 2.00000000000000000000 19.00000000000000000000 0.00000000000000000000
0.00000000000000000000 3.00000000000000000000 9.00000000000000000000 194.00000000000000000000
1.00000000000000000000 1.00000000000000000000 14.00000000000000000000 2505.00000000000000000000
1.00000000000000000000 1.00000000000000000000 11.00000000000000000000 10.00000000000000000000
3.00000000000000000000 0.00000000000000000000 16.00000000000000000000 987.00000000000000000000
2.00000000000000000000 3.00000000000000000000 14.00000000000000000000 12.00000000000000000000
1.00000000000000000000 2.00000000000000000000 18.00000000000000000000 0.00000000000000000000
3.00000000000000000000 0.00000000000000000000 6.00000000000000000000 2154.00000000000000000000
4.00000000000000000000 2.00000000000000000000 5.00000000000000000000 0.00000000000000000000
4.00000000000000000000 1.00000000000000000000 4.00000000000000000000 0.00000000000000000000
2.00000000000000000000 1.00000000000000000000 9.00000000000000000000 0.00000000000000000000
1.00000000000000000000 4.00000000000000000000 19.00000000000000000000 225.00000000000000000000
2.00000000000000000000 2.00000000000000000000 11.00000000000000000000 0.00000000000000000000
0.00000000000000000000 3.00000000000000000000 4.00000000000000000000 280.00000000000000000000
3.00000000000000000000 4.00000000000000000000 13.00000000000000000000 0.00000000000000000000
4.00000000000000000000 1.00000000000000000000 1.00000000000000000000 566.00000000000000000000
1.00000000000000000000 1.00000000000000000000 10.00000000000000000000 0.00000000000000000000
4.00000000000000000000 3.00000000000000000000 16.00000000000000000000 74.00000000000000000000
3.00000000000000000000 0.00000000000000000000 5.00000000000000000000 868.00000000000000000000
3.00000000000000000000 3.00000000000000000000 17.00000000000000000000 17192.00000000000000000000
2.00000000000000000000 0.00000000000000000000 15.00000000000000000000 13.00000000000000000000
1.00000000000000000000 4.00000000000000000000 3.00000000000000000000 0.00000000000000000000
1.00000000000000000000 2.00000000000000000000 15.00000000000000000000 0.00000000000000000000
4.00000000000000000000 3.00000000000000000000 14.00000000000000000000 0.00000000000000000000
1.00000000000000000000 3.00000000000000000000 6.00000000000000000000 86.00000000000000000000
3.00000000000000000000 0.00000000000000000000 3.00000000000000000000 1767.00000000000000000000
1.00000000000000000000 0.00000000000000000000 5.00000000000000000000 129.00000000000000000000
3.00000000000000000000 2.00000000000000000000 4.00000000000000000000 0.00000000000000000000
0.00000000000000000000 1.00000000000000000000 18.00000000000000000000 0.00000000000000000000
0.00000000000000000000 1.00000000000000000000 11.00000000000000000000 0.00000000000000000000
3.00000000000000000000 1.00000000000000000000 14.00000000000000000000 324.00000000000000000000
0.00000000000000000000 0.00000000000000000000 1.00000000000000000000 1385.00000000000000000000
1.00000000000000000000 2.00000000000000000000 1.00000000000000000000 718.00000000000000000000
0.00000000000000000000 4.00000000000000000000 6.00000000000000000000 0.00000000000000000000
0.00000000000000000000 1.00000000000000000000 2.00000000000000000000 104.00000000000000000000
4.00000000000000000000 2.00000000000000000000 1.00000000000000000000 144.00000000000000000000
4.00000000000000000000 2.00000000000000000000 9.00000000000000000000 0.00000000000000000000
1.00000000000000000000 0.00000000000000000000 14.00000000000000000000 2430.00000000000000000000
3.00000000000000000000 4.00000000000000000000 9.00000000000000000000 21.00000000000000000000
2.00000000000000000000 0.00000000000000000000 19.00000000000000000000 0.00000000000000000000
0.00000000000000000000 3.00000000000000000000 1.00000000000000000000 1103.00000000000000000000
2.00000000000000000000 0.00000000000000000000 13.00000000000000000000 0.00000000000000000000
4.00000000000000000000 4.00000000000000000000 4.00000000000000000000 0.00000000000000000000
2.00000000000000000000 2.00000000000000000000 3.00000000000000000000 0.00000000000000000000
1.00000000000000000000 3.00000000000000000000 18.00000000000000000000 0.00000000000000000000
3.00000000000000000000 1.00000000000000000000 18.00000000000000000000 0.00000000000000000000
2.00000000000000000000 3.00000000000000000000 10.00000000000000000000 43.00000000000000000000
0.00000000000000000000 2.00000000000000000000 5.00000000000000000000 0.00000000000000000000
3.00000000000000000000 4.00000000000000000000 12.00000000000000000000 2.00000000000000000000
1.00000000000000000000 4.00000000000000000000 4.00000000000000000000 0.00000000000000000000
1.00000000000000000000 0.00000000000000000000 13.00000000000000000000 0.00000000000000000000
4.00000000000000000000 2.00000000000000000000 11.00000000000000000000 0.00000000000000000000
0.00000000000000000000 1.00000000000000000000 9.00000000000000000000 0.00000000000000000000
3.00000000000000000000 3.00000000000000000000 9.00000000000000000000 18821.00000000000000000000
1.00000000000000000000 1.00000000000000000000 1.00000000000000000000 836.00000000000000000000
3.00000000000000000000 1.00000000000000000000 19.00000000000000000000 513.00000000000000000000
0.00000000000000000000 2.00000000000000000000 15.00000000000000000000 0.00000000000000000000
2.00000000000000000000 2.00000000000000000000 7.00000000000000000000 0.00000000000000000000
1.00000000000000000000 4.00000000000000000000 8.00000000000000000000 0.00000000000000000000
2.00000000000000000000 4.00000000000000000000 10.00000000000000000000 113.00000000000000000000
1.00000000000000000000 0.00000000000000000000 2.00000000000000000000 55.00000000000000000000
4.00000000000000000000 3.00000000000000000000 8.00000000000000000000 25.00000000000000000000
3.00000000000000000000 4.00000000000000000000 2.00000000000000000000 0.00000000000000000000
1.00000000000000000000 3.00000000000000000000 4.00000000000000000000 0.00000000000000000000
4.00000000000000000000 0.00000000000000000000 12.00000000000000000000 0.00000000000000000000
1.00000000000000000000 0.00000000000000000000 10.00000000000000000000 56.00000000000000000000
3.00000000000000000000 2.00000000000000000000 13.00000000000000000000 0.00000000000000000000
3.00000000000000000000 2.00000000000000000000 18.00000000000000000000 0.00000000000000000000
0.00000000000000000000 2.00000000000000000000 3.00000000000000000000 0.00000000000000000000
3.00000000000000000000 2.00000000000000000000 19.00000000000000000000 8.00000000000000000000
4.00000000000000000000 1.00000000000000000000 3.00000000000000000000 0.00000000000000000000
0.00000000000000000000 1.00000000000000000000 13.00000000000000000000 0.00000000000000000000
0.00000000000000000000 0.00000000000000000000 5.00000000000000000000 2965.00000000000000000000
0.00000000000000000000 4.00000000000000000000 2.00000000000000000000 0.00000000000000000000
0.00000000000000000000 3.00000000000000000000 12.00000000000000000000 949.00000000000000000000
1.00000000000000000000 1.00000000000000000000 16.00000000000000000000 0.00000000000000000000
4.00000000000000000000 4.00000000000000000000 13.00000000000000000000 0.00000000000000000000
1.00000000000000000000 1.00000000000000000000 3.00000000000000000000 0.00000000000000000000
2.00000000000000000000 0.00000000000000000000 3.00000000000000000000 0.00000000000000000000
3.00000000000000000000 1.00000000000000000000 15.00000000000000000000 0.00000000000000000000
3.00000000000000000000 2.00000000000000000000 8.00000000000000000000 0.00000000000000000000
1.00000000000000000000 4.00000000000000000000 17.00000000000000000000 0.00000000000000000000
3.00000000000000000000 2.00000000000000000000 15.00000000000000000000 0.00000000000000000000
0.00000000000000000000 3.00000000000000000000 8.00000000000000000000 600.00000000000000000000
4.00000000000000000000 0.00000000000000000000 15.00000000000000000000 18.00000000000000000000
2.00000000000000000000 0.00000000000000000000 1.00000000000000000000 84.00000000000000000000
3.00000000000000000000 0.00000000000000000000 12.00000000000000000000 1664.00000000000000000000
3.00000000000000000000 3.00000000000000000000 3.00000000000000000000 9897.00000000000000000000
0.00000000000000000000 2.00000000000000000000 6.00000000000000000000 0.00000000000000000000
0.00000000000000000000 4.00000000000000000000 4.00000000000000000000 0.00000000000000000000
3.00000000000000000000 1.00000000000000000000 10.00000000000000000000 0.00000000000000000000
