3.00000000000000000000 0.00000000000000000000 19.00000000000000000000 1187.00000000000000000000
2.00000000000000000000 1.00000000000000000000 15.00000000000000000000 0.00000000000000000000
2.00000000000000000000 1.00000000000000000000 18.00000000000000000000 0.00000000000000000000
2.00000000000000000000 2.00000000000000000000 19.00000000000000000000 52.00000000000000000000
2.00000000000000000000 4.00000000000000000000 5.00000000000000000000 0.00000000000000000000
3.00000000000000000000 3.00000000000000000000 5.00000000000000000000 8035.00000000000000000000
0.00000000000000000000 4.00000000000000000000 19.00000000000000000000 6.00000000000000000000
2.00000000000000000000 4.00000000000000000000 14.00000000000000000000 0.00000000000000000000
0.00000000000000000000 0.00000000000000000000 13.00000000000000000000 3532.00000000000000000000
3.00000000000000000000 2.00000000000000000000 14.00000000000000000000 0.00000000000000000000
0.00000000000000000000 0.00000000000000000000 15.00000000000000000000 1995.00000000000000000000
1.00000000000000000000 2.00000000000000000000 10.00000000000000000000 0.00000000000000000000
0.00000000000000000000 0.00000000000000000000 3.00000000000000000000 1952.00000000000000000000
1.00000000000000000000 4.00000000000000000000 10.00000000000000000000 0.00000000000000000000
0.00000000000000000000 4.00000000000000000000 9.00000000000000000000 0.00000000000000000000
1.00000000000000000000 2.00000000000000000000 9.00000000000000000000 0.00000000000000000000
0.00000000000000000000 0.00000000000000000000 2.00000000000000000000 51.00000000000000000000
0.00000000000000000000 0.00000000000000000000 18.00000000000000000000 4104.00000000000000000000
4.00000000000000000000 1.00000000000000000000 17.00000000000000000000 0.00000000000000000000
2.00000000000000000000 4.00000000000000000000 9.00000000000000000000 0.00000000000000000000
1.00000000000000000000 4.00000000000000000000 12.00000000000000000000 0.00000000000000000000
4.00000000000000000000 2.00000000000000000000 15.00000000000000000000 0.00000000000000000000
3.00000000000000000000 1.00000000000000000000 13.00000000000000000000 7.00000000000000000000
0.00000000000000000000 2.00000000000000000000 7.00000000000000000000 0.00000000000000000000
2.00000000000000000000 0.00000000000000000000 18.00000000000000000000 0.00000000000000000000
0.00000000000000000000 4.00000000000000000000 3.00000000000000000000 11.00000000000000000000
1.00000000000000000000 2.00000000000000000000 17.00000000000000000000 0.00000000000000000000
0.00000000000000000000 0.00000000000000000000 7.00000000000000000000 204.00000000000000000000
2.00000000000000000000 1.00000000000000000000 13.00000000000000000000 0.00000000000000000000
2.00000000000000000000 1.00000000000000000000 2.00000000000000000000 0.00000000000000000000
2.00000000000000000000 3.00000000000000000000 3.00000000000000000000 5.00000000000000000000
4.00000000000000000000 0.00000000000000000000 3.00000000000000000000 0.00000000000000000000
1.00000000000000000000 3.00000000000000000000 16.00000000000000000000 0.00000000000000000000
1.00000000000000000000 1.00000000000000000000 13.00000000000000000000 35.00000000000000000000
4.00000000000000000000 3.00000000000000000000 9.00000000000000000000 183.00000000000000000000
3.00000000000000000000 4.00000000000000000000 7.00000000000000000000 0.00000000000000000000
3.00000000000000000000 0.00000000000000000000 10.00000000000000000000 1158.00000000000000000000
2.00000000000000000000 1.00000000000000000000 19.00000000000000000000 1189.00000000000000000000
4.00000000000000000000 4.00000000000000000000 7.00000000000000000000 0.00000000000000000000
0.00000000000000000000 1.00000000000000000000 8.00000000000000000000 11.00000000000000000000
2.00000000000000000000 3.00000000000000000000 12.00000000000000000000 0.00000000000000000000
0.00000000000000000000 1.00000000000000000000 7.00000000000000000000 0.00000000000000000000
4.00000000000000000000 0.00000000000000000000 9.00000000000000000000 12.00000000000000000000
0.00000000000000000000 0.00000000000000000000 19.00000000000000000000 1463.00000000000000000000
1.00000000000000000000 2.00000000000000000000 5.00000000000000000000 0.00000000000000000000
2.00000000000000000000 1.00000000000000000000 16.00000000000000000000 0.00000000000000000000
2.00000000000000000000 3.00000000000000000000 11.00000000000000000000 0.00000000000000000000
3.00000000000000000000 0.00000000000000000000 8.00000000000000000000 703.00000000000000000000
1.00000000000000000000 4.00000000000000000000 18.00000000000000000000 0.00000000000000000000
3.00000000000000000000 1.00000000000000000000 1.00000000000000000000 183.00000000000000000000
0.00000000000000000000 3.00000000000000000000 6.00000000000000000000 988.00000000000000000000
4.00000000000000000000 1.00000000000000000000 11.00000000000000000000 0.00000000000000000000
1.00000000000000000000 0.00000000000000000000 6.00000000000000000000 87.00000000000000000000
4.00000000000000000000 2.00000000000000000000 13.00000000000000000000 0.00000000000000000000
0.00000000000000000000 1.00000000000000000000 14.00000000000000000000 884.00000000000000000000
3.00000000000000000000 4.00000000000000000000 14.00000000000000000000 0.00000000000000000000
1.00000000000000000000 4.00000000000000000000 7.00000000000000000000 0.00000000000000000000
0.00000000000000000000 3.00000000000000000000 17.00000000000000000000 1675.00000000000000000000
1.00000000000000000000 4.00000000000000000000 5.00000000000000000000 0.00000000000000000000
4.00000000000000000000 4.00000000000000000000 1.00000000000000000000 112.00000000000000000000
4.00000000000000000000 4.00000000000000000000 2.00000000000000000000 12.00000000000000000000
3.00000000000000000000 0.00000000000000000000 15.00000000000000000000 928.00000000000000000000
1.00000000000000000000 0.00000000000000000000 1.00000000000000000000 0.00000000000000000000
4.00000000000000000000 3.00000000000000000000 7.00000000000000000000 0.00000000000000000000
2.00000000000000000000 3.00000000000000000000 19.00000000000000000000 71.00000000000000000000
3.00000000000000000000 0.00000000000000000000 18.00000000000000000000 3381.00000000000000000000
3.00000000000000000000 1.00000000000000000000 17.00000000000000000000 2.00000000000000000000
3.00000000000000000000 1.00000000000000000000 6.00000000000000000000 605.00000000000000000000
0.00000000000000000000 3.00000000000000000000 13.00000000000000000000 2329.00000000000000000000
1.00000000000000000000 1.00000000000000000000 5.00000000000000000000 0.00000000000000000000
1.00000000000000000000 0.00000000000000000000 12.00000000000000000000 0.00000000000000000000
3.00000000000000000000 1.00000000000000000000 7.00000000000000000000 0.00000000000000000000
1.00000000000000000000 1.00000000000000000000 17.00000000000000000000 29.00000000000000000000
3.00000000000000000000 1.00000000000000000000 11.00000000000000000000 0.00000000000000000000
3.00000000000000000000 2.00000000000000000000 1.00000000000000000000 73.00000000000000000000
1.00000000000000000000 1.00000000000000000000 6.00000000000000000000 2588.00000000000000000000
2.00000000000000000000 2.00000000000000000000 13.00000000000000000000 0.00000000000000000000
3.00000000000000000000 3.00000000000000000000 8.00000000000000000000 23641.00000000000000000000
3.00000000000000000000 4.00000000000000000000 19.00000000000000000000 4.00000000000000000000
3.00000000000000000000 4.00000000000000000000 16.00000000000000000000 0.00000000000000000000
2.00000000000000000000 4.00000000000000000000 7.00000000000000000000 0.00000000000000000000
0.00000000000000000000 2.00000000000000000000 8.00000000000000000000 0.00000000000000000000
4.00000000000000000000 3.00000000000000000000 1.00000000000000000000 113.00000000000000000000
4.00000000000000000000 1.00000000000000000000 8.00000000000000000000 0.00000000000000000000
0.00000000000000000000 2.00000000000000000000 13.00000000000000000000 0.00000000000000000000
2.00000000000000000000 3.00000000000000000000 18.00000000000000000000 0.00000000000000000000
3.00000000000000000000 0.00000000000000000000 7.00000000000000000000 121.00000000000000000000
4.00000000000000000000 2.00000000000000000000 19.00000000000000000000 19.00000000000000000000
1.00000000000000000000 0.00000000000000000000 8.00000000000000000000 0.00000000000000000000
4.00000000000000000000 0.00000000000000000000 17.00000000000000000000 0.00000000000000000000
4.00000000000000000000 4.00000000000000000000 17.00000000000000000000 0.00000000000000000000
3.00000000000000000000 1.00000000000000000000 3.00000000000000000000 111.00000000000000000000
4.00000000000000000000 0.00000000000000000000 1.00000000000000000000 60.00000000000000000000
4.00000000000000000000 2.00000000000000000000 8.00000000000000000000 0.00000000000000000000
2.00000000000000000000 3.00000000000000000000 7.00000000000000000000 0.00000000000000000000
1.00000000000000000000 2.00000000000000000000 6.00000000000000000000 256.00000000000000000000
4.00000000000000000000 1.00000000000000000000 19.00000000000000000000 239.00000000000000000000
0.00000000000000000000 0.00000000000000000000 11.00000000000000000000 367.00000000000000000000
4.00000000000000000000 4.00000000000000000000 9.00000000000000000000 226.00000000000000000000
3.00000000000000000000 3.00000000000000000000 11.00000000000000000000 18634.00000000000000000000
0.00000000000000000000 0.00000000000000000000 9.00000000000000000000 319.00000000000000000000
0.00000000000000000000 4.00000000000000000000 15.00000000000000000000 14.00000000000000000000
2.00000000000000000000 0.00000000000000000000 9.00000000000000000000 0.00000000000000000000
0.00000000000000000000 3.00000000000000000000 10.00000000000000000000 1145.00000000000000000000
1.00000000000000000000 4.00000000000000000000 1.00000000000000000000 143.00000000000000000000
1.00000000000000000000 2.00000000000000000000 3.00000000000000000000 0.00000000000000000000
3.00000000000000000000 2.00000000000000000000 17.00000000000000000000 0.00000000000000000000
1.00000000000000000000 1.00000000000000000000 15.00000000000000000000 0.00000000000000000000
1.00000000000000000000 0.00000000000000000000 11.00000000000000000000 0.00000000000000000000
0.00000000000000000000 2.00000000000000000000 17.00000000000000000000 0.00000000000000000000
0.00000000000000000000 4.00000000000000000000 7.00000000000000000000 0.00000000000000000000
4.00000000000000000000 0.00000000000000000000 19.00000000000000000000 0.00000000000000000000
1.00000000000000000000 1.00000000000000000000 2.00000000000000000000 0.00000000000000000000
3.00000000000000000000 4.00000000000000000000 8.00000000000000000000 0.00000000000000000000
1.00000000000000000000 4.00000000000000000000 11.00000000000000000000 0.00000000000000000000
4.00000000000000000000 2.00000000000000000000 17.00000000000000000000 0.00000000000000000000
3.00000000000000000000 1.00000000000000000000 8.00000000000000000000 0.00000000000000000000
4.00000000000000000000 3.00000000000000000000 15.00000000000000000000 0.00000000000000000000
4.00000000000000000000 2.00000000000000000000 4.00000000000000000000 0.00000000000000000000
4.00000000000000000000 2.00000000000000000000 6.00000000000000000000 0.00000000000000000000
2.00000000000000000000 3.00000000000000000000 8.00000000000000000000 0.00000000000000000000
4.00000000000000000000 0.00000000000000000000 13.00000000000000000000 0.00000000000000000000
1.00000000000000000000 0.00000000000000000000 9.00000000000000000000 0.00000000000000000000
3.00000000000000000000 4.00000000000000000000 3.00000000000000000000 0.00000000000000000000
2.00000000000000000000 4.00000000000000000000 3.00000000000000000000 0.00000000000000000000
4.00000000000000000000 2.00000000000000000000 16.00000000000000000000 0.00000000000000000000
1.00000000000000000000 1.00000000000000000000 7.00000000000000000000 0.00000000000000000000
1.00000000000000000000 0.00000000000000000000 17.00000000000000000000 0.00000000000000000000
2.00000000000000000000 3.00000000000000000000 1.00000000000000000000 6.00000000000000000000
2.00000000000000000000 1.00000000000000000000 8.00000000000000000000 0.00000000000000000000
0.00000000000000000000 4.00000000000000000000 14.00000000000000000000 0.00000000000000000000
3.00000000000000000000 0.00000000000000000000 14.00000000000000000000 2028.00000000000000000000
0.00000000000000000000 4.00000000000000000000 16.00000000000000000000 0.00000000000000000000
1.00000000000000000000 3.00000000000000000000 17.00000000000000000000 4.00000000000000000000
3.00000000000000000000 1.00000000000000000000 5.00000000000000000000 0.00000000000000000000
4.00000000000000000000 0.00000000000000000000 10.00000000000000000000 0.00000000000000000000
0.00000000000000000000 1.00000000000000000000 12.00000000000000000000 85.00000000000000000000
4.00000000000000000000 1.00000000000000000000 5.00000000000000000000 0.00000000000000000000
2.00000000000000000000 0.00000000000000000000 6.00000000000000000000 0.00000000000000000000
1.00000000000000000000 0.00000000000000000000 19.00000000000000000000 59.00000000000000000000
0.00000000000000000000 2.00000000000000000000 9.00000000000000000000 0.00000000000000000000
0.00000000000000000000 3.00000000000000000000 18.00000000000000000000 1212.00000000000000000000
3.00000000000000000000 2.00000000000000000000 12.00000000000000000000 32.00000000000000000000
4.00000000000000000000 3.00000000000000000000 5.00000000000000000000 23.00000000000000000000
3.00000000000000000000 2.00000000000000000000 3.00000000000000000000 0.00000000000000000000
3.00000000000000000000 3.00000000000000000000 13.00000000000000000000 14714.00000000000000000000
0.00000000000000000000 4.00000000000000000000 18.00000000000000000000 21.00000000000000000000
3.00000000000000000000 4.00000000000000000000 15.00000000000000000000 4.00000000000000000000
4.00000000000000000000 3.00000000000000000000 11.00000000000000000000 11.00000000000000000000
3.00000000000000000000 2.00000000000000000000 2.00000000000000000000 0.00000000000000000000
1.00000000000000000000 3.00000000000000000000 11.00000000000000000000 0.00000000000000000000
1.00000000000000000000 1.00000000000000000000 12.00000000000000000000 0.00000000000000000000
3.00000000000000000000 3.00000000000000000000 10.00000000000000000000 16018.00000000000000000000
2.00000000000000000000 3.00000000000000000000 6.00000000000000000000 20.00000000000000000000
0.00000000000000000000 1.00000000000000000000 3.00000000000000000000 567.00000000000000000000
3.00000000000000000000 3.00000000000000000000 6.00000000000000000000 11643.00000000000000000000
3.00000000000000000000 4.00000000000000000000 17.00000000000000000000 7.00000000000000000000
2.00000000000000000000 2.00000000000000000000 9.00000000000000000000 0.00000000000000000000
1.00000000000000000000 2.00000000000000000000 4.00000000000000000000 0.00000000000000000000
1.00000000000000000000 4.00000000000000000000 2.00000000000000000000 0.00000000000000000000
0.00000000000000000000 2.00000000000000000000 11.00000000000000000000 0.00000000000000000000
3.00000000000000000000 4.00000000000000000000 4.00000000000000000000 206.00000000000000000000
0.00000000000000000000 4.00000000000000000000 13.00000000000000000000 0.00000000000000000000
4.00000000000000000000 4.00000000000000000000 15.00000000000000000000 21.00000000000000000000
4.00000000000000000000 3.00000000000000000000 4.00000000000000000000 65.00000000000000000000
0.00000000000000000000 3.00000000000000000000 2.00000000000000000000 636.00000000000000000000
2.00000000000000000000 4.00000000000000000000 19.00000000000000000000 0.00000000000000000000
0.00000000000000000000 2.00000000000000000000 16.00000000000000000000 0.00000000000000000000
2.00000000000000000000 2.00000000000000000000 18.00000000000000000000 0.00000000000000000000
3.00000000000000000000 1.00000000000000000000 16.00000000000000000000 0.00000000000000000000
0.00000000000000000000 3.00000000000000000000 19.00000000000000000000 1373.00000000000000000000
3.00000000000000000000 0.00000000000000000000 1.00000000000000000000 985.00000000000000000000
3.00000000000000000000 3.00000000000000000000 1.00000000000000000000 17457.00000000000000000000
2.00000000000000000000 2.00000000000000000000 10.00000000000000000000 0.00000000000000000000
4.00000000000000000000 1.00000000000000000000 6.00000000000000000000 0.00000000000000000000
4.00000000000000000000 4.00000000000000000000 18.00000000000000000000 0.00000000000000000000
2.00000000000000000000 4.00000000000000000000 17.00000000000000000000 0.00000000000000000000
2.00000000000000000000 1.00000000000000000000 12.00000000000000000000 0.00000000000000000000
3.00000000000000000000 0.00000000000000000000 11.00000000000000000000 114.00000000000000000000
0.00000000000000000000 0.00000000000000000000 12.00000000000000000000 1022.00000000000000000000
0.00000000000000000000 2.00000000000000000000 14.00000000000000000000 0.00000000000000000000
1.00000000000000000000 3.00000000000000000000 14.00000000000000000000 19.00000000000000000000
2.00000000000000000000 3.00000000000000000000 16.00000000000000000000 0.00000000000000000000
4.00000000000000000000 1.00000000000000000000 9.00000000000000000000 47.00000000000000000000
0.00000000000000000000 0.00000000000000000000 17.00000000000000000000 1615.00000000000000000000
2.00000000000000000000 4.00000000000000000000 11.00000000000000000000 0.00000000000000000000
0.00000000000000000000 3.00000000000000000000 5.00000000000000000000 302.00000000000000000000
0.00000000000000000000 0.00000000000000000000 6.00000000000000000000 4084.00000000000000000000
4.00000000000000000000 2.00000000000000000000 7.00000000000000000000 0.00000000000000000000
4.00000000000000000000 3.00000000000000000000 12.00000000000000000000 2.00000000000000000000
1.00000000000000000000 1.00000000000000000000 9.00000000000000000000 24.00000000000000000000
1.00000000000000000000 4.00000000000000000000 6.00000000000000000000 0.00000000000000000000
4.00000000000000000000 4.00000000000000000000 11.00000000000000000000 38.00000000000000000000
3.00000000000000000000 1.00000000000000000000 12.00000000000000000000 30.00000000000000000000
1.00000000000000000000 0.00000000000000000000 4.00000000000000000000 0.00000000000000000000
2.00000000000000000000 3.00000000000000000000 15.00000000000000000000 0.00000000000000000000
0.00000000000000000000 3.00000000000000000000 3.00000000000000000000 623.00000000000000000000
4.00000000000000000000 0.00000000000000000000 4.00000000000000000000 23.00000000000000000000
2.00000000000000000000 0.00000000000000000000 12.00000000000000000000 0.00000000000000000000
0.00000000000000000000 2.00000000000000000000 12.00000000000000000000 31.00000000000000000000
2.00000000000000000000 1.00000000000000000000 17.00000000000000000000 0.00000000000000000000
4.00000000000000000000 1.00000000000000000000 10.00000000000000000000 0.00000000000000000000
2.00000000000000000000 2.00000000000000000000 6.00000000000000000000 245.00000000000000000000
2.00000000000000000000 1.00000000000000000000 6.00000000000000000000 55.00000000000000000000
0.00000000000000000000 1.00000000000000000000 15.00000000000000000000 34.00000000000000000000
4.00000000000000000000 3.00000000000000000000 18.00000000000000000000 0.00000000000000000000
3.00000000000000000000 3.00000000000000000000 12.00000000000000000000 21353.00000000000000000000
0.00000000000000000000 4.00000000000000000000 1.00000000000000000000 13.00000000000000000000
4.00000000000000000000 3.00000000000000000000 2.00000000000000000000 4.00000000000000000000
4.00000000000000000000 3.00000000000000000000 3.00000000000000000000 12.00000000000000000000
2.00000000000000000000 1.00000000000000000000 10.00000000000000000000 0.00000000000000000000
3.00000000000000000000 2.00000000000000000000 10.00000000000000000000 0.00000000000000000000
4.00000000000000000000 2.00000000000000000000 3.00000000000000000000 0.00000000000000000000
4.00000000000000000000 4.00000000000000000000 3.00000000000000000000 12.00000000000000000000
1.00000000000000000000 4.00000000000000000000 13.00000000000000000000 0.00000000000000000000
2.00000000000000000000 3.00000000000000000000 2.00000000000000000000 0.00000000000000000000
2.00000000000000000000 4.00000000000000000000 18.00000000000000000000 0.00000000000000000000
1.00000000000000000000 0.00000000000000000000 16.00000000000000000000 0.00000000000000000000
0.00000000000000000000 4.00000000000000000000 5.00000000000000000000 76.00000000000000000000
3.00000000000000000000 3.00000000000000000000 18.00000000000000000000 15722.00000000000000000000
1.00000000000000000000 2.00000000000000000000 14.00000000000000000000 0.00000000000000000000
2.00000000000000000000 1.00000000000000000000 7.00000000000000000000 0.00000000000000000000
4.00000000000000000000 4.00000000000000000000 8.00000000000000000000 0.00000000000000000000
1.00000000000000000000 2.00000000000000000000 19.00000000000000000000 0.00000000000000000000
3.00000000000000000000 2.00000000000000000000 5.00000000000000000000 0.00000000000000000000
0.00000000000000000000 4.00000000000000000000 17.00000000000000000000 7.00000000000000000000
1.00000000000000000000 1.00000000000000000000 8.00000000000000000000 0.00000000000000000000
4.00000000000000000000 0.00000000000000000000 14.00000000000000000000 0.00000000000000000000
4.00000000000000000000 4.00000000000000000000 16.00000000000000000000 0.00000000000000000000
3.00000000000000000000 0.00000000000000000000 4.00000000000000000000 660.00000000000000000000
2.00000000000000000000 4.00000000000000000000 15.00000000000000000000 0.00000000000000000000
1.00000000000000000000 2.00000000000000000000 8.00000000000000000000 0.00000000000000000000
1.00000000000000000000 0.00000000000000000000 7.00000000000000000000 0.00000000000000000000
0.00000000000000000000 1.00000000000000000000 4.00000000000000000000 61.00000000000000000000
3.00000000000000000000 3.00000000000000000000 4.00000000000000000000 8621.00000000000000000000
4.00000000000000000000 0.00000000000000000000 5.00000000000000000000 27.00000000000000000000
3.00000000000000000000 2.00000000000000000000 16.00000000000000000000 0.00000000000000000000
0.00000000000000000000 3.00000000000000000000 11.00000000000000000000 2513.00000000000000000000
2.00000000000000000000 0.00000000000000000000 16.00000000000000000000 0.00000000000000000000
3.00000000000000000000 4.00000000000000000000 18.00000000000000000000 0.00000000000000000000
0.00000000000000000000 2.00000000000000000000 4.00000000000000000000 0.00000000000000000000
2.00000000000000000000 4.00000000000000000000 6.00000000000000000000 0.00000000000000000000
1.00000000000000000000 0.00000000000000000000 18.00000000000000000000 41.00000000000000000000
2.00000000000000000000 4.00000000000000000000 13.00000000000000000000 0.00000000000000000000
4.00000000000000000000 2.00000000000000000000 12.00000000000000000000 79.00000000000000000000
2.00000000000000000000 0.00000000000000000000 11.00000000000000000000 0.00000000000000000000
2.00000000000000000000 3.00000000000000000000 9.00000000000000000000 0.00000000000000000000
2.00000000000000000000 4.00000000000000000000 16.00000000000000000000 0.00000000000000000000
3.00000000000000000000 3.00000000000000000000 2.00000000000000000000 14200.00000000000000000000
0.00000000000000000000 4.00000000000000000000 11.00000000000000000000 25.00000000000000000000
2.00000000000000000000 2.00000000000000000000 15.00000000000000000000 0.00000000000000000000
0.00000000000000000000 1.00000000000000000000 10.00000000000000000000 0.00000000000000000000
2.00000000000000000000 2.00000000000000000000 2.00000000000000000000 0.00000000000000000000
0.00000000000000000000 4.00000000000000000000 10.00000000000000000000 1135.00000000000000000000
1.00000000000000000000 3.00000000000000000000 12.00000000000000000000 0.00000000000000000000
3.00000000000000000000 2.00000000000000000000 6.00000000000000000000 31.00000000000000000000
0.00000000000000000000 1.00000000000000000000 6.00000000000000000000 1946.00000000000000000000
1.00000000000000000000 3.00000000000000000000 13.00000000000000000000 72.00000000000000000000
3.00000000000000000000 3.00000000000000000000 14.00000000000000000000 14395.00000000000000000000
0.00000000000000000000 4.00000000000000000000 12.00000000000000000000 0.00000000000000000000
1.00000000000000000000 0.00000000000000000000 3.00000000000000000000 44.00000000000000000000
0.00000000000000000000 0.00000000000000000000 16.00000000000000000000 0.00000000000000000000
3.00000000000000000000 4.00000000000000000000 6.00000000000000000000 7.00000000000000000000
2.00000000000000000000 1.00000000000000000000 3.00000000000000000000 0.00000000000000000000
1.00000000000000000000 3.00000000000000000000 2.00000000000000000000 0.00000000000000000000
0.00000000000000000000 2.00000000000000000000 19.00000000000000000000 9.00000000000000000000
0.00000000000000000000 3.00000000000000000000 9.00000000000000000000 2097.00000000000000000000
1.00000000000000000000 1.00000000000000000000 14.00000000000000000000 420.00000000000000000000
1.00000000000000000000 1.00000000000000000000 11.00000000000000000000 0.00000000000000000000
3.00000000000000000000 0.00000000000000000000 16.00000000000000000000 0.00000000000000000000
2.00000000000000000000 3.00000000000000000000 14.00000000000000000000 0.00000000000000000000
1.00000000000000000000 2.00000000000000000000 18.00000000000000000000 16.00000000000000000000
3.00000000000000000000 0.00000000000000000000 6.00000000000000000000 1325.00000000000000000000
4.00000000000000000000 2.00000000000000000000 5.00000000000000000000 0.00000000000000000000
4.00000000000000000000 1.00000000000000000000 4.00000000000000000000 0.00000000000000000000
2.00000000000000000000 1.00000000000000000000 9.00000000000000000000 0.00000000000000000000
1.00000000000000000000 4.00000000000000000000 19.00000000000000000000 60.00000000000000000000
2.00000000000000000000 2.00000000000000000000 11.00000000000000000000 0.00000000000000000000
0.00000000000000000000 3.00000000000000000000 4.00000000000000000000 400.00000000000000000000
3.00000000000000000000 4.00000000000000000000 13.00000000000000000000 0.00000000000000000000
4.00000000000000000000 1.00000000000000000000 1.00000000000000000000 11.00000000000000000000
1.00000000000000000000 1.00000000000000000000 10.00000000000000000000 0.00000000000000000000
4.00000000000000000000 3.00000000000000000000 16.00000000000000000000 0.00000000000000000000
3.00000000000000000000 0.00000000000000000000 5.00000000000000000000 374.00000000000000000000
3.00000000000000000000 3.00000000000000000000 17.00000000000000000000 9707.00000000000000000000
2.00000000000000000000 0.00000000000000000000 15.00000000000000000000 0.00000000000000000000
1.00000000000000000000 4.00000000000000000000 3.00000000000000000000 0.00000000000000000000
1.00000000000000000000 2.00000000000000000000 15.00000000000000000000 0.00000000000000000000
4.00000000000000000000 3.00000000000000000000 14.00000000000000000000 0.00000000000000000000
1.00000000000000000000 3.00000000000000000000 6.00000000000000000000 108.00000000000000000000
3.00000000000000000000 0.00000000000000000000 3.00000000000000000000 569.00000000000000000000
1.00000000000000000000 0.00000000000000000000 5.00000000000000000000 0.00000000000000000000
3.00000000000000000000 2.00000000000000000000 4.00000000000000000000 0.00000000000000000000
0.00000000000000000000 1.00000000000000000000 18.00000000000000000000 421.00000000000000000000
0.00000000000000000000 1.00000000000000000000 11.00000000000000000000 0.00000000000000000000
3.00000000000000000000 1.00000000000000000000 14.00000000000000000000 202.00000000000000000000
0.00000000000000000000 0.00000000000000000000 1.00000000000000000000 1521.00000000000000000000
1.00000000000000000000 2.00000000000000000000 1.00000000000000000000 486.00000000000000000000
0.00000000000000000000 4.00000000000000000000 6.00000000000000000000 12.00000000000000000000
0.00000000000000000000 1.00000000000000000000 2.00000000000000000000 0.00000000000000000000
4.00000000000000000000 2.00000000000000000000 1.00000000000000000000 165.00000000000000000000
4.00000000000000000000 2.00000000000000000000 9.00000000000000000000 0.00000000000000000000
1.00000000000000000000 0.00000000000000000000 14.00000000000000000000 0.00000000000000000000
3.00000000000000000000 4.00000000000000000000 9.00000000000000000000 1.00000000000000000000
2.00000000000000000000 0.00000000000000000000 19.00000000000000000000 0.00000000000000000000
0.00000000000000000000 3.00000000000000000000 1.00000000000000000000 2100.00000000000000000000
2.00000000000000000000 0.00000000000000000000 13.00000000000000000000 0.00000000000000000000
4.00000000000000000000 4.00000000000000000000 4.00000000000000000000 522.00000000000000000000
2.00000000000000000000 2.00000000000000000000 3.00000000000000000000 45.00000000000000000000
1.00000000000000000000 3.00000000000000000000 18.00000000000000000000 10.00000000000000000000
3.00000000000000000000 1.00000000000000000000 18.00000000000000000000 190.00000000000000000000
2.00000000000000000000 3.00000000000000000000 10.00000000000000000000 0.00000000000000000000
0.00000000000000000000 2.00000000000000000000 5.00000000000000000000 0.00000000000000000000
3.00000000000000000000 4.00000000000000000000 12.00000000000000000000 55.00000000000000000000
1.00000000000000000000 4.00000000000000000000 4.00000000000000000000 0.00000000000000000000
1.00000000000000000000 0.00000000000000000000 13.00000000000000000000 651.00000000000000000000
4.00000000000000000000 2.00000000000000000000 11.00000000000000000000 0.00000000000000000000
0.00000000000000000000 1.00000000000000000000 9.00000000000000000000 12.00000000000000000000
3.00000000000000000000 3.00000000000000000000 9.00000000000000000000 19226.00000000000000000000
1.00000000000000000000 1.00000000000000000000 1.00000000000000000000 1234.00000000000000000000
3.00000000000000000000 1.00000000000000000000 19.00000000000000000000 338.00000000000000000000
0.00000000000000000000 2.00000000000000000000 15.00000000000000000000 0.00000000000000000000
2.00000000000000000000 2.00000000000000000000 7.00000000000000000000 0.00000000000000000000
1.00000000000000000000 4.00000000000000000000 8.00000000000000000000 0.00000000000000000000
2.00000000000000000000 4.00000000000000000000 10.00000000000000000000 28.00000000000000000000
1.00000000000000000000 0.00000000000000000000 2.00000000000000000000 0.00000000000000000000
4.00000000000000000000 3.00000000000000000000 8.00000000000000000000 24.00000000000000000000
3.00000000000000000000 4.00000000000000000000 2.00000000000000000000 0.00000000000000000000
1.00000000000000000000 3.00000000000000000000 4.00000000000000000000 18.00000000000000000000
4.00000000000000000000 0.00000000000000000000 12.00000000000000000000 0.00000000000000000000
1.00000000000000000000 0.00000000000000000000 10.00000000000000000000 0.00000000000000000000
3.00000000000000000000 2.00000000000000000000 13.00000000000000000000 0.00000000000000000000
3.00000000000000000000 2.00000000000000000000 18.00000000000000000000 23.00000000000000000000
0.00000000000000000000 2.00000000000000000000 3.00000000000000000000 0.00000000000000000000
3.00000000000000000000 2.00000000000000000000 19.00000000000000000000 10.00000000000000000000
4.00000000000000000000 1.00000000000000000000 3.00000000000000000000 0.00000000000000000000
0.00000000000000000000 1.00000000000000000000 13.00000000000000000000 0.00000000000000000000
0.00000000000000000000 0.00000000000000000000 5.00000000000000000000 224.00000000000000000000
0.00000000000000000000 4.00000000000000000000 2.00000000000000000000 0.00000000000000000000
0.00000000000000000000 3.00000000000000000000 12.00000000000000000000 2434.00000000000000000000
1.00000000000000000000 1.00000000000000000000 16.00000000000000000000 0.00000000000000000000
4.00000000000000000000 4.00000000000000000000 13.00000000000000000000 0.00000000000000000000
1.00000000000000000000 1.00000000000000000000 3.00000000000000000000 732.00000000000000000000
2.00000000000000000000 0.00000000000000000000 3.00000000000000000000 0.00000000000000000000
3.00000000000000000000 1.00000000000000000000 15.00000000000000000000 4.00000000000000000000
3.00000000000000000000 2.00000000000000000000 8.00000000000000000000 0.00000000000000000000
1.00000000000000000000 4.00000000000000000000 17.00000000000000000000 0.00000000000000000000
3.00000000000000000000 2.00000000000000000000 15.00000000000000000000 0.00000000000000000000
0.00000000000000000000 3.00000000000000000000 8.00000000000000000000 1727.00000000000000000000
4.00000000000000000000 0.00000000000000000000 15.00000000000000000000 0.00000000000000000000
2.00000000000000000000 0.00000000000000000000 1.00000000000000000000 0.00000000000000000000
3.00000000000000000000 0.00000000000000000000 12.00000000000000000000 665.00000000000000000000
3.00000000000000000000 3.00000000000000000000 3.00000000000000000000 17299.00000000000000000000
0.00000000000000000000 2.00000000000000000000 6.00000000000000000000 0.00000000000000000000
0.00000000000000000000 4.00000000000000000000 4.00000000000000000000 282.00000000000000000000
3.00000000000000000000 1.00000000000000000000 10.00000000000000000000 0.00000000000000000000
