1.05499994754791259766 24.00000000000000000000 208.50000000000000000000 72.75000000000000000000 39.20000076293945312500 102.00000000000000000000 99.09999847412109375000 110.09999847412109375000 71.19999694824218750000 43.50000000000000000000 25.20000076293945312500 36.09999847412108664457 30.29999923706054687500 18.70000076293945312500 19.20000076293945312500
1.04620003700256369861 64.00000000000000000000 160.00000000000000000000 65.75000000000000000000 36.50000000000000000000 104.30000305175779828915 90.90000152587890625000 93.80000305175779828915 57.79999923706054687500 39.50000000000000000000 23.29999923706054687500 29.20000076293945312500 28.39999961853027699021 18.10000038146972656250 23.10000038146972656250
1.08399999141693115234 40.00000000000000000000 139.25000000000000000000 69.00000000000000000000 34.29999923706054687500 89.19999694824218750000 77.90000152587890625000 91.00000000000000000000 51.40000152587890625000 34.90000152587890625000 21.00000000000000000000 26.70000076293945312500 26.10000038146972656250 17.20000076293945312500 6.59999990463256835938
1.07560002803802490234 47.00000000000000000000 158.25000000000000000000 72.25000000000000000000 34.90000152587890625000 90.19999694824220171085 86.69999694824218750000 98.30000305175779828915 52.59999847412108664457 37.20000076293945312500 22.39999961853027699021 26.00000000000000000000 25.79999923706054687500 17.29999923706054687500 10.19999980926513671875
1.06529998779296875000 33.00000000000000000000 196.00000000000000000000 73.00000000000000000000 38.50000000000000000000 103.80000305175779828915 95.59999847412109375000 105.09999847412109375000 61.40000152587890625000 40.59999847412108664457 25.00000000000000000000 31.29999923706054687500 29.20000076293945312500 19.10000038146972656250 14.60000038146972833886
1.06900000572204589844 33.00000000000000000000 184.25000000000000000000 68.75000000000000000000 40.70000076293945312500 98.90000152587890625000 92.09999847412109375000 103.50000000000000000000 64.00000000000000000000 37.29999923706054687500 23.50000000000000000000 33.50000000000000000000 30.60000038146972656250 19.70000076293945312500 13.00000000000000000000
1.07509994506835937500 26.00000000000000000000 184.75000000000000000000 72.25000000000000000000 37.40000152587890625000 101.80000305175779828915 86.40000152587890625000 101.19999694824220171085 60.09999847412108664457 37.29999923706054687500 22.79999923706054687500 32.40000152587890625000 29.39999961853027699021 18.20000076293945312500 10.39999961853027166114
1.04770004749298095703 38.00000000000000000000 187.25000000000000000000 69.25000000000000000000 38.00000000000000000000 102.69999694824220171085 92.69999694824220171085 101.90000152587890625000 64.69999694824218750000 39.50000000000000000000 24.70000076293945312500 34.79999923706054687500 30.29999923706054687500 18.10000038146972656250 22.50000000000000000000
1.04530000686645507812 41.00000000000000000000 232.75000000000000000000 74.25000000000000000000 41.90000152587890625000 117.50000000000000000000 109.30000305175779828915 108.80000305175779828915 67.69999694824218750000 41.29999923706054687500 24.70000076293945312500 37.20000076293945312500 31.79999923706054687500 20.00000000000000000000 23.60000038146972656250
1.04379999637603759766 40.00000000000000000000 202.25000000000000000000 70.00000000000000000000 38.50000000000000000000 106.50000000000000000000 100.90000152587890625000 106.19999694824220171085 63.50000000000000000000 39.90000152587890625000 22.60000038146972656250 35.09999847412109375000 30.60000038146972656250 19.00000000000000000000 24.20000076293945312500
1.06780004501342751233 51.00000000000000000000 149.25000000000000000000 69.75000000000000000000 34.79999923706054687500 92.80000305175779828915 81.09999847412109375000 96.30000305175779828915 53.79999923706054687500 36.50000000000000000000 21.50000000000000000000 31.29999923706054687500 26.29999923706054687500 17.79999923706054687500 13.60000038146972833886
1.08739995956420898438 55.00000000000000000000 142.25000000000000000000 67.25000000000000000000 35.20000076293945312500 92.69999694824220171085 82.80000305175781250000 91.90000152587890625000 54.40000152587890625000 35.20000076293945312500 22.50000000000000000000 29.39999961853027699021 26.79999923706054687500 17.00000000000000000000 5.19999980926513671875
1.04139995574951149671 22.00000000000000000000 154.00000000000000000000 66.25000000000000000000 34.00000000000000000000 95.80000305175779828915 87.90000152587890625000 99.19999694824220171085 59.59999847412108664457 38.90000152587890625000 24.00000000000000000000 28.79999923706054687500 25.20000076293945312500 16.60000038146972656250 25.29999923706054687500
1.06710004806518554688 51.00000000000000000000 179.00000000000000000000 72.00000000000000000000 41.00000000000000000000 99.19999694824220171085 90.00000000000000000000 96.40000152587890625000 56.79999923706054687500 38.79999923706054687500 23.29999923706054687500 33.40000152587890625000 29.79999923706054687500 19.50000000000000000000 13.89999961853027166114
1.03820002079010009766 64.00000000000000000000 150.25000000000000000000 67.25000000000000000000 38.09999847412108664457 97.09999847412109375000 89.00000000000000000000 96.90000152587890625000 54.79999923706054687500 38.00000000000000000000 22.00000000000000000000 29.89999961853027699021 25.20000076293945312500 17.70000076293945312500 26.79999923706054687500
1.03699994087219238281 34.00000000000000000000 218.75000000000000000000 72.00000000000000000000 39.50000000000000000000 111.40000152587890625000 106.00000000000000000000 108.80000305175779828915 63.79999923706054687500 42.00000000000000000000 23.39999961853027699021 34.00000000000000000000 31.20000076293945312500 18.50000000000000000000 27.29999923706054687500
1.05200004577636718750 41.00000000000000000000 202.25000000000000000000 72.50000000000000000000 40.79999923706054687500 109.19999694824220171085 98.00000000000000000000 101.80000305175779828915 62.79999923706054687500 41.29999923706054687500 24.79999923706054687500 36.59999847412108664457 32.40000152587890625000 18.79999923706054687500 20.50000000000000000000
1.04390001296997070312 62.00000000000000000000 167.50000000000000000000 71.50000000000000000000 35.50000000000000000000 97.59999847412109375000 91.50000000000000000000 98.50000000000000000000 56.59999847412108664457 38.59999847412108664457 22.39999961853027699021 31.50000000000000000000 27.29999923706054687500 18.60000038146972656250 24.29999923706054687500
1.05219995975494384766 49.00000000000000000000 212.75000000000000000000 75.00000000000000000000 40.79999923706054687500 104.69999694824220171085 106.59999847412109375000 107.69999694824220171085 66.50000000000000000000 42.50000000000000000000 24.50000000000000000000 35.50000000000000000000 29.79999923706054687500 18.70000076293945312500 20.39999961853027699021
1.03040003776550292969 66.00000000000000000000 234.25000000000000000000 72.00000000000000000000 41.40000152587890625000 119.69999694824220171085 109.00000000000000000000 109.09999847412109375000 63.70000076293945312500 42.40000152587890625000 24.60000038146972656250 35.59999847412109375000 30.70000076293945312500 19.50000000000000000000 30.39999961853027699021
1.09060001373291015625 42.00000000000000000000 136.25000000000000000000 67.50000000000000000000 37.79999923706054687500 87.59999847412109375000 77.59999847412109375000 88.59999847412109375000 51.90000152587890625000 34.90000152587890625000 22.50000000000000000000 27.70000076293945312500 27.50000000000000000000 18.50000000000000000000 3.90000009536743208471
1.02629995346069335938 41.00000000000000000000 247.25000000000000000000 73.50000000000000000000 42.09999847412108664457 117.00000000000000000000 115.59999847412109375000 116.09999847412109375000 71.19999694824218750000 43.29999923706054687500 26.29999923706054687500 37.29999923706054687500 31.70000076293945312500 19.70000076293945312500 32.29999923706054687500
1.04349994659423850329 41.00000000000000000000 168.25000000000000000000 69.50000000000000000000 36.50000000000000000000 98.40000152587890625000 87.19999694824218750000 98.40000152587890625000 56.00000000000000000000 36.90000152587890625000 23.00000000000000000000 34.00000000000000000000 29.79999923706054687500 18.10000038146972656250 24.39999961853027699021
1.06659996509552001953 48.00000000000000000000 176.00000000000000000000 73.00000000000000000000 36.70000076293945312500 96.69999694824220171085 86.50000000000000000000 98.30000305175779828915 60.40000152587890625000 39.90000152587890625000 24.39999961853027699021 28.79999923706054687500 29.60000038146972656250 18.70000076293945312500 14.10000038146972833886
1.06780004501342751233 45.00000000000000000000 135.75000000000000000000 68.50000000000000000000 32.79999923706054687500 92.30000305175779828915 83.40000152587890625000 90.40000152587890625000 52.00000000000000000000 35.79999923706054687500 20.60000038146972656250 28.79999923706054687500 25.50000000000000000000 16.29999923706054687500 13.60000038146972833886
1.04519999027252197266 47.00000000000000000000 197.00000000000000000000 73.25000000000000000000 37.79999923706054687500 103.59999847412109375000 99.80000305175779828915 103.19999694824220171085 61.20000076293945312500 38.09999847412108664457 22.60000038146972656250 33.50000000000000000000 28.60000038146972656250 17.89999961853027343750 23.60000038146972656250
1.08529996871948242188 22.00000000000000000000 173.25000000000000000000 72.25000000000000000000 38.50000000000000000000 93.59999847412109375000 83.00000000000000000000 98.69999694824220171085 58.70000076293945312500 37.29999923706054687500 23.39999961853027699021 30.50000000000000000000 28.89999961853027699021 18.20000076293945312500 6.09999990463256835938
1.08619999885559082031 29.00000000000000000000 160.25000000000000000000 71.25000000000000000000 37.29999923706054687500 93.50000000000000000000 84.50000000000000000000 100.59999847412109375000 58.50000000000000000000 38.79999923706054687500 21.50000000000000000000 30.10000038146972656250 26.39999961853027699021 17.89999961853027343750 5.69999980926513671875
1.06099998950958229749 44.00000000000000000000 208.75000000000000000000 73.00000000000000000000 41.90000152587890625000 105.59999847412109375000 96.30000305175779828915 102.00000000000000000000 63.29999923706054687500 39.79999923706054687500 24.10000038146972656250 37.29999923706054687500 23.10000038146972656250 19.39999961853027699021 16.60000038146972656250
1.06029999256134033203 36.00000000000000000000 176.25000000000000000000 71.50000000000000000000 38.70000076293945312500 98.19999694824220171085 90.30000305175779828915 99.90000152587890625000 59.20000076293945312500 37.70000076293945312500 21.50000000000000000000 32.40000152587890625000 28.39999961853027699021 17.79999923706054687500 16.89999961853027343750
1.04999995231628417969 40.00000000000000000000 168.50000000000000000000 69.25000000000000000000 34.20000076293945312500 97.80000305175779828915 92.30000305175779828915 100.59999847412109375000 57.50000000000000000000 36.79999923706054687500 22.79999923706054687500 32.09999847412109375000 26.00000000000000000000 17.29999923706054687500 21.39999961853027699021
1.06799995899200439453 55.00000000000000000000 125.00000000000000000000 64.00000000000000000000 33.20000076293945312500 87.69999694824218750000 76.00000000000000000000 88.59999847412109375000 50.90000152587890625000 35.40000152587890625000 19.10000038146972656250 29.29999923706054687500 25.70000076293945312500 16.89999961853027343750 13.50000000000000000000
1.06659996509552001953 61.00000000000000000000 148.25000000000000000000 67.50000000000000000000 36.00000000000000000000 91.59999847412109375000 81.80000305175781250000 94.80000305175779828915 54.50000000000000000000 37.00000000000000000000 21.39999961853027699021 29.29999923706054687500 27.00000000000000000000 18.29999923706054687500 18.50000000000000000000
1.04139995574951149671 36.00000000000000000000 226.75000000000000000000 71.75000000000000000000 41.50000000000000000000 115.30000305175779828915 108.80000305175779828915 114.40000152587890625000 69.19999694824218750000 42.40000152587890625000 24.00000000000000000000 35.40000152587890625000 21.00000000000000000000 20.10000038146972656250 25.29999923706054687500
1.02579998970031738281 50.00000000000000000000 203.00000000000000000000 67.00000000000000000000 40.20000076293945312500 114.80000305175779828915 108.09999847412109375000 102.50000000000000000000 61.29999923706054687500 41.09999847412108664457 24.70000076293945312500 34.09999847412109375000 31.00000000000000000000 18.29999923706054687500 32.59999847412109375000
1.09000003337860107422 25.00000000000000000000 191.00000000000000000000 74.00000000000000000000 38.09999847412108664457 100.90000152587890625000 82.50000000000000000000 99.90000152587890625000 62.90000152587890625000 38.29999923706054687500 23.79999923706054687500 35.90000152587890625000 31.10000038146972656250 18.20000076293945312500 4.09999990463256835938
1.06309998035430908203 31.00000000000000000000 140.25000000000000000000 68.25000000000000000000 33.90000152587890625000 86.00000000000000000000 76.40000152587890625000 94.59999847412109375000 57.40000152587890625000 35.29999923706054687500 22.20000076293945312500 27.89999961853027699021 25.89999961853027699021 16.70000076293945312500 15.60000038146972833886
1.04340004920959472656 41.00000000000000000000 185.00000000000000000000 68.25000000000000000000 38.00000000000000000000 103.40000152587890625000 101.19999694824220171085 103.09999847412109375000 61.50000000000000000000 40.40000152587890625000 22.89999961853027699021 33.40000152587890625000 29.20000076293945312500 18.50000000000000000000 24.39999961853027699021
1.02639997005462646484 57.00000000000000000000 205.50000000000000000000 70.00000000000000000000 40.09999847412108664457 105.30000305175779828915 105.50000000000000000000 108.30000305175779828915 65.00000000000000000000 41.20000076293945312500 24.70000076293945312500 35.29999923706054687500 31.10000038146972656250 18.39999961853027699021 32.29999923706054687500
1.05250000953674316406 35.00000000000000000000 224.75000000000000000000 72.25000000000000000000 43.90000152587890625000 108.19999694824220171085 100.40000152587890625000 106.80000305175779828915 63.29999923706054687500 41.70000076293945312500 24.60000038146972656250 37.20000076293945312500 33.09999847412109375000 19.79999923706054687500 20.29999923706054687500
1.05599999427795410156 66.00000000000000000000 171.25000000000000000000 69.25000000000000000000 37.40000152587890625000 102.69999694824220171085 98.59999847412109375000 100.19999694824220171085 56.50000000000000000000 39.29999923706054687500 22.70000076293945312500 30.29999923706054687500 28.70000076293945312500 19.00000000000000000000 18.79999923706054687500
1.07449996471405029297 57.00000000000000000000 147.75000000000000000000 65.75000000000000000000 35.20000076293945312500 99.59999847412109375000 86.40000152587890625000 90.09999847412109375000 53.00000000000000000000 35.00000000000000000000 21.29999923706054687500 31.70000076293945312500 27.29999923706054687500 16.89999961853027343750 10.60000038146972833886
1.05379998683929443359 43.00000000000000000000 170.75000000000000000000 68.50000000000000000000 37.20000076293945312500 96.30000305175779828915 90.59999847412109375000 99.30000305175779828915 61.90000152587890625000 38.00000000000000000000 22.29999923706054687500 33.29999923706054687500 28.20000076293945312500 18.10000038146972656250 19.70000076293945312500
1.07260000705718994141 54.00000000000000000000 161.75000000000000000000 67.50000000000000000000 37.40000152587890625000 94.19999694824220171085 87.59999847412109375000 95.59999847412109375000 59.70000076293945312500 40.20000076293945312500 23.39999961853027699021 27.89999961853027699021 27.00000000000000000000 17.79999923706054687500 11.50000000000000000000
1.01800000667572021484 35.00000000000000000000 228.25000000000000000000 69.50000000000000000000 40.40000152587890625000 114.90000152587890625000 115.90000152587890625000 111.90000152587890625000 74.40000152587890625000 40.59999847412108664457 24.00000000000000000000 36.09999847412108664457 31.79999923706054687500 18.79999923706054687500 34.29999923706054687500
1.06729996204376220703 55.00000000000000000000 154.75000000000000000000 71.50000000000000000000 36.90000152587890625000 95.40000152587890625000 86.59999847412109375000 91.80000305175779828915 54.29999923706054687500 35.40000152587890625000 21.50000000000000000000 32.79999923706054687500 27.39999961853027699021 18.70000076293945312500 13.80000019073486328125
1.05490005016326904297 26.00000000000000000000 181.00000000000000000000 69.75000000000000000000 36.40000152587890625000 105.09999847412109375000 90.69999694824220171085 100.30000305175779828915 58.40000152587890625000 38.29999923706054687500 22.89999961853027699021 31.89999961853027699021 27.79999923706054687500 17.70000076293945312500 19.20000076293945312500
1.05900001525878906250 43.00000000000000000000 152.25000000000000000000 67.75000000000000000000 37.50000000000000000000 95.90000152587890625000 78.00000000000000000000 93.19999694824220171085 53.50000000000000000000 35.79999923706054687500 20.79999923706054687500 33.90000152587890625000 28.20000076293945312500 17.39999961853027343750 17.39999961853027343750
1.08109998703002929688 34.00000000000000000000 131.50000000000000000000 67.50000000000000000000 36.20000076293945312500 88.59999847412109375000 74.59999847412109375000 85.30000305175781250000 51.70000076293945312500 34.70000076293945312500 21.39999961853027699021 28.70000076293945312500 27.00000000000000000000 16.50000000000000000000 7.90000009536743164062
1.06480002403259277344 72.00000000000000000000 157.75000000000000000000 67.25000000000000000000 37.70000076293945312500 97.50000000000000000000 88.09999847412109375000 96.90000152587890625000 57.20000076293945312500 37.70000076293945312500 21.79999923706054687500 32.59999847412109375000 28.00000000000000000000 18.79999923706054687500 14.89999961853027166114
1.07879996299743630139 55.00000000000000000000 146.75000000000000000000 68.75000000000000000000 38.70000076293945312500 88.50000000000000000000 82.80000305175781250000 95.50000000000000000000 58.90000152587890625000 37.59999847412108664457 21.60000038146972656250 30.29999923706054687500 27.29999923706054687500 18.29999923706054687500 8.80000019073486328125
1.05200004577636718750 46.00000000000000000000 177.00000000000000000000 70.00000000000000000000 37.20000076293945312500 99.69999694824220171085 95.59999847412109375000 102.19999694824220171085 58.29999923706054687500 38.20000076293945312500 22.50000000000000000000 29.10000038146972656250 27.70000076293945312500 17.70000076293945312500 20.50000000000000000000
1.04700005054473876953 42.00000000000000000000 162.75000000000000000000 72.75000000000000000000 35.40000152587890625000 92.19999694824220171085 85.59999847412109375000 96.50000000000000000000 60.20000076293945312500 38.90000152587890625000 22.39999961853027699021 31.70000076293945312500 27.10000038146972656250 17.10000038146972656250 22.79999923706054687500
1.03989994525909423828 54.00000000000000000000 230.00000000000000000000 72.25000000000000000000 42.50000000000000000000 119.90000152587890625000 110.40000152587890625000 105.50000000000000000000 64.19999694824218750000 42.70000076293945312500 27.00000000000000000000 38.40000152587890625000 32.00000000000000000000 19.60000038146972656250 26.00000000000000000000
1.07029998302459716797 55.00000000000000000000 126.50000000000000000000 66.75000000000000000000 33.40000152587890625000 88.80000305175781250000 78.19999694824218750000 87.50000000000000000000 50.79999923706054687500 33.00000000000000000000 19.70000076293945312500 25.29999923706054687500 22.00000000000000000000 15.80000019073486328125 12.50000000000000000000
1.06410002708435058594 68.00000000000000000000 155.50000000000000000000 69.25000000000000000000 36.29999923706054687500 97.40000152587890625000 84.30000305175781250000 94.40000152587890625000 54.29999923706054687500 37.50000000000000000000 22.60000038146972656250 29.20000076293945312500 27.29999923706054687500 18.50000000000000000000 15.19999980926513671875
1.07190001010894775391 27.00000000000000000000 168.00000000000000000000 71.25000000000000000000 38.09999847412108664457 93.00000000000000000000 79.09999847412109375000 94.50000000000000000000 57.29999923706054687500 36.20000076293945312500 24.50000000000000000000 29.00000000000000000000 30.00000000000000000000 18.79999923706054687500 11.80000019073486328125
1.05299997329711914062 41.00000000000000000000 172.75000000000000000000 71.25000000000000000000 36.29999923706054687500 96.69999694824220171085 89.19999694824218750000 98.30000305175779828915 60.00000000000000000000 38.40000152587890625000 23.20000076293945312500 31.00000000000000000000 29.20000076293945312500 18.39999961853027699021 20.10000038146972656250
1.09259998798370361328 35.00000000000000000000 152.25000000000000000000 67.75000000000000000000 37.00000000000000000000 92.19999694824220171085 81.90000152587890625000 92.80000305175779828915 54.70000076293945312500 36.20000076293945312500 22.10000038146972656250 30.39999961853027699021 27.39999961853027699021 17.70000076293945312500 3.00000000000000000000
1.06239998340606689453 42.00000000000000000000 193.50000000000000000000 70.50000000000000000000 40.70000076293945312500 104.90000152587890625000 94.09999847412109375000 102.69999694824220171085 60.59999847412108664457 38.59999847412108664457 24.70000076293945312500 34.00000000000000000000 30.10000038146972656250 18.70000076293945312500 15.89999961853027166114
1.03400003910064697266 43.00000000000000000000 200.50000000000000000000 71.50000000000000000000 37.90000152587890625000 107.19999694824220171085 103.09999847412109375000 105.50000000000000000000 68.80000305175781250000 38.29999923706054687500 23.70000076293945312500 32.09999847412109375000 28.89999961853027699021 18.70000076293945312500 28.70000076293945312500
1.07539999485015869141 23.00000000000000000000 188.14999389648440342171 77.50000000000000000000 38.00000000000000000000 96.59999847412109375000 85.30000305175781250000 102.50000000000000000000 59.09999847412108664457 37.59999847412108664457 23.20000076293945312500 31.79999923706054687500 29.70000076293945312500 18.29999923706054687500 10.30000019073486328125
1.05019998550415039062 41.00000000000000000000 218.50000000000000000000 71.00000000000000000000 39.79999923706054687500 111.69999694824220171085 100.50000000000000000000 108.30000305175779828915 67.09999847412109375000 44.20000076293945312500 25.20000076293945312500 37.50000000000000000000 31.50000000000000000000 18.70000076293945312500 21.29999923706054687500
1.08469998836517311780 54.00000000000000000000 155.25000000000000000000 69.25000000000000000000 37.50000000000000000000 89.30000305175781250000 78.40000152587890625000 96.09999847412109375000 56.00000000000000000000 37.40000152587890625000 22.39999961853027699021 32.59999847412109375000 28.10000038146972656250 18.10000038146972656250 6.30000019073486328125
1.05840003490447998047 32.00000000000000000000 148.75000000000000000000 70.00000000000000000000 35.50000000000000000000 86.69999694824218750000 80.00000000000000000000 93.40000152587890625000 54.90000152587890625000 36.20000076293945312500 22.10000038146972656250 29.79999923706054687500 26.70000076293945312500 17.10000038146972656250 17.70000076293945312500
1.03159999847412109375 37.00000000000000000000 241.25000000000000000000 71.50000000000000000000 42.09999847412108664457 119.19999694824220171085 110.30000305175779828915 113.90000152587890625000 69.80000305175781250000 42.59999847412108664457 24.79999923706054687500 34.40000152587890625000 29.50000000000000000000 18.39999961853027699021 29.89999961853027699021
1.05509996414184570312 28.00000000000000000000 179.00000000000000000000 68.00000000000000000000 39.09999847412108664457 103.30000305175779828915 95.90000152587890625000 104.90000152587890625000 63.50000000000000000000 38.00000000000000000000 22.10000038146972656250 32.50000000000000000000 30.29999923706054687500 18.39999961853027699021 19.10000038146972656250
1.08140003681182861328 39.00000000000000000000 125.25000000000000000000 68.00000000000000000000 31.50000000000000000000 85.09999847412109375000 76.00000000000000000000 88.19999694824218750000 50.00000000000000000000 34.70000076293945312500 21.00000000000000000000 26.10000038146972656250 23.10000038146972656250 16.10000038146972656250 7.69999980926513671875
1.04840004444122314453 35.00000000000000000000 187.75000000000000000000 69.50000000000000000000 40.50000000000000000000 101.30000305175779828915 96.40000152587890625000 100.09999847412109375000 69.00000000000000000000 39.00000000000000000000 23.10000038146972656250 36.09999847412108664457 30.50000000000000000000 18.20000076293945312500 22.10000038146972656250
1.07899999618530273438 57.00000000000000000000 162.50000000000000000000 69.50000000000000000000 38.70000076293945312500 91.59999847412109375000 78.80000305175781250000 94.30000305175779828915 56.70000076293945312500 39.70000076293945312500 24.20000076293945312500 30.20000076293945312500 29.20000076293945312500 18.10000038146972656250 8.80000019073486328125
1.04719996452331542969 40.00000000000000000000 171.25000000000000000000 70.50000000000000000000 36.29999923706054687500 94.59999847412109375000 90.30000305175779828915 99.09999847412109375000 60.29999923706054687500 38.50000000000000000000 23.00000000000000000000 31.20000076293945312500 28.39999961853027699021 17.10000038146972656250 22.70000076293945312500
1.06099998950958229749 35.00000000000000000000 172.75000000000000000000 69.50000000000000000000 37.59999847412108664457 99.09999847412109375000 90.80000305175779828915 98.09999847412109375000 60.09999847412108664457 39.09999847412108664457 23.39999961853027699021 32.50000000000000000000 29.79999923706054687500 17.39999961853027343750 16.50000000000000000000
1.03729999065399169922 42.00000000000000000000 177.50000000000000000000 68.75000000000000000000 38.90000152587890625000 98.69999694824220171085 92.09999847412109375000 98.50000000000000000000 60.70000076293945312500 36.79999923706054687500 22.20000076293945312500 33.79999923706054687500 30.29999923706054687500 17.20000076293945312500 27.20000076293945312500
1.09109997749328591077 27.00000000000000000000 159.25000000000000000000 71.50000000000000000000 35.70000076293945312500 89.59999847412109375000 79.69999694824218750000 96.50000000000000000000 55.00000000000000000000 36.70000076293945312500 22.50000000000000000000 29.89999961853027699021 28.20000076293945312500 17.70000076293945312500 3.70000004768371582031
1.02799999713897705078 54.00000000000000000000 202.50000000000000000000 70.75000000000000000000 40.50000000000000000000 115.40000152587890625000 105.30000305175779828915 97.00000000000000000000 59.09999847412108664457 38.00000000000000000000 22.50000000000000000000 31.60000038146972656250 28.79999923706054687500 18.20000076293945312500 31.50000000000000000000
1.02690005302429199219 41.00000000000000000000 212.00000000000000000000 71.50000000000000000000 41.50000000000000000000 106.59999847412109375000 104.30000305175779828915 106.00000000000000000000 65.00000000000000000000 40.20000076293945312500 23.00000000000000000000 35.79999923706054687500 31.50000000000000000000 18.79999923706054687500 32.00000000000000000000
1.05490005016326904297 35.00000000000000000000 217.00000000000000000000 73.75000000000000000000 40.50000000000000000000 107.50000000000000000000 95.09999847412109375000 104.50000000000000000000 64.80000305175781250000 41.29999923706054687500 25.60000038146972656250 36.40000152587890625000 33.70000076293945312500 19.39999961853027699021 19.20000076293945312500
1.07039999961853049548 30.00000000000000000000 136.50000000000000000000 68.75000000000000000000 35.90000152587890625000 88.69999694824218750000 76.59999847412109375000 89.80000305175781250000 50.09999847412108664457 34.79999923706054687500 21.79999923706054687500 27.00000000000000000000 34.90000152587890625000 16.89999961853027343750 12.50000000000000000000
1.05610001087188720703 50.00000000000000000000 194.75000000000000000000 70.75000000000000000000 39.00000000000000000000 103.69999694824220171085 97.59999847412109375000 104.19999694824220171085 60.00000000000000000000 40.90000152587890625000 25.50000000000000000000 32.70000076293945312500 30.00000000000000000000 19.00000000000000000000 18.70000076293945312500
1.03170001506805419922 56.00000000000000000000 178.75000000000000000000 68.50000000000000000000 35.59999847412109375000 102.90000152587890625000 94.69999694824220171085 100.80000305175779828915 60.90000152587890625000 38.00000000000000000000 22.10000038146972656250 32.50000000000000000000 29.79999923706054687500 18.29999923706054687500 29.79999923706054687500
1.09029996395111083984 47.00000000000000000000 127.50000000000000000000 66.75000000000000000000 34.00000000000000000000 83.40000152587890625000 70.40000152587890625000 87.19999694824218750000 50.59999847412108664457 34.40000152587890625000 21.89999961853027699021 26.79999923706054687500 25.79999923706054687500 16.79999923706054687500 4.00000000000000000000
1.09909999370574951172 53.00000000000000000000 224.50000000000000000000 77.75000000000000000000 41.09999847412108664457 113.19999694824220171085 99.19999694824220171085 107.50000000000000000000 61.70000076293945312500 42.29999923706054687500 23.20000076293945312500 32.90000152587890625000 30.79999923706054687500 20.39999961853027699021 17.39999961853027343750
1.05939996242523193359 28.00000000000000000000 171.50000000000000000000 75.25000000000000000000 35.59999847412109375000 92.09999847412109375000 83.50000000000000000000 98.30000305175779828915 57.29999923706054687500 37.79999923706054687500 21.70000076293945312500 32.20000076293945312500 27.70000076293945312500 17.70000076293945312500 17.29999923706054687500
1.04159998893737792969 26.00000000000000000000 223.00000000000000000000 70.25000000000000000000 40.59999847412108664457 114.09999847412109375000 106.80000305175779828915 113.90000152587890625000 67.59999847412109375000 42.70000076293945312500 24.70000076293945312500 36.00000000000000000000 30.39999961853027699021 18.39999961853027699021 25.20000076293945312500
1.05680000782012939453 64.00000000000000000000 190.25000000000000000000 72.75000000000000000000 39.29999923706054687500 103.09999847412109375000 97.80000305175779828915 99.59999847412109375000 58.90000152587890625000 39.00000000000000000000 23.00000000000000000000 34.29999923706054687500 29.60000038146972656250 19.00000000000000000000 18.39999961853027699021
1.04110002517700195312 42.00000000000000000000 180.00000000000000000000 68.25000000000000000000 38.50000000000000000000 101.59999847412109375000 96.59999847412109375000 100.59999847412109375000 61.09999847412108664457 38.40000152587890625000 24.10000038146972656250 32.90000152587890625000 29.79999923706054687500 18.79999923706054687500 25.50000000000000000000
1.04040002822875976562 40.00000000000000000000 191.00000000000000000000 74.00000000000000000000 38.29999923706054687500 95.40000152587890625000 92.40000152587890625000 104.30000305175779828915 64.59999847412109375000 41.09999847412108664457 24.79999923706054687500 33.59999847412109375000 29.50000000000000000000 18.50000000000000000000 25.79999923706054687500
0.99500000476837158203 51.00000000000000000000 219.00000000000000000000 64.00000000000000000000 41.20000076293945312500 119.80000305175779828915 122.09999847412109375000 112.80000305175779828915 62.50000000000000000000 36.90000152587890625000 23.60000038146972656250 34.70000076293945312500 29.10000038146972656250 18.39999961853027699021 47.50000000000000000000
1.07700002193450927734 38.00000000000000000000 188.75000000000000000000 73.25000000000000000000 37.50000000000000000000 99.09999847412109375000 91.59999847412109375000 102.40000152587890625000 60.59999847412108664457 39.40000152587890625000 22.89999961853027699021 31.60000038146972656250 30.10000038146972656250 18.50000000000000000000 9.60000038146972833886
1.08410000801086447986 42.00000000000000000000 167.25000000000000000000 72.75000000000000000000 37.59999847412108664457 94.00000000000000000000 78.00000000000000000000 99.00000000000000000000 57.50000000000000000000 40.00000000000000000000 22.50000000000000000000 30.60000038146972656250 30.00000000000000000000 18.50000000000000000000 6.59999990463256835938
1.05050003528594970703 30.00000000000000000000 205.25000000000000000000 71.25000000000000000000 39.40000152587890625000 104.09999847412109375000 101.80000305175779828915 108.59999847412109375000 66.00000000000000000000 41.50000000000000000000 23.70000076293945312500 36.90000152587890625000 31.60000038146972656250 18.79999923706054687500 21.20000076293945312500
1.04729998111724831311 54.00000000000000000000 198.00000000000000000000 72.00000000000000000000 39.90000152587890625000 107.59999847412109375000 100.00000000000000000000 99.59999847412109375000 57.20000076293945312500 38.00000000000000000000 22.00000000000000000000 35.90000152587890625000 30.20000076293945312500 18.89999961853027699021 22.60000038146972656250
1.07050001621246337891 64.00000000000000000000 155.25000000000000000000 69.50000000000000000000 37.90000152587890625000 95.80000305175779828915 82.80000305175781250000 94.50000000000000000000 61.20000076293945312500 39.09999847412108664457 22.29999923706054687500 29.79999923706054687500 28.89999961853027699021 18.29999923706054687500 12.39999961853027166114
1.05120003223419189453 35.00000000000000000000 162.75000000000000000000 66.00000000000000000000 36.40000152587890625000 99.09999847412109375000 92.80000305175779828915 99.19999694824220171085 63.09999847412108664457 38.70000076293945312500 21.70000076293945312500 31.10000038146972656250 26.39999961853027699021 16.89999961853027343750 20.89999961853027699021
1.05429995059967041016 49.00000000000000000000 168.25000000000000000000 71.75000000000000000000 38.29999923706054687500 98.30000305175779828915 89.69999694824218750000 99.09999847412109375000 56.29999923706054687500 38.79999923706054687500 23.00000000000000000000 29.50000000000000000000 27.89999961853027699021 18.60000038146972656250 19.50000000000000000000
1.08299994468688964844 26.00000000000000000000 186.25000000000000000000 74.50000000000000000000 38.50000000000000000000 101.50000000000000000000 83.59999847412109375000 98.19999694824220171085 59.70000076293945312500 39.70000076293945312500 25.20000076293945312500 32.79999923706054687500 29.39999961853027699021 18.50000000000000000000 7.09999990463256835938
1.06649994850158691406 39.00000000000000000000 148.50000000000000000000 71.25000000000000000000 34.59999847412109375000 89.80000305175781250000 79.50000000000000000000 92.69999694824220171085 52.70000076293945312500 37.50000000000000000000 21.89999961853027699021 28.79999923706054687500 26.79999923706054687500 17.89999961853027343750 5.59999990463256835938
1.05470001697540283203 43.00000000000000000000 200.25000000000000000000 73.50000000000000000000 38.59999847412108664457 105.19999694824220171085 102.80000305175779828915 103.59999847412109375000 61.20000076293945312500 39.29999923706054687500 23.50000000000000000000 30.50000000000000000000 28.50000000000000000000 18.10000038146972656250 19.29999923706054687500
1.06739997863769509046 50.00000000000000000000 161.00000000000000000000 66.50000000000000000000 37.70000076293945312500 98.90000152587890625000 84.09999847412109375000 94.00000000000000000000 58.50000000000000000000 36.59999847412108664457 23.50000000000000000000 34.40000152587890625000 29.20000076293945312500 18.00000000000000000000 13.80000019073486328125
1.05729997158050537109 44.00000000000000000000 179.75000000000000000000 69.50000000000000000000 39.20000076293945312500 101.90000152587890625000 93.19999694824220171085 100.59999847412109375000 58.90000152587890625000 39.70000076293945312500 23.10000038146972656250 31.39999961853027699021 28.39999961853027699021 18.79999923706054687500 18.20000076293945312500
1.04299998283386230469 61.00000000000000000000 179.75000000000000000000 65.75000000000000000000 38.40000152587890625000 104.80000305175779828915 98.30000305175779828915 99.59999847412109375000 60.59999847412108664457 37.70000076293945312500 22.89999961853027699021 34.50000000000000000000 29.60000038146972656250 18.50000000000000000000 24.60000038146972656250
1.06519997119903564453 40.00000000000000000000 160.25000000000000000000 68.75000000000000000000 36.90000152587890625000 99.30000305175779828915 83.30000305175781250000 97.50000000000000000000 60.50000000000000000000 38.70000076293945312500 22.60000038146972656250 34.40000152587890625000 28.00000000000000000000 17.60000038146972656250 14.69999980926513671875
1.02020001411438010486 46.00000000000000000000 363.14999389648437500000 72.25000000000000000000 51.20000076293945312500 136.19999694824218750000 148.10000610351562500000 147.69999694824218750000 87.30000305175781250000 49.09999847412108664457 29.60000038146972656250 45.00000000000000000000 29.00000000000000000000 21.39999961853027699021 35.20000076293945312500
1.07299995422363281250 50.00000000000000000000 162.50000000000000000000 66.50000000000000000000 38.70000076293945312500 99.40000152587890625000 86.69999694824218750000 96.19999694824220171085 62.09999847412108664457 39.29999923706054687500 23.29999923706054687500 30.60000038146972656250 27.79999923706054687500 18.20000076293945312500 11.30000019073486328125
1.06009995937347389905 56.00000000000000000000 167.75000000000000000000 68.50000000000000000000 37.40000152587890625000 98.59999847412109375000 93.00000000000000000000 97.00000000000000000000 55.40000152587890625000 38.79999923706054687500 23.20000076293945312500 32.40000152587890625000 29.70000076293945312500 19.00000000000000000000 17.00000000000000000000
1.03859996795654296875 67.00000000000000000000 167.00000000000000000000 67.50000000000000000000 36.50000000000000000000 98.90000152587890625000 89.69999694824218750000 96.19999694824220171085 54.70000076293945312500 37.79999923706054687500 33.70000076293945312500 32.40000152587890625000 27.70000076293945312500 18.20000076293945312500 26.60000038146972656250
1.07089996337890625000 43.00000000000000000000 178.25000000000000000000 70.25000000000000000000 37.79999923706054687500 102.69999694824220171085 89.19999694824218750000 99.19999694824220171085 60.20000076293945312500 39.20000076293945312500 23.79999923706054687500 31.70000076293945312500 28.39999961853027699021 18.60000038146972656250 12.19999980926513671875
1.07280004024505615234 41.00000000000000000000 153.00000000000000000000 69.25000000000000000000 36.40000152587890625000 91.40000152587890625000 80.59999847412109375000 92.30000305175779828915 54.29999923706054687500 36.29999923706054687500 21.79999923706054687500 29.60000038146972656250 27.29999923706054687500 17.89999961853027343750 11.39999961853027166114
1.05149996280670166016 40.00000000000000000000 192.25000000000000000000 73.25000000000000000000 39.79999923706054687500 103.90000152587890625000 93.50000000000000000000 99.50000000000000000000 61.70000076293945312500 39.00000000000000000000 21.79999923706054687500 33.29999923706054687500 29.60000038146972656250 18.10000038146972656250 20.79999923706054687500
1.07939994335174560547 40.00000000000000000000 167.50000000000000000000 71.50000000000000000000 39.40000152587890625000 89.50000000000000000000 83.69999694824218750000 98.09999847412109375000 57.29999923706054687500 39.70000076293945312500 22.60000038146972656250 32.90000152587890625000 29.29999923706054687500 18.20000076293945312500 8.60000038146972656250
1.03770005702972389905 70.00000000000000000000 170.75000000000000000000 70.00000000000000000000 38.70000076293945312500 101.80000305175779828915 94.90000152587890625000 95.00000000000000000000 56.00000000000000000000 36.50000000000000000000 24.10000038146972656250 31.20000076293945312500 27.29999923706054687500 19.20000076293945312500 27.00000000000000000000
1.05289995670318603516 48.00000000000000000000 177.25000000000000000000 72.75000000000000000000 36.79999923706054687500 96.00000000000000000000 90.00000000000000000000 99.69999694824220171085 58.79999923706054687500 38.40000152587890625000 22.79999923706054687500 29.89999961853027699021 28.00000000000000000000 18.10000038146972656250 20.10000038146972656250
1.03460001945495605469 50.00000000000000000000 196.75000000000000000000 68.25000000000000000000 42.09999847412108664457 105.59999847412109375000 98.80000305175779828915 104.80000305175779828915 66.00000000000000000000 41.50000000000000000000 24.70000076293945312500 33.20000076293945312500 30.50000000000000000000 19.39999961853027699021 28.39999961853027699021
1.03779995441436767578 72.00000000000000000000 168.00000000000000000000 69.25000000000000000000 38.50000000000000000000 101.40000152587890625000 99.80000305175779828915 96.19999694824220171085 56.29999923706054687500 36.59999847412108664457 22.00000000000000000000 29.70000076293945312500 26.29999923706054687500 18.00000000000000000000 27.00000000000000000000
1.04219996929168701172 40.00000000000000000000 176.75000000000000000000 71.00000000000000000000 37.40000152587890625000 98.59999847412109375000 93.09999847412109375000 101.59999847412109375000 59.09999847412108664457 39.59999847412108664457 21.60000038146972656250 30.79999923706054687500 27.89999961853027699021 16.60000038146972656250 24.89999961853027699021
1.06219995021820090564 28.00000000000000000000 183.75000000000000000000 67.75000000000000000000 38.00000000000000000000 106.80000305175779828915 89.59999847412109375000 102.40000152587890625000 64.19999694824218750000 38.70000076293945312500 22.89999961853027699021 37.20000076293945312500 30.50000000000000000000 18.50000000000000000000 16.00000000000000000000
1.06500005722045898438 55.00000000000000000000 169.50000000000000000000 68.25000000000000000000 37.20000076293945312500 101.69999694824220171085 91.09999847412109375000 97.09999847412109375000 56.59999847412108664457 38.50000000000000000000 22.60000038146972656250 33.40000152587890625000 29.29999923706054687500 18.79999923706054687500 14.80000019073486328125
1.08480000495910644531 49.00000000000000000000 152.75000000000000000000 73.50000000000000000000 35.09999847412109375000 93.30000305175779828915 79.59999847412109375000 91.59999847412109375000 52.59999847412108664457 37.59999847412108664457 22.60000038146972656250 38.50000000000000000000 27.39999961853027699021 18.50000000000000000000 6.30000019073486328125
1.04180002212524391858 55.00000000000000000000 198.50000000000000000000 74.25000000000000000000 38.29999923706054687500 105.30000305175779828915 96.69999694824220171085 106.59999847412109375000 64.00000000000000000000 42.59999847412108664457 23.39999961853027699021 33.20000076293945312500 30.00000000000000000000 18.39999961853027699021 25.20000076293945312500
1.01400005817413330078 42.00000000000000000000 244.25000000000000000000 76.00000000000000000000 41.79999923706054687500 115.19999694824220171085 113.69999694824220171085 112.40000152587890625000 68.50000000000000000000 45.00000000000000000000 25.50000000000000000000 37.09999847412108664457 31.20000076293945312500 19.89999961853027699021 38.09999847412108664457
1.06070005893707275391 40.00000000000000000000 158.00000000000000000000 69.25000000000000000000 36.29999923706054687500 97.00000000000000000000 86.59999847412109375000 92.59999847412109375000 55.90000152587890625000 36.29999923706054687500 22.10000038146972656250 29.79999923706054687500 26.29999923706054687500 17.29999923706054687500 16.70000076293945312500
1.08539998531341552734 44.00000000000000000000 184.00000000000000000000 74.00000000000000000000 37.90000152587890625000 100.80000305175779828915 89.09999847412109375000 102.59999847412109375000 60.59999847412108664457 39.00000000000000000000 24.00000000000000000000 32.90000152587890625000 29.20000076293945312500 18.39999961853027699021 6.00000000000000000000
1.06099998950958229749 33.00000000000000000000 211.75000000000000000000 73.50000000000000000000 40.00000000000000000000 106.19999694824220171085 100.50000000000000000000 109.00000000000000000000 65.80000305175781250000 40.59999847412108664457 24.00000000000000000000 37.09999847412108664457 30.10000038146972656250 18.20000076293945312500 16.50000000000000000000
1.03400003910064697266 24.00000000000000000000 184.25000000000000000000 71.25000000000000000000 34.40000152587890625000 97.30000305175779828915 100.00000000000000000000 101.90000152587890625000 63.20000076293945312500 42.20000076293945312500 24.00000000000000000000 32.20000076293945312500 27.70000076293945312500 17.70000076293945312500 28.70000076293945312500
1.03729999065399169922 49.00000000000000000000 216.25000000000000000000 74.50000000000000000000 40.20000076293945312500 115.59999847412109375000 104.00000000000000000000 109.00000000000000000000 63.70000076293945312500 40.29999923706054687500 23.20000076293945312500 36.79999923706054687500 31.00000000000000000000 18.89999961853027699021 27.20000076293945312500
1.04030001163482688220 61.00000000000000000000 178.00000000000000000000 67.00000000000000000000 37.40000152587890625000 105.30000305175779828915 99.69999694824220171085 99.69999694824220171085 60.79999923706054687500 40.09999847412108664457 22.70000076293945312500 33.59999847412109375000 29.00000000000000000000 18.79999923706054687500 25.79999923706054687500
1.05209994316101074219 35.00000000000000000000 177.25000000000000000000 71.00000000000000000000 38.40000152587890625000 100.50000000000000000000 90.30000305175779828915 98.69999694824220171085 57.79999923706054687500 37.29999923706054687500 22.39999961853027699021 31.00000000000000000000 28.70000076293945312500 17.70000076293945312500 20.50000000000000000000
1.04840004444122314453 47.00000000000000000000 197.00000000000000000000 72.00000000000000000000 40.00000000000000000000 107.50000000000000000000 94.00000000000000000000 103.69999694824220171085 62.70000076293945312500 39.00000000000000000000 22.29999923706054687500 35.29999923706054687500 30.89999961853027699021 18.29999923706054687500 22.20000076293945312500
1.09099996089935302734 27.00000000000000000000 133.25000000000000000000 64.75000000000000000000 36.40000152587890625000 93.50000000000000000000 73.90000152587890625000 88.50000000000000000000 50.09999847412108664457 34.50000000000000000000 21.29999923706054687500 30.50000000000000000000 27.89999961853027699021 17.20000076293945312500 3.70000004768371582031
1.03550004959106445312 43.00000000000000000000 183.25000000000000000000 70.00000000000000000000 37.09999847412108664457 108.00000000000000000000 105.00000000000000000000 103.00000000000000000000 63.70000076293945312500 40.00000000000000000000 23.60000038146972656250 33.50000000000000000000 27.79999923706054687500 17.39999961853027343750 28.00000000000000000000
1.02789998054504394531 48.00000000000000000000 217.00000000000000000000 70.00000000000000000000 37.29999923706054687500 113.30000305175779828915 111.19999694824220171085 114.09999847412109375000 67.69999694824218750000 40.90000152587890625000 25.00000000000000000000 36.70000076293945312500 29.79999923706054687500 18.39999961853027699021 31.60000038146972656250
1.07959997653961181641 56.00000000000000000000 160.75000000000000000000 73.75000000000000000000 36.40000152587890625000 93.59999847412109375000 82.90000152587890625000 96.30000305175779828915 52.90000152587890625000 37.50000000000000000000 23.10000038146972656250 29.70000076293945312500 27.29999923706054687500 18.20000076293945312500 8.50000000000000000000
1.10889995098113991467 40.00000000000000000000 118.50000000000000000000 68.00000000000000000000 33.79999923706054687500 79.30000305175781250000 69.40000152587890625000 85.00000000000000000000 47.20000076293945312500 33.50000000000000000000 20.20000076293945312500 27.70000076293945312500 24.60000038146972656250 16.50000000000000000000 0.00000000000000000000
1.03980004787445090564 50.00000000000000000000 157.00000000000000000000 66.75000000000000000000 37.79999923706054687500 100.40000152587890625000 89.40000152587890625000 92.30000305175779828915 56.09999847412108664457 35.59999847412109375000 20.50000000000000000000 33.59999847412109375000 29.29999923706054687500 17.29999923706054687500 26.10000038146972656250
1.02499997615814208984 44.00000000000000000000 205.00000000000000000000 29.50000000000000000000 36.59999847412108664457 106.00000000000000000000 104.30000305175779828915 115.50000000000000000000 70.59999847412109375000 42.50000000000000000000 23.70000076293945312500 33.59999847412109375000 28.70000076293945312500 17.39999961853027343750 32.90000152587890625000
1.07200002670288085938 61.00000000000000000000 143.00000000000000000000 65.75000000000000000000 36.50000000000000000000 93.40000152587890625000 83.30000305175781250000 93.00000000000000000000 55.50000000000000000000 35.20000076293945312500 20.89999961853027699021 29.39999961853027699021 27.00000000000000000000 16.79999923706054687500 11.80000019073486328125
1.03869998455047607422 39.00000000000000000000 219.25000000000000000000 74.25000000000000000000 40.00000000000000000000 108.50000000000000000000 104.59999847412109375000 109.80000305175779828915 68.09999847412109375000 42.79999923706054687500 24.10000038146972656250 35.59999847412109375000 29.00000000000000000000 19.00000000000000000000 26.60000038146972656250
1.04809999465942382812 40.00000000000000000000 168.25000000000000000000 71.25000000000000000000 34.29999923706054687500 98.30000305175779828915 88.50000000000000000000 98.30000305175779828915 58.09999847412108664457 38.40000152587890625000 22.50000000000000000000 31.70000076293945312500 27.39999961853027699021 17.60000038146972656250 22.39999961853027699021
1.05869996547698952405 40.00000000000000000000 170.50000000000000000000 74.25000000000000000000 37.70000076293945312500 98.90000152587890625000 90.40000152587890625000 95.50000000000000000000 55.40000152587890625000 38.90000152587890625000 22.39999961853027699021 30.50000000000000000000 28.89999961853027699021 17.70000076293945312500 17.50000000000000000000
1.05929994583129882812 43.00000000000000000000 194.00000000000000000000 75.50000000000000000000 38.50000000000000000000 110.09999847412109375000 88.69999694824218750000 102.09999847412109375000 57.50000000000000000000 40.00000000000000000000 24.79999923706054687500 35.09999847412109375000 30.70000076293945312500 19.20000076293945312500 17.29999923706054687500
1.07420003414154030530 47.00000000000000000000 159.75000000000000000000 70.75000000000000000000 34.50000000000000000000 92.90000152587890625000 84.40000152587890625000 94.00000000000000000000 56.00000000000000000000 38.20000076293945312500 22.60000038146972656250 29.00000000000000000000 26.20000076293945312500 17.60000038146972656250 10.80000019073486328125
1.06700003147125244141 43.00000000000000000000 164.25000000000000000000 73.25000000000000000000 35.70000076293945312500 96.59999847412109375000 81.50000000000000000000 97.19999694824220171085 58.40000152587890625000 38.20000076293945312500 23.39999961853027699021 29.70000076293945312500 27.39999961853027699021 18.29999923706054687500 13.89999961853027166114
1.04330003261566162109 52.00000000000000000000 199.25000000000000000000 71.75000000000000000000 39.40000152587890625000 106.80000305175779828915 100.00000000000000000000 105.00000000000000000000 63.90000152587890625000 39.20000076293945312500 22.89999961853027699021 35.70000076293945312500 30.39999961853027699021 19.20000076293945312500 24.50000000000000000000
1.03989994525909423828 72.00000000000000000000 190.75000000000000000000 70.50000000000000000000 38.90000152587890625000 108.30000305175779828915 101.30000305175779828915 97.80000305175779828915 56.00000000000000000000 41.59999847412108664457 22.70000076293945312500 30.50000000000000000000 29.39999961853027699021 19.79999923706054687500 26.00000000000000000000
1.05099999904632568359 27.00000000000000000000 200.25000000000000000000 73.50000000000000000000 38.20000076293945312500 101.09999847412109375000 100.09999847412109375000 105.00000000000000000000 62.09999847412108664457 40.00000000000000000000 24.89999961853027699021 33.70000076293945312500 29.20000076293945312500 19.39999961853027699021 21.00000000000000000000
1.01010000705718994141 49.00000000000000000000 191.75000000000000000000 65.00000000000000000000 38.40000152587890625000 118.50000000000000000000 113.09999847412109375000 113.80000305175779828915 61.90000152587890625000 38.29999923706054687500 21.89999961853027699021 32.00000000000000000000 29.79999923706054687500 17.00000000000000000000 40.09999847412108664457
1.04799997806549072266 49.00000000000000000000 196.75000000000000000000 73.75000000000000000000 40.70000076293945312500 103.50000000000000000000 95.50000000000000000000 101.59999847412109375000 59.09999847412108664457 39.79999923706054687500 25.39999961853027699021 31.00000000000000000000 30.29999923706054687500 19.70000076293945312500 22.29999923706054687500
1.08729994297027610095 25.00000000000000000000 143.75000000000000000000 72.50000000000000000000 35.20000076293945312500 92.30000305175779828915 76.50000000000000000000 92.09999847412109375000 51.90000152587890625000 35.70000076293945312500 22.00000000000000000000 25.79999923706054687500 25.20000076293945312500 16.89999961853027343750 5.30000019073486328125
1.02090001106262207031 44.00000000000000000000 223.00000000000000000000 69.75000000000000000000 40.90000152587890625000 121.59999847412109375000 113.90000152587890625000 107.09999847412109375000 63.50000000000000000000 40.29999923706054687500 21.79999923706054687500 34.79999923706054687500 30.70000076293945312500 17.39999961853027343750 34.79999923706054687500
1.07899999618530273438 29.00000000000000000000 160.75000000000000000000 69.00000000000000000000 36.70000076293945312500 97.40000152587890625000 83.50000000000000000000 98.69999694824220171085 58.90000152587890625000 35.29999923706054687500 22.60000038146972656250 30.10000038146972656250 26.70000076293945312500 17.60000038146972656250 8.80000019073486328125
1.05019998550415039062 24.00000000000000000000 210.25000000000000000000 74.75000000000000000000 39.00000000000000000000 104.50000000000000000000 94.40000152587890625000 107.80000305175779828915 66.00000000000000000000 42.00000000000000000000 25.60000038146972656250 35.70000076293945312500 30.60000038146972656250 18.79999923706054687500 20.89999961853027699021
1.02499997615814208984 44.00000000000000000000 166.00000000000000000000 65.50000000000000000000 39.09999847412108664457 100.59999847412109375000 93.90000152587890625000 100.09999847412109375000 58.90000152587890625000 37.59999847412108664457 21.39999961853027699021 33.09999847412109375000 29.50000000000000000000 17.29999923706054687500 32.90000152587890625000
1.06480002403259277344 42.00000000000000000000 165.25000000000000000000 69.75000000000000000000 38.29999923706054687500 96.19999694824220171085 87.00000000000000000000 97.80000305175779828915 57.40000152587890625000 36.90000152587890625000 22.20000076293945312500 31.60000038146972656250 27.79999923706054687500 17.70000076293945312500 14.89999961853027166114
1.05690002441406250000 52.00000000000000000000 203.25000000000000000000 74.25000000000000000000 42.00000000000000000000 110.00000000000000000000 101.59999847412109375000 100.69999694824220171085 55.79999923706054687500 38.70000076293945312500 23.39999961853027699021 35.09999847412109375000 29.60000038146972656250 19.10000038146972656250 18.29999923706054687500
1.04990005493164062500 54.00000000000000000000 151.50000000000000000000 70.75000000000000000000 35.59999847412109375000 90.00000000000000000000 83.90000152587890625000 93.90000152587890625000 55.00000000000000000000 36.09999847412108664457 21.70000076293945312500 29.60000038146972656250 27.39999961853027699021 17.39999961853027343750 21.50000000000000000000
1.05239999294281005859 41.00000000000000000000 210.50000000000000000000 72.00000000000000000000 38.50000000000000000000 107.40000152587890625000 98.90000152587890625000 104.09999847412109375000 63.50000000000000000000 39.79999923706054687500 23.50000000000000000000 36.40000152587890625000 30.39999961853027699021 19.10000038146972656250 20.39999961853027699021
1.07630002498626708984 37.00000000000000000000 145.25000000000000000000 69.25000000000000000000 36.00000000000000000000 96.80000305175779828915 79.40000152587890625000 89.19999694824218750000 50.29999923706054687500 34.79999923706054687500 22.20000076293945312500 31.00000000000000000000 26.89999961853027699021 16.89999961853027343750 9.89999961853027166114
1.05239999294281005859 48.00000000000000000000 173.75000000000000000000 72.00000000000000000000 37.00000000000000000000 99.09999847412109375000 92.00000000000000000000 98.30000305175779828915 59.29999923706054687500 38.40000152587890625000 22.39999961853027699021 27.89999961853027699021 26.20000076293945312500 17.00000000000000000000 20.39999961853027699021
1.06470000743865966797 56.00000000000000000000 174.50000000000000000000 69.50000000000000000000 38.09999847412108664457 104.00000000000000000000 89.40000152587890625000 98.40000152587890625000 58.40000152587890625000 37.40000152587890625000 22.50000000000000000000 34.59999847412109375000 30.10000038146972656250 18.79999923706054687500 14.89999961853027166114
1.03340005874633789062 67.00000000000000000000 199.50000000000000000000 68.50000000000000000000 40.70000076293945312500 118.30000305175779828915 106.09999847412109375000 101.59999847412109375000 58.20000076293945312500 38.79999923706054687500 24.10000038146972656250 32.09999847412109375000 29.29999923706054687500 18.50000000000000000000 29.00000000000000000000
1.03840005397796630859 58.00000000000000000000 161.75000000000000000000 67.25000000000000000000 35.09999847412109375000 94.90000152587890625000 94.90000152587890625000 100.19999694824220171085 56.79999923706054687500 35.90000152587890625000 21.00000000000000000000 27.79999923706054687500 26.10000038146972656250 17.60000038146972656250 26.70000076293945312500
1.04840004444122314453 43.00000000000000000000 150.00000000000000000000 69.25000000000000000000 35.20000076293945312500 91.09999847412109375000 85.69999694824218750000 96.90000152587890625000 55.50000000000000000000 35.70000076293945312500 22.00000000000000000000 29.39999961853027699021 26.60000038146972656250 17.39999961853027343750 22.10000038146972656250
1.04910004138946510999 39.00000000000000000000 166.75000000000000000000 70.75000000000000000000 37.00000000000000000000 92.90000152587890625000 86.09999847412109375000 95.59999847412109375000 58.79999923706054687500 36.09999847412108664457 22.39999961853027699021 32.70000076293945312500 28.29999923706054687500 17.10000038146972656250 21.79999923706054687500
1.04289996623992919922 42.00000000000000000000 224.75000000000000000000 74.75000000000000000000 38.50000000000000000000 106.69999694824220171085 105.69999694824220171085 111.80000305175779828915 65.30000305175781250000 43.29999923706054687500 26.00000000000000000000 33.70000076293945312500 29.89999961853027699021 18.50000000000000000000 24.70000076293945312500
1.06640005111694335938 24.00000000000000000000 156.00000000000000000000 70.75000000000000000000 35.70000076293945312500 92.69999694824220171085 81.90000152587890625000 95.30000305175779828915 56.40000152587890625000 36.50000000000000000000 22.00000000000000000000 33.50000000000000000000 28.29999923706054687500 17.29999923706054687500 14.19999980926513671875
1.07079994678497314453 23.00000000000000000000 154.25000000000000000000 67.75000000000000000000 36.20000076293945312500 93.09999847412109375000 85.19999694824218750000 94.50000000000000000000 59.00000000000000000000 37.29999923706054687500 21.89999961853027699021 32.00000000000000000000 27.39999961853027699021 17.10000038146972656250 12.30000019073486328125
1.05429995059967041016 50.00000000000000000000 172.75000000000000000000 73.00000000000000000000 37.40000152587890625000 98.69999694824220171085 87.59999847412109375000 96.09999847412109375000 57.09999847412108664457 38.09999847412108664457 21.79999923706054687500 28.60000038146972656250 26.70000076293945312500 18.00000000000000000000 19.50000000000000000000
1.06229996681213378906 47.00000000000000000000 151.50000000000000000000 66.75000000000000000000 36.90000152587890625000 94.00000000000000000000 86.09999847412109375000 95.19999694824220171085 58.09999847412108664457 36.50000000000000000000 22.10000038146972656250 30.60000038146972656250 27.50000000000000000000 17.60000038146972656250 16.00000000000000000000
1.02830004692077636719 67.00000000000000000000 163.75000000000000000000 67.75000000000000000000 38.40000152587890625000 97.69999694824220171085 95.80000305175779828915 97.09999847412109375000 54.79999923706054687500 38.20000076293945312500 23.70000076293945312500 29.39999961853027699021 27.20000076293945312500 19.00000000000000000000 31.39999961853027699021
1.05030000209808349609 42.00000000000000000000 163.00000000000000000000 70.25000000000000000000 35.29999923706054687500 93.50000000000000000000 89.59999847412109375000 99.80000305175779828915 61.50000000000000000000 37.79999923706054687500 21.89999961853027699021 30.70000076293945312500 27.60000038146972656250 17.39999961853027343750 21.29999923706054687500
1.07420003414154030530 40.00000000000000000000 133.50000000000000000000 67.50000000000000000000 33.59999847412109375000 88.19999694824218750000 73.69999694824218750000 88.50000000000000000000 53.29999923706054687500 34.50000000000000000000 22.50000000000000000000 27.89999961853027699021 26.20000076293945312500 17.29999923706054687500 10.80000019073486328125
1.06359994411468505859 58.00000000000000000000 175.50000000000000000000 71.50000000000000000000 38.00000000000000000000 100.19999694824220171085 88.09999847412109375000 97.80000305175779828915 57.09999847412108664457 38.90000152587890625000 23.60000038146972656250 30.89999961853027699021 29.60000038146972656250 18.00000000000000000000 15.39999961853027166114
1.04240000247955322266 46.00000000000000000000 192.50000000000000000000 71.75000000000000000000 38.00000000000000000000 106.59999847412109375000 97.50000000000000000000 100.59999847412109375000 58.90000152587890625000 40.50000000000000000000 24.50000000000000000000 33.29999923706054687500 29.60000038146972656250 19.10000038146972656250 24.89999961853027699021
1.08120000362396240234 27.00000000000000000000 216.00000000000000000000 76.00000000000000000000 39.40000152587890625000 103.59999847412109375000 90.90000152587890625000 107.69999694824220171085 66.19999694824218750000 39.20000076293945312500 25.89999961853027699021 37.20000076293945312500 30.20000076293945312500 19.00000000000000000000 7.80000019073486328125
1.04920005798339843750 35.00000000000000000000 166.25000000000000000000 68.00000000000000000000 38.50000000000000000000 99.09999847412109375000 90.40000152587890625000 95.59999847412109375000 55.50000000000000000000 34.20000076293945312500 21.89999961853027699021 30.20000076293945312500 28.70000076293945312500 17.70000076293945312500 21.79999923706054687500
1.05750000476837158203 44.00000000000000000000 187.50000000000000000000 72.25000000000000000000 38.00000000000000000000 101.80000305175779828915 87.50000000000000000000 101.00000000000000000000 58.50000000000000000000 39.20000076293945312500 24.50000000000000000000 32.09999847412109375000 28.60000038146972656250 18.00000000000000000000 18.10000038146972656250
1.08290004730224609375 49.00000000000000000000 140.50000000000000000000 68.00000000000000000000 35.79999923706054687500 91.19999694824220171085 79.40000152587890625000 89.00000000000000000000 51.09999847412108664457 35.00000000000000000000 21.70000076293945312500 30.89999961853027699021 28.79999923706054687500 17.39999961853027343750 7.09999990463256835938
1.07579994201660156250 27.00000000000000000000 146.00000000000000000000 72.25000000000000000000 34.09999847412109375000 88.50000000000000000000 72.80000305175781250000 91.09999847412109375000 53.59999847412108664457 36.79999923706054687500 23.79999923706054687500 27.79999923706054687500 26.29999923706054687500 17.39999961853027343750 10.10000038146972833886
1.03559994697570800781 62.00000000000000000000 201.25000000000000000000 69.50000000000000000000 40.50000000000000000000 111.50000000000000000000 104.19999694824220171085 105.80000305175779828915 61.79999923706054687500 39.79999923706054687500 22.70000076293945312500 37.70000076293945312500 30.89999961853027699021 19.20000076293945312500 28.00000000000000000000
1.05830001831054687500 42.00000000000000000000 168.00000000000000000000 71.50000000000000000000 36.50000000000000000000 92.00000000000000000000 89.69999694824218750000 101.00000000000000000000 62.29999923706054687500 38.00000000000000000000 22.29999923706054687500 30.79999923706054687500 27.79999923706054687500 16.89999961853027343750 17.70000076293945312500
1.07710003852844238281 47.00000000000000000000 160.50000000000000000000 70.25000000000000000000 36.00000000000000000000 99.80000305175779828915 83.90000152587890625000 91.80000305175779828915 53.00000000000000000000 36.20000076293945312500 22.50000000000000000000 31.39999961853027699021 27.50000000000000000000 17.70000076293945312500 9.60000038146972833886
1.08000004291534423828 46.00000000000000000000 176.75000000000000000000 72.50000000000000000000 38.00000000000000000000 97.30000305175779828915 86.00000000000000000000 99.30000305175779828915 61.00000000000000000000 38.40000152587890625000 23.79999923706054687500 30.20000076293945312500 29.29999923706054687500 18.79999923706054687500 8.30000019073486328125
1.03129994869232177734 55.00000000000000000000 183.50000000000000000000 67.50000000000000000000 40.90000152587890625000 103.00000000000000000000 100.30000305175779828915 104.19999694824220171085 64.80000305175781250000 40.20000076293945312500 22.70000076293945312500 34.79999923706054687500 30.10000038146972656250 18.70000076293945312500 30.00000000000000000000
1.02170002460479736328 45.00000000000000000000 262.75000000000000000000 68.75000000000000000000 43.20000076293945312500 128.30000305175781250000 126.19999694824220171085 125.59999847412109375000 72.50000000000000000000 39.59999847412108664457 26.60000038146972656250 36.40000152587890625000 32.70000076293945312500 21.39999961853027699021 34.50000000000000000000
1.07749998569488525391 31.00000000000000000000 151.25000000000000000000 72.25000000000000000000 35.00000000000000000000 94.00000000000000000000 81.19999694824218750000 91.50000000000000000000 52.50000000000000000000 36.59999847412108664457 21.00000000000000000000 27.00000000000000000000 26.29999923706054687500 16.50000000000000000000 9.39999961853027166114
1.04240000247955322266 62.00000000000000000000 191.50000000000000000000 72.25000000000000000000 40.59999847412108664457 104.00000000000000000000 98.19999694824220171085 101.09999847412109375000 59.29999923706054687500 40.29999923706054687500 23.00000000000000000000 32.59999847412109375000 28.50000000000000000000 19.00000000000000000000 24.79999923706054687500
1.06930005550384521484 55.00000000000000000000 156.75000000000000000000 71.50000000000000000000 36.29999923706054687500 94.40000152587890625000 84.59999847412109375000 94.30000305175779828915 51.20000076293945312500 37.40000152587890625000 21.60000038146972656250 27.29999923706054687500 27.10000038146972656250 17.29999923706054687500 12.89999961853027166114
1.04620003700256369861 43.00000000000000000000 170.75000000000000000000 67.50000000000000000000 37.40000152587890625000 103.69999694824220171085 89.69999694824218750000 94.19999694824220171085 58.50000000000000000000 39.00000000000000000000 24.10000038146972656250 33.79999923706054687500 28.79999923706054687500 18.79999923706054687500 23.60000038146972656250
1.04859995841979980469 47.00000000000000000000 178.25000000000000000000 70.00000000000000000000 40.20000076293945312500 99.69999694824220171085 95.00000000000000000000 98.59999847412109375000 62.29999923706054687500 38.09999847412108664457 23.89999961853027699021 35.29999923706054687500 31.10000038146972656250 19.79999923706054687500 22.10000038146972656250
