17.00000000000000000000 900.00000000000000000000 1000.00000000000000000000 4000.00000000000000000000 8.00000000000000000000 1.00000000000000000000 2.00000000000000000000 28.00000000000000000000
26.00000000000000000000 105.00000000000000000000 2000.00000000000000000000 6000.00000000000000000000 16.00000000000000000000 6.00000000000000000000 16.00000000000000000000 41.00000000000000000000
10.00000000000000000000 200.00000000000000000000 1000.00000000000000000000 8000.00000000000000000000 0.00000000000000000000 1.00000000000000000000 2.00000000000000000000 36.00000000000000000000
22.00000000000000000000 56.00000000000000000000 2000.00000000000000000000 8000.00000000000000000000 0.00000000000000000000 1.00000000000000000000 8.00000000000000000000 41.00000000000000000000
17.00000000000000000000 800.00000000000000000000 768.00000000000000000000 2000.00000000000000000000 0.00000000000000000000 0.00000000000000000000 0.00000000000000000000 20.00000000000000000000
23.00000000000000000000 200.00000000000000000000 2000.00000000000000000000 8000.00000000000000000000 64.00000000000000000000 1.00000000000000000000 5.00000000000000000000 67.00000000000000000000
19.00000000000000000000 50.00000000000000000000 2000.00000000000000000000 16000.00000000000000000000 24.00000000000000000000 6.00000000000000000000 16.00000000000000000000 88.00000000000000000000
26.00000000000000000000 59.00000000000000000000 8000.00000000000000000000 16000.00000000000000000000 64.00000000000000000000 12.00000000000000000000 24.00000000000000000000 149.00000000000000000000
26.00000000000000000000 26.00000000000000000000 8000.00000000000000000000 32000.00000000000000000000 64.00000000000000000000 12.00000000000000000000 16.00000000000000000000 275.00000000000000000000
21.00000000000000000000 38.00000000000000000000 8000.00000000000000000000 32000.00000000000000000000 64.00000000000000000000 8.00000000000000000000 24.00000000000000000000 267.00000000000000000000
11.00000000000000000000 800.00000000000000000000 256.00000000000000000000 8000.00000000000000000000 0.00000000000000000000 1.00000000000000000000 4.00000000000000000000 34.00000000000000000000
16.00000000000000000000 300.00000000000000000000 1000.00000000000000000000 16000.00000000000000000000 8.00000000000000000000 2.00000000000000000000 112.00000000000000000000 73.00000000000000000000
21.00000000000000000000 72.00000000000000000000 2000.00000000000000000000 8000.00000000000000000000 16.00000000000000000000 6.00000000000000000000 8.00000000000000000000 48.00000000000000000000
2.00000000000000000000 400.00000000000000000000 512.00000000000000000000 3500.00000000000000000000 4.00000000000000000000 1.00000000000000000000 6.00000000000000000000 24.00000000000000000000
17.00000000000000000000 900.00000000000000000000 2000.00000000000000000000 4000.00000000000000000000 0.00000000000000000000 3.00000000000000000000 6.00000000000000000000 28.00000000000000000000
27.00000000000000000000 50.00000000000000000000 2000.00000000000000000000 32000.00000000000000000000 48.00000000000000000000 26.00000000000000000000 52.00000000000000000000 227.00000000000000000000
15.00000000000000000000 300.00000000000000000000 768.00000000000000000000 12000.00000000000000000000 6.00000000000000000000 6.00000000000000000000 24.00000000000000000000 52.00000000000000000000
21.00000000000000000000 60.00000000000000000000 4000.00000000000000000000 16000.00000000000000000000 32.00000000000000000000 1.00000000000000000000 6.00000000000000000000 95.00000000000000000000
21.00000000000000000000 50.00000000000000000000 4000.00000000000000000000 16000.00000000000000000000 64.00000000000000000000 5.00000000000000000000 10.00000000000000000000 119.00000000000000000000
6.00000000000000000000 320.00000000000000000000 256.00000000000000000000 3000.00000000000000000000 4.00000000000000000000 1.00000000000000000000 3.00000000000000000000 22.00000000000000000000
6.00000000000000000000 320.00000000000000000000 128.00000000000000000000 6000.00000000000000000000 0.00000000000000000000 1.00000000000000000000 12.00000000000000000000 28.00000000000000000000
19.00000000000000000000 50.00000000000000000000 2000.00000000000000000000 16000.00000000000000000000 24.00000000000000000000 6.00000000000000000000 16.00000000000000000000 88.00000000000000000000
8.00000000000000000000 50.00000000000000000000 1000.00000000000000000000 8000.00000000000000000000 8.00000000000000000000 3.00000000000000000000 5.00000000000000000000 41.00000000000000000000
8.00000000000000000000 50.00000000000000000000 2000.00000000000000000000 16000.00000000000000000000 8.00000000000000000000 3.00000000000000000000 6.00000000000000000000 74.00000000000000000000
17.00000000000000000000 1100.00000000000000000000 512.00000000000000000000 1500.00000000000000000000 0.00000000000000000000 1.00000000000000000000 1.00000000000000000000 18.00000000000000000000
17.00000000000000000000 400.00000000000000000000 2000.00000000000000000000 4000.00000000000000000000 0.00000000000000000000 1.00000000000000000000 1.00000000000000000000 28.00000000000000000000
5.00000000000000000000 143.00000000000000000000 512.00000000000000000000 5000.00000000000000000000 0.00000000000000000000 7.00000000000000000000 32.00000000000000000000 29.00000000000000000000
9.00000000000000000000 810.00000000000000000000 512.00000000000000000000 512.00000000000000000000 8.00000000000000000000 1.00000000000000000000 1.00000000000000000000 18.00000000000000000000
21.00000000000000000000 60.00000000000000000000 2000.00000000000000000000 16000.00000000000000000000 64.00000000000000000000 5.00000000000000000000 8.00000000000000000000 107.00000000000000000000
22.00000000000000000000 56.00000000000000000000 2000.00000000000000000000 6000.00000000000000000000 0.00000000000000000000 1.00000000000000000000 8.00000000000000000000 35.00000000000000000000
21.00000000000000000000 92.00000000000000000000 2000.00000000000000000000 8000.00000000000000000000 4.00000000000000000000 1.00000000000000000000 6.00000000000000000000 41.00000000000000000000
8.00000000000000000000 50.00000000000000000000 2000.00000000000000000000 16000.00000000000000000000 8.00000000000000000000 3.00000000000000000000 6.00000000000000000000 74.00000000000000000000
7.00000000000000000000 50.00000000000000000000 500.00000000000000000000 2000.00000000000000000000 8.00000000000000000000 1.00000000000000000000 4.00000000000000000000 23.00000000000000000000
19.00000000000000000000 100.00000000000000000000 1000.00000000000000000000 8000.00000000000000000000 24.00000000000000000000 3.00000000000000000000 6.00000000000000000000 46.00000000000000000000
21.00000000000000000000 115.00000000000000000000 2000.00000000000000000000 8000.00000000000000000000 16.00000000000000000000 1.00000000000000000000 3.00000000000000000000 46.00000000000000000000
13.00000000000000000000 75.00000000000000000000 2000.00000000000000000000 8000.00000000000000000000 64.00000000000000000000 1.00000000000000000000 38.00000000000000000000 75.00000000000000000000
13.00000000000000000000 75.00000000000000000000 2000.00000000000000000000 16000.00000000000000000000 128.00000000000000000000 1.00000000000000000000 38.00000000000000000000 157.00000000000000000000
16.00000000000000000000 140.00000000000000000000 2000.00000000000000000000 8000.00000000000000000000 32.00000000000000000000 1.00000000000000000000 54.00000000000000000000 57.00000000000000000000
17.00000000000000000000 900.00000000000000000000 512.00000000000000000000 1000.00000000000000000000 0.00000000000000000000 1.00000000000000000000 2.00000000000000000000 17.00000000000000000000
3.00000000000000000000 50.00000000000000000000 4000.00000000000000000000 16000.00000000000000000000 65.00000000000000000000 1.00000000000000000000 8.00000000000000000000 117.00000000000000000000
17.00000000000000000000 26.00000000000000000000 8000.00000000000000000000 32000.00000000000000000000 0.00000000000000000000 8.00000000000000000000 24.00000000000000000000 220.00000000000000000000
22.00000000000000000000 38.00000000000000000000 4000.00000000000000000000 16000.00000000000000000000 128.00000000000000000000 16.00000000000000000000 32.00000000000000000000 190.00000000000000000000
4.00000000000000000000 350.00000000000000000000 64.00000000000000000000 64.00000000000000000000 0.00000000000000000000 1.00000000000000000000 4.00000000000000000000 15.00000000000000000000
28.00000000000000000000 125.00000000000000000000 2000.00000000000000000000 8000.00000000000000000000 0.00000000000000000000 2.00000000000000000000 14.00000000000000000000 41.00000000000000000000
17.00000000000000000000 180.00000000000000000000 2000.00000000000000000000 8000.00000000000000000000 8.00000000000000000000 1.00000000000000000000 6.00000000000000000000 42.00000000000000000000
10.00000000000000000000 700.00000000000000000000 384.00000000000000000000 8000.00000000000000000000 0.00000000000000000000 1.00000000000000000000 1.00000000000000000000 34.00000000000000000000
25.00000000000000000000 160.00000000000000000000 512.00000000000000000000 2000.00000000000000000000 2.00000000000000000000 3.00000000000000000000 8.00000000000000000000 20.00000000000000000000
1.00000000000000000000 26.00000000000000000000 8000.00000000000000000000 32000.00000000000000000000 64.00000000000000000000 8.00000000000000000000 32.00000000000000000000 290.00000000000000000000
27.00000000000000000000 30.00000000000000000000 8000.00000000000000000000 64000.00000000000000000000 96.00000000000000000000 12.00000000000000000000 176.00000000000000000000 919.00000000000000000000
18.00000000000000000000 50.00000000000000000000 2000.00000000000000000000 4000.00000000000000000000 0.00000000000000000000 3.00000000000000000000 6.00000000000000000000 30.00000000000000000000
4.00000000000000000000 200.00000000000000000000 512.00000000000000000000 16000.00000000000000000000 0.00000000000000000000 4.00000000000000000000 32.00000000000000000000 64.00000000000000000000
21.00000000000000000000 35.00000000000000000000 8000.00000000000000000000 32000.00000000000000000000 64.00000000000000000000 8.00000000000000000000 24.00000000000000000000 270.00000000000000000000
17.00000000000000000000 1500.00000000000000000000 768.00000000000000000000 2000.00000000000000000000 0.00000000000000000000 0.00000000000000000000 0.00000000000000000000 20.00000000000000000000
21.00000000000000000000 60.00000000000000000000 4000.00000000000000000000 16000.00000000000000000000 64.00000000000000000000 5.00000000000000000000 8.00000000000000000000 117.00000000000000000000
7.00000000000000000000 25.00000000000000000000 1310.00000000000000000000 2620.00000000000000000000 131.00000000000000000000 12.00000000000000000000 24.00000000000000000000 102.00000000000000000000
27.00000000000000000000 180.00000000000000000000 262.00000000000000000000 4000.00000000000000000000 0.00000000000000000000 1.00000000000000000000 3.00000000000000000000 24.00000000000000000000
27.00000000000000000000 50.00000000000000000000 4000.00000000000000000000 32000.00000000000000000000 112.00000000000000000000 52.00000000000000000000 104.00000000000000000000 360.00000000000000000000
16.00000000000000000000 330.00000000000000000000 1000.00000000000000000000 2000.00000000000000000000 0.00000000000000000000 1.00000000000000000000 2.00000000000000000000 20.00000000000000000000
20.00000000000000000000 150.00000000000000000000 512.00000000000000000000 4000.00000000000000000000 0.00000000000000000000 8.00000000000000000000 128.00000000000000000000 33.00000000000000000000
7.00000000000000000000 25.00000000000000000000 1310.00000000000000000000 2620.00000000000000000000 131.00000000000000000000 12.00000000000000000000 24.00000000000000000000 102.00000000000000000000
26.00000000000000000000 70.00000000000000000000 4000.00000000000000000000 12000.00000000000000000000 8.00000000000000000000 6.00000000000000000000 8.00000000000000000000 67.00000000000000000000
26.00000000000000000000 52.00000000000000000000 4000.00000000000000000000 16000.00000000000000000000 32.00000000000000000000 4.00000000000000000000 12.00000000000000000000 99.00000000000000000000
6.00000000000000000000 320.00000000000000000000 512.00000000000000000000 2000.00000000000000000000 4.00000000000000000000 1.00000000000000000000 3.00000000000000000000 21.00000000000000000000
17.00000000000000000000 225.00000000000000000000 2000.00000000000000000000 4000.00000000000000000000 8.00000000000000000000 3.00000000000000000000 6.00000000000000000000 31.00000000000000000000
17.00000000000000000000 180.00000000000000000000 2000.00000000000000000000 16000.00000000000000000000 16.00000000000000000000 1.00000000000000000000 6.00000000000000000000 76.00000000000000000000
26.00000000000000000000 105.00000000000000000000 2000.00000000000000000000 4000.00000000000000000000 8.00000000000000000000 3.00000000000000000000 8.00000000000000000000 31.00000000000000000000
3.00000000000000000000 60.00000000000000000000 2000.00000000000000000000 8000.00000000000000000000 65.00000000000000000000 1.00000000000000000000 8.00000000000000000000 70.00000000000000000000
22.00000000000000000000 38.00000000000000000000 8000.00000000000000000000 16000.00000000000000000000 64.00000000000000000000 4.00000000000000000000 8.00000000000000000000 142.00000000000000000000
5.00000000000000000000 143.00000000000000000000 2300.00000000000000000000 6200.00000000000000000000 0.00000000000000000000 6.00000000000000000000 64.00000000000000000000 40.00000000000000000000
9.00000000000000000000 320.00000000000000000000 512.00000000000000000000 8000.00000000000000000000 4.00000000000000000000 1.00000000000000000000 5.00000000000000000000 36.00000000000000000000
23.00000000000000000000 200.00000000000000000000 1000.00000000000000000000 2000.00000000000000000000 0.00000000000000000000 1.00000000000000000000 2.00000000000000000000 21.00000000000000000000
5.00000000000000000000 110.00000000000000000000 3100.00000000000000000000 6200.00000000000000000000 0.00000000000000000000 6.00000000000000000000 64.00000000000000000000 45.00000000000000000000
25.00000000000000000000 160.00000000000000000000 1000.00000000000000000000 4000.00000000000000000000 8.00000000000000000000 1.00000000000000000000 14.00000000000000000000 29.00000000000000000000
17.00000000000000000000 57.00000000000000000000 4000.00000000000000000000 16000.00000000000000000000 1.00000000000000000000 6.00000000000000000000 12.00000000000000000000 82.00000000000000000000
18.00000000000000000000 50.00000000000000000000 2000.00000000000000000000 16000.00000000000000000000 24.00000000000000000000 1.00000000000000000000 6.00000000000000000000 82.00000000000000000000
26.00000000000000000000 59.00000000000000000000 4000.00000000000000000000 12000.00000000000000000000 32.00000000000000000000 6.00000000000000000000 12.00000000000000000000 81.00000000000000000000
10.00000000000000000000 110.00000000000000000000 1000.00000000000000000000 4000.00000000000000000000 16.00000000000000000000 1.00000000000000000000 2.00000000000000000000 30.00000000000000000000
22.00000000000000000000 56.00000000000000000000 4000.00000000000000000000 16000.00000000000000000000 0.00000000000000000000 1.00000000000000000000 8.00000000000000000000 78.00000000000000000000
17.00000000000000000000 400.00000000000000000000 4000.00000000000000000000 8000.00000000000000000000 0.00000000000000000000 1.00000000000000000000 1.00000000000000000000 45.00000000000000000000
19.00000000000000000000 100.00000000000000000000 1000.00000000000000000000 8000.00000000000000000000 0.00000000000000000000 2.00000000000000000000 6.00000000000000000000 37.00000000000000000000
15.00000000000000000000 300.00000000000000000000 768.00000000000000000000 3000.00000000000000000000 6.00000000000000000000 6.00000000000000000000 24.00000000000000000000 25.00000000000000000000
15.00000000000000000000 180.00000000000000000000 768.00000000000000000000 12000.00000000000000000000 6.00000000000000000000 1.00000000000000000000 31.00000000000000000000 53.00000000000000000000
1.00000000000000000000 29.00000000000000000000 8000.00000000000000000000 32000.00000000000000000000 32.00000000000000000000 8.00000000000000000000 32.00000000000000000000 253.00000000000000000000
17.00000000000000000000 26.00000000000000000000 8000.00000000000000000000 16000.00000000000000000000 0.00000000000000000000 8.00000000000000000000 16.00000000000000000000 113.00000000000000000000
6.00000000000000000000 320.00000000000000000000 512.00000000000000000000 5000.00000000000000000000 4.00000000000000000000 1.00000000000000000000 5.00000000000000000000 28.00000000000000000000
19.00000000000000000000 100.00000000000000000000 1000.00000000000000000000 8000.00000000000000000000 24.00000000000000000000 2.00000000000000000000 6.00000000000000000000 46.00000000000000000000
27.00000000000000000000 116.00000000000000000000 2000.00000000000000000000 8000.00000000000000000000 32.00000000000000000000 5.00000000000000000000 28.00000000000000000000 56.00000000000000000000
21.00000000000000000000 72.00000000000000000000 4000.00000000000000000000 16000.00000000000000000000 64.00000000000000000000 8.00000000000000000000 16.00000000000000000000 120.00000000000000000000
22.00000000000000000000 56.00000000000000000000 4000.00000000000000000000 12000.00000000000000000000 0.00000000000000000000 1.00000000000000000000 8.00000000000000000000 62.00000000000000000000
17.00000000000000000000 1500.00000000000000000000 768.00000000000000000000 1000.00000000000000000000 0.00000000000000000000 0.00000000000000000000 0.00000000000000000000 18.00000000000000000000
25.00000000000000000000 160.00000000000000000000 1000.00000000000000000000 8000.00000000000000000000 16.00000000000000000000 1.00000000000000000000 14.00000000000000000000 43.00000000000000000000
8.00000000000000000000 50.00000000000000000000 1000.00000000000000000000 4000.00000000000000000000 8.00000000000000000000 3.00000000000000000000 5.00000000000000000000 30.00000000000000000000
15.00000000000000000000 300.00000000000000000000 768.00000000000000000000 3000.00000000000000000000 0.00000000000000000000 6.00000000000000000000 24.00000000000000000000 23.00000000000000000000
18.00000000000000000000 50.00000000000000000000 2000.00000000000000000000 8000.00000000000000000000 8.00000000000000000000 1.00000000000000000000 6.00000000000000000000 44.00000000000000000000
18.00000000000000000000 50.00000000000000000000 8000.00000000000000000000 16000.00000000000000000000 48.00000000000000000000 1.00000000000000000000 10.00000000000000000000 128.00000000000000000000
5.00000000000000000000 167.00000000000000000000 524.00000000000000000000 2000.00000000000000000000 8.00000000000000000000 4.00000000000000000000 15.00000000000000000000 23.00000000000000000000
14.00000000000000000000 105.00000000000000000000 256.00000000000000000000 2000.00000000000000000000 0.00000000000000000000 3.00000000000000000000 10.00000000000000000000 20.00000000000000000000
7.00000000000000000000 50.00000000000000000000 2000.00000000000000000000 8000.00000000000000000000 8.00000000000000000000 1.00000000000000000000 5.00000000000000000000 44.00000000000000000000
17.00000000000000000000 26.00000000000000000000 16000.00000000000000000000 32000.00000000000000000000 64.00000000000000000000 8.00000000000000000000 24.00000000000000000000 350.00000000000000000000
26.00000000000000000000 240.00000000000000000000 512.00000000000000000000 2000.00000000000000000000 8.00000000000000000000 1.00000000000000000000 5.00000000000000000000 22.00000000000000000000
18.00000000000000000000 50.00000000000000000000 2000.00000000000000000000 16000.00000000000000000000 24.00000000000000000000 1.00000000000000000000 6.00000000000000000000 82.00000000000000000000
1.00000000000000000000 29.00000000000000000000 8000.00000000000000000000 32000.00000000000000000000 32.00000000000000000000 8.00000000000000000000 32.00000000000000000000 253.00000000000000000000
21.00000000000000000000 115.00000000000000000000 2000.00000000000000000000 4000.00000000000000000000 2.00000000000000000000 1.00000000000000000000 5.00000000000000000000 29.00000000000000000000
9.00000000000000000000 133.00000000000000000000 1000.00000000000000000000 8000.00000000000000000000 9.00000000000000000000 3.00000000000000000000 12.00000000000000000000 41.00000000000000000000
16.00000000000000000000 140.00000000000000000000 2000.00000000000000000000 4000.00000000000000000000 8.00000000000000000000 1.00000000000000000000 20.00000000000000000000 32.00000000000000000000
5.00000000000000000000 110.00000000000000000000 5000.00000000000000000000 5000.00000000000000000000 142.00000000000000000000 8.00000000000000000000 64.00000000000000000000 124.00000000000000000000
17.00000000000000000000 480.00000000000000000000 96.00000000000000000000 512.00000000000000000000 0.00000000000000000000 1.00000000000000000000 1.00000000000000000000 15.00000000000000000000
7.00000000000000000000 56.00000000000000000000 5240.00000000000000000000 20970.00000000000000000000 30.00000000000000000000 12.00000000000000000000 24.00000000000000000000 138.00000000000000000000
16.00000000000000000000 300.00000000000000000000 1000.00000000000000000000 4000.00000000000000000000 8.00000000000000000000 3.00000000000000000000 64.00000000000000000000 30.00000000000000000000
7.00000000000000000000 50.00000000000000000000 2620.00000000000000000000 10480.00000000000000000000 30.00000000000000000000 12.00000000000000000000 24.00000000000000000000 74.00000000000000000000
8.00000000000000000000 50.00000000000000000000 2000.00000000000000000000 16000.00000000000000000000 8.00000000000000000000 3.00000000000000000000 5.00000000000000000000 74.00000000000000000000
2.00000000000000000000 400.00000000000000000000 1000.00000000000000000000 3000.00000000000000000000 0.00000000000000000000 1.00000000000000000000 2.00000000000000000000 23.00000000000000000000
27.00000000000000000000 50.00000000000000000000 2000.00000000000000000000 32000.00000000000000000000 112.00000000000000000000 52.00000000000000000000 104.00000000000000000000 341.00000000000000000000
5.00000000000000000000 143.00000000000000000000 3100.00000000000000000000 6200.00000000000000000000 0.00000000000000000000 5.00000000000000000000 20.00000000000000000000 39.00000000000000000000
21.00000000000000000000 92.00000000000000000000 2000.00000000000000000000 8000.00000000000000000000 32.00000000000000000000 1.00000000000000000000 6.00000000000000000000 53.00000000000000000000
17.00000000000000000000 900.00000000000000000000 1000.00000000000000000000 4000.00000000000000000000 4.00000000000000000000 1.00000000000000000000 2.00000000000000000000 26.00000000000000000000
1.00000000000000000000 23.00000000000000000000 16000.00000000000000000000 32000.00000000000000000000 64.00000000000000000000 16.00000000000000000000 32.00000000000000000000 381.00000000000000000000
23.00000000000000000000 200.00000000000000000000 1000.00000000000000000000 4000.00000000000000000000 0.00000000000000000000 1.00000000000000000000 4.00000000000000000000 25.00000000000000000000
16.00000000000000000000 140.00000000000000000000 2000.00000000000000000000 4000.00000000000000000000 0.00000000000000000000 4.00000000000000000000 8.00000000000000000000 29.00000000000000000000
22.00000000000000000000 56.00000000000000000000 4000.00000000000000000000 8000.00000000000000000000 0.00000000000000000000 1.00000000000000000000 8.00000000000000000000 47.00000000000000000000
25.00000000000000000000 160.00000000000000000000 2000.00000000000000000000 8000.00000000000000000000 32.00000000000000000000 1.00000000000000000000 13.00000000000000000000 53.00000000000000000000
22.00000000000000000000 84.00000000000000000000 1000.00000000000000000000 2000.00000000000000000000 0.00000000000000000000 1.00000000000000000000 6.00000000000000000000 21.00000000000000000000
26.00000000000000000000 26.00000000000000000000 8000.00000000000000000000 32000.00000000000000000000 128.00000000000000000000 24.00000000000000000000 32.00000000000000000000 382.00000000000000000000
7.00000000000000000000 64.00000000000000000000 5240.00000000000000000000 20970.00000000000000000000 30.00000000000000000000 12.00000000000000000000 24.00000000000000000000 136.00000000000000000000
17.00000000000000000000 1100.00000000000000000000 768.00000000000000000000 2000.00000000000000000000 0.00000000000000000000 1.00000000000000000000 1.00000000000000000000 20.00000000000000000000
10.00000000000000000000 110.00000000000000000000 1000.00000000000000000000 12000.00000000000000000000 16.00000000000000000000 1.00000000000000000000 2.00000000000000000000 56.00000000000000000000
1.00000000000000000000 29.00000000000000000000 8000.00000000000000000000 16000.00000000000000000000 32.00000000000000000000 8.00000000000000000000 16.00000000000000000000 132.00000000000000000000
16.00000000000000000000 330.00000000000000000000 1000.00000000000000000000 4000.00000000000000000000 0.00000000000000000000 3.00000000000000000000 6.00000000000000000000 25.00000000000000000000
27.00000000000000000000 98.00000000000000000000 1000.00000000000000000000 8000.00000000000000000000 32.00000000000000000000 2.00000000000000000000 8.00000000000000000000 50.00000000000000000000
27.00000000000000000000 180.00000000000000000000 262.00000000000000000000 4000.00000000000000000000 0.00000000000000000000 1.00000000000000000000 3.00000000000000000000 24.00000000000000000000
7.00000000000000000000 50.00000000000000000000 1000.00000000000000000000 4000.00000000000000000000 8.00000000000000000000 1.00000000000000000000 5.00000000000000000000 29.00000000000000000000
25.00000000000000000000 160.00000000000000000000 512.00000000000000000000 4000.00000000000000000000 2.00000000000000000000 1.00000000000000000000 5.00000000000000000000 25.00000000000000000000
17.00000000000000000000 57.00000000000000000000 4000.00000000000000000000 24000.00000000000000000000 64.00000000000000000000 12.00000000000000000000 16.00000000000000000000 171.00000000000000000000
16.00000000000000000000 330.00000000000000000000 1000.00000000000000000000 3000.00000000000000000000 0.00000000000000000000 2.00000000000000000000 4.00000000000000000000 23.00000000000000000000
12.00000000000000000000 125.00000000000000000000 512.00000000000000000000 1000.00000000000000000000 0.00000000000000000000 8.00000000000000000000 20.00000000000000000000 19.00000000000000000000
15.00000000000000000000 300.00000000000000000000 192.00000000000000000000 768.00000000000000000000 6.00000000000000000000 6.00000000000000000000 24.00000000000000000000 18.00000000000000000000
29.00000000000000000000 480.00000000000000000000 1000.00000000000000000000 4000.00000000000000000000 0.00000000000000000000 0.00000000000000000000 0.00000000000000000000 25.00000000000000000000
21.00000000000000000000 92.00000000000000000000 2000.00000000000000000000 8000.00000000000000000000 32.00000000000000000000 1.00000000000000000000 6.00000000000000000000 53.00000000000000000000
16.00000000000000000000 140.00000000000000000000 2000.00000000000000000000 4000.00000000000000000000 0.00000000000000000000 3.00000000000000000000 6.00000000000000000000 28.00000000000000000000
10.00000000000000000000 700.00000000000000000000 256.00000000000000000000 2000.00000000000000000000 0.00000000000000000000 1.00000000000000000000 1.00000000000000000000 19.00000000000000000000
24.00000000000000000000 250.00000000000000000000 1000.00000000000000000000 16000.00000000000000000000 1.00000000000000000000 1.00000000000000000000 8.00000000000000000000 64.00000000000000000000
22.00000000000000000000 38.00000000000000000000 8000.00000000000000000000 24000.00000000000000000000 160.00000000000000000000 4.00000000000000000000 8.00000000000000000000 281.00000000000000000000
26.00000000000000000000 26.00000000000000000000 8000.00000000000000000000 24000.00000000000000000000 32.00000000000000000000 8.00000000000000000000 16.00000000000000000000 183.00000000000000000000
5.00000000000000000000 143.00000000000000000000 1000.00000000000000000000 2000.00000000000000000000 0.00000000000000000000 5.00000000000000000000 16.00000000000000000000 22.00000000000000000000
17.00000000000000000000 17.00000000000000000000 4000.00000000000000000000 16000.00000000000000000000 8.00000000000000000000 6.00000000000000000000 12.00000000000000000000 101.00000000000000000000
11.00000000000000000000 800.00000000000000000000 256.00000000000000000000 8000.00000000000000000000 0.00000000000000000000 1.00000000000000000000 4.00000000000000000000 34.00000000000000000000
17.00000000000000000000 900.00000000000000000000 1000.00000000000000000000 1000.00000000000000000000 0.00000000000000000000 1.00000000000000000000 2.00000000000000000000 18.00000000000000000000
17.00000000000000000000 225.00000000000000000000 1000.00000000000000000000 4000.00000000000000000000 2.00000000000000000000 3.00000000000000000000 6.00000000000000000000 26.00000000000000000000
10.00000000000000000000 220.00000000000000000000 1000.00000000000000000000 8000.00000000000000000000 16.00000000000000000000 1.00000000000000000000 2.00000000000000000000 42.00000000000000000000
16.00000000000000000000 140.00000000000000000000 2000.00000000000000000000 32000.00000000000000000000 32.00000000000000000000 1.00000000000000000000 54.00000000000000000000 181.00000000000000000000
27.00000000000000000000 50.00000000000000000000 2000.00000000000000000000 32000.00000000000000000000 24.00000000000000000000 6.00000000000000000000 26.00000000000000000000 182.00000000000000000000
22.00000000000000000000 112.00000000000000000000 1000.00000000000000000000 1000.00000000000000000000 0.00000000000000000000 1.00000000000000000000 4.00000000000000000000 19.00000000000000000000
1.00000000000000000000 23.00000000000000000000 32000.00000000000000000000 64000.00000000000000000000 128.00000000000000000000 32.00000000000000000000 64.00000000000000000000 1238.00000000000000000000
9.00000000000000000000 810.00000000000000000000 1000.00000000000000000000 5000.00000000000000000000 0.00000000000000000000 1.00000000000000000000 1.00000000000000000000 28.00000000000000000000
14.00000000000000000000 75.00000000000000000000 2000.00000000000000000000 8000.00000000000000000000 8.00000000000000000000 3.00000000000000000000 24.00000000000000000000 47.00000000000000000000
22.00000000000000000000 38.00000000000000000000 4000.00000000000000000000 8000.00000000000000000000 32.00000000000000000000 16.00000000000000000000 32.00000000000000000000 80.00000000000000000000
