0.02759970910847180103 1.17078781127929687500 0.17738725244998929109 0.21628291904926300049 1.23973608016967751233 0.92679983377456676141
1.02609825134277343750 -1.20022034645080566406 -1.35787701606750488281 0.85698503255844116211 1.09683215618133544922 0.68590879440307617188
-1.04923915863037109375 -1.38793885707855224609 -0.98831826448440562860 -1.62133479118347167969 0.65670067071914672852 -1.84239423274993896484
0.97834253311157237665 -1.13989400863647460938 -0.22311325371265411377 1.41807258129119873047 -1.63496184349060058594 -0.28698065876960748843
1.26737749576568603516 0.16067016124725339021 1.00592553615570090564 0.49601405858993530273 1.13772118091583229749 1.55336844921112060547
-1.28374397754669189453 1.29334235191345192639 -0.76698046922683715820 -0.43959707021713251285 -1.60323786735534690173 -1.39058542251586914062
-1.24764692783355712891 0.85138320922851562500 -0.06261379271745680375 0.49669808149337768555 -0.54699611663818359375 -0.65241920948028564453
0.69222253561019897461 0.95756679773330677374 -1.16320765018463112561 0.77799993753433227539 -0.64429807662963867188 0.99503517150878917352
-0.41711169481277460269 -0.44341993331909179688 0.85503655672073364258 1.15319192409515380859 0.50300842523574829102 0.47492292523384088687
-0.69680529832839965820 -0.89590394496917724609 0.95227181911468516962 -0.34998476505279541016 -0.57123416662216186523 -0.78248006105422973633
-1.29317283630371093750 0.10959836840629569310 -0.11237212270498270206 0.74750918149948120117 0.68781596422195434570 -0.32857626676559448242
-0.38819786906242370605 -0.68498837947845458984 -0.19366404414176940918 0.83921074867248535156 -0.24098564684391018953 -0.22212760150432581119
-1.44886326789855957031 -0.23162758350372308902 1.28217506408691406250 0.48966598510742187500 0.82581019401550292969 0.07119019329547880692
0.98904329538345336914 1.28934144973754882812 -0.46157982945442199707 1.59276020526886008533 0.89265245199203491211 1.36706030368804909436
-0.31649529933929437808 -1.10156631469726562500 -0.95052188634872436523 0.18835981190204620361 -0.58662986755371093750 -1.02635121345520019531
0.10512305051088330354 1.06694281101226806641 1.04756665229797363281 -1.32978093624114990234 0.89094930887222290039 0.37831717729568481445
1.60133802890777610095 1.55558204650878906250 -1.02570092678070090564 0.77792382240295410156 -0.76726138591766357422 -0.59384059906005859375
1.18726575374603271484 -1.59311509132385231702 -1.13156187534332275391 0.95893442630767822266 -0.22539503872394558992 -0.42395177483558649234
-0.30596926808357238770 0.72253888845443725586 0.61139822006225585938 -1.55166804790496848376 -1.29439902305603049548 -0.74664628505706787109
-0.14816187322139739990 -1.15540802478790283203 0.03557761013507840242 1.09058475494384765625 -0.81923830509185791016 -0.42247509956359857730
0.37754356861114501953 0.35947227478027338199 -1.23503661155700683594 -1.14181864261627197266 0.71388661861419677734 0.32763433456420898438
0.27395132184028619937 0.34907677769660949707 0.88838255405426025391 0.79445981979370117188 1.28027200698852539062 1.48994123935699462891
-0.16327549517154690828 -0.97539758682250976562 -0.47502967715263361148 -1.27911818027496337891 -0.97635287046432495117 -1.86753535270690873560
-1.67675399780273437500 0.04052970185875889864 0.80888247489929199219 -0.83505117893218994141 -0.67425549030303955078 -1.75925695896148681641
1.68416965007781982422 1.62179839611053489001 0.05892993509769439697 -0.28340557217597961426 0.58688819408416748047 -0.81076359748840332031
-1.45679903030395507812 1.30195546150207519531 -0.77093875408172607422 0.90593397617340076788 -1.73446404933929443359 -0.71952074766159057617
-0.00762651721015570033 -0.14724302291870108861 1.20442521572113037109 0.02925228886306279960 0.90819686651229858398 0.86176562309265136719
-0.03959646448492999682 -1.00163364410400390625 -1.75918900966644287109 1.64633429050445556641 0.84026211500167846680 1.63007903099060058594
1.34442365169525168689 0.66769939661026000977 -1.09967994689941406250 -1.15809130668640136719 -1.78338944911956809314 -0.06394153088331219759
-0.67337954044342041016 -1.76753854751586914062 -1.33301258087158203125 -0.69141095876693725586 -0.24009670317173001375 -1.34863090515136718750
0.50281620025634765625 -1.24230468273162841797 0.17428925633430480957 -0.00625437032431359983 -1.63536214828491210938 -0.83422255516052246094
1.21623587608337402344 1.66141331195831298828 -0.44194525480270380191 -0.66408222913742065430 1.66446197032928489001 -0.00953391753137109929
1.57732498645782470703 -1.20696353912353515625 0.26506868004798889160 -0.12622274458408350162 -1.76993787288665749280 -1.09063458442688010486
-1.57009828090667724609 -0.86432605981826782227 1.56905734539031982422 1.24553370475769042969 0.35251057147979730777 0.48490133881568908691
-1.58921241760253906250 1.10023355484008789062 -1.01797795295715309827 -1.61462676525115966797 -1.13441181182861328125 -2.22083759307861328125
1.27218425273895263672 -0.34834420680999750308 -0.86694425344467163086 -0.30909624695777887515 1.54436683654785156250 1.03892993927001953125
-1.05982363224029541016 0.99240958690643321649 -1.14920234680175781250 0.06558348238468170166 0.87755990028381347656 0.43698218464851379395
-1.72675085067749023438 0.39360645413398742676 -0.64876127243041992188 1.68113803863525390625 0.35643357038497919254 -0.19979764521121978760
0.75208747386932373047 -1.74869585037231445312 0.20900036394596099854 1.60829770565032958984 0.72378593683242797852 -0.07278801500797270341
-0.36807140707969659976 -0.59328258037567138672 -1.43413555622100830078 -0.56965261697769165039 0.86161929368972778320 0.03625976666808120030
1.25925564765930175781 0.51838684082031250000 0.29767277836799621582 0.83363378047943115234 1.66790771484375000000 1.91414225101470925061
-0.38031521439552301578 0.87758016586303710938 0.17300249636173239964 -0.13648223876953119449 0.29234939813613891602 0.19000504910945889558
-0.31012451648712158203 -0.23032380640506738834 0.59446632862091064453 1.26932704448699951172 1.30293226242065429688 0.57872080802917480469
0.56642735004425048828 1.29645848274230957031 0.24692861735820770264 -0.19122102856636039037 -0.80352616310119628906 0.47944122552871698550
0.69617152214050292969 0.96437501907348643915 -1.05724585056304909436 0.87524610757827758789 1.08267939090728759766 1.74756336212158203125
-1.42124509811401367188 -1.17216646671295166016 0.42269948124885559082 0.28815725445747369937 -0.03041313216090199903 -1.16857171058654807361
0.74017536640167236328 -1.60439145565032958984 -1.63841164112091064453 -1.49601435661315917969 -0.69604885578155517578 -1.43154191970825195312
0.41091877222061157227 -0.64644783735275268555 0.40249928832054138184 0.61242699623107910156 -0.86206883192062377930 -0.10092136263847349686
-0.20524090528488159180 -0.97125822305679321289 1.56678116321563720703 0.06588770449161529541 -0.26227092742919921875 0.09732417017221449418
0.08271311968564980244 -1.34075784683227539062 0.47144564986228937320 0.97541290521621704102 -0.62727463245391845703 -0.51563680171966552734
-0.97254192829132080078 -0.30526885390281677246 0.38400691747665399722 -0.71296292543411254883 0.47366079688072199039 -1.01923465728759765625
-0.94000834226608276367 0.27992004156112670898 1.61355555057525634766 0.63165122270584106445 -0.39565530419349670410 0.69220942258834838867
-1.05963706970214843750 -1.43132591247558593750 -1.19882225990295410156 -1.59658551216125488281 0.30081409215927118472 -1.67278718948364257812
-0.85566240549087524414 -1.60880160331726074219 -1.11638414859771728516 0.77519088983535766602 1.65890610218048095703 0.40163359045982360840
-1.04864084720611550061 -1.74792993068695090564 1.25280392169952392578 0.68187642097473144531 0.07035242766141890092 -0.47873753309249877930
-0.19812829792499539461 0.00718371151015160039 1.66823184490203857422 -0.39106637239456171207 -1.19757175445556640625 0.40825873613357538394
-1.50138747692108154297 -1.61539614200592041016 -0.25107923150062561035 0.44871252775192260742 0.74853348731994628906 -0.77181088924407958984
-0.35621553659439081363 0.30467823147773742676 -0.03917955979704849934 1.70883274078369140625 -0.00963543821126220008 1.01315391063690207751
-1.58354222774505615234 0.94913148880004882812 -0.11308003216981879491 0.90827351808547962531 0.93321120738983165399 -0.65148442983627319336
1.07093274593353271484 1.26985704898834250720 -1.63153457641601562500 0.58932310342788696289 -1.60087931156158447266 0.58125501871109008789
-1.42682135105133056641 1.27039325237274169922 0.79967319965362548828 -0.06882143765687939729 0.31200835108757019043 -0.58056795597076416016
-0.14731577038764950838 -0.78604888916015625000 1.61331355571746848376 -1.34283149242401123047 -0.26387706398963928223 -0.12581422924995419588
-0.10528141260147090563 0.15979251265525809544 -0.32606014609336847476 -1.73922371864318847656 -1.51350295543670632092 -1.33131980895996093750
-1.31700456142425537109 1.07612502574920632092 1.36511170864105224609 1.13680624961853049548 0.49905788898468017578 1.03285682201385498047
-0.04663527384400360104 1.16728055477142311780 -0.54057246446609497070 0.03065891377627839864 0.94647943973541259766 0.74414032697677612305
-0.55636388063430786133 -1.19760835170745849609 -0.88589757680892944336 -1.63049685955047607422 -1.75255095958709716797 -2.19737768173217773438
-0.08542338013648979878 -0.72785484790802001953 1.42507112026214599609 1.42969071865081809314 -1.19042301177978515625 0.82629954814910888672
0.92970544099807739258 0.21013358235359189119 0.89971864223480224609 -1.54193699359893798828 -0.61015003919601440430 0.16330069303512570467
-1.28552281856536887439 1.35767138004302978516 -0.51994758844375610352 -0.92414522171020518915 0.49719232320785522461 -1.00444030761718750000
-1.00595831871032714844 0.64031875133514404297 0.42000740766525268555 -0.34620824456214899234 0.11110547184944150056 -0.65519136190414428711
0.58966672420501708984 0.88062733411788940430 -0.11023782193660730533 0.58273917436599731445 -1.79188978672027610095 0.67393594980239868164
-0.36184418201446527652 0.75810194015502929688 0.99244529008865356445 -1.72102355957031250000 -1.33186769485473632812 -0.83697664737701416016
-0.06340897828340530396 0.04756386950612059850 1.20553338527679443359 0.55528903007507324219 -0.91738277673721324579 0.53995740413665771484
0.03236131742596620037 -0.09785202145576470112 1.11847615242004394531 1.30917274951934792249 -0.43459677696228027344 1.40832281112670898438
0.40843367576599121094 1.48622238636016845703 0.26843571662902832031 -0.36505815386772150211 1.61036574840545632092 1.19952678680419921875
-0.05221183970570560107 -0.58007323741912841797 -1.39251661300659179688 -0.69913107156753540039 -0.51661765575408935547 -0.65060299634933471680
-0.96589648723602294922 1.45286929607391357422 0.76034307479858398438 1.06058800220489501953 -0.50864040851593017578 0.89076411724090576172
-0.21387600898742670230 0.25349184870719909668 -0.16722387075424188785 0.34762799739837640933 -0.09174486994743340229 0.38390707969665527344
-1.62889838218688964844 -0.40539076924324030093 -1.63082063198089599609 0.69946056604385375977 -1.79244065284729003906 -0.31880134344100952148
0.19204495847225189209 -0.77570778131484985352 1.09040868282318115234 1.22932207584381103516 -1.29684400558471679688 0.61707657575607299805
0.29086083173751831055 -1.59516370296478271484 1.24490964412689208984 -1.24327087402343750000 -0.03929654136300080036 -1.90486598014831565173
-0.13667874038219449129 -0.17439046502113339510 1.35614407062530517578 0.58553761243820190430 0.97217464447021484375 0.96232342720031738281
0.55858850479125976562 1.59898757934570312500 -0.84838593006134033203 -1.09704601764678955078 0.02605332620441910135 0.37044233083724970035
1.09369397163391113281 0.98138695955276478156 1.42878985404968261719 0.50500768423080444336 0.01933504268527029904 1.57321214675903320312
-0.31764137744903558902 -1.48880875110626220703 1.66744387149810791016 0.72495925426483154297 0.34548339247703552246 0.16041977703571319580
0.98663848638534557001 1.26629114151000976562 0.53321915864944458008 0.83838838338851928711 1.21286082267761230469 1.19540143013000488281
1.02404844760894775391 0.86246681213378906250 -0.76614624261856079102 -1.15771734714508056641 1.05669951438903808594 0.22460676729679099339
0.35666921734809869937 0.84099811315536499023 -1.13757622241973876953 0.77815824747085571289 0.15574035048484799471 1.46170687675476074219
1.77929699420928955078 0.10374885797500610352 -0.92762339115142822266 0.20436574518680569734 1.00521957874298095703 1.37276768684387207031
1.28201138973236083984 1.03021264076232910156 -0.32655328512191772461 -1.53894984722137428967 0.47484469413757318668 -0.54164224863052368164
-1.19527697563171408923 1.40084445476531982422 0.73634064197540283203 -0.71630442142486572266 -0.38254657387733459473 -1.00264155864715576172
1.23797345161438010486 -1.19513761997222900391 -1.46081149578094482422 -0.71232604980468750000 0.83658683300018310547 -0.07831663638353339452
0.40834575891494750977 1.64528918266296408923 -1.11256146430969238281 -0.29144558310508728027 -0.65023952722549438477 0.73903030157089233398
1.03112626075744628906 -1.69504535198211669922 0.67999142408370971680 -0.11248300969600670551 0.87675464153289794922 -1.19387137889862060547
-1.22597563266754150391 -1.05647027492523193359 -0.26506268978118890933 0.17210124433040618896 -0.46744653582572931461 -1.15888023376464843750
-1.01012861728668190686 0.69423407316207885742 1.28960585594177246094 1.65196919441223144531 1.69901823997497558594 1.77098524570465087891
-1.31004905700683593750 1.48140895366668701172 -0.69536679983139038086 -1.56319844722747802734 1.37417924404144287109 -1.02592158317565917969
1.30946052074432350842 -0.44557932019233698062 1.63729715347290039062 0.19849312305450439453 -0.42075395584106439761 1.22427666187286376953
-1.43161451816558837891 0.30943924188613891602 1.11443710327148437500 -0.17505426704883569888 0.65207988023757934570 -0.49922585487365722656
-0.88404309749603271484 0.75160145759582519531 0.75612360239028930664 -1.52158069610595703125 0.20398363471031188965 -1.29211819171905517578
0.83251559734344482422 -1.54738044738769509046 1.49062752723693847656 1.68512785434722900391 1.72660434246063232422 1.43006765842437744141
-0.55554920434951782227 1.17685246467590309827 0.40419226884841918945 -0.64646488428115844727 -0.34560728073120111636 -0.32724609971046447754
-1.22343456745147705078 1.03758585453033447266 1.64703238010406494141 -1.00491487979888916016 -0.22227825224399561099 -0.29490283131599420718
-0.33629965782165527344 -1.27663886547088623047 0.55201524496078491211 0.51906931400299072266 0.13469454646110529117 -0.38236391544342041016
1.63849544525146484375 -0.93275451660156238898 -1.73573017120361328125 1.35167288780212402344 -0.01847733929753300058 1.93067705631256103516
1.30000960826873779297 -0.22534647583961481265 -1.73730289936065673828 -0.81815415620803833008 -1.52635776996612571033 0.31555843353271478824
-0.00190762814600019997 1.40588843822479248047 -1.37260615825653076172 0.68168699741363525391 0.24475809931755060367 1.50233268737792968750
-0.15921881794929498843 1.17181527614593505859 -1.01803612709045410156 0.27159050107002258301 -0.03679235652089109937 1.08501100540161110608
-0.16007049381732940674 1.27762746810913085938 0.45536524057388300113 0.27067223191261291504 -1.68866038322448730469 0.16857202351093289461
-1.15103077888488769531 -0.50121122598648071289 -0.35422933101654052734 0.35274761915206909180 1.61892557144165039062 -0.41353198885917658023
0.13173565268516540527 -0.10171365737915029348 1.02222883701324462891 1.37696754932403564453 -0.49399480223655700684 1.42685186862945556641
1.20322704315185569079 1.08619010448455810547 -1.48852562904357910156 -0.00882187485694880050 -1.72264373302459716797 0.59975033998489379883
1.74585032463073730469 -0.55360531806945800781 -0.96479594707489002570 -0.13643495738506308812 -0.74631631374359130859 0.28147175908088678531
-0.06763107329607009888 0.13589440286159509830 0.59512364864349365234 -0.84306728839874267578 1.07138645648956298828 0.42874556779861450195
-0.85929477214813232422 0.92731362581253040656 -0.71203428506851196289 0.78795367479324340820 0.02473268844187249960 0.41664659976959228516
-0.97941458225250244141 0.44663086533546447754 -1.12344324588775634766 0.96835309267044078485 -0.01033701188862319945 0.00381873245351010016
-1.00962901115417480469 1.09844934940338112561 -0.39318463206291198730 0.61585253477096557617 1.63499605655670166016 0.67761850357055664062
-1.03172051906585693359 0.54595428705215454102 1.36242198944091796875 1.12635052204132080078 0.95380914211273204462 1.24967181682586669922
-1.12775349617004394531 -0.60674208402633666992 1.52921271324157714844 -0.60806876420974731445 -1.81226933002471923828 -1.30664026737213112561
0.90541702508926402704 0.66648221015930175781 -0.41207358241081237793 -1.15183413028717041016 0.89276367425918579102 0.22459217905998229980
1.52983963489532470703 -0.23038811981678009033 0.38464918732643127441 1.42709755897521950452 -0.13726626336574548892 1.53365814685821510999
-0.88750177621841430664 0.69910335540771484375 1.28623294830322287829 -1.32616114616394042969 0.24761316180229178685 -0.61687999963760375977
1.74043679237365722656 -0.06026544421911229910 0.96286135911941517218 -0.36028087139129638672 1.19758701324462890625 1.13814580440521240234
0.26229313015937799625 -1.03110194206237792969 1.49671840667724609375 -0.45597904920577997379 0.38877296447753900699 0.04646257683634749669
1.19715189933776855469 -1.18168210983276367188 0.14254607260227200594 -1.34217035770416259766 0.46607714891433710269 -1.29188728332519509046
0.60589694976806640625 -1.23445415496826149671 1.03278648853302001953 -0.56659770011901855469 1.03493344783782958984 -0.55189877748489379883
-1.69836342334747314453 -0.23065313696861258763 -1.09941792488098144531 0.35007035732269281558 -0.88977891206741333008 -1.20154345035552978516
-0.47447949647903442383 -1.52213907241821289062 1.38918149471282958984 1.21903181076049804688 0.03362641856074329721 0.36047974228858947754
-0.57580727338790893555 1.36392974853515625000 0.16585318744182581119 -0.77536028623580932617 0.99551397562026977539 0.24049519002437588777
-0.48728355765342712402 -0.52815514802932739258 -0.29082334041595458984 1.57437038421630859375 -0.99377155303955078125 0.17133377492427820377
-1.20676410198211669922 -0.68371099233627319336 -1.24323594570159912109 -1.59125232696533203125 -0.35502368211746210269 -2.13179278373718261719
-1.48510324954986550061 -0.81796002388000488281 1.58810901641845703125 -1.10677564144134521484 0.28100046515464782715 -1.24404108524322509766
0.58226257562637329102 -0.51627677679061889648 1.03134250640869140625 0.79277658462524414062 -0.88939303159713745117 0.43587160110473627261
-0.68454200029373168945 -1.52690470218658447266 1.24663305282592751233 -0.86408030986785888672 -1.25959718227386474609 -1.40720748901367209704
1.74664139747619628906 0.15035265684127799291 -1.33441913127899169922 1.22703659534454367908 1.33620083332061767578 2.16897487640380859375
-0.32844018936157221011 0.59327179193496704102 -1.80202138423919677734 -0.86565655469894409180 1.29394125938415527344 0.78210860490798950195
1.58424115180969238281 -1.62303197383880615234 -0.81830585002899169922 1.26526939868927001953 -1.14668738842010498047 -0.60655361413955688477
0.75339686870574951172 1.19479715824127197266 -0.00294288573786609994 1.10378563404083229749 -1.39497554302215576172 0.81076139211654663086
-1.70593774318695090564 -0.01310905907303090007 -1.44085371494293190686 1.10315525531768798828 0.41785997152328491211 0.08091856539249420166
-0.55780547857284545898 -0.58059215545654296875 1.38321363925933837891 0.67548000812530517578 -1.63316190242767311780 -0.27852097153663629703
0.81382274627685546875 0.27159771323204040527 0.64733773469924926758 1.28443324565887428967 -0.83788031339645385742 1.17240560054779030530
1.39948070049285888672 1.12215924263000488281 -0.63849288225173950195 -0.02647457830607890042 -0.85629928112030029297 -0.03679266571998589946
0.90327894687652598993 0.23298043012619010228 -0.86661040782928466797 -0.11015353351831430606 1.35890233516693115234 1.21538925170898437500
1.64046061038970969470 0.71934735774993896484 0.24784533679485321045 -0.56783866882324218750 -1.83555185794830322266 -0.72418278455734252930
1.39790511131286621094 -0.77336722612380981445 -0.13528019189834589175 1.39927661418914794922 -0.29495590925216669254 0.94152688980102539062
-0.38099312782287597656 -0.89888757467269897461 -0.88385277986526489258 -0.89331817626953125000 -0.41986370086669921875 -1.40647828578948952405
1.13197410106658935547 -0.13572360575199118871 0.78727561235427856445 -0.73461818695068359375 0.52017980813980102539 0.55185574293136596680
-0.65865993499755859375 0.71536248922348022461 0.11902309209108349886 0.24601425230503079500 -1.80692505836486794202 -0.21301805973052970189
1.12578654289245605469 0.26716157793998718262 -0.11474131047725670551 -0.61507219076156616211 1.52236282825469970703 0.76675289869308471680
0.58234357833862304688 -0.53154242038726806641 1.05326581001281738281 -0.81008505821228027344 -1.12110459804534912109 -0.46517458558082580566
-0.50234717130661010742 1.12058269977569580078 -0.21222047507762908936 -0.75006598234176635742 -0.44148612022399902344 -0.79452872276306152344
-0.61904811859130859375 1.56053924560546875000 1.43511605262756369861 -0.29763311147689819336 -0.12065830826759330052 0.56437557935714721680
0.79203957319259643555 -1.44589984416961669922 0.53950065374374389648 -1.43301331996917724609 -1.22009718418121337891 -2.21237659454345703125
-1.04778420925140380859 -0.81035333871841430664 1.38694238662719726562 1.52189469337463378906 0.95794969797134399414 0.82512283325195312500
-0.00923794601112599978 0.20777793228626251221 -1.74851691722869873047 -1.13436436653137207031 -0.58007961511611938477 0.54329609870910644531
0.84903001785278320312 -1.03755688667297363281 -0.44926118850708007812 -0.42788207530975341797 0.27623993158340448550 -0.84396010637283325195
-0.58740377426147460938 0.59020960330963134766 -0.82540827989578247070 0.89777845144271850586 0.30831903219223022461 0.64806622266769409180
-0.94924587011337280273 1.52948415279388449939 1.24879634380340576172 -0.03557344526052470118 -0.30960395932197570801 -0.01518705859780310023
-1.41888999938964843750 0.34252491593360900879 -0.17809607088565820865 0.54754060506820678711 -1.37288868427276589124 -1.30932307243347167969
-0.66713362932205200195 -1.63775992393493630139 -1.20178055763244628906 -0.80675673484802246094 1.31308758258819580078 -1.22803401947021484375
0.58702701330184936523 -0.03883717209100719797 0.02480420656502239918 -0.67215716838836669922 -1.32154393196105957031 -0.57541358470916748047
0.16841107606887809056 0.68698596954345703125 1.61297464370727539062 0.54514604806900024414 0.21894444525241849031 1.50589525699615478516
-0.04103129729628560152 -1.19737672805786110608 -1.01485693454742431641 1.02529656887054443359 -0.78050816059112548828 -0.38421383500099182129
-1.54886722564697287829 -0.30369579792022699527 -1.31315374374389648438 0.28255805373191827945 0.97144198417663563117 -0.77258640527725219727
-0.94236540794372558594 -0.94644612073898315430 1.03610324859619140625 1.00926887989044189453 -1.11210489273071289062 -0.63394337892532348633
0.38706403970718378238 -0.35031113028526300601 -1.00895750522613525391 -0.69742488861083984375 -0.21071848273277279939 0.16920033097267150879
0.66547882556915283203 -0.83519452810287475586 0.62302398681640625000 -1.72192370891571044922 0.78069758415222167969 -0.91876137256622314453
0.44770851731300348453 -0.63848233222961425781 0.94774627685546875000 -0.55897277593612670898 -1.48683142662048339844 -0.72059261798858642578
-1.52790439128875710217 -0.42794945836067199707 -1.46779692173004150391 0.12062153220176689838 -0.85005521774291992188 -1.16998755931854248047
0.63311976194381713867 1.71669638156890869141 -0.09439678490161890201 -1.45724785327911376953 -0.57695519924163818359 -0.87934786081314086914
0.29660004377365112305 -1.46380794048309326172 -0.03124594688415520058 0.94122856855392456055 1.48774623870849609375 0.01078796293586489936
0.73784017562866210938 1.31722033023834250720 0.97274941205978404657 -1.19179546833038330078 1.18741762638092041016 0.43067371845245361328
-1.70085704326629638672 0.13570463657379150391 -0.85728073120117187500 1.59288394451141357422 -0.72447824478149414062 -0.33697396516799921207
-0.17847202718257901277 0.15018117427825919408 1.62295842170715309827 0.16033555567264551334 -0.91272842884063720703 0.65979635715484619141
-0.90935140848159801141 -0.56484127044677734375 -1.38333809375762939453 -0.18102465569972989168 0.41527560353279108218 -0.48568195104598999023
-0.06531994044780729813 -1.63685655593872070312 0.81596153974533081055 -0.77912378311157226562 -1.27226364612579367908 -1.81545269489288352283
1.54830467700958229749 0.49018222093582147769 1.11953270435333229749 -1.02556955814361550061 0.10576763749122619629 0.28671747446060180664
1.09486722946166992188 1.18156242370605490954 -0.36484041810035700015 -1.54318463802337646484 -1.32334339618682861328 -1.05991005897521950452
1.46485745906829833984 -0.93226450681686401367 -0.04703981056809419803 -1.63058936595916770251 -0.24850423634052271060 -1.05005574226379394531
1.05401289463043190686 1.70491266250610351562 -0.50524461269378662109 -0.92722952365875244141 -0.53149312734603881836 -1.05877459049224831311
1.00721752643585205078 1.22404277324676513672 -1.12169063091278076172 -1.25386619567871093750 1.64746129512786887439 0.47100427746772760562
0.05715214088559150002 1.63581454753875710217 0.81378281116485595703 1.53599524497985839844 0.06535377353429790148 1.64487075805664062500
-1.69141805171966552734 -0.54815864562988281250 -1.08835959434509277344 -0.95582216978073120117 0.96964150667190562860 -1.07571744918823242188
0.91929817199707042352 0.87836247682571411133 -1.01773583889007568359 0.34817251563072199039 0.43863907456398010254 1.10790205001831032483
-1.71176874637603759766 -1.49010717868804909436 0.00575932813808319958 1.11166393756866455078 0.12395896762609480424 -0.48829472064971918277
0.59460723400115966797 -0.26462405920028680972 0.59667247533798217773 -1.69912791252136230469 0.99521821737289439813 -0.02842911891639229860
0.03510206937789910053 0.71907538175582885742 -1.36852455139160156250 0.52734595537185668945 1.38466036319732688220 1.51094317436218261719
