0.40191170573234558105 0.49101006984710687808 -0.04411020502448079889 0.70747971534729003906 1.43882381916046142578 0.80296331644058227539 0.30072119832038879395 1.55935525894165039062 0.39676561951637268066 -1.17725992202758789062 -0.67838138341903686523
-1.44578588008880615234 -0.79888093471527099609 -1.55011069774627685547 0.01276163943111889923 1.70716214179992675781 -1.61874401569366455078 -0.29927402734756469727 1.04374611377716064453 1.10098040103912353516 0.49687516689300531558 1.40391373634338378906
0.51368582248687744141 -0.43129754066467279605 1.62316966056823730469 0.43531122803688049316 1.54520475864410400391 -1.69455897808074951172 -0.34084787964820861816 0.58542191982269287109 -1.01984441280364990234 -1.37410116195678710938 1.33966195583343505859
0.15696777403354639224 -0.20921537280082699861 0.56334954500198364258 -0.72311413288116455078 -1.36075663566589355469 -0.26458868384361261539 -0.32505446672439569644 0.14401584863662719727 -0.88564771413803100586 1.34429335594177246094 -0.32456025481224060059
-0.62311404943466186523 -0.57749551534652709961 -0.23764537274837491121 -0.58219122886657714844 0.71081799268722534180 -0.91401112079620361328 0.16518278419971460513 0.41945371031761169434 0.70070278644561767578 -1.06366860866546630859 0.90421366691589355469
-1.38532388210296630859 -0.79967516660690307617 -1.28310823440551757812 1.36258196830749511719 0.55793696641921997070 -0.20014123618602749910 -0.05200730264186850110 0.90633016824722278937 0.44653797149658197574 1.27924549579620361328 1.45620322227478049548
-0.19972713291645050049 0.24929006397724148836 -1.36808025836944580078 -0.23313249647617340088 -1.16463446617126464844 -1.10081613063812255859 -0.90538883209228515625 -0.97193992137908935547 -1.93510079383850097656 -0.03623724356293669957 0.29515406489372247867
-0.32262849807739257812 0.58997631072998046875 -1.20119702816009521484 -0.56289875507354736328 0.47671979665756220035 0.91167753934860240594 0.05015003681182859940 0.54742097854614257812 1.44397962093353271484 0.63703107833862304688 -0.14286203682422629613
0.58827918767929077148 0.86506527662277221680 -0.58142900466918945312 -0.02550435438752169867 -1.11893582344055175781 1.42518675327301047595 0.87878912687301635742 -1.13830387592315673828 1.24026894569396950452 0.84231519699096679688 -1.77857816219329833984
0.88745582103729248047 0.65681535005569458008 0.91983920335769642218 0.15550288558006281070 -1.39539289474487304688 1.16133105754852294922 0.28933238983154291324 -0.77406275272369384766 0.37167599797248840332 -0.68694001436233520508 -1.59322512149810791016
1.38638377189636230469 1.50766623020172119141 -0.39453646540641779117 0.81109029054641723633 0.92019611597061157227 -1.89181339740753196033 -0.99399864673614501953 0.71798014640808105469 -1.16986203193664550781 1.23814725875854492188 1.38763058185577392578
-0.25652900338172912598 -1.06686866283416770251 1.10033869743347167969 -0.39537531137466430664 1.15215480327606201172 1.46372568607330322266 -0.74364495277404785156 -1.60601425170898437500 1.40955901145935058594 -0.52156454324722290039 1.06901848316192649158
-1.16403007507324218750 -0.47389298677444458008 -1.63487875461578369141 -1.62328135967254638672 -0.76417171955108642578 1.26128423213958740234 0.72134894132614135742 -0.57796758413314819336 0.62700045108795166016 1.52015650272369384766 0.74607092142105102539
-0.52125179767608642578 -0.08176203072071069888 -0.98553967475891124383 1.59216678142547607422 -0.76268213987350463867 1.05982995033264160156 0.40411540865898132324 -0.08086071163415900487 -1.64864015579223632812 -1.09756135940551757812 1.47444224357604980469
-1.37804555892944335938 -1.18239307403564430921 -1.57137274742126464844 -1.16868531703948952405 -1.51616394519805908203 -1.29945886135101318359 1.40683138370513916016 1.44849753379821777344 -1.71538686752319335938 1.06030273437500000000 0.25945121049880981445
1.40433490276336669922 0.86523854732513427734 1.18481445312500000000 -1.62912929058074951172 -1.04934906959533691406 -0.69896388053894042969 -1.56829309463500976562 -0.27870374917984008789 1.01143574714660644531 -1.25262904167175292969 -1.10174143314361550061
0.93825465440750122070 0.82993888854980468750 0.65949529409408569336 -1.35916650295257568359 1.28536272048950195312 -1.07421553134918190686 1.22391152381896950452 1.21663963794708229749 -0.66614109277725219727 0.59192866086959838867 -1.74385154247283935547
-1.34408044815063476562 -1.59054660797119140625 -0.12795266509056091309 -0.97005534172058105469 -0.22884860634803769197 -1.62312483787536621094 1.71677005290985107422 1.38054585456848144531 -1.40193855762481689453 1.30669236183166503906 -0.30154624581336969547
-1.44977498054504394531 -1.21610474586486816406 -1.06373620033264160156 1.63611364364624023438 -1.25097548961639404297 1.04545414447784423828 -1.18614447116851806641 0.31722217798233032227 -1.26907324790954589844 -0.54406338930130004883 0.80759131908416748047
0.04172927141189570338 0.54992181062698364258 -0.80872046947479248047 -0.53362339735031127930 -0.20683550834655758943 -0.86160027980804443359 1.62575078010559082031 -1.40146195888519287109 -0.65118741989135742188 0.82461816072463989258 -1.03581845760345458984
0.94789522886276245117 1.70741879940032958984 -0.74493795633316040039 -1.64157021045684792249 -0.78270167112350463867 1.26987361907958984375 1.75849699974060058594 1.47381222248077392578 0.46898874640464782715 0.56618452072143554688 -0.18510124087333679199
1.97624289989471435547 1.71542894840240478516 0.91393709182739257812 0.43164512515068048648 0.17220522463321680240 -1.49668920040130615234 0.20735822618007659912 0.44030925631523132324 1.21472978591918967517 1.50200545787811279297 0.63583302497863769531
0.63532000780105590820 0.19822651147842398900 1.05506992340087890625 0.17241576313972470369 0.35160398483276361636 1.46439111232757568359 -0.80150681734085083008 -0.04921336472034450182 0.39797589182853698730 -1.24383115768432617188 -0.69169449806213378906
-0.04495247080922119831 1.34193170070648193359 -1.57435238361358642578 1.06619966030120849609 -1.32927370071411110608 -0.04911903291940680066 0.62780040502548217773 1.50150084495544433594 -0.41343241930007929019 -0.77073341608047485352 -0.94771462678909301758
-1.42401230335235595703 -0.89878386259078979492 -1.71733069419860839844 -1.31515634059906005859 0.04449328780174249820 -1.39576148986816406250 0.94219249486923217773 -1.12866532802581809314 0.11588781327009199662 1.11212515830993630139 0.49140641093254089355
-2.19126462936401367188 -1.98391377925872802734 -1.02863001823425292969 -1.49771237373352050781 -0.06663754582405090332 -1.10693919658660888672 1.55028605461120605469 -1.18076598644256591797 -0.43842622637748718262 -0.19266580045223230533 -0.64217644929885864258
-0.13576596975326529759 0.31574597954750061035 -0.96827405691146839484 -0.54923725128173828125 -0.56757789850234985352 0.14558796584606170654 -1.04574358463287353516 1.02706718444824218750 0.39954945445060729980 0.36349368095397949219 -0.31589111685752868652
0.88841414451599121094 1.41129374504089355469 -0.41297638416290277652 1.14189994335174560547 0.10899540781974789705 -0.00862006843090049914 -0.99635285139083862305 -0.24511227011680600252 1.26135027408599831311 -0.70452070236206054688 0.26101875305175781250
-0.42310976982116699219 0.22223822772502899170 -1.05930006504058837891 -0.29861986637115478516 -0.65692895650863647461 -1.58097004890441894531 1.19870650768280029297 -0.82530313730239868164 -1.38763451576232910156 -1.58001422882080078125 0.55249726772308349609
1.21714675426483154297 0.68561422824859619141 1.43967175483703591077 -1.53255045413970969470 0.64168506860733032227 -0.23112604022026059236 -1.40148234367370605469 -1.58026564121246337891 0.34224084019660949707 1.16848206520080566406 -1.27307188510894775391
1.50800979137420632092 1.55816924571990966797 0.82247936725616455078 0.14296805858612060547 -1.42998325824737571033 -0.08367983251810069689 0.30814781785011291504 1.51945555210113525391 -1.48695731163024902344 -0.41469773650169372559 0.66841322183609008789
1.07755005359649658203 0.28975170850753778629 1.27767395973205566406 -1.00173270702362060547 0.63232916593551635742 1.00701463222503662109 0.70522779226303100586 0.49759569764137268066 1.47071075439453125000 -1.26234912872314430921 -1.38225579261779807361
-1.04505848884582519531 -1.78200209140777610095 1.35769295692443847656 -1.05937194824218750000 1.09410643577575683594 -0.67827248573303222656 -0.53553253412246704102 -0.25771835446357721500 0.28922656178474420718 0.61384594440460205078 0.13824330270290369205
1.01885306835174560547 0.11828917264938350329 1.36264085769653320312 0.60506492853164672852 -0.04053903743624680256 0.55693560838699340820 -0.95972239971160877570 1.46611845493316650391 -0.58411407470703125000 -0.16795703768730160799 -0.76158702373504638672
0.37753671407699579410 0.03431852161884300229 0.54873293638229370117 0.06365320831537239765 0.65029555559158325195 -1.32702064514160156250 0.50541132688522338867 0.20573322474956509676 1.43825852870941162109 0.11493618786334990067 -0.35698243975639337711
-1.02578580379486083984 -1.07085895538330078125 0.19783714413642880525 0.81731545925140380859 1.70968210697174072266 -0.32522186636924738101 -0.54200869798660278320 -0.72523093223571777344 1.07791650295257568359 -0.61103200912475585938 1.37925100326538085938
0.52649140357971191406 -0.17151834070682520084 1.37779521942138671875 -0.62040752172470092773 -0.57175314426422119141 -0.40624567866325378418 -0.41754984855651849918 -0.72203534841537475586 1.17646205425262428967 0.05164998769760129754 -0.08506733179092400288
-1.36483132839202880859 -0.42980560660362238101 -1.63024520874023437500 1.45052003860473632812 0.97971951961517322882 0.29945790767669677734 -1.34489417076110839844 -0.16957494616508481111 1.09069645404815673828 -0.86677908897399902344 2.01734805107116699219
0.92925620079040516242 0.67956912517547607422 0.68216609954833984375 0.69371885061264038086 0.91001284122467041016 0.27304002642631530762 1.83571934700012207031 -1.55144584178924560547 0.07218503206968300556 1.38770496845245361328 -0.99129694700241077765
0.75726991891860961914 1.16596996784210205078 -0.25837266445159912109 1.25447022914886474609 -0.48072266578674310855 -0.89842152595520019531 -1.56612849235534690173 -1.46764183044433593750 0.62682425975799560547 1.43550562858581542969 -0.79961699247360229492
0.69557183980941772461 1.24539220333099365234 -0.57070624828338623047 -1.49723410606384277344 0.56785953044891357422 1.18457412719726562500 -1.60597646236419677734 -0.47739520668983459473 -1.40853095054626464844 -1.53734695911407470703 -1.52462148666381835938
-1.59822046756744384766 -1.57943809032440207751 -0.59208977222442626953 -0.83024907112121582031 0.69835513830184936523 1.46471309661865234375 -1.04666578769683837891 -0.88948845863342285156 -0.60580885410308837891 0.19468915462493890933 -0.26981857419013971500
-0.84134232997894287109 -0.76229733228683471680 -0.68702340126037597656 0.91386967897415161133 1.29809570312500000000 -0.22706741094589230623 -0.69966834783554077148 0.93106949329376220703 -0.55627757310867309570 -0.29452830553054809570 1.57305014133453369141
-1.91805684566497802734 -1.76507735252380371094 -0.70731306076049804688 1.30783557891845703125 0.85691934823989868164 0.34820964932441711426 1.48950576782226562500 0.91061878204345703125 -0.08455204963684080643 0.85018444061279296875 0.56009858846664428711
-0.08997569233179089632 -0.47420370578765869141 0.90701341629028320312 -1.02077734470367431641 1.57158923149108886719 1.21564638614654541016 -0.79024422168731689453 -1.62848842144012428967 -1.49340581893920898438 -0.94355213642120361328 0.94760221242904663086
1.28993856906890869141 0.58990579843521118164 1.21706044673919677734 -1.03063952922821044922 -1.51946365833282470703 1.55847096443176269531 -1.58010089397430419922 0.83546119928359985352 -1.51724100112915039062 1.05339574813842751233 -1.61733317375183105469
-0.53827768564224243164 -0.51790273189544677734 0.18532608449459070377 1.20407044887542724609 -0.10311441123485559634 0.53710007667541503906 0.46367511153221130371 -1.07789409160613991467 1.03765189647674560547 1.00772857666015625000 1.42778122425079367908
0.50266993045806884766 0.48648899793624877930 0.05202062055468550245 0.60674917697906494141 1.03336131572723410876 0.98463755846023559570 -0.70573776960372924805 -0.37892305850982660465 -1.44706177711486816406 1.46957802772521950452 -1.07015466690063476562
-0.92294770479202281610 -1.25176978111267089844 0.33136445283889770508 -0.13018180429935449771 -1.19522237777709960938 0.05514114722609519958 -1.49166703224182128906 -0.68748545646667480469 0.36915466189384460449 -1.03989744186401367188 0.40524989366531372070
0.38097923994064331055 0.61093318462371826172 -0.42177119851112360172 0.40061697363853449039 0.13948194682598111238 -1.44084715843200683594 -0.57733976840972900391 -0.91377794742584239618 0.78119611740112304688 0.61995840072631835938 -1.03041470050811767578
0.28360322117805480957 -0.29620558023452758789 1.27483892440795898438 -0.32315945625305170230 -1.04999792575836181641 0.43142530322074890137 0.76358324289321899414 -1.33400738239288330078 0.91437709331512440070 -1.34373545646667480469 0.33328118920326227359
-1.07147562503814697266 -0.53990477323532104492 -1.30893361568450927734 1.11186492443084716797 -1.55992758274078369141 1.59789776802063010486 -0.82981544733047485352 1.52623677253723144531 -1.32870554924011230469 -1.62690103054046630859 1.10453128814697287829
1.70492780208587646484 1.20806741714477539062 1.04437804222106911389 -0.58471769094467163086 -0.42887055873870849609 1.16412270069122314453 1.28771185874938964844 0.10844554007053369693 0.82070410251617431641 0.94840478897094715460 0.84922337532043457031
0.98267972469329845087 0.78780478239059448242 0.72505867481231689453 -1.17531311511993408203 1.39735054969787597656 1.61516869068145751953 -0.42202395200729370117 -0.58686065673828125000 0.41322028636932367496 1.21293795108795166016 -1.53516662120819091797
0.33827728033065790347 -0.21083207428455350008 0.94583791494369517938 -1.26934385299682617188 1.40405118465423583984 -0.37281116843223571777 -1.14323365688323952405 1.14847445487976074219 1.39086115360260009766 -0.42749658226966857910 0.02912563271820539992
-0.48405441641807550601 0.29635959863662719727 -1.11752390861511230469 -1.05733132362365722656 -0.23372361063957208804 -1.53055644035339355469 -0.20888757705688471011 -1.15757691860198952405 -1.00835704803466796875 1.33539116382598876953 0.25635373592376708984
-0.71794897317886352539 -1.48214244842529296875 0.75762879848480224609 -0.61428683996200561523 0.74573487043380737305 0.60096544027328491211 -0.72671371698379516602 0.36012151837348937988 1.56673634052276589124 -0.18334500491619110107 0.38258540630340570621
0.99546837806701660156 0.48583087325096130371 1.22450065612792968750 0.42364314198493957520 -0.51059478521347045898 0.89257669448852539062 1.57749474048614501953 -1.40804004669189430921 0.67991441488265991211 1.10252487659454367908 -1.27175319194793701172
0.10572777688503259830 0.57765752077102661133 -0.75166237354278564453 -0.65578466653823852539 -0.21349826455116269197 -0.41609930992126459293 -1.54451203346252441406 -0.95558708906173717157 -0.05224004387855529785 0.13608925044536590576 -1.07817709445953369141
0.89944446086883544922 0.69016689062118530273 0.80893856287002563477 0.54826337099075317383 -1.29297852516174316406 -0.00785982795059680071 1.82366955280303999487 1.14607024192810058594 -1.43877875804901123047 -0.53328025341033935547 -1.36440885066986083984
0.26422730088233947754 0.42139267921447748355 0.30443331599235529117 1.17146337032318115234 -0.89828091859817504883 1.12090265750885009766 -0.81480681896209716797 -0.48978957533836359195 -0.28129020333290100098 0.25771072506904602051 -0.82566118240356445312
0.83199793100357055664 0.64101839065551757812 0.46717506647109979800 -1.53001344203948952405 0.02521246671676629844 -1.26193428039550781250 0.16021740436553949527 -1.12841725349426269531 0.88710427284240722656 1.37752377986907958984 -2.32316994667053178247
-0.85711181163787841797 -1.14261734485626220703 0.71233749389648437500 1.55459296703338623047 0.18566636741161340884 -1.21431279182434082031 0.00536418193951240015 -0.08521483093500130390 0.05485295131802549878 -0.95571678876876842157 1.21621656417846679688
-1.00501573085784912109 -1.55676949024200439453 1.26524055004119873047 0.44558036327362060547 -0.97840160131454478876 0.03632631525397300026 -1.04787516593933105469 0.43751347064971918277 0.51199334859848022461 -0.57873308658599853516 0.60012501478195190430
0.99521183967590320929 1.01128447055816650391 0.11697327345609659366 0.35562494397163391113 -1.41855275630950927734 -1.05345141887664794922 -1.24766397476196289062 0.20504607260227200594 0.84985089302062988281 -0.32756841182708740234 -1.20729255676269509046
0.53106719255447387695 1.70659446716308593750 -1.72511827945709250720 0.68796181678771972656 -0.47851660847663879395 0.65723115205764770508 0.86852407455444335938 0.65707099437713623047 -0.15691773593425750732 1.01243996620178222656 0.06204526126384730250
-0.26990136504173278809 0.01664600521326059859 -0.47569170594215387515 1.54532885551452636719 1.71430134773254394531 0.58716595172882080078 -0.59506934881210327148 0.90596753358840942383 -1.43821370601654030530 -0.55128246545791625977 1.62456476688385009766
-0.22572405636310569066 -0.23095324635505670718 0.00266923499293620020 0.24634794890880579166 -1.02278399467468261719 -0.78827416896820068359 0.75447559356689453125 -0.01348430104553689952 -1.87925875186920166016 -0.86064463853836059570 0.45358657836914062500
0.61383789777755737305 -0.22929127514362329654 1.07269430160522460938 0.01671962998807429920 0.41449373960494989566 1.34738314151763916016 -0.69392526149749755859 -0.13855029642581939697 1.38994467258453369141 -1.37382781505584716797 0.41985487937927240543
-1.37983894348144509046 -0.89797681570053100586 -1.16588282585144042969 -1.59885394573211669922 1.29928338527679443359 -0.42047363519668579102 0.53848278522491455078 0.45043185353279108218 0.50581717491149902344 -0.80295562744140625000 0.24494861066341400146
-0.35883143544197082520 -0.98736363649368275031 0.83572566509246826172 -0.41894423961639398746 -0.57476037740707397461 1.40662825107574462891 -0.13795773684978479556 -0.73817157745361328125 -0.89000385999679565430 -1.41301608085632324219 0.80630326271057128906
0.90002310276031494141 0.64720010757446289062 0.58300453424453735352 1.03132748603820800781 -0.42027536034584039859 -0.94578194618225097656 1.24397325515747070312 1.49018824100494384766 -0.48121976852416992188 0.59447640180587768555 -1.24330568313598632812
-1.02069342136383056641 -0.93112957477569580078 -0.76857942342758178711 1.43721807003021240234 1.11388397216796875000 -0.41136032342910761050 -0.47494959831237787418 1.53310263156890869141 0.11604098230600350117 -0.31531614065170288086 1.69302082061767578125
1.45319366455078125000 1.16381347179412841797 0.02684825100004669882 -0.12042906135320660677 -1.30408811569213889392 0.37341761589050287418 1.85396349430084250720 1.31426119804382324219 0.16719795763492578677 -0.04515708237886419812 -0.03495431318879119870
-0.64353424310684204102 0.30085477232933038882 -1.68597412109375000000 -1.65512764453887939453 -0.76944887638092041016 1.11105132102966308594 -1.54132115840911887439 0.98177862167358398438 -0.61156755685806274414 -0.06330045312643049760 0.50832080841064453125
