0.93029886484146118164 1.49576878547668457031 0.63909870386123657227 -0.26131698489189147949 1.68764436244964599609 -1.00853800773620605469
-0.38978299498558038882 -0.65346813201904296875 -0.32148844003677368164 1.60464668273925781250 -1.70757925510406494141 0.99859482049942016602
-0.18565467000007629395 -0.62502276897430419922 -0.49075874686241149902 -0.52073711156845092773 0.92292094230651855469 0.95729064941406238898
-0.60027796030044555664 -1.13388943672180175781 -0.48846054077148437500 1.62886714935302712171 -0.69326293468475341797 0.77193188667297363281
-0.21714872121810910310 -1.23406910896301269531 -0.61407840251922607422 0.48836514353752130679 -0.62014019489288330078 0.64403122663497924805
-0.55568009614944458008 -0.22495229542255398836 0.34816753864288330078 1.62725222110748291016 -0.73142153024673461914 1.19079935550689697266
-0.63263040781021118164 -0.77788954973220825195 -0.70649993419647216797 -1.26387977600097656250 -1.76073968410491943359 -0.00671763811260459986
0.43216675519943237305 0.70298725366592407227 -0.15396785736083978824 -0.00611766614019869977 0.25790357589721679688 -1.15525949001312255859
0.52230203151702880859 0.10135217756032939562 0.94012552499771118164 0.83752793073654174805 0.37020537257194519043 0.21296133100986480713
-0.11965364217758170384 -0.12576584517955780029 0.13052049279212948885 -0.40108767151832580566 1.62542581558227539062 0.62101936340332031250
0.50966173410415649414 0.29140093922615051270 -0.14270496368408200349 -0.00011252828699069999 0.58055126667022705078 -0.48732769489288330078
1.03230905532836914062 0.48848542571067810059 -0.67259484529495239258 -1.39842176437377929688 1.28120768070220969470 -2.09969949722290039062
-1.17490684986114501953 -1.36539316177368164062 -0.40390431880950927734 1.00689351558685302734 -0.22481484711170190982 0.29492732882499689273
-0.45947295427322387695 -0.81712675094604492188 -1.73439717292785644531 -0.65340173244476318359 1.55066406726837158203 1.66909754276275634766
-1.10666489601135231702 -1.22318828105926513672 -1.00964486598968505859 -0.94540095329284679071 -0.10169286280870430683 -0.07376878708600989598
-1.60604465007781982422 -0.98101937770843516962 -0.75592744350433349609 0.49599042534828180484 1.19854772090911887439 0.41624772548675531558
0.55947184562683105469 1.31797695159912109375 1.00933599472045898438 0.91485983133316040039 -0.71645408868789672852 -2.08738780021667480469
-1.71615123748779296875 -1.19010686874389648438 -0.33386361598968500308 0.81216269731521606445 -0.20486755669116971101 0.09331858158111569490
-1.17347538471221923828 -0.89131546020507812500 -0.91500324010848999023 -0.32213541865348810367 -0.77541768550872802734 0.44749781489372247867
-0.44606170058250427246 -0.51824808120727539062 -0.56537151336669921875 -0.25885227322578430176 0.48343607783317560367 1.26345574855804443359
1.64547216892242431641 1.46211409568786621094 2.10750079154968261719 0.93169212341308604852 -0.88850849866867065430 0.39438277482986450195
1.41382944583892822266 1.53306424617767311780 3.33367156982421875000 1.30806875228881835938 -0.46447846293449401855 1.07909512519836447986
0.32225707173347467593 -0.02445850521326059859 0.16980056464672088623 -0.15424874424934378880 0.78947746753692626953 0.34215778112411499023
1.44839859008789062500 1.54930758476257324219 -0.37629771232604980469 -1.40900564193725608142 -0.93073916435241699219 -0.61222386360168457031
-0.79060864448547363281 -1.14790570735931396484 -1.00091755390167236328 -0.01623780466616149901 -1.14795839786529541016 0.56295299530029296875
-1.49960839748382568359 -1.09059250354766845703 -1.43848586082458496094 -1.58428478240966796875 0.56606036424636840820 0.22833335399627679996
-1.33305799961090087891 -1.04766762256622314453 -0.00048537034308530002 -0.69269162416458129883 1.63320624828338623047 -0.01302426401525729957
1.03571164608001708984 1.21722805500030517578 0.62637412548065185547 0.21230199933052060213 -0.62611126899719238281 -1.67089021205902099609
-1.32446229457855224609 -1.67553210258483886719 -1.52634537220001220703 -0.99711531400680541992 0.73785209655761718750 0.14492429792881009187
2.13454794883728027344 1.74027132987976074219 -0.52997225522994995117 -1.40718877315521240234 -0.67922151088714599609 -0.13923506438732138890
1.17577075958251953125 1.17434763908386230469 1.45063292980194091797 0.36382740736007690430 -1.37523019313812255859 -1.73084986209869384766
0.78375220298767089844 1.10791409015655517578 1.47385489940643310547 0.29033470153808588199 1.24722898006439208984 -1.76791596412658691406
-1.17797851562500000000 -0.24770627915859219637 -0.21613037586212149876 -1.13491034507751464844 0.35453543066978449039 0.19317758083343500308
1.92890965938568070825 1.23756659030914306641 1.26298260688781738281 0.51002544164657592773 -1.17672860622406005859 0.16489796340465540103
-0.45418918132781982422 0.24459011852741238680 0.28909552097320551090 1.59290564060211181641 -0.21479587256908411197 1.28441143035888671875
-0.14824575185775751285 0.49464711546897888184 -0.09400460124015799779 -0.65501135587692260742 -0.91381990909576416016 -0.41674065589904779605
-1.56042909622192382812 -1.55915355682373046875 -0.07983385026454919986 1.47709703445434570312 1.26203536987304687500 0.36436867713928222656
0.05112782865762709877 0.18035827577114099673 -0.41032880544662470035 -0.87301605939865112305 -1.05338025093078591077 0.17798972129821769017
1.18992304801940917969 1.48927414417266845703 2.09805989265441894531 1.34170937538146950452 -0.21521854400634760074 -0.22333197295665740967
1.17914795875549316406 0.97342997789382923468 -1.16048800945281982422 -1.34058797359466552734 1.60187292098999023438 -1.24212765693664550781
-1.34131872653961181641 -1.10469293594360351562 -1.11118435859680175781 0.10688977688550939382 0.91145920753479003906 0.66209602355957031250
-1.15683007240295410156 -1.56114017963409423828 -0.25212079286575317383 0.08509895950555800004 -1.24994194507598876953 -0.68460530042648315430
0.64862895011901855469 0.81783199310302734375 -0.30070018768310541324 -0.70783013105392456055 -1.73108053207397460938 -2.72806000709533691406
1.03442883491516113281 1.26740753650665283203 0.16602326929569238834 -0.71118837594985961914 -0.65279376506805419922 -1.95640075206756591797
-1.36807155609130859375 -0.94752091169357299805 -0.42576423287391662598 -0.53055226802825927734 0.68688565492630004883 0.01824550516903400074
-0.28041148185729980469 0.37308889627456659488 -0.56092846393585205078 -0.19145959615707389134 1.37759757041931152344 1.12802982330322287829
0.25485163927078241519 0.08955588191747659854 0.82995259761810302734 0.84809648990631103516 -0.69423568248748779297 0.41962769627571100406
0.98925906419754039423 0.60574293136596679688 0.02500364184379570004 0.06249697878956789882 -0.10535661876201629639 -2.17643332481384277344
-0.50290852785110473633 -1.00046825408935569079 -0.77362692356109619141 -0.69027769565582275391 -1.44040715694427490234 0.28364622592926019840
-0.25525593757629388980 -0.91435444355010997430 -0.41724562644958490543 0.73973399400711059570 0.00694523472338910014 1.12764239311218261719
-0.08404058963060369314 0.00087376125156870003 -0.43927535414695739746 -0.82826924324035644531 0.36769744753837579898 0.57012450695037841797
-1.28970992565155029297 -1.31140220165252685547 -0.98242712020874023438 -0.62021017074584960938 1.04376554489135742188 0.44189602136611938477
1.70961046218872070312 1.32301580905914306641 2.30769729614257812500 1.22331106662750244141 -0.32866767048835748843 0.61721295118331909180
0.33852699398994440250 0.22173264622688290681 1.62292146682739257812 1.07282507419586181641 1.67749154567718505859 0.76858025789260864258
1.62793469429016113281 1.69064772129058837891 0.00795302633196109943 -1.14190506935119628906 -0.83596628904342651367 -0.12775170803070060033
-1.42213857173919677734 -1.42651605606079101562 -0.60451132059097290039 -0.79520303010940551758 0.08047612756490700459 -0.44259366393089288882
-0.52596408128738403320 0.08309935033321380615 -0.25253301858901977539 -0.21883524954319000244 0.59310430288314819336 0.77626001834869384766
1.17552375793457031250 1.77580451965332031250 1.53524518013000488281 0.31567364931106567383 0.19331426918506619539 -0.10817050933837890625
-1.32248187065124511719 -1.60249447822570800781 -0.94509404897689819336 1.52755165100097656250 -0.69472104310989379883 0.36747026443481439761
1.66129386425018310547 1.43899500370025634766 0.46646398305892938785 -0.49142470955848688297 -0.35242828726768488101 0.02104556746780869916
0.34551262855529779605 0.83811438083648681641 0.41745182871818542480 0.02421627566218369915 -1.71977853775024391858 -1.60224115848541259766
1.31432139873504638672 1.07267475128173850329 -0.57083028554916381836 -1.75815844535827636719 0.98293900489807117804 -1.80636787414550803454
-0.54937648773193359375 -0.05780842155218120226 -0.34944859147071838379 0.17692029476165768709 -1.34067988395690917969 0.75690174102783203125
-1.19832670688629150391 -1.60848093032836914062 -0.16707220673561090640 -0.14577700197696680240 0.51639860868453979492 -0.30990806221961969547
0.21328815817832941226 0.40398436784744262695 -0.22990581393241879549 -0.64426118135452270508 -0.54955285787582397461 -0.70301663875579833984
0.76429015398025512695 0.56124085187911987305 0.64591032266616821289 0.56286859512329101562 0.34638130664825439453 -1.53309774398803710938
1.05088019371032714844 0.30504971742629999332 -0.62112402915954589844 -0.58146029710769653320 0.90526211261749278680 -1.32106077671051047595
-0.45318892598152160645 0.31538328528404230289 -1.15879249572753906250 -1.54263365268707275391 -0.11656650155782699585 0.71665811538696289062
-0.45564073324203491211 0.39701044559478759766 0.98446232080459594727 0.46748107671737670898 -0.05324284359812730266 0.72904241085052490234
-1.98994588851928710938 -1.65729618072509765625 -0.76414519548416137695 1.43308794498443603516 0.00300252321176229997 0.35017529129981989078
0.05566804483532900027 -0.47847697138786310367 -0.78187292814254760742 -1.11791384220123291016 -0.55713975429534912109 1.04846739768981911389
0.58893764019012451172 1.65102756023406982422 1.39710116386413552014 0.05566560477018350078 0.25748115777969360352 -1.87005007266998291016
0.47075441479682922363 -0.35943537950515741519 -0.43589329719543451480 -1.61312556266784690173 1.69053626060485839844 0.43140140175819391422
-0.31225147843360900879 0.44751301407814020328 0.67594993114471435547 1.23494899272918701172 1.11481881141662597656 0.95642155408859241827
-1.20481860637664794922 -1.11321198940277099609 -0.49419716000556940250 0.07852847129106520219 -1.18692398071289062500 -0.13084177672863001041
