1.63557362556457519531 1.50309813022613525391 1.63526117801666259766 0.05763594061136240176 -0.60222601890563964844 0.61146599054336547852
0.30845925211906427554 0.47775590419769281558 0.43369790911674499512 -0.07834957540035239476 -0.45474842190742492676 -1.46990859508514404297
-1.54886174201965309827 -1.50146162509918190686 -0.91878545284271240234 -0.75177556276321411133 -0.46849489212036127261 -0.25270107388496398926
-0.02825116552412509918 0.91175234317779541016 -1.11484062671661376953 -1.53494501113891601562 0.87995469570159912109 -1.24138545989990234375
1.00806665420532248767 0.99049180746078480109 1.81158638000488281250 1.66171157360076904297 0.44701504707336420230 -0.01506913919001810070
-0.62915992736816406250 -1.06119835376739501953 -1.22201037406921408923 -0.56080532073974609375 -0.31958493590354919434 0.84515923261642456055
-0.42575994133949279785 -0.57031750679016113281 -0.59189975261688232422 -0.35888931155204767398 0.78046995401382446289 1.01317238807678222656
0.95187234878540039062 0.16754406690597528629 0.08007200062274930086 0.18461836874485010318 -0.91528409719467163086 -1.60876095294952392578
0.77108001708984375000 0.71514314413070678711 0.06496936827898019962 -0.52320742607116699219 1.62806284427642822266 -1.36037325859069824219
0.65265601873397827148 0.26771980524063110352 -1.15493476390838623047 -1.58083045482635498047 -1.04294872283935569079 -1.56463336944580078125
0.67356640100479125977 0.04258389025926589966 -0.30990883708000177554 -0.69765204191207885742 0.29152107238769531250 -1.11407732963561989514
0.51744377613067626953 0.27283111214637750797 -0.74113768339157104492 -0.87125742435455322266 -0.37639945745468139648 -1.28761970996856689453
0.18491166830062860660 -0.13072940707206720523 -0.20320913195610040836 0.37791454792022699527 1.07330107688903808594 0.71306252479553222656
0.94120103120803844110 1.47999143600463889392 1.27871227264404296875 1.23280882835388183594 1.25242435932159423828 1.19128525257110595703
-2.34024977684020996094 -1.61197984218597389905 -0.22024513781070709229 -1.31947183609008789062 0.14059780538082120027 -0.88326823711395263672
1.28952932357788085938 1.16996395587921142578 -0.07055043429136269306 -0.41701582074165338687 1.31967139244079589844 0.62296813726425170898
0.88776808977127075195 0.45830407738685607910 1.16729283332824707031 1.02415013313293457031 0.31441691517829889468 -1.40039694309234619141
-0.28267723321914667300 -0.63742864131927490234 -0.15460118651390070132 0.61417621374130249023 -1.17623662948608398438 1.05901765823364257812
-1.54771828651428222656 -1.50665414333343505859 -1.26459622383117675781 0.66860479116439819336 0.68594306707382202148 0.96856385469436645508
-1.17408037185668967517 -1.52096629142761230469 -0.65039080381393432617 0.04860512167215339657 1.33594489097595192639 0.54371815919876098633
-0.06569427996873850040 -0.03055398724973200017 -0.85610705614089965820 -1.24875569343566894531 0.27730804681777948550 0.22086076438426968660
1.07155680656433105469 0.95440399646759044305 2.48700594902038574219 1.67723858356475830078 -0.09694065898656839542 0.16947935521602630615
-1.67843091487884521484 -1.67887604236602783203 -1.37231850624084472656 0.79819738864898681641 -1.08205723762512207031 0.46836647391319269351
-1.70212435722351074219 -1.37677252292633056641 -0.99137598276138316766 -1.54091548919677712171 1.46599233150482177734 -0.15603271126747131348
1.42165482044219970703 1.31934964656829833984 1.33305954933166503906 -0.14582170546054840088 1.48304426670074462891 0.87584656476974487305
-0.88131707906723022461 -1.21843004226684570312 -0.36251786351203918457 0.42563959956169128418 -0.76275283098220825195 0.42234325408935541324
0.80496716499328613281 0.81909704208374023438 0.94130045175552357062 0.77199161052703857422 -0.02256965264678000016 -1.49009037017822287829
1.24859988689422607422 0.70819145441055297852 -0.44582620263099670410 -1.40843367576599121094 -0.68820190429687500000 -1.66585910320281982422
-1.17791664600372314453 -1.31452822685241699219 -0.52525156736373901367 0.27627563476562500000 -0.96597605943679798468 0.29406419396400451660
-0.88202035427093505859 -1.46344721317291259766 -1.59913170337677001953 -0.99905550479888916016 -1.05038678646087646484 0.32561546564102167300
-0.84236025810241699219 -1.47798168659210205078 -0.72839444875717163086 -0.68197190761566162109 -0.03623638302087780344 -0.04058700427412979816
1.60392308235168457031 1.43070912361145019531 1.65527534484863281250 0.68545162677764892578 -0.13379253447055811099 1.00866043567657470703
-0.75055766105651855469 0.02895399183034889912 -0.22529804706573480777 -0.42009302973747247867 -0.79361748695373535156 0.61551302671432495117
0.00144368514884260003 0.73223364353179931641 1.15633785724639892578 0.63709312677383422852 -0.88980329036712646484 -1.38214147090911887439
-0.51877284049987792969 -1.56841492652893088611 -1.14634156227111816406 -0.78514796495437622070 -0.97703385353088378906 -0.08058585226535790180
-0.71312665939331054688 -0.68101388216018676758 0.53531485795974731445 1.72114527225494384766 1.44422626495361328125 1.65271902084350608142
-0.50251889228820800781 -0.60349100828170776367 0.01281351316720239983 -0.03764389082789419694 -0.23992109298706049136 0.68575423955917358398
-0.54315209388732910156 -0.81783419847488403320 0.10169578343629830097 1.32931506633758544922 0.10373661667108530215 1.14915931224822998047
0.91288429498672485352 1.12328755855560302734 0.82683402299880981445 0.87834775447845458984 -1.13586664199829101562 -0.73335689306259155273
-1.34186935424804687500 -1.47253656387329101562 -1.09887647628784179688 -0.52208769321441650391 0.55186969041824340820 0.49878743290901178531
1.24688041210174560547 1.22212791442871093750 2.19645476341247603003 1.55318009853363037109 1.10555696487426757812 1.51778554916381835938
-0.59707754850387573242 -0.10483948141336439652 -0.13757799565792080965 0.24908453226089469212 1.64504349231719970703 1.45483088493347167969
1.36864745616912841797 0.95902919769287120477 1.40497744083404541016 0.63681066036224365234 -0.41995584964752197266 -0.06897437572479239720
-0.66273111104965209961 -0.68408381938934326172 0.48421156406402587891 0.88709956407546997070 1.53349435329437255859 1.28341102600097656250
0.07672767341136929597 0.36404889822006220035 1.26377165317535400391 1.68164885044097900391 0.93071901798248279913 0.13464638590812680330
-1.60644495487213112561 -0.93058031797409057617 -0.90876883268356323242 -0.33038312196731567383 0.02163203060626980173 0.23222187161445609349
-1.68662965297698952405 -0.80936360359191894531 -0.99300318956375122070 -1.02626144886016845703 -1.68524622917175292969 -0.19810022413730621338
0.54935616254806518555 -0.34468415379524230957 -0.73258811235427856445 -0.55410468578338623047 0.38302868604660028629 0.33861583471298217773
0.63282918930053710938 0.22657589614391321353 -0.32334297895431518555 -0.00479167653247709966 -0.62772703170776367188 -1.27004599571228049548
-0.65201950073242187500 -0.77701783180236816406 -0.25385060906410217285 1.25263464450836181641 -0.58769339323043823242 1.13489162921905517578
-0.27119389176368707828 -0.48426073789596557617 -0.59530138969421386719 -0.78721618652343750000 -0.43458428978919977359 0.89202064275741577148
0.72687053680419921875 1.49101245403289794922 0.34738183021545410156 -0.53726661205291748047 -0.36323872208595270328 -0.44999688863754272461
-1.73893523216247558594 -1.72792077064514160156 -1.37299287319183349609 -0.29461568593978881836 -1.27229726314544677734 0.33735769987106317691
-1.35644555091857910156 -1.02796852588653564453 -0.06963185220956799593 -1.46791338920593261719 1.53491294384002685547 0.04949793964624400050
0.87670385837554931641 0.78127241134643554688 -1.37710869312286376953 -1.60031223297119140625 -0.02997048944234840043 -1.20979166030883789062
1.02977383136749289783 0.87744349241256713867 -0.38702929019927978516 -1.74896287918090820312 -0.51504117250442504883 -1.61889874935150168689
-2.03486037254333496094 -1.67632544040679909436 -0.58961600065231323242 1.48971354961395263672 -1.43618261814117431641 0.16021056473255149144
0.65278786420822143555 1.07239866256713889392 0.20259734988212579898 -0.68018615245819091797 1.38948011398315429688 -1.23976981639862060547
0.79814380407333374023 1.48872375488281250000 -0.66632246971130371094 -1.15358161926269509046 1.32330238819122314453 0.05571560561656949823
-0.18414551019668579102 -0.41168621182441711426 -0.39011836051940917969 1.22880256175994873047 -0.66960757970809936523 1.18449723720550537109
0.06152358651161189684 0.62647950649261474609 0.93280851840972900391 0.63108497858047485352 -0.70087736845016479492 -1.44221162796020507812
0.86276358366012573242 0.79815965890884399414 -1.38223075866699218750 -1.63169884681701660156 -0.40013810992240900211 -1.64185559749603271484
-1.29569196701049804688 -1.46732735633850097656 -0.88383281230926513672 -0.81412780284881591797 -0.37829500436782831363 -0.06203038245439519704
1.40586721897125244141 1.20877075195312500000 1.16577255725860595703 0.58535504341125488281 -0.30671709775924682617 0.74938738346099853516
0.37699446082115167789 0.31692668795585632324 0.32107788324356079102 0.66894495487213134766 0.88042384386062622070 -0.66028130054473876953
-1.96011042594909690173 -1.56431174278259277344 -1.07374489307403564453 -1.35142970085144042969 -0.92767512798309315070 -0.28800737857818597965
1.32667660713195800781 1.44392275810241699219 -0.24596537649631500244 -0.19420355558395380191 -0.95443773269653320312 0.71379262208938598633
-1.19943118095397949219 -0.82367181777954101562 -0.62016522884368896484 1.33172035217285156250 0.81249380111694335938 1.30137825012207031250
-0.95330625772476196289 -0.60569643974304199219 -0.40045812726020807437 -0.98541146516799915656 1.33402156829833984375 0.84247088432312011719
-1.64294612407684326172 -1.49450421333313010486 -0.48238813877105707340 1.64968514442443847656 1.10812652111053489001 0.64687383174896240234
-0.03426777943968770113 0.48300442099571228027 -0.36027610301971429996 -0.82443469762802124023 1.15150153636932350842 -0.80360561609268188477
-0.69923734664916992188 -1.15822505950927712171 -1.14772105216979980469 -1.03509688377380371094 1.30150055885314941406 0.75170016288757324219
-0.30445787310600280762 0.46297836303710937500 0.90120631456375122070 -0.07129263877868649568 0.04508637636899939793 -0.39016163349151611328
1.62589538097381591797 1.32544577121734619141 1.28399753570556640625 0.31921175122261047363 -0.93252456188201904297 0.77449220418930053711
1.61642432212829589844 1.34715664386749289783 1.61764621734619140625 0.88607841730117797852 -0.54151594638824462891 1.16564452648162841797
-1.25533366203308105469 -1.41575860977172829358 -1.13140487670898437500 0.13367754220962518863 -1.03191423416137695312 0.24425868690013879947
1.37772953510284423828 0.96751850843429565430 0.60946077108383178711 0.19278314709663391113 -0.22499461472034448795 -0.27038112282752990723
0.38396802544593811035 -0.35792925953865051270 -0.90223270654678344727 -0.63987684249877929688 1.46383595466613769531 1.11536157131195090564
-2.28068041801452636719 -1.77196669578552246094 -0.75999474525451660156 -1.09326815605163552014 -0.74751013517379760742 -0.56596398353576660156
0.51851814985275268555 0.42299336194992059879 0.00296330521814520010 -0.08724206686019890522 -0.01957438141107549837 -1.57457375526428222656
-0.23186002671718589085 -0.43087014555931091309 -0.74053710699081420898 -1.56080770492553710938 0.29759588837623590640 0.74640887975692749023
1.57139909267425537109 1.38882446289062500000 1.54827296733856201172 1.10507309436798095703 -1.48850595951080322266 0.80541610717773437500
-0.55343800783157348633 -1.19683861732482910156 -0.05080973729491229662 1.51509857177734375000 0.82139384746551513672 1.30498743057250976562
1.80908262729644797595 1.33993351459503151624 1.43336653709411621094 0.41956943273544311523 0.70843440294265747070 0.97880733013153076172
0.63809508085250854492 0.50736993551254272461 1.06509566307067871094 1.21910357475280761719 -1.44515013694763183594 -1.77790451049804687500
1.57850325107574462891 1.51137614250183105469 2.13217592239379882812 1.59624290466308593750 1.02436971664428710938 1.82222163677215598376
0.40115723013877868652 1.03212583065032958984 1.24653112888336181641 0.88218861818313598633 -1.68656694889068603516 -1.93323004245758078845
-0.34709507226943969727 0.03289252147078509936 0.71640485525131225586 0.53077548742294311523 0.35029095411300659180 0.58503389358520507812
0.20186190307140350342 0.27527150511741638184 1.19221150875091552734 1.03996419906616210938 1.48137736320495605469 -0.04352907091379160098
-0.29312703013420099429 0.56518614292144775391 0.38176494836807250977 0.86380416154861450195 0.19712871313095089998 -0.08159234374761580033
-1.24957311153411887439 -1.02848064899444580078 -0.46492886543273920230 0.27577328681945800781 1.68715202808380126953 0.67955040931701660156
-0.19389964640140530672 -0.16692677140235900879 -0.30783751606941217593 -0.91704010963439941406 -1.25545978546142578125 0.20048397779464718904
0.60017144680023193359 1.24465501308441162109 -0.49400469660758972168 -0.86585986614227294922 -0.72422015666961669922 -1.25107431411743164062
1.10507237911224365234 0.68443012237548828125 0.78969317674636840820 0.07824179530143729466 -1.38907194137573242188 -1.86832153797149680408
-1.59337890148162841797 -1.00287175178527832031 -0.43841341137886047363 -1.72471725940704367908 -0.11886391043663019351 -0.42531919479370111636
0.86757618188858032227 0.99416327476501464844 1.59724342823028564453 1.60763251781463623047 1.22349786758422829358 -0.59401875734329223633
-1.55650818347930908203 -0.97243922948837280273 -0.20698910951614379883 0.89392584562301635742 0.50029832124710083008 0.39634171128273010254
1.25300884246826149671 0.86514276266098022461 0.99263042211532603876 1.00074124336242675781 -0.21430294215679168701 -0.65246397256851196289
-0.30365002155303949527 0.69765633344650268555 0.76262807846069335938 0.16796249151229850072 -0.45996159315109247379 -0.70678997039794921875
0.80457824468612670898 0.88801610469818115234 -0.53357070684432983398 -0.77431571483612060547 -1.55414783954620361328 -1.52742314338684082031
1.71708965301513671875 1.30561995506286621094 1.29478669166564941406 0.52934473752975463867 1.30002987384796142578 1.37880575656890869141
-0.31298866868019098453 0.09792663902044289326 -0.44325730204582208804 0.18188491463661191072 0.36046031117439270020 0.57845705747604370117
-0.03349450975656499685 0.36859586834907531738 0.07608334720134729556 0.35020732879638671875 -0.61191380023956298828 -0.35432457923889160156
-0.39571157097816467285 -0.73470723628997802734 -0.17854583263397211246 1.41599965095520019531 -1.48367738723754882812 1.18401205539703369141
0.03883424028754230151 0.19021351635456079654 -0.22384817898273459691 -0.80657660961151123047 1.52326738834381103516 -0.25616157054901117496
-1.37535679340362571033 -1.15066957473754882812 -1.27165901660919189453 -1.54519987106323242188 1.21314108371734619141 0.24108251929283139314
1.00319576263427712171 0.83870935440063476562 -0.08691636472940439395 -0.67553812265396118164 0.30971866846084589175 -1.13077747821807861328
0.48088306188583368472 0.32301095128059381656 0.32646557688713068179 0.02847551554441449945 -1.14914214611053489001 -1.60821247100830078125
0.33188357949256891422 1.10042619705200195312 0.03599433600902549740 -0.55081129074096679688 -1.06129062175750710217 -1.98988425731658913342
-1.43942070007324218750 -0.93833649158477783203 -0.32968083024024957828 1.40226137638092041016 0.98620820045471202508 0.90357130765914916992
0.79423499107360839844 1.54460191726684570312 0.87942010164260864258 -0.23646642267704010010 0.46457713842391967773 -0.00473168306052680013
0.97188222408294677734 1.10339140892028808594 -1.35296893119811989514 -1.75099754333496093750 -0.76455646753311157227 -0.90910369157791137695
-0.04191399365663520116 -0.59468764066696166992 -0.27535188198089599609 0.28118050098419189453 -1.10955965518951416016 0.86691105365753173828
1.19025731086730957031 0.91410928964614879266 0.23609879612922660130 -0.32071614265441888980 -0.90792846679687500000 -1.15276670455932617188
0.78984665870666503906 0.08095599710941310534 -0.27794659137725830078 -0.62447428703308105469 0.28890115022659301758 -1.53395795822143554688
-0.73629313707351684570 -0.77117395401000976562 -0.91108065843582164423 0.45904529094696039371 0.96512967348098754883 1.24594962596893310547
0.78138518333435058594 0.77760362625122070312 0.23324178159236899632 0.37787801027297968082 1.07141172885894775391 -1.43254327774047829358
0.85185599327087402344 0.95859062671661376953 1.86572766304016091077 1.53792953491210937500 -0.58463263511657714844 -0.79072803258895874023
-0.90326869487762440070 -0.35131001472473138980 -1.28503143787384033203 -1.14092266559600830078 -0.04323989152908320338 1.23288071155548095703
-0.54302245378494262695 0.29407760500907897949 1.19783139228820800781 0.82377743721008300781 -0.28805080056190490723 0.57760685682296752930
0.20382712781429290771 0.32671755552291870117 1.35758376121520996094 1.66083037853240966797 0.83429104089736938477 -0.13383473455905908756
0.06746812164783469457 0.78418451547622680664 0.06630127876996989855 -0.95308351516723643915 -0.07369235157966609606 -2.03890609741210937500
0.67991501092910766602 1.48819863796234130859 1.38568973541259765625 -0.22157542407512659244 1.40327620506286621094 -0.19896140694618219547
0.68596827983856201172 0.07398616522550580110 0.22487029433250418919 0.38803839683532709293 -0.35228359699249267578 -0.93193459510803222656
-1.13439869880676269531 -1.21453535556793190686 -0.77509611845016479492 1.02419567108154296875 1.20594441890716552734 1.17085742950439430921
0.74902832508087158203 0.53608006238937377930 0.35090741515159601382 -0.57300668954849243164 0.52079778909683227539 -1.69483220577239990234
-1.95382022857665993421 -1.41201031208038330078 -1.23013007640838623047 0.14688420295715329256 -0.77228152751922607422 0.25455236434936517886
0.46060216426849359683 -0.43783187866210937500 0.77815186977386474609 1.75020635128021240234 -1.29354095458984375000 0.75379568338394165039
1.18431925773620605469 0.87795394659042358398 -0.40134599804878229312 -0.15071439743041989412 0.42776542901992797852 -0.45587891340255737305
-0.36898350715637201480 -0.81102699041366577148 -0.81966853141784667969 0.49493381381034851074 -0.17298214137554168701 1.43594586849212646484
-1.37964904308319091797 -1.63402342796325683594 -1.51986432075500488281 -1.45939218997955322266 -0.52352321147918701172 -0.09061008691787719727
0.63118934631347656250 -0.20116153359413138646 -0.72683006525039672852 -1.32810711860656738281 -1.25128185749053955078 -0.45059925317764282227
0.95377409458160400391 0.79521077871322631836 0.50596898794174194336 0.31166347861289978027 -1.36563694477081298828 -1.71113669872283935547
-0.79389315843582153320 -0.76570677757263183594 -0.66777580976486206055 -1.20769858360290527344 -1.14402961730957031250 0.31385913491249078922
0.16932924091815940160 0.13674184679985040836 1.31713640689849831311 1.66900467872619628906 1.35450959205627441406 0.47031193971633911133
-0.86052799224853515625 -1.47679936885833740234 -0.42775490880012512207 1.43082237243652343750 -0.77241659164428710938 0.61152607202529907227
0.01782326027750959913 -0.85888117551803588867 -1.13537204265594482422 0.58599889278411865234 0.36150687932968139648 1.59805810451507568359
0.76343548297882080078 0.82621574401855468750 2.26619052886962890625 1.16129565238952636719 -1.01166927814483642578 -1.36831760406494140625
-1.40326404571533203125 -0.58120596408843994141 -0.05625314638018599767 -0.10663267225027080187 -1.07444357872009277344 0.06948641687631600117
-0.68011099100112915039 -0.88511127233505249023 -0.83406037092208862305 0.19421082735061639957 1.03451097011566162109 1.43617725372314430921
0.88355010747909545898 0.81600165367126464844 1.86901664733886718750 1.71653628349304199219 -1.00265824794769287109 -1.12487065792083740234
-0.72270458936691284180 -0.11742270737886420506 1.68078196048736550061 1.31582534313201904297 -0.09951149672269819779 1.46833717823028564453
0.09221303462982169408 0.82214343547821044922 0.95024490356445323602 -0.16768448054790491275 1.14207828044891357422 -1.58172655105590820312
0.85371893644332885742 0.62715435028076171875 -0.69514566659927368164 -0.65947502851486206055 0.78797358274459838867 -1.69681441783905029297
0.83746862411499023438 1.17690825462341308594 1.57086730003356911389 0.58237504959106445312 -1.20853722095489501953 -0.70256537199020385742
-0.19476354122161859683 -0.61466598510742187500 -1.03779935836791992188 -1.62568223476409912109 -1.48072886466979980469 0.33592861890792841129
-0.54032737016677856445 -0.07139217853546139803 0.63543605804443359375 1.12459874153137207031 1.45792722702026367188 1.33477818965911887439
-0.49664944410324091129 -0.45923557877540588379 0.17866146564483639803 -0.65858721733093261719 -1.70683908462524391858 0.17532880604267120361
1.31703507900238037109 1.14097142219543457031 2.75763988494873046875 1.34826099872589111328 -1.58159434795379638672 0.89652454853057861328
-0.52713757753372192383 -1.18632161617279030530 -0.73517185449600219727 -0.05395015329122539866 0.98694407939910877570 1.03922677040100097656
0.92913222312927234992 0.54134964942932128906 -1.17961072921752929688 -1.18170344829559326172 -0.78519171476364135742 -1.84500575065612792969
0.59132385253906250000 0.31853452324867248535 1.19996869564056396484 -0.09044832736253730077 1.59350895881652832031 -1.16603016853332519531
0.16040170192718500308 -0.39715290069580078125 -1.44898927211761474609 -1.73401975631713889392 -0.66891276836395263672 0.56256830692291259766
1.86918437480926469263 1.20531868934631369861 1.07721948623657248767 0.60344535112380981445 -0.73105609416961669922 0.62546741962432861328
-1.07802700996398925781 -0.97023642063140880243 -0.86035728454589843750 -1.66900682449340820312 -0.04711508750915519711 0.31858769059181207828
-0.77608394622802734375 -0.92248570919036876337 -0.49970802664756769351 1.51074433326721191406 -0.97067487239837635382 1.07233774662017822266
-0.80597418546676635742 -0.55528861284255981445 0.22326435148715970125 0.28043991327285761050 1.46286940574645996094 0.92356956005096435547
0.83205080032348632812 0.80046957731246948242 1.47549474239349365234 0.83363139629364013672 -1.48886644840240478516 -1.82960104942321755139
-0.83369123935699462891 -1.55621194839477539062 -0.70482534170150756836 0.96124047040939319952 -1.51880729198455810547 0.19601725041866299715
-1.10363554954528808594 -1.16492915153503417969 -0.89036005735397338867 -1.12087011337280273438 -0.30816704034805297852 0.07102953642606729678
-0.81828361749649047852 -0.89547818899154663086 -0.55317759513854980469 0.68399161100387573242 -1.31904447078704833984 0.72228682041168212891
0.35219877958297729492 0.18494449555873870850 1.07334375381469726562 1.69477796554565429688 1.38974475860595703125 0.04266843199729909719
-1.96697127819061279297 -1.53362977504730224609 -1.36022782325744628906 -0.44150796532630920410 1.65461599826812744141 0.47711774706840509586
-0.33782681822776788882 -0.09830544143915169453 -1.00126814842224121094 -1.71611857414245605469 -0.45800131559371948242 0.39328721165657037906
-0.70586127042770385742 -0.86090683937072753906 0.00751117523759600031 1.16366064548492431641 -1.54761731624603271484 0.90222978591918956415
-1.40226328372955322266 -1.40894520282745361328 -1.17582035064697287829 -0.93925952911376964227 1.53350591659545898438 0.34985312819480890445
-0.52883583307266235352 -0.08514392375946039371 -0.16271217167377469148 -0.15469911694526669588 -0.24170279502868649568 0.91113686561584483758
-0.37746810913085937500 -0.11830849945545189594 -1.42898392677307128906 -1.60720384120941162109 1.28123581409454367908 1.01085364818572998047
-1.33315396308898925781 -1.74326181411743164062 -1.55855703353881835938 0.94754719734191894531 -1.56307005882263183594 0.34243905544281000308
1.48939800262451149671 0.89230191707611083984 -0.06418858468532559480 -0.57810139656066894531 -1.40283489227294921875 -0.53187161684036254883
0.32546305656433099918 1.06523954868316650391 1.08409368991851806641 0.67207592725753784180 -0.81076252460479736328 -1.84388458728790283203
0.27960973978042602539 0.68758642673492431641 2.14616131782531738281 1.48786997795104980469 0.60760498046875000000 -0.74007827043533325195
-0.85787922143936157227 -1.04988741874694824219 -1.21407365798950195312 0.51174020767211914062 -0.18170264363288879395 1.32995605468750000000
-0.52641409635543823242 -0.60890746116638183594 0.32579082250595092773 1.39035904407501220703 0.12503279745578760318 1.27114403247833229749
-0.04587886482477179784 -0.96003770828247081415 -0.74476206302642822266 -0.69944316148757934570 -1.61504590511322021484 0.43903753161430358887
-1.04126858711242675781 -1.46271848678588889392 -1.21028196811676047595 0.77914977073669433594 -1.33601784706115722656 0.63471710681915283203
0.97106564044952403680 0.71623313426971435547 1.27406179904937744141 1.20697259902954101562 -0.17434129118919369783 -1.22697019577026367188
-0.64972245693206787109 -0.96303582191467285156 -0.50589889287948608398 -1.06845295429229736328 1.63054144382476806641 1.02298784255981445312
-0.54009652137756347656 -1.32312297821044921875 -0.67931526899337768555 -0.22466626763343811035 0.02007093653082839962 0.54545414447784423828
0.35958835482597351074 0.15586270391941070557 0.25598052144050598145 0.01746913418173789978 0.22565242648124689273 -0.90838128328323364258
-0.15748535096645349673 0.62742388248443603516 1.28626370429992675781 0.12579040229320520572 0.88080674409866333008 -0.72461074590682983398
0.27882841229438781738 0.99176341295242320673 2.27314233779907226562 1.17293119430541992188 1.66586518287658691406 -0.94427406787872314453
-1.04417014122009277344 -0.87050849199295043945 -0.54458713531494140625 -1.57877624034881591797 -0.84820371866226196289 -0.00436578271910539970
0.95601701736450195312 1.19595682621002197266 -0.33892902731895441226 -0.63837492465972900391 1.16870474815368630139 -0.27069559693336481265
-0.29768469929695129395 -0.27939477562904357910 -1.54813110828399658203 -1.52129328250885009766 0.52581614255905151367 1.03402662277221679688
1.44359004497528076172 0.83194792270660400391 -0.16193503141403189916 -0.63647562265396118164 -1.54788136482238769531 -0.86014294624328613281
-0.09358606487512580174 -0.13670164346694940738 0.60340684652328491211 0.55456012487411499023 1.18119788169860839844 0.89774787425994873047
