-0.66190201044082641602 0.10738483816385259451 -0.06682921200990669941 -0.72527134418487548828 1.43978095054626464844 0.81275433301925659180
0.81738895177841186523 0.73742616176605224609 0.93292933702468883173 0.96602737903594959601 1.49135792255401589124 -1.16988265514373779297
0.45612359046936029605 -0.34122419357299799136 0.90306198596954356805 0.95399069786071777344 -0.38110044598579401187 0.65939545631408691406
0.47779479622840881348 0.39673119783401489258 -0.75893831253051757812 -1.14842510223388671875 -1.40686619281768798828 -1.23064649105072021484
-0.24996517598628989476 0.02176749147474759880 0.02321485243737689969 0.43634799122810358218 -1.09202885627746582031 0.63198351860046386719
0.53104192018508911133 -0.32984015345573419742 -0.18088355660438529271 -0.18205623328685760498 -1.14237701892852783203 0.23157784342765799779
1.12541425228118896484 1.10791432857513449939 1.49221885204315207751 0.91812694072723399774 -0.10186967998743050312 -0.75962734222412109375
-0.17820407450199118871 -0.33625307679176330566 0.50818127393722534180 0.71373915672302246094 -0.55317640304565429688 0.69714313745498657227
-0.55198621749877929688 -0.37463721632957458496 0.36757114529609680176 0.86263996362686157227 -1.15657007694244384766 0.75355899333953857422
-1.08723604679107688220 -0.87397098541259765625 -1.96847796440124489514 -1.44896924495697021484 1.21310365200042724609 1.14981245994567871094
-0.41308143734931940250 -0.94280827045440684930 -0.51525413990020751953 -0.57161682844161987305 -1.10029602050781250000 0.16642621159553519505
0.01232207380235189956 -0.48279592394828790836 -0.94796073436737060547 -1.13160753250122070312 -1.07932722568511962891 0.63923811912536621094
1.55278444290161110608 1.49603140354156494141 1.92790579795837402344 1.36892676353454589844 -0.12815065681934351138 0.97292762994766235352
1.40862166881561279297 1.57066202163696289062 -1.61506259441375710217 -1.69679152965545632092 -1.61593246459960937500 0.68914747238159179688
-0.91960752010345458984 -1.68782246112823486328 -1.10034847259521484375 -0.92522281408309936523 1.21396684646606445312 0.17153729498386380281
0.11808402091264720568 0.64454895257949829102 0.93171089887619018555 -0.20500577986240378636 1.03916060924530029297 -0.85283833742141723633
0.11853332817554469714 -0.50620841979980468750 0.00154938385821869998 0.64378905296325683594 0.47318994998931879215 1.31578218936920166016
1.27835857868194580078 0.57604795694351196289 0.17474777996540069580 -0.80812376737594604492 0.04979703202843659832 -2.10557174682617187500
-0.91687786579132080078 -0.27056255936622619629 0.90454286336898803711 1.06851124763488769531 -1.01976919174194335938 0.62721103429794311523
-1.46187949180603049548 -1.40191948413848876953 -1.07719945907592751233 -1.09414327144622802734 -0.86136198043823242188 -0.46461513638496398926
0.66858792304992675781 -0.05893348529934880342 -0.32695007324218750000 0.67612892389297485352 -0.58999496698379516602 0.04172470048069949755
-1.86040604114532470703 -1.36279630661010742188 -0.86235982179641723633 -1.63474547863006591797 -1.45161628723144509046 -0.63960891962051391602
-0.02574239484965799851 0.25000086426734918765 0.46927875280380249023 0.87211138010025024414 -0.06107358634471889841 0.36837545037269592285
1.18240451812744140625 1.08436584472656250000 0.45854839682579040527 -0.17191323637962341309 -0.91837799549102783203 -1.44268715381622314453
1.52082943916320800781 1.27382266521453857422 2.34172987937927246094 1.77508473396301269531 1.35890686511993408203 1.13395369052886962891
1.21716988086700439453 0.81968206167221069336 0.80251038074493408203 0.83966690301895141602 -1.45791733264923095703 -1.84470975399017311780
-1.42436778545379638672 -0.99734234809875477179 -0.67366927862167358398 0.15368853509426108617 -0.41494762897491449527 0.19142919778823849764
-0.85977554321289062500 -1.06993889808654807361 -0.34847790002822870425 -1.32996952533721923828 -0.56807446479797363281 0.04616500064730640063
-1.53190982341766357422 -1.56968486309051513672 -1.24577414989471435547 -1.64500701427459716797 -1.23159527778625488281 -0.59656298160552978516
1.07969343662261962891 0.13701988756656641177 0.49795860052108759097 0.98709189891815196649 0.25886282324790949039 -0.84842365980148315430
-1.77870500087738037109 -1.65224051475524902344 -0.94183731079101562500 1.80509209632873557361 0.16393384337425229158 0.57233119010925292969
-1.33311808109283447266 -1.36724877357482910156 -0.34682267904281610660 1.72686088085174560547 0.95439529418945323602 0.79873859882354736328
-1.09827983379363991467 -1.39687252044677712171 -0.41803708672523498535 1.31173884868621848376 1.00758671760559082031 0.59412258863449096680
1.07197225093841552734 0.14106924831867209691 1.31874179840087890625 1.68410623073577880859 0.07647467404603949803 -0.69043946266174316406
1.86183524131774902344 1.54013109207153320312 2.19462203979492187500 1.01677286624908447266 -1.03608739376068115234 1.44184184074401855469
0.78694915771484375000 0.62053489685058593750 -0.49051070213317871094 -1.55976557731628417969 -0.70452249050140380859 -2.32035374641418501440
0.14559493958950039949 0.28432485461235040836 0.99141454696655284540 1.30611848831176757812 0.45672771334648132324 -0.12908810377120968904
0.65489906072616577148 0.39837905764579767398 0.39369663596153259277 0.71146434545516967773 -1.59529626369476318359 -1.39081525802612304688
1.69100844860076904297 1.54471147060394287109 -0.25225940346717828922 -0.75405937433242797852 -0.18500815331935879793 0.65685135126113891602
-0.05053840205073349690 -0.62164020538330078125 1.29443204402923583984 1.32520377635955810547 -0.94276326894760120734 1.13848948478698730469
-0.38641896843910217285 -0.35050275921821588687 0.30602619051933288574 0.43685799837112421207 0.74888962507247924805 1.11035990715026855469
-1.14620554447174072266 -0.65176945924758911133 0.05263822898268689932 0.72413975000381469727 1.15799784660339355469 0.75103873014450073242
-2.00128841400146484375 -1.55394363403320312500 -0.75027948617935180664 0.32027226686477661133 -0.28236901760101318359 0.11126790940761560611
-0.09773895889520639590 -0.34921437501907348633 -0.53878575563430786133 -0.20514419674873349275 0.60845297574996948242 1.11628651618957519531
-0.91651701927185058594 -1.52620875835418701172 -1.22788429260253906250 1.68260765075683593750 -1.02681958675384521484 0.88648909330368041992
0.42750847339630121402 0.97593557834625244141 -1.32826399803161621094 -1.61901926994323730469 0.11401101946830749512 -1.74348604679107688220
-0.63856089115142822266 0.16262573003768920898 0.28077149391174310855 -1.28002560138702392578 -1.54858875274658203125 -0.04208105057477949662
1.22058176994323730469 0.96310466527938842773 -1.42645633220672607422 -1.66166198253631591797 -1.53306674957275390625 -1.22137784957885742188
-0.05916456133127209749 0.52942866086959838867 -0.42469385266304010562 -1.35204994678497314453 0.36072519421577448062 -0.45021989941596979312
0.61715418100357055664 0.66150277853012084961 0.81314253807067871094 0.28287547826766967773 0.36870661377906799316 -1.74413204193115234375
-0.36010393500328058414 -1.07869780063629150391 -0.37841022014617919922 0.64059311151504516602 -0.39197722077369689941 0.65422087907791137695
1.04538929462432861328 0.47989243268966669254 0.32551887631416320801 0.63463431596755981445 -0.72659349441528320312 -1.97340881824493408203
0.87861377000808715820 1.53202664852142311780 -0.03173712641000740048 -0.97630023956298839227 1.72098624706268310547 -0.50187486410140991211
-0.30268073081970209293 -1.06706774234771728516 -0.86029088497161865234 -1.20140266418457031250 -1.44420886039733886719 0.11367187649011610551
0.38797104358673090152 0.27347555756568908691 0.10379575192928310046 0.74875336885452270508 0.06628537923097610474 -0.07776337862014770508
-1.45212864875793457031 -1.07145810127258300781 -0.75073599815368652344 -0.06440711766481399536 -1.38901543617248535156 0.19000698626041409578
-1.17708802223205566406 -1.34416842460632324219 -0.34862524271011352539 1.06698119640350341797 0.55975371599197387695 0.74319827556610107422
-1.65101599693298339844 -0.71427839994430541992 -0.29905784130096429996 0.02005172707140440158 0.93190079927444458008 0.43538340926170349121
0.43188107013702392578 1.19748175144195556641 0.07975808531045909533 -0.77242457866668701172 -0.98079448938369762079 -2.12745642662048339844
0.48671045899391168765 0.64329725503921508789 0.30373439192771911621 -0.62531167268753051758 -0.99988025426864624023 -2.12514758110046386719
0.55665302276611328125 0.08404081314802169800 0.27584517002105707340 -0.19415853917598718814 -0.42540648579597467593 -0.75576728582382202148
-0.61370313167572021484 0.00302268145605920011 -0.76597815752029418945 -0.46516335010528558902 -0.17891244590282440186 1.08533799648284912109
-0.75802159309387207031 -0.01053473632782690045 -0.33151379227638239078 -0.36281263828277587891 0.41188308596611017398 1.01162469387054443359
-0.49200662970542907715 -1.20477783679962158203 -1.29597795009613037109 -1.48349320888519287109 1.13721728324890136719 0.65664994716644287109
-0.46212995052337640933 -1.08616840839386008533 -0.25947272777557367496 -0.52264803647994995117 1.07308614253997802734 0.75764691829681396484
-1.27151417732238769531 -0.68947142362594604492 -1.05604600906372070312 -0.15957616269588470459 -1.57893025875091552734 0.64322137832641601562
1.29565417766571044922 1.26166856288909912109 1.23187899589538552014 0.48290959000587457828 0.03747765347361559779 -0.49287560582160949707
0.75548094511032104492 1.17077708244323730469 1.99092423915863037109 0.95556741952896118164 1.48626756668090820312 -0.73549848794937133789
-0.33824062347412109375 -0.02653834968805309988 -0.87089514732360839844 -0.47240370512008661441 -1.04406774044036887439 0.77992570400238037109
0.49061653017997741699 0.47548907995223999023 -0.23311863839626309480 -0.63806760311126708984 -1.37040364742279030530 -1.57245767116546630859
1.12739884853363037109 0.89259105920791625977 1.28257143497467041016 1.19430744647979736328 -0.82158392667770385742 -1.41098117828369140625
0.83255845308303833008 -0.11147692799568169331 -0.72942417860031127930 -1.04808616638183593750 0.72665929794311523438 -0.27793321013450622559
1.23534977436065673828 1.03576946258544921875 -0.03267600759863849985 -0.49183797836303710938 1.17179083824157714844 -1.06202900409698486328
1.24748969078063964844 1.47165453433990478516 1.84715843200683593750 0.79593384265899658203 -0.37531515955924987793 0.09397263824939719457
-1.72284877300262428967 -1.49741780757904030530 -1.55549180507659912109 -0.70026183128356933594 -1.45563018321990966797 0.09581555426120749730
0.41310840845108032227 0.47853037714958190918 1.01937568187713623047 0.30367454886436462402 -1.32768201828002929688 -1.22424864768981911389
1.79781818389892578125 1.67328107357025168689 0.71084642410278320312 -0.24233758449554440584 0.81097757816314697266 0.74947530031204223633
1.75276458263397216797 1.47835767269134521484 0.59116077423095703125 0.10970435291528700394 -0.99501216411590576172 0.67369419336318969727
-1.06380534172058105469 -0.59618222713470458984 -1.35960531234741210938 -0.29194840788841247559 1.37975203990936279297 1.27516007423400878906
0.07502241432666770238 -0.72835779190063476562 0.28802478313446039371 1.37459874153137207031 1.46811175346374511719 1.47531819343566894531
0.96745485067367564813 1.50119459629058837891 0.01121697854250659938 -0.70348823070526123047 1.62025678157806396484 -0.66141015291213989258
-1.60150539875030517578 -1.08549821376800537109 -1.37558031082153320312 -0.58167117834091186523 0.32947352528572082520 0.58588874340057373047
-0.63097548484802246094 -1.07762277126312255859 -0.93375736474990844727 -0.79342550039291381836 -0.42896065115928649902 0.33867463469505310059
-0.19916255772113800049 -0.18595804274082181062 0.71227413415908813477 0.51941651105880737305 1.67155253887176513672 1.03674137592315673828
0.44698005914688110352 -0.26039603352546691895 -0.26865509152412409000 0.08673339337110519409 0.77657276391983032227 0.85147929191589355469
0.75785279273986816406 0.44274178147315979004 0.43195876479148859195 0.31391873955726617984 -0.02530932985246180100 -1.50544214248657248767
-0.49057510495185852051 -0.37166690826416010074 -0.09413652867078779740 0.48147571086883539371 0.71927821636199951172 1.23410141468048095703
0.92748200893402099609 1.10108971595764160156 1.46840858459472656250 0.86665135622024536133 -0.23975309729576110840 -1.40049266815185569079
0.21766403317451468724 1.12407469749450683594 3.05638694763183593750 1.49845468997955322266 0.21177563071250909976 -0.43357628583908081055
-1.02060258388519287109 -1.41698539257049560547 -1.21328794956207275391 -0.19540897011756888646 -0.66106528043746948242 0.20788449048995968904
-0.03457298502326010270 -0.13903108239173889160 -0.11069325357675549593 0.37150302529335021973 1.39190971851348876953 1.21234786510467529297
1.04476618766784690173 0.65863841772079467773 -0.16254082322120660953 -0.14423595368862149324 1.69057703018188476562 -1.53004014492034912109
1.44384205341339111328 1.29515635967254638672 2.31566381454467773438 1.62422871589660644531 1.38808965682983398438 1.25475251674652099609
-0.80607455968856811523 0.03005537390708919870 -0.03814816102385520241 -0.87301027774810791016 0.37720912694931030273 0.72598791122436523438
0.31824678182601928711 0.42341426014900207520 0.88123375177383422852 -0.08151791244745250353 -1.25819408893585205078 -1.45630395412445090564
0.75003838539123535156 0.65484440326690673828 0.55998384952545166016 0.84742230176925659180 -1.18486380577087402344 -1.82628428936004638672
-0.86694830656051635742 -1.15165185928344726562 -1.54753923416137695312 -1.54881536960601806641 1.19752883911132790296 0.77307134866714477539
1.32665705680847167969 0.83731198310852050781 -1.07925689220428489001 -1.46677124500274658203 0.58849108219146728516 -1.22696185111999511719
-1.27419507503509521484 -0.66477823257446289062 -0.77245390415191650391 0.79351228475570678711 0.09433243423700329866 1.19729614257812500000
0.09578969329595560245 0.52448523044586181641 0.63611680269241333008 0.12907722592353820801 -0.89599353075027465820 -1.00611436367034912109
0.93053942918777476923 0.88199681043624877930 0.75027149915695190430 0.26362088322639459781 1.45415318012237571033 -1.44260096549987792969
0.15064750611782071199 0.34268039464950561523 -0.37439483404159540347 -0.51828223466873168945 1.62819480895996093750 -0.08932101726531979646
0.16444888710975638646 0.31353974342346191406 -0.03330092877149579828 0.31485533714294428043 -1.23020255565643310547 -0.62268227338790893555
-2.25274920463562011719 -1.61675453186035156250 -1.08020043373107910156 -0.65326279401779174805 1.08852064609527610095 -0.05559802055358879780
0.99255073070526123047 1.54728364944458007812 1.56697082519531250000 0.73284363746643066406 -1.45990824699401855469 -0.27186962962150568179
0.69101434946060180664 0.74901479482650756836 0.27443799376487731934 -0.15576146543025970459 -0.21197880804538721256 -1.89720284938812233655
-1.15072965621948242188 -1.20676982402801513672 -0.42787981033325189761 1.49398326873779296875 -1.41821753978729248047 0.34596693515777587891
0.11617849022150039673 -0.66795283555984497070 -1.06108486652374289783 -1.46219384670257568359 0.61645936965942382812 0.86472201347351074219
-0.12069325894117349796 -0.12908199429512021150 0.75791990756988525391 1.23890185356140136719 -1.37657594680786110608 0.69578665494918823242
0.29683440923690790347 -0.20552024245262140445 -1.29832804203033447266 -1.50195801258087158203 0.37984421849250787906 0.42484369874000549316
-0.47061762213706970215 -0.09387882053852079911 0.34660714864730829410 1.01048576831817649158 -1.30394124984741210938 0.74219524860382080078
1.74657309055328369141 1.39050781726837158203 0.38671937584877008609 -0.19635725021362299136 -0.65183538198471069336 0.49324661493301391602
-1.18823885917663552014 -1.34234237670898437500 -1.08412730693817138672 -0.66688537597656250000 1.46462249755859375000 0.50369572639465332031
2.13533973693847700659 1.45268845558166503906 2.90921068191528320312 1.65006160736083984375 -0.65161228179931640625 1.81645548343658447266
-0.82595962285995483398 -0.35652297735214227847 -0.58320385217666625977 -1.52650105953216552734 -1.36676776409149169922 0.27562248706817621402
1.32171523571014404297 1.11422681808471679688 1.34321606159210205078 1.00054574012756369861 0.62945908308029174805 -0.33654806017875671387
-1.17756998538970969470 -0.84005212783813476562 -0.79303997755050659180 0.00393227348104110020 1.22962212562561035156 0.66136360168457031250
-1.16056704521179199219 -1.45949232578277610095 -1.13038015365600608142 -0.34113082289695739746 -1.29626941680908203125 -0.06884763389825819535
0.34585109353065490723 -0.20340371131896969881 -0.62735676765441894531 -0.89481836557388305664 -0.12293633073568339953 0.27214530110359191895
-0.99979698657989501953 -1.06957805156707763672 -0.04844241216778750331 0.94693458080291759149 1.68577420711517311780 0.71473777294158935547
0.78705888986587524414 0.76227396726608276367 1.93291103839874289783 1.12058424949645996094 0.50023627281188964844 -1.31685745716094970703
0.12951655685901639070 -0.48723405599594110660 0.63570713996887207031 1.65446114540100097656 -1.06011068820953369141 1.01017475128173850329
-1.83682191371917680200 -1.13542783260345458984 -0.52666926383972167969 0.15352977812290188875 0.41993463039398187808 -0.05496653541922560254
-0.41594183444976801090 -0.41249135136604309082 -0.79949337244033813477 -0.25975233316421508789 1.60440564155578591077 1.69699454307556152344
-0.99427598714828480109 -0.94820278882980357782 -0.51156681776046752930 0.31870156526565551758 0.56776988506317138672 1.04175019264221191406
-0.58496856689453125000 -1.01787555217742919922 -0.52638971805572509766 -1.33425915241241455078 0.89467340707778930664 0.05787177011370649854
-0.79651725292205810547 -1.30994737148284912109 -0.37008014321327209473 -1.71525299549102783203 1.20711064338684082031 -0.11484050005674359407
0.61346983909606933594 -0.21784000098705288972 0.44094824790954589844 1.13230073451995849609 0.74851208925247192383 0.57344639301300048828
0.76660108566284179688 0.41140532493591308594 -1.02651894092559792249 -1.70090723037719726562 0.97311657667160045282 -0.84464633464813232422
-0.35807329416275018863 -0.77410769462585449219 -0.92638921737670898438 -0.85995161533355712891 -1.69782376289367675781 0.27145254611968988590
-0.80593824386596679688 -0.58067989349365234375 -0.15445472300052640047 1.37093317508697509766 1.68039822578430175781 1.65217387676238991467
0.60129714012145996094 0.94480681419372558594 2.24734187126159667969 0.84670388698577880859 1.42651700973510742188 -1.07937693595886230469
-1.07228624820709250720 -0.22854840755462640933 0.64831995964050292969 0.87565106153488159180 0.27438211441040039062 0.96575337648391723633
-1.63251054286956809314 -1.47084116935729980469 -0.62527960538864135742 -0.13550463318824759740 -1.05616009235382080078 -0.30184236168861389160
1.94954705238342285156 1.52166616916656494141 -0.50849187374114990234 -0.96219456195831298828 0.89708971977233886719 0.61669474840164184570
0.74799662828445434570 1.64400017261505126953 2.23443841934204101562 0.76083821058273315430 -0.12610429525375360660 -0.33689284324645990543
1.08029317855834960938 1.07930231094360351562 1.07601690292358398438 0.93405365943908680304 1.05630445480346679688 -0.72801584005355834961
-1.02763855457305908203 -1.32046866416931152344 -0.07065205276012420654 1.26197886466979980469 -0.03647689148783680307 0.54418355226516723633
0.92952507734298717157 0.57875210046768188477 -0.26350319385528558902 -0.69541555643081665039 -0.37695437669754028320 -1.96961987018585205078
2.17729401588439941406 1.46165716648101806641 1.50478363037109375000 0.71763640642166137695 -0.06484881788492199983 0.97563213109970081671
1.19255983829498291016 1.51466095447540283203 1.77535986900329589844 0.71897625923156738281 -1.32474780082702636719 0.03510653972625730340
-0.92988121509552001953 -1.58805119991302490234 -0.40537655353546142578 -0.42754244804382318668 -0.73726463317871093750 -0.30433708429336547852
-0.05212105065584179964 0.40981307625770568848 0.96355134248733520508 1.02430427074432350842 1.19710707664489768298 0.28664332628250122070
1.71127665042877197266 1.21918094158172607422 1.48512995243072509766 0.55705219507217407227 0.47295263409614557437 0.67061948776245117188
1.85048758983612082751 1.12757790088653564453 -1.66393971443176269531 -1.32166314125061035156 -0.50165593624114990234 0.90249001979827880859
0.09246391057968139648 -0.54495334625244140625 -0.27584952116012567691 -1.33558750152587890625 -0.51456964015960693359 0.44565498828887939453
-1.44442307949066162109 -1.53721177577972389905 -1.42534351348876953125 1.74052393436431884766 0.13261218369007110596 1.24402725696563720703
1.42069458961486816406 1.31572079658508300781 0.35609358549118041992 -0.08913731575012200092 -1.21516633033752441406 -0.24766314029693600740
0.73873257637023925781 0.16267187893390649966 -0.64971983432769775391 -1.58053696155548095703 -0.39264374971389770508 -1.36800289154052712171
-0.30283817648887628726 0.03325517475605010292 1.34042358398437500000 1.24092984199523925781 -0.29426062107086181641 1.04653227329254150391
-0.50251817703247070312 -0.25963661074638361148 0.26416075229644769840 0.54529577493667602539 0.16378420591354370117 0.96209782361984241827
-0.44870865345001220703 0.07353439182043070010 -0.04611586034297940340 0.16272537410259241275 -1.12360823154449462891 0.51839947700500488281
1.75903785228729248047 1.18223726749420166016 1.82801616191863991467 1.23312497138977050781 -1.06377327442169189453 0.58037304878234863281
0.78275913000106811523 0.81487190723419189453 0.75957435369491577148 1.05101358890533447266 -0.74034482240676879883 -1.81426608562469482422
-0.58022505044937133789 -0.00045155649422660000 0.16967031359672540836 -0.09801296889781950517 -0.82735073566436767578 0.67990219593048095703
-0.69454777240753173828 -0.36370205879211420230 -0.08706347644329069657 0.56603980064392089844 -1.14983081817626953125 0.86816847324371337891
0.14439263939857480135 -0.22869020700454709139 0.28763428330421447754 0.86145937442779541016 1.20193719863891601562 1.20778095722198486328
-0.56408315896987915039 -0.85812878608703613281 -1.11021280288696289062 0.44511389732360839844 -0.71961414813995361328 1.18110311031341552734
0.60329157114028930664 0.51639854907989501953 1.52772569656372070312 1.69916439056396484375 1.54037213325500488281 -0.56703728437423706055
-0.37103462219238281250 -1.17274343967437744141 -0.88233596086502075195 -1.42165064811706542969 0.33009082078933710269 0.36615648865699768066
0.27694746851921081543 -0.07495558261871329564 -0.43548414111137390137 -0.81395560503005981445 0.68924063444137573242 0.07209715992212289981
-1.39968562126159690173 -1.31553566455841064453 -0.27540394663810729980 -0.51433300971984863281 0.11586240679025650024 0.05978477001190179996
-0.68993180990219116211 -0.94294077157974243164 -0.00330617860890919987 -0.88900387287139892578 -0.39578595757484430484 0.13121561706066128816
0.39840170741081237793 0.91457986831665039062 0.48624867200851440430 -0.25800248980522150211 -1.59475159645080566406 -2.05920481681823730469
-0.61773997545242309570 -0.13378834724426269531 -0.16196948289871210269 -0.12030462920665739579 1.39053368568420410156 1.19802963733673095703
0.58868181705474853516 1.44416904449462890625 1.58530545234680175781 0.98914307355880737305 0.89418452978134155273 -1.29884207248687744141
1.52648615837097167969 0.85918110609054565430 0.32331904768943781070 0.13011878728866568822 1.32243525981903076172 -0.77575933933258056641
0.79709839820861816406 0.36753091216087341309 1.26259577274322509766 1.49801206588745117188 0.45340010523796081543 -0.75550198554992675781
-1.62502956390380859375 -1.66311764717102050781 -0.58394312858581542969 1.30069482326507568359 1.56949090957641601562 0.55559444427490234375
0.08280882984399789981 -0.71305096149444580078 0.37083226442337030582 -0.21113552153110501375 1.37399375438690207751 1.02109956741333007812
0.33928108215332031250 0.62740397453308105469 0.34236449003219598941 0.48048925399780267886 1.64594364166259765625 -0.70844733715057373047
-0.03248449042439460061 0.52294003963470458984 -1.29445612430572509766 -0.99879819154739379883 -0.57894140481948852539 -0.21903058886528009586
0.10751231759786600284 1.26772809028625488281 -0.65325540304183959961 -1.35649383068084716797 0.48156002163887018375 -1.91541171073913596423
-1.26891076564788818359 -0.66496205329895019531 -0.92518377304077159540 -0.78524798154830932617 1.24483835697174072266 0.64484995603561401367
1.09102642536163330078 1.18351292610168457031 0.00058913073735310001 -0.19579513370990750398 0.28792443871498107910 -1.21009767055511474609
0.77293753623962402344 0.85389149188995361328 2.50349092483520507812 0.78360772132873535156 -0.69604611396789550781 -1.31399977207183837891
-1.86990141868591308594 -1.20134234428405761719 -1.25820493698120117188 -1.46335899829864501953 -0.36741074919700622559 -0.23614910244941708650
0.65658450126647949219 0.15480625629425048828 -0.07834310829639430651 0.01744616590440270162 0.11494628340005870470 -0.82064610719680786133
0.60097241401672363281 0.89155489206314086914 1.00450611114501953125 0.98091673851013183594 -0.22491244971752161197 -1.85071265697479248047
-0.74658918380737304688 -0.46151602268218988590 0.08852981775999059499 0.97811388969421397821 0.99180835485458362921 1.23838281631469726562
-0.90388667583465576172 -1.54709565639495849609 -1.34967434406280517578 -0.56701791286468505859 1.32370316982269287109 0.51673191785812377930
0.08118558675050729923 0.05713083967566490173 -0.71522718667984008789 -0.36150673031806940250 1.11401736736297607422 0.56524091958999633789
-1.50907373428344726562 -1.16337978839874289783 -1.02305674552917480469 1.01156425476074218750 0.14096483588218688965 0.80945348739624023438
1.00127720832824707031 0.35684645175933837891 1.06670296192169189453 0.59251552820205688477 -0.66919416189193725586 -1.50457394123077392578
0.33949315547943109683 -0.22246010601520530003 0.13590237498283380679 0.51579767465591430664 1.08042871952056884766 0.87232184410095214844
-0.04872153326869010231 0.36651462316513061523 -1.16256141662597656250 -1.54564964771270751953 0.77579617500305175781 -0.27439138293266290836
0.08250048011541359638 0.55464839935302734375 0.75972670316696166992 1.05533289909362792969 -1.09160506725311279297 -0.44719734787940979004
-1.50884306430816650391 -1.27422773838043190686 -0.73468053340911865234 -0.03846557810902589969 -0.67356801033020019531 0.34763592481613159180
0.93595063686370838507 1.16252887248992919922 -0.25344917178153991699 -0.74460393190383911133 0.83456379175186157227 -1.42826223373413085938
-0.48621734976768488101 -0.86939638853073120117 -0.28779065608978271484 1.20637750625610351562 -0.53178328275680541992 1.13541400432586669922
-0.31033337116241449527 0.46946376562118530273 0.78391844034194946289 -0.03955133259296410297 1.64259731769561767578 0.26644912362098688297
0.25299894809722900391 0.28083562850952148438 0.69524985551834106445 1.05225419998168967517 -0.53728085756301879883 -0.10337434709072110262
0.53566300868988037109 1.17406904697418190686 1.09904944896697998047 0.63170081377029418945 -1.35161447525024391858 -2.12983059883117675781
-0.52937591075897216797 -1.58496797084808349609 -1.43985986709594726562 -0.82736891508102416992 -0.47683396935462951660 -0.05556590855121609773
-0.35297206044197082520 -1.19040548801422119141 -0.68628960847854614258 -0.26760700345039367676 1.69182014465332031250 0.81941622495651245117
-1.04993999004363991467 -0.31407344341278070621 0.53145062923431396484 1.61038434505462646484 -0.45172941684722900391 1.24340391159057617188
-0.74352663755416870117 -1.08791995048522949219 -0.57019114494323730469 0.86887252330780029297 0.78292924165725708008 1.21387982368469238281
2.07421231269836425781 1.55015921592712402344 1.44654500484466552734 1.16472113132476806641 1.57642996311187744141 1.22454786300659179688
0.89258736371994018555 1.21992814540863037109 0.77153468132019042969 0.64523434638977050781 0.66539341211318969727 -0.97585856914520263672
-0.98016476631164561883 -0.24192495644092559814 0.33213517069816589355 0.39614608883857721500 -0.10975982248783110184 0.98718643188476562500
-0.66168051958084106445 -1.44021606445312500000 -0.95441120862960815430 0.60626739263534545898 0.58817094564437866211 0.83141469955444335938
-1.33773350715637207031 -1.16851353645324707031 -1.33682203292846679688 -0.80640667676925659180 -0.30946663022041320801 0.39411532878875732422
-0.47211015224456781558 -0.47396445274353027344 0.18226820230484008789 -0.14915056526660919189 -0.43437874317169189453 0.77024537324905395508
-0.92990648746490478516 -1.44843411445617675781 -0.59577131271362304688 -1.23971748352050781250 -1.47724521160125710217 -0.67271667718887329102
1.60217761993408203125 1.27688133716583229749 0.89692372083663940430 0.29501003026962280273 -0.51320403814315795898 0.36867019534111017398
1.70755457878112792969 1.68544149398803710938 -0.49801567196846008301 -1.03670394420623779297 -0.59302252531051635742 0.57475858926773071289
0.48430550098419189453 0.42778298258781427554 -0.13580748438835141267 -0.98939800262451160773 0.43633139133453369141 -1.18190121650695800781
-1.05857968330383300781 -0.55658322572708129883 -1.43382465839386008533 -0.92619317770004283563 1.50093209743499755859 1.46088635921478271484
-0.13934667408466339111 -0.28763216733932489566 -0.34340485930442810059 -0.09248998761177060213 1.07243704795837402344 1.13005602359771728516
-0.22973561286926269531 0.39254230260848999023 1.74533665180206298828 0.95169848203659057617 1.01747894287109375000 0.66046059131622314453
-0.56881844997406005859 -1.00826227664947509766 -1.11886584758758544922 -1.36268115043640136719 1.02236676216125488281 0.69909977912902832031
-1.09758460521697998047 -1.52087199687957763672 -1.54720485210418701172 -0.45773234963417047672 -0.99673157930374156610 0.30144754052162170410
0.31110388040542602539 0.98201704025268554688 0.46680438518524169922 0.12429405003786080097 -0.10188186913728709826 -1.83125138282775878906
-0.02975831925868980057 0.73123186826705932617 0.93545079231262195929 1.55225789546966552734 -1.22544336318969726562 -0.40130990743637079410
-1.31556320190429687500 -0.99800437688827514648 -0.93258470296859741211 0.74969661235809326172 -0.78905516862869262695 0.54807007312774658203
-0.26087963581085199527 0.12132573127746580643 -0.06280516833066940308 -1.11577534675598144531 -0.04591353610157959675 -0.00622178846970200018
1.44635307788848876953 1.11152160167694091797 1.37048780918121337891 0.20034596323966979980 1.60625672340393088611 -0.13218240439891809634
-0.68171566724777221680 -0.88312655687332153320 0.69950956106185913086 1.55771279335021950452 0.49692696332931518555 0.98942989110946655273
-0.06463114172220230103 -0.09927836805582039570 0.06550703197717659687 0.94272267818450916632 0.99096477031707763672 1.31992590427398681641
-1.40413022041320800781 -1.06831848621368408203 -1.13800919055938720703 -1.70700645446777343750 -1.36265063285827636719 -0.09120242297649379382
1.85200214385986350329 1.47904288768768310547 2.52914643287658691406 1.20209610462188720703 -0.14818865060806268863 1.40600597858428955078
-1.17864656448364257812 -1.19359874725341796875 -0.72714155912399291992 -0.55327832698822021484 -0.11264369636774060335 0.18327566981315610017
-0.50228059291839599609 0.31645154953002929688 -0.70352661609649658203 -1.35082864761352539062 -0.97415578365325916632 0.24961306154727930240
-1.00070464611053489001 -1.36891281604766845703 -0.44285807013511657715 -0.88064241409301757812 1.12905597686767578125 -0.20713898539543149080
-0.64911693334579467773 -0.38156405091285700015 -0.27442938089370727539 0.02579388022422789833 -1.32811784744262695312 0.42642298340797418765
1.13857018947601318359 0.99253809452056884766 -0.94156825542449962274 -0.72432589530944824219 0.88091200590133666992 -0.81903415918350219727
-0.76160109043121337891 -1.36630320549011230469 -0.42458608746528619937 0.01404015999287359928 -0.21024811267852780428 0.21514512598514551334
-0.18648518621921539307 -0.20993873476982111148 -1.09467244148254394531 -1.33709418773651123047 1.22309803962707519531 0.93481218814849842413
-1.46080446243286110608 -1.70501697063446044922 -0.80463761091232299805 0.58550894260406494141 0.63055592775344848633 0.27179521322250360660
-0.56501281261444091797 -1.45232081413269042969 -1.11946117877960205078 0.71185994148254394531 1.16660511493682861328 1.17304325103759765625
1.33285546302795410156 1.60601818561553955078 3.09414124488830566406 1.27976250648498535156 0.80407303571701049805 1.57354581356048583984
0.20235823094844809789 -0.49120855331420898438 0.65784913301467895508 1.45890974998474121094 -0.50776118040084838867 1.03629755973815917969
-1.07851219177246093750 -0.41451013088226318359 -0.66876471042633056641 -1.05031478404998779297 -1.34897935390472389905 0.28318256139755249023
1.52062582969665527344 1.16543424129486083984 0.26307627558708190918 -0.34534102678298950195 -1.19324505329132080078 -0.65248477458953857422
-0.64406353235244750977 0.40860339999198908023 0.49532729387283319644 -0.28398299217224121094 1.38878107070922829358 0.85150778293609619141
-0.38542705774307250977 -0.04936524853110309946 -0.63218533992767333984 -0.31347158551216119937 0.49009048938751220703 0.94635033607482921258
0.57819169759750366211 1.29505515098571777344 -0.06766634434461589465 -0.71063584089279174805 -1.15655112266540527344 -2.01463198661804199219
0.10040690004825590653 -0.11817394942045210404 0.43385151028633117676 0.78304475545883178711 -1.49566280841827392578 0.52050220966339111328
0.63369750976562500000 1.39930355548858642578 0.93642777204513560907 -0.10616166889667509599 0.07704193145036690449 -1.67253792285919189453
0.64429700374603271484 -0.13759793341159820557 -1.34373402595520019531 -0.94664537906646717413 0.23612357676029199771 0.37139669060707092285
-1.14654791355133056641 -1.49419295787811279297 -0.40524727106094360352 0.42663648724555969238 0.87343120574951171875 0.02534594573080529989
0.82923376560211181641 1.15937185287475608142 0.28937065601348871402 -0.36587345600128168277 -1.36254620552063010486 -1.94039773941040039062
1.44296205043792724609 1.19476413726806640625 1.42254042625427246094 1.08915925025939941406 0.90758603811264038086 0.42986112833023071289
0.62707203626632690430 -0.01366159506142130067 -0.84584128856658935547 0.22555696964263910465 -1.51204681396484375000 -0.10193341970443720035
-0.04002105444669720041 -0.33799821138381958008 -0.56898033618927001953 -0.99955654144287120477 -0.47368571162223810367 0.47748959064483642578
1.58494675159454367908 1.53679299354553222656 0.76759159564971923828 -0.27893593907356262207 0.62198323011398315430 0.50062382221221923828
-0.90495663881301879883 -0.15950828790664670076 -0.24654960632324218750 0.35970729589462280273 1.08218038082122802734 1.30804085731506369861
-1.34518444538116455078 -1.30474710464477539062 -0.64553958177566528320 0.29415845870971679688 0.43755906820297241211 0.20564681291580200195
-0.77953046560287475586 -0.46395045518875122070 0.07985971868038170551 1.29668879508972167969 1.35331046581268310547 1.35939264297485351562
0.84574681520462036133 1.37908947467803955078 0.06350693851709360294 -1.08410608768463112561 0.35441839694976801090 -1.47626197338104248047
0.57794582843780517578 1.12029111385345458984 -0.48982661962509149722 -0.85851860046386718750 -0.89630734920501708984 -2.22360324859619140625
1.72706925868988037109 1.47690165042877197266 -0.26297107338905328922 -0.85008794069290161133 0.81384617090225219727 0.87083107233047485352
-1.13225650787353515625 -1.71549129486083984375 -1.05982995033264160156 -0.93684637546539317743 1.51570355892181396484 0.04456349462270729755
-0.13281042873859399966 0.82688242197036743164 0.20349733531475058812 -0.44700294733047479800 1.45410907268524169922 -0.72481518983840942383
1.41612064838409423828 1.67800354957580566406 1.93382024765014648438 1.27656817436218261719 0.95260417461395263672 1.41593575477600097656
-0.43382951617240900211 -0.85576260089874267578 -0.35491764545440668277 -1.52410304546356201172 -0.66868805885314941406 -0.00605818908661600024
0.42359608411788940430 1.01394534111022949219 1.60277557373046875000 0.42418920993804931641 0.11992906779050820087 -1.62139606475830078125
-1.82450854778289794922 -1.63983523845672607422 -1.77196884155273437500 -1.09408724308013916016 1.32393288612365722656 0.40931645035743707828
0.82757675647735595703 1.17480015754699707031 -0.98371767997741699219 -1.49405765533447287829 0.97496163845062255859 -1.23107147216796875000
-1.94514989852905273438 -1.57098495960235595703 -0.98746013641357421875 0.93152910470962524414 1.20435714721679687500 0.75810855627059936523
0.83607840538024902344 1.35511267185211181641 1.28168535232543967517 0.54107940196990966797 1.05451941490173339844 -0.84093976020812988281
1.58542037010192871094 1.68211054801940917969 2.87559700012207031250 1.38466465473175048828 -0.05592364072799679842 1.72000348567962646484
-1.14289653301238991467 -1.46577084064483642578 -1.16702389717102050781 -1.37010025978088378906 0.41292753815650939941 0.17445932328701019287
-0.47550371289253229312 -0.51018428802490234375 0.45040771365165710449 1.59363043308258056641 -0.62026751041412353516 1.29056727886199951172
0.90271294116973876953 0.25286731123924249820 1.02766466140747070312 1.20042872428894042969 0.25417542457580560855 -0.84494453668594360352
1.01797723770141601562 1.23484981060028076172 0.42745393514633178711 0.01303339190781110067 1.61625385284423850329 -0.89478045701980590820
0.19300307333469390869 0.60582631826400756836 0.90723824501037597656 1.28731870651245117188 0.78540647029876708984 -0.55048096179962158203
-0.53508669137954711914 -0.65061289072036743164 -0.82163047790527343750 -1.07457411289215087891 -0.98687434196472156867 0.50071996450424194336
-1.21371912956237792969 -1.06654405593872070312 -0.08107024431228629369 1.64403104782104492188 0.69928908348083496094 0.87019497156143188477
-0.81752723455429077148 -1.26755154132843017578 -1.23726618289947509766 -1.64238440990447998047 -0.36159056425094598941 0.09057786315679550171
0.90650671720504760742 0.56270283460617065430 -0.06288146227598190308 0.03620781749486919748 -1.70862686634063720703 -2.14481663703918501440
1.54248547554016113281 1.17035925388336181641 0.99791735410690318719 0.58515512943267822266 0.73468244075775146484 0.14691938459873199463
-0.82063800096511840820 -1.39412546157836914062 0.28258949518203729800 1.13122391700744628906 1.20930421352386474609 0.39900538325309747867
-2.16460657119750976562 -1.47776257991790749280 -1.30986106395721435547 -1.04284834861755371094 -0.92979747056961059570 -0.57019072771072387695
-0.32889172434806818179 -0.80551576614379882812 -0.84017878770828247070 -1.39203858375549316406 0.70054858922958374023 0.51137238740921020508
1.39548838138580322266 1.07953822612762428967 0.63251423835754394531 -0.12543651461601248998 -0.16037680208683011140 -0.79835957288742065430
-0.60326224565505981445 -0.58733838796615600586 -0.07756456732749930638 -0.99124437570571899414 -0.66687995195388793945 0.24410219490528101138
0.19011247158050528783 0.97930538654327403680 -0.65809220075607299805 -1.21493709087371848376 -1.42445588111877441406 -2.16167497634887695312
-1.15180897712707519531 -1.01246762275695800781 -0.98509329557418823242 1.36157858371734619141 1.35996127128601074219 1.68251383304595969470
-0.19481213390827178955 -1.09659147262573242188 -0.96156090497970581055 -0.27161508798599237613 0.95885694026947021484 0.98823678493499755859
0.40301108360290527344 0.08278263360261910175 -1.40824842453002929688 -1.45441663265228271484 0.09846661239862440629 0.13945098221302029695
-1.16786718368530273438 -1.56043457984924316406 -1.39249002933502197266 0.88476777076721191406 0.96994280815124522821 0.93014752864837635382
-0.00386359309777609995 0.36446538567543029785 -0.44057354331016540527 -1.01491641998291015625 1.26879715919494628906 -0.02441414073109619831
0.31504562497138971500 0.73249673843383789062 0.16728056967258450594 -0.55386859178543090820 1.51436340808868408203 -1.37465631961822509766
0.93367618322372436523 0.16235598921775809544 0.60569339990615844727 1.43372809886932350842 -0.12387359142303459858 -0.59092712402343750000
-0.59301668405532836914 -0.80153083801269531250 -0.10379032045602790135 1.04912209510803222656 0.70472002029418945312 1.54870462417602539062
-0.85179156064987182617 -0.41713446378707880191 -1.00851905345916770251 -1.57973682880401589124 1.43415653705596923828 0.77650040388107299805
-0.14103387296199790257 -0.14452973008155819978 -0.55352002382278442383 -0.05804044008255000026 1.56897473335266113281 1.30508661270141601562
-0.83820801973342895508 -1.31248474121093750000 -0.00872659683227530042 1.23707604408264160156 -0.57053548097610473633 0.18732050061225891113
0.21709644794464111328 0.80680674314498901367 -0.51496940851211547852 -1.14531910419464111328 -1.66345465183258056641 -1.90944671630859352796
0.49880006909370422363 1.05195748805999755859 1.59803879261016845703 0.57781946659088134766 -0.46701994538307189941 -1.71757495403289794922
1.56192708015441894531 0.96329194307327281610 -0.86674398183822631836 -0.43839520215988159180 1.54204761981964111328 0.18291680514812469482
0.51471549272537231445 0.13410025835037228670 0.82929587364196777344 1.44893658161163330078 1.36476922035217285156 0.13430568575859069824
0.92002332210540760382 0.17371344566345209293 -0.47198376059532159976 -0.90352606773376464844 0.06210058555006980202 -1.15080654621124289783
-1.49599516391754150391 -1.71698057651519775391 -1.25311350822448730469 -0.11574023962020869860 1.56474328041076660156 0.32895281910896301270
0.61477130651473999023 0.56744211912155151367 1.67147135734558105469 1.37461769580841064453 1.00973510742187500000 -0.75999283790588378906
-0.96607053279876720087 -0.80474364757537841797 -0.68156754970550537109 -1.42786312103271484375 1.43247425556182861328 0.75226569175720214844
0.18906190991401669588 0.00335954269394269983 -0.66511642932891845703 -0.91921812295913696289 -1.67561042308807350842 -0.04794894158840169729
-0.02982385270297520027 -0.00987392477691170084 1.28664541244506835938 1.73719644546508789062 1.49514257907867431641 1.18845343589782714844
-1.28516817092895507812 -1.48768734931945800781 -1.19084334373474121094 0.72706443071365356445 0.56394237279891967773 0.67883986234664916992
0.44595149159431457520 0.80190598964691162109 0.91866594552993763312 0.38107484579086298160 0.66547560691833496094 -1.45580792427063010486
0.05760777741670600194 0.72286909818649291992 -0.20803049206733700838 -1.11374413967132568359 -1.34958398342132568359 -1.53950595855712890625
-0.04557485878467559814 0.71763938665390014648 0.00110839644912629994 -1.29613316059112571033 -0.03430532291531560030 -1.22866141796112060547
-0.24360205233097070865 -0.39459514617919921875 0.64296722412109375000 0.25364705920219421387 0.39994916319847101382 0.93891859054565440790
1.84662199020385719983 1.28397643566131591797 0.93971908092498779297 0.28820082545280450992 1.51106750965118408203 1.11686718463897705078
-1.15520274639129638672 -1.18334460258483886719 -0.03241390362381930262 1.16970145702362060547 -1.10654568672180175781 0.19383665919303891267
0.56876552104949951172 0.04233691468834870075 -1.18646824359893798828 -1.70933854579925537109 -0.50802093744277954102 -0.56789642572402954102
-1.58982396125793457031 -1.38509726524353049548 -0.85078805685043334961 -0.61585253477096557617 -1.19064521789550781250 -0.57423812150955200195
0.57168024778366088867 0.84659349918365478516 -1.40109813213348410876 -0.95547229051589954718 -1.02658474445343017578 -1.47082531452178955078
-0.25830310583114618472 -0.73852932453155517578 -0.52952754497528076172 0.04162760823965069856 0.60556900501251220703 1.13476812839508056641
-0.79580497741699218750 -1.01335513591766357422 -0.58900600671768188477 0.74816638231277465820 -1.69803512096405029297 0.58418232202529907227
-0.62213528156280517578 0.02753680385649200091 -0.13543617725372308902 0.45166504383087158203 0.97342211008071899414 1.24956524372100830078
-1.11879444122314430921 -1.64729356765747070312 -1.23108065128326416016 -1.41367936134338378906 -1.47066271305084250720 -0.37708488106727600098
-1.05207085609436035156 -1.47741210460662841797 -1.26608145236968994141 -1.13766515254974365234 1.17182934284210205078 0.30095461010932922363
-0.56425958871841430664 -1.25095427036285400391 -0.87486886978149414062 0.39743152260780328922 0.67145276069641113281 0.59013110399246215820
-1.18047261238098144531 -1.30150842666625976562 -0.93083024024963378906 -0.49590450525283807925 -1.07879304885864257812 0.11729504168033599854
-0.10819616913795469804 0.30798196792602539062 0.16458791494369501285 -0.40499651432037347965 -0.88631641864776611328 -0.09358413517475119847
0.65933895111083984375 0.79666721820831298828 1.38362157344818115234 0.60831332206726074219 -0.39124011993408197574 -1.78203129768371582031
0.05545792356133460305 0.40689209103584289551 1.16679942607879638672 1.49967420101165749280 0.20780755579471579808 0.14013175666332239322
0.54352694749832153320 -0.09519183635711669922 -1.18432080745697021484 -0.72720724344253540039 -1.18562924861907958984 0.12772573530673980713
1.42080318927764892578 1.40551590919494628906 0.98609310388565063477 0.62434834241867065430 -1.03663086891174316406 0.01476478297263380049
1.33994650840759277344 1.61387073993682861328 -0.30888396501541137695 -1.33211672306060791016 1.55372869968414306641 0.50112730264663696289
1.39618194103240966797 0.86604714393615722656 -0.89972609281539916992 -1.64342164993286110608 0.89958465099334716797 -1.13262665271759033203
-1.85924732685089111328 -1.64032471179962158203 -1.37597811222076416016 0.01778066530823699948 0.21200203895568839330 0.29144346714019769840
-0.50974953174591064453 0.28663030266761779785 -0.96764838695526123047 -1.64339494705200195312 1.38843977451324462891 0.78711903095245361328
0.50317913293838500977 1.37562429904937744141 1.60322821140289306641 1.36261105537414550781 -0.89729040861129760742 -1.44457101821899391858
-0.93880093097686756476 -1.58462059497833229749 -0.75362193584442138672 0.81691408157348632812 0.26695421338081359863 0.45685419440269470215
0.65172219276428222656 1.01515305042266845703 1.21560585498809792249 0.65208637714385986328 -0.67908024787902832031 -1.88733685016632080078
1.09366834163665749280 0.57574474811553955078 0.48580625653266901187 0.16379760205745688695 -0.54012167453765869141 -2.04160761833190917969
1.77883183956146240234 1.61378133296966552734 -0.64905399084091186523 -1.12249708175659179688 -1.05511474609375000000 0.18821735680103299226
-1.29323315620422363281 -1.42774116992950439453 -1.11449575424194335938 0.39413926005363458804 -0.22899876534938809480 0.21551416814327239990
1.97437250614166237561 1.39426565170288085938 2.10365200042724609375 1.34125614166259765625 -1.14096033573150634766 1.18012320995330810547
-0.32438465952873229980 -0.32193750143051147461 -0.59570103883743286133 -0.75734013319015502930 1.18437647819519042969 1.08032298088073730469
0.72611141204833984375 0.81851851940155029297 1.33692729473113991467 1.34055101871490478516 -0.70691555738449096680 -1.55758452415466308594
-1.73173785209655761719 -1.25748491287231445312 -1.18887913227081298828 0.96450132131576538086 -0.28615424036979669742 0.64462453126907348633
-0.51809310913085937500 -0.23032626509666440096 1.45265185832977294922 1.43468046188354492188 0.49407985806465148926 1.51207125186920166016
-1.26883876323699951172 -1.29899525642395019531 -0.54892891645431518555 -1.05286395549774169922 -0.72849953174591064453 -0.51294505596160888672
-0.95300811529159557001 -0.25276261568069458008 0.25782242417335510254 1.39092195034027099609 1.63456392288208007812 1.58145904541015625000
-0.74946087598800659180 -0.58695107698440551758 -0.94550287723541259766 -1.29761004447936989514 -1.55341720581054687500 0.50092869997024536133
0.88424879312515258789 1.54949152469635009766 0.75156915187835693359 -0.40887165069580078125 0.45766347646713251285 -0.69930762052536010742
-1.01721274852752685547 -0.30382648110389709473 -0.10098394006490700459 -0.15771974623203269261 -0.90229785442352294922 0.45465841889381408691
-1.31200444698333740234 -1.27545404434204101562 -0.58640819787979125977 0.46231919527053827457 1.31505501270294189453 0.60511416196823120117
0.35388714075088500977 -0.02978112921118730022 0.07260715961456290501 0.06301759183406829834 -0.59359133243560791016 0.19243186712265009097
0.64256608486175537109 1.07809543609619140625 0.61868590116500854492 -0.24853236973285669498 0.55567055940628051758 -1.64239931106567382812
-1.20139765739440917969 -1.17060077190399169922 -0.69287383556365966797 -0.50961661338806152344 -1.45931792259216308594 -0.04239561781287189829
0.09623093903064719457 0.49317136406898498535 1.18205595016479492188 0.37214943766593927554 1.02480185031890869141 -0.30453169345855707340
-0.02939993329346179962 -0.17457561194896689671 1.07334697246551513672 1.44954693317413330078 -1.18388676643371582031 0.88865214586257934570
-1.14381265640258789062 -1.60755193233489990234 -0.59131968021392822266 1.28236579895019509046 -0.20138296484947199039 0.24376136064529418945
0.13283221423625940494 0.07312626391649240665 0.33294129371643060855 -0.60249167680740356445 -0.06411417573690410265 -0.29833713173866271973
-1.58334827423095703125 -1.33223938941955566406 -0.56752383708953857422 -1.58420038223266601562 0.52229183912277221680 -0.45562571287155151367
0.54403758049011230469 1.14599084854125976562 0.50029677152633666992 0.42067545652389520816 -0.04898796603083609841 -2.04977560043334960938
1.05731213092803955078 0.38319402933120727539 0.98315024375915516242 0.94282346963882435187 -0.07855365425348280473 -1.53440022468566894531
-0.93417173624038696289 -1.34676313400268554688 -0.70566117763519287109 -0.77788549661636352539 -0.56076455116271972656 -0.27812638878822321109
1.99143826961517311780 1.36705815792083740234 1.66477799415588378906 1.08628892898559570312 -1.35340833663940429688 1.24166083335876464844
-1.04061663150787353516 -0.48657566308975219727 0.57618272304534912109 1.16627633571624755859 -0.58306121826171875000 1.04025995731353759766
-1.04729425907135009766 -0.90316766500473022461 -0.79894113540649414062 0.35356777906417841129 -1.33138191699981689453 0.48799002170562738590
-2.25538063049316406250 -1.68209362030029296875 -0.81374382972717285156 -1.13794326782226562500 -0.96886992454528797492 -0.82222449779510498047
-0.06020412594079969926 0.24411129951477050781 -0.14189991354942319002 -1.29988479614257790296 -1.33504390716552712171 -0.69094246625900268555
0.07246819883584970645 -0.13124819099903101138 0.78537225723266601562 0.37325775623321527652 -1.55898404121398925781 0.10823231190443030614
-0.38062542676925659180 -0.51534426212310791016 0.49942439794540399722 -0.24424116313457489014 -1.00142705440521240234 0.50967353582382202148
1.56523633003234863281 1.36568570137023925781 2.02207136154174804688 0.54286164045333862305 0.70513570308685302734 0.91576087474822998047
-1.26654088497161887439 -1.06703984737396240234 -0.88479608297348022461 0.70721417665481567383 -1.34879839420318603516 0.48550811409950250797
-0.70866167545318603516 -0.31816890835762018375 -0.96642261743545521124 -1.42943394184112571033 -1.36410593986511230469 0.52852922677993774414
-0.07464795559644689382 0.75769221782684326172 1.44092607498168967517 1.22899782657623291016 -0.98017835617065440790 -0.71969735622406005859
-0.02298285439610479874 -0.91395229101181041376 0.24111564457416528873 0.58739519119262695312 -0.91197043657302856445 0.56171131134033203125
1.79752731323242209704 1.22958159446716308594 0.81121671199798583984 0.19238466024398800935 -0.39832898974418640137 0.62683975696563720703
0.22232355177402490787 0.96261769533157359735 0.47300225496292108707 -0.11198563128709790315 1.45838820934295632092 -1.32940208911895751953
-0.35439980030059808902 -1.09232378005981445312 -0.32084807753562927246 0.29647159576416010074 -0.78766518831253051758 0.51151674985885620117
1.58161199092864990234 1.43394744396209716797 -1.16094803810119628906 -1.44594585895538330078 1.02348077297210693359 1.07265746593475341797
-1.35615873336791992188 -0.43000742793083190918 -1.01650810241699218750 -1.49998795986175537109 -0.89556533098220825195 0.30252772569656372070
0.78833031654357910156 0.88104635477066040039 -0.32464817166328430176 -1.45569741725921630859 -1.39136803150177001953 -2.75692772865295410156
0.04295782372355459733 0.22322814166545859593 0.21514150500297540836 -0.20833489298820490054 -0.37996584177017211914 -0.43533736467361450195
-0.86373358964920043945 0.12841823697090148926 -1.06067955493927001953 -0.98242563009262084961 -1.31252765655517578125 0.86089414358139038086
-0.66518437862396240234 -1.14269125461578369141 -0.07999251782894130358 -0.33145517110824579410 -0.48773807287216180972 0.11012525856494899401
0.01121120620518920030 -0.49494740366935729980 -0.73057639598846435547 -0.56562954187393188477 0.38004535436630249023 1.00802731513977050781
