0.34718838334083551578 -0.46308872103691101074 1.36262655258178710938 0.76954287290573120117 1.36653649806976318359 1.64868378639221191406
0.40869742631912231445 -0.37587478756904602051 1.44944405555725097656 0.35287967324256891422 -1.22748267650604248047 0.97361594438552856445
-0.94964706897735595703 -0.58349502086639404297 -1.12474298477172829358 -0.07209161669015880236 -1.63578581809997558594 0.53337991237640380859
-0.62938028573989868164 -0.12624259293079370670 -0.69891571998596191406 -0.31291580200195312500 1.47452950477600097656 0.71995824575424194336
1.97089838981628395764 1.10107481479644775391 1.29568433761596679688 0.40557095408439630679 0.28843918442726129703 0.83401960134506225586
-1.30090904235839843750 -1.46995234489440917969 -0.00150682567618780003 -0.10379748791456219759 -0.32851907610893249512 -0.63800233602523803711
0.03252004832029339876 -0.02032464742660520032 0.28573739528656000308 -1.67775273323059082031 0.46928629279136657715 -0.01111584436148400044
0.52544885873794555664 -0.09918363392353049535 1.34566891193389892578 0.40861818194389337711 -1.88461971282958962171 0.47373864054679870605
0.93557995557785045282 1.05934154987335205078 0.39996227622032159976 -0.18958804011344909668 0.13086019456386560611 -1.58749198913574218750
-1.46352207660675048828 -1.58019554615020751953 0.26626071333885187320 0.78461658954620361328 -0.01175229903310530052 -0.27926552295684808902
0.79151308536529541016 1.37449204921722389905 -1.41693234443664550781 -0.43829065561294550113 -0.29865279793739318848 -1.08084321022033691406
0.35331511497497558594 0.11584857851266859574 0.21983323991298669986 -0.49315628409385681152 -1.19305300712585449219 -0.55127131938934326172
0.87213218212127685547 0.85299849510192871094 0.89260572195053100586 -0.02620182186365119931 -1.55723381042480490954 -1.96786439418792724609
1.97974693775177001953 1.68577170372009277344 1.34813344478607177734 0.65535736083984375000 0.14198823273181909732 1.20282685756683349609
-1.40070998668670632092 -1.60991001129150390625 -0.14724315702915188875 -0.36981463432312011719 -0.04704469069838519701 -0.72091716527938842773
0.90684139728546142578 0.34333926439285278320 0.91965740919113159180 0.31965205073356628418 0.20253792405128479004 -0.99681752920150756836
1.08126521110534690173 1.37356090545654296875 -0.78748679161071777344 0.18290476500988001041 0.85356158018112182617 -0.22835129499435419254
-0.47152167558670038394 -0.03016865812242030057 -1.39359033107757568359 -0.17418017983436578922 1.12093782424926757812 1.36841988563537597656
-1.59257113933563232422 -1.44970357418060302734 -0.18417394161224359683 0.89739018678665161133 0.03840576484799380214 -0.02742806449532499830
-1.47895205020904541016 -1.54824924468994140625 0.12803892791271209717 0.76516282558441162109 0.64802867174148559570 -0.03761180490255350284
-0.56635332107543945312 -0.57625001668930053711 -0.34333103895187377930 -0.07419547438621519608 0.21323758363723749332 0.84583473205566406250
1.33295989036560058594 1.59422254562377929688 -0.14134354889392850008 0.72168713808059692383 0.80556893348693847656 0.76299178600311279297
-1.58101737499237060547 -1.28267502784729003906 -0.82501941919326782227 -1.01195371150970458984 0.31091314554214477539 -0.60491162538528442383
-1.94437122344970703125 -1.44202184677124023438 -1.01309907436370849609 0.34457069635391229800 0.33765649795532221011 0.06762739270925520463
1.84922409057617209704 1.78222525119781494141 0.66982030868530273438 0.27296769618988031558 0.42665132880210870914 0.59593051671981811523
-0.83158284425735473633 -0.45737978816032409668 -0.90136414766311645508 -0.87009316682815551758 1.24572718143463112561 0.86104148626327514648
0.25691610574722290039 0.74189943075180053711 -0.50080746412277221680 1.19362688064575195312 0.90703773498535156250 -0.53088015317916870117
0.46355316042900079898 0.91418170928955078125 -0.19149753451347351074 -0.94535624980926524774 -0.66331130266189575195 -2.29384779930114746094
-1.39081108570098876953 -1.56096887588500976562 -0.23280577361583709717 -0.15232114493846890535 0.65269559621810913086 -0.24487982690334320068
-2.06963109970092817846 -1.24543523788452170642 -1.66514587402343750000 0.68444514274597167969 -1.47216916084289550781 0.16013367474079129305
0.02014306746423239966 0.42977020144462579898 -0.88018375635147094727 -1.28227221965789794922 -1.66862607002258300781 -0.61255890130996704102
1.18988490104675292969 1.09304130077362060547 0.57359457015991210938 0.30289882421493530273 1.22907423973083496094 -0.69470959901809692383
-0.59531587362289428711 -0.35149821639060968570 -0.23707170784473419189 -0.28783577680587768555 0.09645515680313110352 0.76645308732986450195
0.72401332855224609375 1.54152882099151589124 -1.46393597126007080078 1.60338044166564941406 -1.34276568889617919922 -0.52549695968627929688
-0.88223528861999511719 -0.66787439584732055664 -0.36647668480873107910 -1.30093073844909690173 -1.03358304500579833984 -0.29652762413024902344
0.43758547306060791016 1.27338218688964843750 -0.94270604848861683234 0.51241791248321533203 0.77650678157806396484 -1.41805934906005859375
-0.99947619438171397821 -0.64312773942947387695 -0.65402549505233764648 1.41538918018341064453 0.37825325131416320801 0.96154010295867919922
0.35000514984130859375 0.16317157447338098697 0.65145587921142578125 0.56755936145782470703 -1.31617009639739990234 -0.00381232099607580008
0.63375103473663330078 -0.10059601068496699938 1.45947539806365966797 -1.45002114772796630859 1.53343212604522705078 0.27833873033523559570
-0.77609652280807495117 -1.45225393772125244141 1.01222538948059082031 -0.97468447685241699219 -1.20854258537292480469 -0.59143662452697753906
1.37901997566223144531 1.08234822750091552734 1.07821011543273925781 0.80536073446273803711 1.58301162719726562500 -0.14263936877250671387
0.86365032196044921875 0.38660600781440729312 0.80932933092117309570 0.13153256475925440006 -1.29654324054718017578 -1.09496796131134033203
1.33715009689331032483 1.39327776432037353516 -0.08464334905147549715 -0.05701600015163420243 0.44893547892570490054 -0.09285917878150939941
0.49654418230056762695 -0.07744994759559629960 1.20375728607177712171 0.93575119972229003906 -1.17784202098846435547 0.61540335416793823242
0.62153261899948120117 -0.29240563511848449707 1.24440896511077880859 0.33713775873184198550 1.16672492027282714844 1.08160603046417236328
-0.51998364925384521484 -0.06913596391677849506 -1.55986154079437255859 -1.00604450702667236328 0.12118204683065410265 0.85959440469741821289
-2.04151964187622070312 -1.56221854686737060547 -1.59891426563262939453 -0.09682559967041010074 0.09646768867969510164 0.22271250188350669164
-0.09082423895597449559 -0.62464308738708496094 1.14766812324523925781 -0.19840316474437710847 -0.51588803529739379883 0.98274832963943481445
-1.06369602680206298828 -0.71384906768798828125 -0.61231261491775512695 1.08886444568634033203 1.43678975105285644531 1.10524535179138183594
-0.23801375925540921297 -0.16417172551155090332 0.29102551937103271484 -1.52229166030883789062 1.04649794101715087891 0.25929555296897888184
-0.78624564409255981445 -0.71130770444869995117 -0.56343591213226318359 0.96863979101181041376 -0.15337383747100830078 1.04077482223510742188
0.27710789442062377930 0.26000264286994928531 0.41094055771827697754 1.14621555805206298828 -0.12490036338567729601 0.09666550904512399844
-2.08940696716308593750 -1.38293433189392089844 -1.48392915725708007812 -1.30037474632263183594 -0.15031629800796508789 -0.35517305135726928711
-0.91076856851577758789 -0.02524338476359840044 -1.42666661739349365234 1.34022617340087890625 -0.38971918821334838867 1.62225186824798583984
0.07606630027294150609 0.19531264901161191072 -0.11799526214599609375 -1.10268485546112060547 -0.01435125432908529973 -0.39231076836585998535
0.82220089435577392578 1.55711889266967751233 -1.07694530487060569079 -0.92696046829223643915 -0.81339228153228759766 -1.39824581146240234375
-1.20985388755798339844 -1.43474018573761008533 -0.21905484795570370760 -0.96918618679046641962 0.36539351940155029297 -0.75932377576828002930
0.91007143259048461914 1.07605600357055664062 -0.16381123661994931306 -0.22337858378887170963 0.47273790836334228516 -1.74502861499786376953
-0.35863420367240900211 -0.91450130939483642578 0.89968258142471313477 0.81937688589096069336 1.44784402847290039062 1.42615282535552978516
-0.18609647452831259984 -0.67418259382247924805 1.03188145160675048828 -1.05289411544799804688 0.58208698034286499023 0.74832719564437866211
0.89633142948150634766 0.87674081325531005859 0.37065365910530090332 0.44799119234085077457 -1.45794916152954101562 -1.86292791366577170642
-0.04712611436843869989 0.81854009628295898438 -1.68423545360565207751 0.89929240942001342773 -1.55460214614868164062 0.16302998363971710205
-1.06002879142761230469 -0.09672856330871580643 -1.72338664531707763672 -0.82647722959518432617 -0.27757808566093439273 1.16080641746520996094
2.27331447601318403784 1.66141045093536376953 1.20354056358337402344 -1.23192965984344482422 0.16424864530563348941 0.02045026794075959983
-0.21316270530223840884 -0.12447135150432579731 0.07071829587221140079 1.31921041011810302734 0.78491216897964477539 1.57106971740722656250
-2.26435589790344238281 -1.66035854816436767578 -1.66879606246948242188 -1.52550184726715087891 -1.20266616344451904297 -0.73771578073501586914
0.98505264520645141602 1.02339017391204833984 -0.29486531019210809879 0.12698155641555780582 -0.19582526385784149170 -1.53204894065856911389
-0.04143064469099039943 0.44313043355941772461 -0.68785929679870605469 -1.36170065402984619141 1.29888248443603515625 -0.09272730350494380602
-0.96049004793167125360 -0.67980587482452392578 -0.59409701824188232422 -0.00123304920271030010 1.42851364612579367908 0.93691223859786998407
-0.13391970098018640689 -0.64766454696655273438 0.83684235811233520508 0.71169030666351318359 -1.14034724235534690173 0.88627356290817260742
0.72315043210983276367 1.19413089752197287829 -0.47965267300605768375 0.01264156959950919930 -1.61294138431549072266 -1.91452860832214399878
-0.45148465037345880679 0.04578214511275290055 -0.75050878524780273438 -0.56209886074066162109 -0.41178619861602777652 0.66202032566070556641
0.30351209640502929688 0.53254443407058715820 -0.63462632894515991211 -1.00699877738952636719 1.59387671947479248047 -0.82466983795166015625
1.36162805557250976562 1.48624002933502197266 -0.38094961643218988590 -0.58132749795913696289 0.71105301380157470703 -0.12651075422763818912
1.81225168704986550061 1.69500195980072021484 0.97686517238616943359 0.49612697958946228027 -0.30302238464355468750 1.43535566329956032483
-1.11114954948425292969 -1.21476674079895019531 -0.07305993139743799381 -0.94879168272018443719 -0.72604012489318847656 -0.59217911958694458008
0.91697859764099121094 0.59692889451980590820 0.96375125646591197626 1.23099267482757568359 -1.55648839473724365234 -1.55828964710235595703
-0.30035412311553949527 -1.30888438224792480469 1.48402035236358642578 -0.99621552228927601202 0.57048404216766357422 0.37076041102409357242
-1.54151368141174316406 -0.82970017194747924805 -1.69739198684692382812 0.81511408090591430664 -1.76941323280334472656 0.72293531894683837891
0.67508304119110107422 1.29487204551696777344 -0.93728435039520263672 0.34288126230239868164 -0.30207547545433038882 -1.48935973644256591797
-0.85443025827407836914 -1.01191580295562744141 0.66523033380508422852 -1.40399825572967529297 0.90724098682403564453 -0.15417672693729400635
1.13376486301422119141 1.16104972362518310547 1.13910651206970192639 1.16756296157836914062 -1.88773095607757590564 -0.79067569971084594727
-0.71403479576110839844 -0.77317279577255249023 -0.55834305286407470703 1.15304517745971679688 1.45257234573364257812 1.23565793037414550781
0.59779429435729980469 -0.00124242645688350003 1.36407232284545898438 1.60232877731323242188 0.71369791030883789062 1.09679841995239257812
1.05799424648284912109 1.51586055755615234375 -0.89680457115173339844 0.15098865330219268799 -0.00068012392148370003 -0.21884764730930320042
1.58298563957214355469 1.42505526542663552014 1.05403029918670632092 1.60814714431762695312 0.39542078971862787418 1.39538848400115966797
0.95150250196456920282 1.29915118217468261719 -0.61944007873535156250 -0.60169500112533569336 0.54652082920074462891 -1.20494186878204367908
1.40400338172912597656 1.26442587375640869141 0.79084080457687377930 -0.76877081394195556641 -1.54215490818023681641 -0.96096694469451904297
0.34003823995590209961 0.82968616485595703125 -1.13791942596435569079 1.28991746902465820312 1.50966465473175048828 -0.51375806331634521484
-0.34626859426498407535 -0.54498177766799926758 0.82467573881149291992 0.87309038639068603516 0.95765084028244018555 1.50039184093475341797
-0.72439181804656982422 -1.48870384693145751953 1.36857426166534423828 1.44631087779998779297 -1.06803107261657714844 0.68299019336700439453
0.11089176684617990665 0.25869512557983398438 0.12944534420967099275 -1.76014184951782248767 -0.77262836694717407227 -0.71007370948791503906
0.53239780664443969727 0.18983058631420129947 0.41798353195190429688 -1.40943264961242675781 0.03395695239305489971 -0.97816765308380115851
1.03478765487670898438 1.40013456344604492188 -0.63926517963409423828 -1.56312775611877441406 0.56886321306228637695 -1.29772365093231201172
-0.85008144378662109375 -0.51917821168899536133 -0.82732832431793212891 -0.53671532869338989258 -1.00269424915313720703 0.28411200642585748843
2.00973463058471679688 1.56238615512847900391 1.61314344406127929688 1.52560997009277343750 -1.36817467212677001953 1.90267205238342285156
-0.02976691722869869924 0.35788047313690179996 -0.66470026969909667969 0.81322598457336425781 -0.87273359298706054688 -0.06114457175135609712
0.67133581638336181641 0.39054855704307550601 0.90562111139297485352 0.88045167922973632812 0.09374091774225229434 -0.46639338135719299316
-0.03508315980434410092 -0.43222814798355102539 1.22381758689880371094 0.66695940494537353516 -0.77215355634689331055 1.40390801429748535156
-0.47127741575241088867 -0.64835721254348754883 0.14862185716629019994 0.12074863910675040501 0.24652023613452911377 0.98500418663024902344
1.22724652290344238281 0.84772217273712158203 1.38359951972961447986 0.68502563238143920898 0.69674360752105712891 -0.65327477455139160156
-0.49497407674789428711 0.50732362270355224609 -1.68533110618591308594 1.11421585083007790296 0.29399815201759338379 1.52188205718994140625
0.53597909212112426758 1.14815616607666015625 -1.02758240699768088611 -0.22267545759677878636 -0.06304746866226189350 -1.66335225105285644531
-0.81666082143783569336 -1.29084575176238991467 1.23239576816558837891 1.17585921287536621094 -0.98218673467636119501 0.62547016143798828125
1.01809334754943847656 0.05417373031377790277 1.55938076972961447986 -1.31594586372375488281 -1.21434366703033447266 -0.82944524288177490234
-0.27647587656974792480 -0.25258928537368768863 -0.01234095171093940041 -1.70291543006896950452 -1.74817812442779541016 -0.39430919289588928223
0.45297729969024658203 1.17514991760253906250 -1.73410129547119140625 1.58050501346588112561 0.03492212668061250164 -0.59655189514160156250
0.41466757655143737793 0.42227065563201898746 -0.05039835721254339734 0.36530026793479919434 -1.29929900169372558594 -0.87662756443023681641
0.03004359081387519836 0.26851361989974970035 -0.64483523368835449219 -0.01763348653912540087 0.36590021848678588867 0.27307441830635070801
-0.96787047386169444696 -1.17629706859588623047 0.43242323398590087891 0.85557752847671508789 0.61895513534545898438 0.54813224077224731445
0.79634684324264526367 0.66415089368820190430 0.87322074174880981445 1.63335978984832763672 -1.44591557979583740234 -1.08938491344451904297
-0.44258180260658258609 -0.90030539035797119141 0.97096991539001464844 -0.02829573117196559906 -0.64695173501968383789 0.57568365335464477539
-0.82502132654190063477 -1.65815234184265136719 1.61078739166259765625 -1.03365743160247802734 0.85927408933639526367 -0.37519672513008117676
-0.06348881870508189806 0.30789163708686828613 -0.45731186866760248355 0.32568815350532531738 1.18684816360473632812 0.58053743839263916016
-0.69561451673507690430 -0.59420812129974365234 -0.39160293340682977847 1.23412895202636718750 0.45706996321678161621 1.51360642910003662109
0.17235875129699698705 -0.15729831159114829320 0.29188308119773859195 -0.40881040692329401187 -0.46260631084442138672 0.27268350124359130859
1.77910518646240234375 1.60198235511779807361 0.51297885179519653320 -1.46654593944549560547 0.45440274477004999332 0.09925056993961330065
0.84958153963088989258 1.45585691928863525391 -0.91676926612854003906 1.19407713413238525391 0.75981694459915161133 -0.29055655002593988590
-1.97582566738128639905 -1.33004868030548095703 -1.65550196170806884766 1.15247046947479248047 -0.00834930688142770071 0.60542792081832885742
0.57309490442276000977 1.40474474430084250720 -1.50810337066650390625 1.17522144317626953125 -0.55059260129928588867 -0.89141088724136352539
1.29040074348449707031 1.27521407604217529297 0.21572625637054440584 -0.84893804788589477539 1.11664104461669921875 -0.91913813352584838867
-0.15759384632110590152 -0.47823077440261840820 0.83532822132110595703 -0.79715400934219360352 0.48637449741363519840 0.75416749715805053711
0.92657566070556640625 0.35520491003990167789 1.10962688922882080078 0.21663835644721979312 1.40127933025360107422 -0.60266292095184326172
0.05247615277767180009 0.80022358894348144531 -1.13879585266113281250 1.51035690307617209704 0.03838906437158579738 -0.02277235686779020135
-0.46319702267646789551 -0.45650863647460937500 0.05769547820091239926 1.17881309986114501953 -1.22658860683441162109 1.02535426616668701172
0.66838192939758300781 1.65418565273284912109 -1.58399641513824462891 0.06895624846220009541 0.59539163112640380859 -0.38533589243888849429
-0.75654608011245727539 -1.57239997386932350842 1.14220309257507324219 -1.19535112380981445312 -1.83267819881439208984 -0.92768031358718883173
0.95915502309799205438 1.19482350349426269531 -0.36965391039848327637 -1.14324831962585449219 0.22615566849708548802 -1.61929154396057128906
-0.56697553396224975586 -0.79063820838928222656 -0.04579292982816689922 1.54178512096405029297 1.60794568061828591077 1.49094521999359130859
0.45189791917800897769 0.90991318225860595703 -1.14756011962890625000 -1.53914737701416015625 0.32443499565124511719 -1.87911856174468994141
-2.01994514465332031250 -1.53769254684448242188 -1.09175789356231689453 -1.36828362941741943359 -1.07493448257446289062 -1.04096889495849609375
-0.93204706907272338867 -1.01552224159240722656 -0.23613078892230979222 -0.83015328645706176758 0.92273247241973876953 -0.03160506114363669655
-0.31115975975990289859 -0.35866528749465942383 -0.42089164257049560547 1.60112571716308593750 0.64699542522430419922 1.60746753215789794922
-0.73571491241455078125 -0.18030884861946100406 -1.30194735527038552014 -1.09571611881256103516 -0.48278412222862238101 0.61184471845626831055
1.84425735473632790296 1.08256959915161110608 1.51770889759063720703 0.17811065912246701326 -0.62825483083724975586 0.53842890262603759766
-1.03456354141235351562 -1.04198932647705078125 -0.41572767496109008789 1.08262848854064941406 0.18768940865993499756 0.51216119527816772461
0.71557867527008056641 0.41591477394103998355 0.90074515342712402344 -1.17820417881011962891 -1.70350778102874755859 -1.95871508121490478516
1.76095879077911376953 1.67977082729339599609 0.00847631134092799964 0.26184263825416559390 -0.84104114770889282227 0.94968348741531360968
-0.62805485725402832031 0.14277696609497070312 -1.53494238853454589844 -1.59058392047882080078 1.18802678585052490234 0.78160434961318969727
-0.50382226705551147461 -0.73648452758789062500 0.41371881961822509766 -0.92615747451782237665 0.87954795360565185547 0.50223910808563232422
1.17308592796325683594 0.69740545749664306641 1.50154554843902610095 0.86022424697875976562 -1.81161701679229714124 -1.26886057853698730469
1.59186005592346191406 1.12030625343322753906 0.90594083070755004883 -0.24013172090053550023 -1.78019344806671142578 -0.55512732267379760742
0.53216683864593505859 0.31163591146469110660 0.82173073291778564453 -1.16891634464263916016 1.59522247314453125000 -0.75386530160903930664
-0.37678095698356628418 -1.00896477699279807361 1.07545316219329833984 -0.18235674500465390291 1.06405735015869140625 0.82310712337493896484
1.11587512493133544922 0.61396640539169311523 1.50585305690765380859 0.49825417995452880859 -1.76477921009063720703 -1.11903810501098632812
-1.37402868270874023438 -1.47453248500823952405 -0.39710885286331171207 -1.18662023544311523438 0.25698083639144897461 -0.72865790128707885742
1.62825787067413330078 1.66201925277709960938 0.03924868255853650179 -0.24577002227306360416 -0.79410749673843383789 0.49082976579666137695
-0.49656459689140319824 0.22749583423137659244 -1.14656341075897216797 -0.61905097961425781250 0.17249664664268490877 0.55924487113952636719
0.22033326327800750732 -0.58463692665100097656 1.60407507419586181641 1.10646629333496093750 0.49061506986618041992 2.22291469573974609375
-1.00208592414855957031 -0.35780590772628778629 -1.54650747776031494141 0.42811775207519531250 1.38104057312011718750 1.76676249504089355469
-0.40851765871047968082 0.53503847122192382812 -1.28358423709869384766 0.86023724079132080078 -1.00534844398498535156 0.58659601211547851562
0.88076573610305786133 0.62326848506927490234 1.06032061576843261719 1.08963823318481445312 -1.17876255512237571033 -1.44355225563049316406
-0.75635206699371337891 -0.63110357522964477539 -1.04789471626281738281 -0.88902479410171508789 0.00153399026021360007 0.40379294753074640445
0.79867535829544067383 0.17496895790100089330 1.33574318885803222656 1.13524472713470458984 -0.78811633586883544922 -0.00124465185217549992
-1.41825473308563232422 -0.48175337910652160645 -1.73037695884704589844 0.58901995420455932617 -0.92701834440231323242 1.10524034500122070312
-0.52317786216735839844 -0.19987927377223960179 -0.88837361335754394531 0.90229070186615001337 -0.26191759109497070312 1.18527102470397949219
0.16012552380561828613 -0.27458807826042169742 1.15778732299804687500 0.38148471713066101074 -0.64335668087005615234 0.96810740232467640265
0.35160458087921142578 -0.33364039659500122070 1.44328558444976806641 -0.09517228603363030170 0.53406745195388793945 1.25024545192718505859
-0.95992630720138560907 -0.94474411010742198602 -0.40180933475494379215 1.05915164947509765625 -1.67772531509399391858 0.30994564294815057925
-1.73380875587463378906 -1.06049048900604248047 -1.01848995685577392578 0.63431030511856079102 -0.70159828662872314453 0.00532054854556909991
0.69476693868637084961 0.55360573530197143555 0.00260189990513019992 -1.76991415023803710938 -1.82545685768127441406 -2.35399079322814941406
0.82421588897705078125 1.19936025142669677734 -0.43738687038421630859 0.79894405603408813477 1.32736039161682128906 -1.35983562469482421875
-0.68017435073852539062 -0.40248653292655939273 -0.31383803486824030093 -0.92417454719543457031 -0.19801075756549829654 0.30672746896743768863
-0.72335958480834960938 -0.50145399570465087891 -0.74174213409423828125 0.53640842437744140625 -1.66041386127471923828 0.69303858280181884766
0.27963092923164367676 0.89217293262481689453 -1.75994527339935302734 -1.60142552852630615234 0.82810592651367187500 -1.26690101623535156250
-1.33412766456604003906 -1.55015945434570312500 -0.24228250980377188939 -1.03061819076538085938 1.50186371803283691406 -0.43875664472579950504
0.71419000625610351562 0.92412215471267700195 -0.31134256720542907715 -0.43647661805152887515 -1.68229758739471435547 -2.07075548171997070312
-1.56133139133453369141 -1.09069395065307617188 -1.77159154415130615234 1.15191388130188010486 1.41568028926849365234 1.24743545055389404297
-1.02880942821502685547 -0.72918373346328735352 -0.99153119325637817383 -0.36204305291175842285 -1.20392346382141113281 0.41379657387733459473
0.43857133388519281558 -0.06284486502408979935 1.18642437458038330078 0.00953612104058259961 -1.23815774917602539062 0.55018240213394165039
-0.47338297963142389468 -0.84332358837127685547 0.72911131381988525391 1.15916073322296142578 1.51099550724029541016 1.41220176219940207751
1.82570910453796408923 1.42637813091278076172 1.24410164356231689453 -1.76756703853607177734 1.05851674079895019531 0.81388556957244873047
-0.61394941806793212891 -0.74384301900863647461 -0.72543227672576904297 0.77720850706100463867 -0.45669695734977722168 0.82855427265167236328
0.75876784324645996094 0.92587828636169444696 -0.24446779489517209139 -1.75415515899658203125 0.71985638141632080078 -2.37840485572814941406
-0.65292233228683471680 0.05650793015956870335 -1.51435947418212890625 -1.09787905216217041016 -0.34575366973876947574 0.78298979997634887695
-0.85971653461456298828 -1.37092447280883789062 0.77260088920593261719 -0.62886089086532592773 -1.65147900581359863281 -0.71053153276443481445
0.49749571084976190738 0.55475264787673950195 0.26429283618927001953 1.58869004249572753906 0.05781546980142589914 -0.64769971370697021484
-0.80397933721542358398 -0.66051125526428222656 -0.32717114686965942383 0.93944835662841796875 0.01702575944364069851 0.96824061870574962274
0.49746924638748168945 -0.28688141703605651855 0.53123521804809570312 -1.30463802814483642578 -1.47172594070434570312 -0.11067575216293329410
-0.29232349991798400879 -0.11626639217138290405 -0.37095391750335687808 0.65519911050796508789 1.11440825462341308594 1.16900587081909179688
0.94759297370910644531 1.05360448360443115234 -0.35077917575836181641 0.08566443622112270007 0.28829243779182428531 -1.61365389823913552014
1.40974843502044677734 1.05697584152221679688 1.06450271606445312500 0.89939481019973754883 0.33617308735847467593 -0.39319413900375360660
-1.19349300861358642578 -1.16008484363555908203 -0.68197762966156005859 0.08358386158943169331 -0.79152375459671020508 -0.19760523736476889867
0.65598666667938232422 0.52481937408447265625 0.82980489730834960938 0.40326240658760070801 -0.10608842968940729312 -1.10461413860321044922
-2.27262568473815917969 -1.37485325336456298828 -1.74582672119140625000 1.46897101402282714844 0.65116614103317260742 0.83896851539611816406
0.18169888854026788882 1.27024054527282714844 -1.71404135227203369141 0.74796748161315917969 -0.27713263034820551090 -0.79480135440826416016
0.49481368064880371094 0.02637248300015920116 1.18734145164489768298 -1.66607666015625000000 1.61463069915771484375 0.15365001559257498998
