0.26633700728416437320 0.40084260702133178711 0.37029004096984857730 0.33203238248825067691 0.34907028079032897949 -0.14416785538196560945 1.49215686321258544922 1.30320453643798850329 -0.59165227413177490234 1.58145725727081298828 -0.63081544637680053711
-0.74652993679046630859 -0.56622755527496337891 -0.66468054056167602539 0.97571671009063720703 -0.45854771137237548828 0.62158626317977905273 1.07892763614654541016 -0.39828276634216308594 0.28112095594406127930 0.47191244363784790039 1.21191668510436989514
-1.77124774456024169922 -1.76204764842987060547 -0.92170453071594238281 -1.49200320243835449219 -0.91157948970794677734 -0.14029443264007560033 0.45082643628120422363 -0.58392101526260375977 1.48439764976501464844 -0.88677775859832763672 -1.08789801597595192639
1.76746261119842529297 1.61374592781066894531 -1.01935601234436035156 -1.60892164707183837891 -0.86988914012908935547 0.97162431478500355109 -0.48424559831619262695 -1.09844923019409179688 0.83147251605987548828 -0.38518977165222167969 0.45633205771446228027
0.91886198520660400391 0.96657854318618763312 2.00130796432495117188 1.29588484764099121094 2.15680575370788574219 1.05431020259857177734 -1.34983921051025390625 -0.04348090663552280077 1.14778006076812744141 0.46762114763259887695 -0.35281220078468322754
-1.40068483352661110608 -1.58475828170776367188 0.02145316824316970128 -1.24993431568145751953 -0.85637456178665161133 -0.54801750183105468750 0.16126060485839840974 -0.22557191550731658936 -0.23876674473285669498 1.28455460071563720703 -1.11775124073028564453
-1.22834932804107688220 -1.53621339797973632812 -1.18926167488098144531 1.54235434532165527344 -0.97706019878387440070 -1.14860665798187255859 0.50602161884307861328 1.36033475399017311780 1.62277519702911376953 0.28781083226203918457 0.51872026920318603516
-1.03550255298614501953 -1.24341869354248046875 0.15574507415294638890 0.88350307941436767578 -0.23720073699951169099 0.46765002608299249820 1.41013133525848410876 -0.91887795925140380859 -0.30262011289596557617 0.49964252114295959473 0.58167606592178344727
0.56593710184097290039 0.36288172006607050113 0.77101892232894897461 1.57281768321990966797 1.01556527614593505859 0.46023780107498168945 0.57437169551849365234 -1.17055594921112060547 -1.39784717559814430921 0.33020159602165222168 -0.41023039817810058594
-0.11274050921201700382 0.66830849647521972656 -0.63312691450119018555 -1.11884844303131103516 -0.65541547536849975586 -1.22422039508819580078 -1.07485818862915039062 0.57678306102752685547 1.11547040939331032483 -1.50978493690490722656 -0.73112499713897705078
-0.44075155258178710938 -0.61937868595123291016 0.41667932271957397461 1.62112915515899658203 -0.19118529558181759920 1.62157559394836447986 -1.86375284194946289062 -0.84353607892990112305 0.93444436788558959961 -1.48488867282867431641 1.18901252746582031250
-1.02352201938629150391 -0.44918814301490778140 -1.31020927429199218750 -1.27598798274993896484 -1.02433371543884277344 1.10196244716644287109 -1.23434257507324218750 1.36287367343902610095 1.57928764820098876953 1.05732619762420632092 0.38324245810508728027
0.94481265544891357422 0.36782005429267877750 0.19304232299327850342 -0.66321313381195068359 0.22859965264797210693 0.28649285435676569156 1.16797971725463889392 -0.83739525079727172852 -0.37644430994987487793 -0.23245573043823239412 -1.71338915824890136719
1.24330723285675048828 0.87102699279785156250 1.56394624710083007812 0.43836706876754760742 1.75699186325073242188 -0.21837231516838070955 1.51688110828399658203 -0.20383803546428680420 0.58807837963104248047 1.21915864944458007812 -0.70228564739227294922
-0.53133451938629150391 -1.03602850437164306641 -0.52765005826950073242 -1.50164914131164550781 -0.74589967727661132812 -0.82308107614517211914 -1.61773073673248291016 0.64982950687408447266 1.26032388210296630859 -0.36512207984924310855 -0.21011905372142788972
0.94750958681106556281 0.57908648252487182617 1.45233726501464843750 0.42004543542861938477 1.45146405696868896484 -0.43220210075378417969 -0.16124771535396570377 0.09911204874515530672 -0.38047784566879272461 0.77731966972351074219 -1.10883140563964843750
0.89911669492721557617 0.57978016138076782227 0.88715678453445434570 0.75170308351516723633 0.94394898414611816406 0.77556937932968139648 0.46314176917076110840 0.31586933135986328125 -0.23744599521160120181 -1.18293845653533935547 -1.56732964515686035156
-1.88634026050567649158 -1.37461161613464355469 0.09246616065502159809 1.44101309776306152344 -0.73592442274093627930 1.27311670780181884766 -0.33830448985099792480 1.22674190998077392578 -0.86547529697418212891 -0.94625127315521240234 0.01802607066929340016
-0.70539754629135131836 -1.48478949069976806641 -0.71226263046264648438 -1.68916726112365722656 -0.85762643814086914062 0.37424483895301818848 1.32882344722747802734 0.71446144580841064453 1.05930209159851074219 -1.44514548778533935547 -0.83693164587020874023
-0.72685009241104125977 -1.20285129547119140625 -0.44528171420097351074 -1.40034174919128417969 -0.83979451656341552734 -0.09294634312391279740 -0.61195921897888183594 0.89008492231369018555 0.96438407897949218750 1.09687745571136474609 -0.36187046766281127930
-0.48832258582115167789 0.12184906005859369449 -0.50134980678558349609 -0.41041466593742370605 -0.91679328680038441046 0.47072538733482360840 0.64890307188034057617 1.53077077865600608142 -1.60132074356079101562 -1.47717082500457763672 0.31372064352035522461
1.80372130870819091797 1.25065362453460693359 2.74504089355468750000 1.27664935588836669922 3.68429160118103027344 0.98092532157897960321 -0.36677229404449457340 -0.39766690135002130679 -0.69925647974014282227 0.23602710664272300023 2.83057618141174316406
-1.93479871749877951892 -1.65793228149414062500 -0.93927741050720203742 -0.05033085867762560062 -0.61537355184555053711 -1.67548131942749023438 -1.84305965900421164783 0.56285917758941650391 -0.22578997910022730045 1.37758803367614768298 -0.08829307556152339587
-1.87314200401306130139 -1.43346548080444335938 -0.59959411621093750000 0.42947340011596679688 -0.96032124757766723633 0.91605848073959361688 0.76585662364959716797 -0.74318820238113403320 -1.10058474540710449219 -0.46219581365585321597 -0.18295185267925259676
0.36182248592376708984 0.94428604841232299805 1.74740803241729736328 1.27889752388000488281 1.21630525588989257812 1.70091474056243896484 -0.04419754445552819683 0.56823951005935668945 1.15053534507751464844 -1.31151425838470458984 -0.79461812973022460938
-1.19372522830963112561 -0.48264977335929870605 0.67807239294052124023 1.68387281894683837891 -0.59194374084472656250 -1.17856705188751220703 -0.98729813098907481805 -1.14559674263000488281 -1.44324672222137428967 0.91863912343978881836 0.96615910530090320929
-0.12393809854984280672 -1.03576242923736550061 0.01811799965798849971 1.54756379127502441406 -0.25980061292648309879 0.84938728809356689453 1.04900395870208740234 -0.95263856649398803711 1.71703684329986550061 1.12382745742797829358 1.31828689575195312500
0.52285945415496826172 0.89906167984008789062 -1.16851162910461447986 -1.65268385410308837891 -1.03332364559173583984 -0.80772346258163452148 1.37027919292449951172 1.27590215206146240234 1.70476710796356201172 -0.96224290132522583008 -1.99813485145568847656
-0.81699120998382568359 -0.66511148214340209961 -0.99907332658767700195 -1.33524906635284423828 -1.07659924030303955078 0.30983415246009821109 -0.91311132907867442743 -0.19084641337394708804 1.69357049465179443359 0.84340292215347290039 0.16215622425079340152
-1.39258408546447753906 -1.59914028644561767578 -1.71968877315521240234 -1.34612739086151123047 -1.00308966636657714844 0.05993891134858130021 0.61332434415817260742 -0.59762829542160034180 0.04439145699143409729 -0.60924404859542846680 -0.09814430773258199514
-0.63560646772384643555 -0.82996308803558349609 -1.17953014373779296875 -0.76021796464920043945 -0.80877584218978881836 0.54572516679763793945 0.84589934349060058594 0.34006819128990167789 -0.02803251519799230054 -1.59904336929321289062 0.57177817821502685547
0.91194009780883800165 0.28111064434051508121 0.77123409509658813477 1.29733991622924804688 0.83532792329788208008 0.61326891183853149414 1.08430397510528564453 0.53140467405319213867 0.32282924652099609375 0.26091420650482177734 -0.82222729921340942383
0.13084554672241210938 -0.68271350860595703125 0.12592166662216180972 -0.04865199327468869989 0.11975424736738199405 -0.67640930414199829102 -0.18241116404533380679 -1.65058147907257080078 -0.98964983224868763312 -0.16474418342113489322 0.53027933835983276367
0.48319408297538757324 1.01964724063873291016 0.63723999261856079102 0.81763941049575805664 0.53240197896957397461 1.46081125736236550061 -0.36706024408340448550 -1.25864291191101074219 -1.28871321678161621094 -0.96133935451507557257 -1.66387748718261718750
-1.50737607479095458984 -1.58145964145660400391 -0.77339023351669311523 0.17742468416690820865 -0.73736763000488281250 0.62522643804550170898 -1.37950074672698952405 0.09017557650804519653 -1.25399410724639892578 -0.33487328886985778809 -0.50875109434127807617
-0.21411395072937008943 0.34401199221611017398 1.18296480178833007812 1.74583566188812255859 0.61966454982757568359 -1.42834222316741943359 -0.39603334665298461914 -1.03881633281707763672 1.12834393978118896484 0.67711722850799560547 0.77299451828002929688
-0.65423893928527832031 -0.96752452850341796875 -1.34659099578857421875 1.43052494525909423828 -1.06814825534820556641 1.08257365226745605469 -0.52845352888107299805 1.56696105003356911389 0.10197325050830839677 -0.12122535705566399311 1.17564642429351806641
-0.00381669681519260012 -0.53792715072631835938 0.23279173672199249268 1.55350148677825927734 -0.00918196514248839982 -0.76909106969833374023 -1.09356677532196044922 0.42207670211791992188 0.46651977300643920898 -0.54326903820037841797 1.25561571121215820312
0.80432111024856567383 1.69751083850860595703 -0.12848491966724390201 -0.84778106212615966797 0.27818837761878967285 -0.10639707744121550126 0.92793560028076160773 0.37542396783828729800 0.70618128776550292969 -0.18713885545730590820 -0.32203164696693420410
-0.23458412289619440250 -0.64974665641784667969 -0.68557745218276977539 -0.61880540847778320312 -0.53228974342346191406 -1.11902379989624023438 -0.40365639328956598453 0.00873488374054430007 -1.40396118164062500000 0.61086612939834594727 0.64580971002578735352
2.13966941833496093750 1.62689220905303955078 3.43147683143615678247 1.47451591491699218750 4.72804260253906338818 0.98575466871261596680 -0.99003422260284423828 1.12679290771484375000 -0.09305930882692330097 0.02260144241154190062 3.12837338447570800781
1.13105857372283935547 0.65192109346389770508 0.98989474773406982422 0.57173305749893188477 1.30214917659759521484 -1.30956208705902099609 -1.77824854850769042969 -1.73461246490478515625 -0.19657790660858148746 0.94568061828613281250 -1.09631443023681640625
1.47333824634552001953 1.58625066280364990234 1.71720135211944580078 0.77017229795455932617 2.00304198265075683594 -0.24830509722232810277 -0.49814835190773010254 -0.45641899108886718750 1.54964065551757790296 -1.46848189830780029297 1.83464944362640403064
1.05594563484191894531 1.66520011425018310547 0.45537823438644409180 -0.63617020845413208008 0.58260315656661987305 0.09001995623111720690 0.28332629799842828922 -1.12750983238220192639 0.48654660582542419434 -1.11768221855163552014 0.31993359327316278629
0.46205362677574157715 1.22331047058105490954 1.26738631725311279297 0.90169364213943481445 1.12642920017242431641 -1.99788546562194802014 1.56536495685577392578 0.71691524982452392578 -0.92725396156311035156 0.38078990578651428223 -1.04910576343536376953
0.21115848422050470523 -0.09796509891748420018 -0.45080980658531188965 -0.66679823398590087891 -0.54041826725006103516 -1.20684194564819335938 1.11438357830047607422 -1.76323819160461447986 -1.15649962425231911389 -0.31841504573822021484 0.12234438210725780138
-0.78650915622711181641 -1.74171900749206542969 -1.30760478973388671875 0.10150598734617230501 -0.97755485773086558954 0.71641844511032104492 -1.83282279968261674341 0.57121241092681884766 -1.04664671421051047595 -0.90153980255126964227 -0.24922063946723929662
1.16772651672363281250 0.47140485048294067383 -0.39957496523857111148 -0.35148993134498590640 0.02167944982647889915 -0.70479965209960937500 0.15730166435241699219 -0.48221898078918451480 -0.25230360031127929688 -0.62692207098007202148 -1.60763585567474365234
-1.55076420307159423828 -0.90585881471633922235 0.30607080459594721011 0.96300756931304920538 -0.49752900004386901855 1.43904995918273925781 -0.97438877820968639032 0.72138535976409912109 0.01364519074559209996 -0.32157745957374572754 0.17954169213771820068
0.34770777821540832520 0.27875187993049621582 -0.61395782232284545898 -1.60930168628692649158 -0.45843154191970819644 0.74200075864791870117 0.02397326380014409841 -0.30955410003662109375 -0.43194240331649780273 1.13335061073303222656 -1.24421834945678710938
-0.25263378024101257324 0.33757326006889337711 -1.02910351753234863281 -1.20376646518707275391 -1.37916028499603271484 0.41894418001174921207 -0.14461432397365570068 -0.49802795052528381348 0.40423348546028131656 0.62770885229110717773 -0.16476331651210779361
-0.51443815231323242188 0.27331453561782831363 1.59631562232971191406 1.62522065639495849609 0.57789421081542968750 0.77429372072219848633 -1.27097105979919433594 -0.05747599899768820325 0.07123955339193339953 -0.09355607628822319721 1.39959585666656494141
-1.35009825229644775391 -1.40644860267639160156 -1.30127584934234619141 -0.88352799415588378906 -0.68229842185974121094 1.20542871952056884766 -0.51681667566299438477 -0.77434074878692626953 -1.53814446926116943359 -1.49543523788452170642 -0.07778068631887430362
0.25842359662055969238 1.05422294139862060547 -0.64641505479812622070 -1.29444658756256103516 -0.37728866934776300601 -0.82894665002822875977 0.74986571073532104492 -1.12231159210205078125 -0.35317441821098327637 -1.22248804569244384766 -1.78895342350006103516
-0.46178388595581049136 -0.77698057889938354492 -0.17017017304897300023 -0.03594059497117989971 -0.54169392585754394531 0.88180494308471679688 -0.24231404066085809879 -0.76058959960937500000 0.86856287717819213867 -1.11741816997528076172 0.52633875608444213867
-0.06737970560789099950 -0.05751065909862509984 1.47394335269927978516 1.29756331443786621094 0.72341281175613403320 0.05102234333753580264 -1.60561215877532958984 -1.08904671669006369861 -0.99037700891494762079 -0.73945099115371704102 1.22647678852081298828
-0.65446710586547851562 -0.43400934338569641113 -0.63407665491104125977 -1.48148548603057861328 -0.48703938722610468082 0.86819267272949218750 -0.90407991409301757812 -0.20723879337310791016 -1.37079501152038552014 0.43302014470100397281 0.47470313310623168945
-0.30993959307670587711 0.47122183442115778140 2.08423137664794921875 1.43938279151916503906 0.95365017652511596680 -0.86970955133438110352 0.34080940485000610352 1.47153997421264648438 -1.04630124568939208984 -0.76027673482894897461 1.07056665420532248767
0.27322539687156677246 0.24893939495086669922 0.48655942082405090332 -0.29500925540924072266 0.36213654279708862305 -0.14330871403217310123 1.07190465927124023438 -0.64792466163635253906 0.07217752933502190327 0.84877645969390869141 -0.67368477582931518555
-0.95455950498580921515 -1.19508469104766845703 -0.78711187839508056641 0.44966316223144531250 -0.60666066408157348633 1.51514434814453125000 1.59396231174468994141 -0.04335029050707810139 0.69006848335266113281 -0.83627414703369140625 0.37552496790885919742
0.85139691829681396484 0.15370428562164301090 -0.27871975302696228027 -1.29728162288665749280 -0.10354931652545920628 -0.96904832124710083008 1.64174795150756835938 -0.15195330977439880371 0.38207682967185968570 1.17903554439544677734 -1.64568328857421875000
-0.25869664549827570132 -0.87007129192352294922 0.02876690216362470104 1.33242177963256835938 -0.08960647135972969746 -0.24496454000473019685 -0.82953608036041259766 -1.27982425689697287829 -1.37032473087310791016 0.30811482667922968082 1.04086649417877197266
-1.16863906383514404297 -1.54026007652282714844 -1.26321077346801757812 -0.45446953177452087402 -1.10146009922027610095 0.17110599577426910400 -0.92010575532913196906 -0.05479528754949569702 0.68624502420425415039 0.15014907717704770174 -0.16520592570304870605
0.82793170213699340820 1.44297778606414794922 1.56136465072631835938 1.11319041252136230469 1.55828726291656494141 -0.14808481931686401367 0.14318904280662531070 0.68430006504058837891 0.00009574113209964707 -0.66303199529647827148 0.05235574394464490022
0.15455986559391018953 0.37644135951995849609 0.87699675559997558594 0.49322363734245300293 0.40176483988761901855 -0.30991262197494501285 0.15478993952274319734 0.99363899230957042352 -0.25979605317115778140 0.18981853127479550447 -0.33228957653045648746
-1.64664542675018310547 -1.34283578395843505859 -1.73274862766265869141 -1.12465524673461914062 -0.90473800897598277704 -1.61134958267211914062 -0.77501779794692993164 -0.19147905707359311189 -0.52639764547348022461 -0.38067427277565002441 0.12511375546455380525
0.56966108083724975586 0.99384379386901855469 -0.04284739121794699929 -1.49430298805236816406 0.03038388676941389949 -1.12012720108032248767 0.89628219604492187500 1.60205531120300292969 -0.71556740999221801758 0.43206933140754699707 -2.17684793472290039062
1.19679844379425048828 0.62445640563964843750 -0.64838457107543945312 -0.60988456010818481445 -0.42059788107872009277 -1.55643725395202636719 -1.03689765930175781250 1.49481606483459472656 1.53321051597595192639 -1.33978450298309326172 -1.84950160980224609375
-0.52908086776733398438 -0.71257025003433227539 -0.46296435594558710269 -0.60891598463058471680 -0.63326936960220336914 -1.59343779087066650391 0.98507678508758544922 1.26412343978881835938 1.33683621883392311780 -1.50937783718109130859 0.57899099588394165039
0.95559889078140258789 1.05378687381744384766 -0.00113733904436230009 -0.31669369339942932129 -0.04066346958279609680 -1.19390034675598144531 -0.29004743695259088687 -1.55901658535003662109 0.45651987195014948062 -0.41684168577194208316 -1.60742175579071044922
0.27390620112419128418 1.02924835681915283203 0.22014185786247250642 -0.27665629982948297672 0.01406068634241810014 0.25115498900413507632 -0.19975170493125909976 -0.02481371164321890047 -1.17869424819946289062 -0.85530972480773925781 -1.84330356121063232422
-0.99059808254241943359 -0.34260216355323791504 0.24083054065704340152 0.76381886005401611328 -0.30080664157867431641 -0.69929373264312744141 -1.31633234024047829358 0.01316172443330279954 -1.62291407585144042969 -0.06605913490056990189 0.81366652250289916992
-0.13420598208904260806 0.76114314794540405273 1.58248615264892578125 0.93798404932022094727 0.89376628398895263672 -0.49963945150375360660 -1.24853849411010742188 0.25415170192718500308 -1.35942840576171875000 -0.05734939873218530132 0.24112993478775018863
-0.52102786302566528320 0.36638113856315607242 1.72357952594757080078 1.63810145854949951172 0.72963011264801025391 0.44700297713279718570 0.11659511923789969701 0.21568502485752100162 0.51004374027252197266 -0.50408089160919189453 1.35121333599090576172
1.59445250034332275391 1.57868075370788552014 2.56685924530029296875 1.51656651496887207031 2.90144348144531250000 0.31922262907028198242 0.41533535718917841129 -0.32287994027137750797 -1.27701258659362792969 0.14052434265613550357 2.50775146484375000000
-1.58781337738037109375 -1.69493126869201660156 -0.93202924728393554688 -0.47629672288894647769 -1.15729296207427978516 -0.04332657530903809978 0.03727967292070379773 -0.67875999212265014648 -0.26718300580978388004 1.25212752819061279297 -0.54740864038467407227
0.78656017780303955078 0.45399403572082519531 1.39546239376068115234 1.29728555679321289062 1.45779180526733398438 -0.92370069026947021484 0.67900007963180541992 0.24605371057987210359 0.14979927241802210025 -1.22773206233978271484 -0.69143092632293701172
-0.50962841510772705078 -0.52048367261886596680 -0.18235872685909271240 1.07453274726867675781 -0.29313635826110839844 1.11903846263885498047 0.80289489030838012695 -0.97165447473526000977 -1.28333902359008789062 -0.35198822617530822754 1.09922134876251220703
-1.32347846031188964844 -0.90875434875488281250 -0.95248281955719005243 0.02297789417207240018 -0.91328817605972278937 -1.55284118652343750000 1.30996644496917724609 -0.77627617120742797852 -1.64029765129089355469 -0.23896084725856781006 0.10343121737241739444
-0.26888498663902282715 -0.02419190481305119947 -0.45855975151062011719 -0.49166998267173761539 -0.29381671547889709473 0.08823528140783309937 0.29909333586692810059 -1.23514842987060569079 1.68957507610321044922 1.33891713619232177734 0.63759273290634155273
-0.37946298718452448062 -0.07923568785190579500 -0.90058773756027221680 -1.00237166881561279297 -0.45618122816085809879 -1.59994626045227050781 -0.33544537425041198730 1.41840124130249023438 1.27330410480499289783 -1.51741695404052712171 0.64686942100524902344
1.50589621067047119141 1.36662280559539794922 1.14628970623016357422 0.22288207709789270572 1.53754878044128417969 0.16413521766662589330 -1.86861062049865678247 0.67466193437576293945 -1.02395975589752197266 1.50266742706298850329 1.03340148925781250000
-1.44954264163970969470 -1.15861260890960693359 0.10422556102275840062 1.30411350727081298828 -0.32540082931518549136 -0.13808771967887870091 -0.58776277303695678711 0.81500095129013061523 1.44871318340301513672 -0.07699100673198699951 0.28990063071250909976
1.52100634574890136719 0.82498770952224731445 0.85248535871505737305 0.05550981312990180272 0.94475060701370239258 0.32584056258201599121 0.22441577911376950349 1.58823943138122558594 -0.05891126021742820046 0.90011990070343017578 -0.93691611289978038446
1.54040539264678955078 1.47687089443206809314 -0.57463163137435913086 -1.11027717590332031250 -0.56799048185348510742 1.01945579051971435547 0.21613743901252741031 0.99369823932647705078 0.74892121553421020508 -1.43898892402648925781 -0.15157994627952570132
0.91091275215148914679 0.68968927860260009766 2.21912574768066406250 1.64278495311737060547 2.11879110336303710938 0.02959496155381199922 0.46707779169082641602 1.03899431228637695312 0.78134214878082275391 0.65296173095703125000 -0.36596283316612238101
0.46325308084487909488 0.83992421627044677734 0.52627825736999511719 -0.37857201695442199707 0.60559791326522827148 0.31326377391815179996 0.26859194040298461914 1.44761800765991210938 -0.73876631259918212891 -1.22100555896759033203 -1.77582013607025168689
1.48677325248718261719 1.04047834873199462891 0.10116782784461969547 -0.19057558476924890689 0.55203038454055786133 -0.33458900451660150699 -1.76077604293823242188 0.51498824357986450195 -0.82257074117660522461 0.47612842917442321777 -0.46451932191848749332
0.22348068654537200928 0.13360486924648279361 0.27200153470039367676 1.21721625328063964844 0.43953564763069147281 0.12853427231311789769 1.62096679210662841797 1.57685470581054687500 -0.56774795055389404297 -0.74279749393463134766 0.44777697324752807617
-0.70795965194702148438 -1.14088714122772216797 0.30604988336563110352 -0.09062646329402919421 -0.44042345881462091617 1.43023324012756369861 0.95304232835769642218 0.66307669878005981445 0.32538178563117980957 1.10603630542755126953 -0.11349972337484359741
-1.09050190448761008533 -1.04075920581817649158 -0.34993728995323181152 0.34314072132110590152 -0.31911969184875488281 -0.33572787046432489566 0.04172319546341889812 -0.52855145931243896484 1.70202219486236550061 0.85044693946838378906 0.18485198915004730225
-0.72613990306854248047 -0.27781221270561218262 -1.27219665050506591797 -0.95351028442382801398 -0.82511991262435913086 -0.30191457271575927734 -1.20242130756378151624 1.65376520156860351562 0.73186397552490234375 0.44770619273185729980 0.92636370658874522821
-0.73748606443405151367 -0.36903661489486688785 -0.16451634466648099031 -0.61578798294067382812 -0.51259571313858032227 0.92355102300643920898 -0.35126766562461847476 0.59214246273040771484 0.45127022266387939453 0.39940446615219110660 0.52330285310745239258
0.52372401952743530273 -0.10884174704551689838 0.04298342391848559985 0.30147811770439147949 -0.11765377223491660374 0.82722884416580200195 0.43326857686042780093 -0.83925718069076538086 -1.58706164360046408923 1.15011978149414062500 -0.00269430200569329998
-0.56834626197814941406 -0.47192740440368652344 -1.95913219451904296875 -1.59934544563293457031 -1.44632923603057861328 -0.71587479114532470703 0.13435873389244079590 1.04985988140106201172 -0.68603140115737915039 0.86111968755722045898 0.80753421783447265625
1.71438622474670410156 1.69277465343475341797 2.49301242828369140625 0.92960906028747558594 3.25811958312988281250 -1.90013861656188964844 0.62845402956008911133 0.48536425828933710269 -0.41999009251594537906 1.46399879455566406250 2.41535401344299316406
0.05600268766283979932 -0.35899981856346130371 0.04763665050268169748 0.83078926801681518555 0.00716221006587139993 1.11090445518493630139 0.33146595954895019531 -1.25235664844512939453 -1.34932601451873779297 -1.36015653610229492188 1.21884417533874511719
0.57162606716156005859 -0.08392055332660669498 -0.02617687731981269833 0.92292839288711558954 -0.08095319569110870361 0.47523525357246398926 1.67686629295349121094 -1.75281107425689697266 0.87474942207336425781 1.62110662460327170642 0.28923130035400390625
-0.23817378282546988744 -0.65909010171890258789 -0.14551866054534909334 0.20144748687744140625 -0.18947970867156979646 -1.35023748874664306641 1.21968078613281250000 0.12447872757911679353 0.95902800559997558594 -0.04113452881574630043 0.83632940053939819336
-0.85577213764190673828 -0.38729584217071527652 -0.22036907076835629549 -0.58176422119140625000 -0.42806795239448547363 -0.15489980578422540836 -1.64684295654296875000 1.65448510646820090564 -0.36738428473472589664 1.38239407539367675781 0.30131801962852478027
2.06896591186523437500 1.44683122634887695312 0.30488324165344238281 -0.37239736318588251285 0.93314886093139637335 1.60364925861358642578 1.13683295249938964844 0.73512345552444458008 1.60733449459075927734 -1.41841185092926047595 0.84284532070159912109
1.02316009998321510999 0.94887149333953857422 0.31666105985641479492 -0.16766211390495300293 0.43874028325080871582 -1.60203635692596435547 -0.87144881486892700195 -1.51093304157257080078 -0.28185400366783142090 0.69211250543594360352 -1.52209877967834472656
-0.17219014465808860082 0.01241302862763399989 0.75591248273849487305 1.75932574272155761719 0.38420474529266357422 0.35696893930435180664 -0.59384584426879882812 -1.67353057861328125000 0.32170650362968439273 -1.53787612915039062500 1.19465315341949462891
-0.35989066958427429199 0.37154066562652587891 -0.70393908023834228516 -0.66685593128204345703 -0.41504126787185668945 1.27758610248565673828 1.36636590957641601562 -1.10458624362945556641 -0.76660120487213134766 -0.53614127635955810547 0.22893890738487240877
0.21846975386142730713 0.93789780139923095703 0.72618871927261352539 0.28854778409004211426 0.40485218167304992676 -1.00756692886352539062 0.05708437412977210301 0.42266374826431268863 -0.93757307529449462891 -1.25029468536376953125 -1.55957424640655517578
-0.96271222829818714484 -0.95596420764923095703 -0.66149789094924926758 0.71028733253479003906 -0.92433559894561756476 0.92819184064865123407 -0.77989596128463745117 -1.18777000904083229749 -1.43882894515991210938 0.47830498218536371402 0.40110930800437927246
1.66388726234436035156 1.17072045803070090564 -0.17765046656131738834 -0.26203492283821100406 0.20124654471874228734 -0.79354417324066162109 -0.97054606676101684570 0.25461730360984802246 -0.75705319643020629883 1.42422699928283691406 0.49697914719581598453
0.07014939934015269885 -0.19102826714515680484 -0.15890087187290188875 0.28078731894493097476 -0.27064928412437438965 0.92786151170730601923 1.67161202430725097656 -0.31731840968132019043 -1.65243828296661376953 -1.21066999435424804688 0.44167533516883850098
1.02842831611633300781 1.68313527107238769531 -0.91799646615982055664 -1.70826995372772216797 -0.91625648736953735352 -0.50297111272811889648 -0.31599146127700800113 1.37441694736480712891 -0.36863365769386291504 1.29889404773712158203 -0.41450834274291992188
-0.26231169700622558594 0.30576184391975397281 -0.49642527103424072266 -1.13165664672851562500 -0.72194308042526245117 -0.45400327444076538086 -0.10312733799219130082 0.04725959524512290261 1.39946603775024391858 1.29611706733703591077 -0.24898922443389889803
1.14366531372070312500 1.09293651580810569079 0.67600089311599731445 0.54403251409530639648 0.94425225257873535156 -1.59107446670532248767 0.72548562288284301758 -1.78207695484161376953 0.61226445436477661133 1.60419821739196777344 -0.74473035335540771484
0.00272912671789520000 0.70630222558975219727 -0.39291450381278991699 -1.72069251537322998047 -0.48465639352798461914 -1.33385205268859863281 0.53427433967590332031 0.81617581844329833984 -1.52728247642517089844 0.08127703517675399780 -1.62260639667511008533
-1.00798964500427246094 -1.69564604759216308594 -0.55670005083084106445 -0.08226158469915390015 -0.39037656784057611636 -1.77032077312469482422 -0.42508253455162048340 1.39984452724456809314 1.20675325393676757812 0.73221260309219360352 -0.55483049154281616211
0.27316549420356750488 0.50596803426742553711 0.08170420676469800081 -0.61711734533309936523 -0.09732624143362039737 1.65833556652069091797 -0.39917230606079101562 -0.40789711475372308902 0.23037917912006369847 -0.03853254020214080117 -1.21732544898986816406
-2.03003692626953125000 -1.44016623497009277344 -0.85717236995697021484 0.66747057437896728516 -0.56614553928375244141 0.24771259725093838777 1.51189732551574707031 0.70743745565414428711 0.50864666700363159180 1.36873722076416015625 -0.00317536457441739989
1.37153482437133789062 1.03870475292205810547 -1.26608872413635231702 -1.74716281890869140625 -1.19759535789489768298 -0.60084092617034912109 -1.07962775230407714844 1.12496435642242431641 0.46964639425277709961 1.20696628093719482422 -1.19335973262786887439
-0.26628354191780090332 -0.70318120718002319336 -0.14735929667949670963 1.00970494747161887439 -0.29447928071022028140 0.83616292476654052734 1.45598018169403076172 1.53682136535644509046 1.67930901050567649158 -1.25404858589172363281 1.15748167037963889392
1.31877863407135009766 1.66835272312164306641 3.35664606094360351562 1.67950963973999023438 3.68896317481994540088 0.72370576858520507812 -0.69214308261871337891 -1.17011797428131103516 0.65942424535751342773 -0.94972544908523559570 3.40700888633728027344
-0.53177839517593383789 -1.15185666084289550781 -0.82917988300323486328 0.33707419037818908691 -0.73673588037490844727 0.38672959804534912109 -0.40939235687255859375 -0.92971664667129516602 0.97784668207168579102 -1.54540133476257324219 0.71627026796340942383
0.27252921462059020996 0.95707911252975463867 0.19901174306869501285 -0.00483304401859640034 0.20748478174209589175 0.12448915839195250077 1.32040274143218994141 -1.76068043708801269531 -0.85053706169128417969 0.41071623563766479492 -1.56333303451538085938
1.18479013442993164062 1.30393803119659423828 1.22890865802764892578 0.66982495784759521484 1.58568775653839111328 0.28981998562812799625 -0.42880809307098388672 0.74702805280685424805 -0.08986520022153850207 -0.82216352224349975586 0.39612907171249389648
0.33792877197265619449 0.52286183834075927734 1.17135989665985107422 0.80906563997268676758 0.60288369655609130859 -0.74675703048706054688 -1.08639955520629882812 -1.61100673675537109375 1.13619315624237060547 -1.62960350513458229749 -0.56811380386352539062
0.52257150411605834961 0.97571349143981922492 1.31243181228637695312 1.50864315032958984375 1.07657253742218017578 1.52771759033203125000 1.35796844959259033203 -1.17648100852966308594 -1.67793571949005126953 1.22380650043487571033 -0.79532116651535034180
0.78458940982818603516 -0.06031954661011690311 -0.40280050039291381836 -1.38411104679107688220 -0.43262603878974909000 -0.06980121135711669922 0.17993421852588650789 1.18698847293853759766 1.36692404747009277344 0.00638172635808579962 -1.10515475273132324219
-0.20320136845111841373 -0.46484926342964172363 -0.08406501263380050659 -0.18354670703411099519 -0.17821876704692840576 -0.06824827194213860249 -0.57658040523529052734 -1.53634393215179443359 0.50730615854263305664 0.99521732330322276727 0.63431024551391601562
0.07102712243795389346 -0.14911977946758270264 0.98928850889205921515 1.74620687961578369141 0.64183312654495239258 -1.84831595420837402344 -1.35988879203796408923 -1.16784298419952392578 0.98747664690017700195 1.46440708637237571033 1.40379524230957031250
-1.32333064079284690173 -0.80150771141052246094 -1.61666619777679443359 -1.23523843288421630859 -0.83911383152008056641 -0.09727074950933449482 1.22991228103637695312 0.05342782661318769971 -0.43728041648864740543 -1.27244734764099121094 0.43152490258216857910
-0.44520121812820429019 -0.87507385015487670898 -0.48631143569946289062 0.39450052380561828613 -0.64102941751480102539 0.67244106531143188477 1.52489531040191650391 1.04425895214080810547 -0.28540062904357910156 0.44994837045669550113 0.63052332401275634766
1.21481263637542724609 1.19674885272979736328 0.15240083634853360262 0.35563126206398010254 0.27876213192939758301 -1.87212002277374289783 -0.23805913329124450684 -0.83395445346832275391 0.75811636447906494141 1.01796579360961914062 -0.26515752077102661133
-0.05982504040002820100 0.23656916618347159642 0.56968796253204345703 0.83863371610641479492 0.17893303930759429932 -1.65015780925750710217 -1.41673743724822998047 -0.63834398984909057617 -0.68398332595825195312 -0.60283136367797851562 0.13013172149658200349
-1.83809077739715598376 -1.79384624958038330078 -0.77166050672531127930 -0.55428123474121093750 -0.79408037662506103516 -0.05242225527763359760 -0.48153978586196899414 0.01981773786246769989 -1.55857849121093750000 -1.66193604469299316406 -0.72867125272750854492
-1.40209162235260009766 -1.59771704673767089844 -0.42274889349937438965 -1.21336674690246582031 -0.86343741416931152344 -0.12364260852336879382 0.99112910032272338867 1.13732421398162841797 -1.24629521369934082031 1.37400138378143310547 -0.94127416610717762335
1.42778074741363525391 1.01281476020813010486 0.61075425148010253906 0.25835904479026788882 1.05704057216644287109 0.98952353000640880243 -0.55182087421417236328 -1.20078194141387939453 -1.31549596786499023438 -1.04700076580047607422 -0.21844665706157678775
-1.28270459175109863281 -1.52288615703582763672 -0.81899636983871459961 -1.12778604030609130859 -0.69253659248352050781 -0.48309350013732910156 0.99708169698715198859 -0.58581721782684326172 0.09212519973516460070 -0.06866145879030219334 -0.48766294121742248535
1.22571015357971191406 0.89716076850891113281 1.83885467052459672388 0.71420907974243164062 2.17999768257141113281 -0.75667023658752441406 0.77185291051864624023 0.69891464710235595703 0.28541463613510131836 -0.25535658001899719238 -0.19666187465190879124
-1.64589762687683105469 -1.47395205497741699219 -0.64704543352127075195 -1.67513990402221679688 -0.91464656591415405273 0.96719783544540405273 1.31859993934631369861 1.34176445007324218750 1.34949743747711181641 -1.48682904243469238281 -0.96540313959121704102
-0.11077041178941719746 -0.31710314750671381168 -0.69140505790710449219 -0.87484753131866455078 -0.32835489511489868164 0.10987599194049829654 0.18425053358078000154 0.42676526308059692383 -1.20835113525390625000 1.26000487804412841797 0.51751947402954101562
-0.96630835533142078742 -0.35622242093086242676 -0.01156573835760349965 1.21292471885681152344 -0.35385766625404357910 1.25253713130950927734 1.45434188842773437500 0.19077427685260769930 -0.01343480590730899982 1.44654905796051047595 0.86171174049377441406
0.39849159121513361148 1.21258950233459472656 -0.75424146652221679688 -1.57671356201171875000 -0.69452393054962158203 -1.92232525348663330078 -1.84636461734771728516 -1.17825090885162353516 1.36005175113677978516 0.77033555507659912109 -2.27122569084167480469
-1.58451390266418457031 -1.01717031002044677734 -0.74460792541503906250 0.71660542488098144531 -0.77794659137725830078 1.62914288043975830078 -0.19895716011524200439 1.23950505256652832031 0.45236915349960321597 -1.05223000049591064453 0.30740007758140558414
0.49933058023452758789 0.70715981721878051758 0.66246402263641357422 0.51592564582824707031 0.48780512809753417969 -1.54354083538055419922 -0.58131921291351318359 1.12108564376831032483 0.53437030315399169922 1.68895912170410156250 -1.43694293498992919922
1.74401068687438964844 1.29333913326263449939 0.57078331708908081055 0.34013411402702331543 0.90123867988586436883 0.83242338895797729492 -0.52000498771667480469 -0.50847560167312622070 -1.18373215198516845703 -1.40791642665863037109 1.10034155845642089844
0.37241894006729120425 0.50926870107650756836 0.96036458015441894531 0.35223022103309631348 0.45076793432235717773 0.27840036153793329410 0.31397879123687738590 -0.21692955493926999178 1.03604710102081298828 -1.22676646709442138672 -1.12193632125854492188
-0.81848406791687011719 -0.98970746994018554688 -0.10112254321575160632 1.11022484302520751953 -0.28864896297454828433 1.24243533611297607422 0.08930911123752589831 0.15311069786548608951 0.85631543397903442383 -1.28272747993469238281 0.77529722452163696289
0.70448291301727294922 1.14954948425292968750 0.65686148405075073242 -0.17607231438159939851 0.52106261253356933594 0.69810038805007934570 -1.15928888320922829358 -0.42288112640380859375 0.71994137763977050781 0.74572938680648803711 -1.71351134777069091797
-1.43245685100555419922 -1.79542815685272216797 -0.71466839313507080078 -1.04778873920440673828 -0.77588933706283569336 1.40604662895202636719 0.63921409845352172852 -1.43435680866241455078 -0.98954451084136962891 -0.26380771398544311523 -1.10678648948669433594
1.22145879268646240234 1.46963989734649658203 -0.06893713027238840274 -1.58484399318695090564 0.02138031460344790025 0.82827436923980712891 -0.59717607498168945312 -1.33096706867218017578 1.31109893321990966797 1.68578004837036110608 -0.26328665018081659488
-1.49192178249359130859 -1.16647052764892578125 -0.94065797328948963507 0.71628934144973754883 -0.64798682928085327148 -1.09959065914154030530 -1.18589353561401367188 1.62489235401153564453 0.92159610986709594727 0.02440486848354329885 0.32781386375427240543
1.43563580513000488281 0.84648317098617553711 1.00450325012207031250 0.60972988605499267578 1.08555436134338378906 -1.43900215625762939453 -0.67697465419769287109 -0.96712511777877796515 1.50366568565368630139 1.40306341648101806641 -0.65636104345321655273
-0.52122229337692260742 -0.62051326036453247070 -0.04507250338792800209 0.95919156074523914679 -0.65063917636871337891 0.12110172957181930542 -0.03089079260826110146 -1.14270675182342529297 0.03212358430027960343 -0.53997611999511718750 1.00256335735321044922
-1.35180544853210449219 -0.98116588592529296875 -0.49719682335853571109 -0.39497944712638849429 -0.73565095663070678711 1.55595231056213378906 -0.13582220673561090640 1.01601135730743408203 -1.40740990638732910156 0.20443342626094809789 -0.26238432526588439941
1.39462912082672119141 0.59863924980163574219 -0.16504402458667749576 -0.97681456804275523798 0.07196538150310509419 0.99321144819259643555 -1.00981891155242919922 0.81143295764923095703 0.52416259050369262695 1.62167525291442871094 -2.04458212852478027344
-0.39621746540069580078 -1.09818279743194580078 -0.57890892028808593750 -0.57357889413833618164 -0.36916771531105041504 0.86188679933547973633 -0.63747996091842651367 -0.50397360324859619141 -0.42275243997573852539 -1.63084864616394042969 0.36144259572029108218
0.93664038181304920538 1.43354046344757080078 1.13505208492279030530 0.85339462757110595703 0.99790424108505237921 -1.17374205589294433594 1.00579059123992919922 -1.39965057373046875000 -0.71763366460800170898 1.63514137268066406250 0.02410681173205370120
-0.25914001464843750000 -0.90593451261520396844 -0.63609528541564941406 -0.33900535106658929996 -0.54179942607879638672 -0.04179075732827180339 -0.90100932121276855469 -1.56107485294342041016 0.29683002829551691226 -1.08427834510803222656 0.51872646808624267578
-0.17564190924167630281 -0.72766798734664916992 -0.55251574516296386719 0.73882877826690673828 -0.54490941762924194336 -0.94977486133575439453 -1.08862149715423583984 0.83695358037948608398 1.23449420928955078125 -1.49546396732330322266 1.04698765277862571033
-0.91507524251937877313 -1.22140216827392578125 -0.34677234292030328922 1.33224570751190207751 -0.54057037830352783203 -0.03307726234197610332 1.04209256172180175781 0.76647448539733886719 0.39639037847518920898 0.15736727416515350342 0.48674333095550531558
1.36888825893402099609 1.63052201271057128906 -1.15244948863983154297 -1.72336328029632568359 -0.82984054088592529297 1.42412996292114257812 0.22560179233551019840 1.60611486434936523438 -0.46356448531150817871 1.57396876811981201172 0.36314862966537470035
-1.09501373767852783203 -0.97770714759826660156 -0.78692233562469482422 -0.34147691726684570312 -0.85916692018508911133 0.36209782958030700684 1.04324793815612792969 -1.01879298686981201172 0.81883996725082397461 -1.15673089027404807361 0.19044895470142358951
-0.51892697811126708984 -1.42372238636016845703 -0.60710459947586059570 -0.43379962444305419922 -0.63407748937606811523 -1.94736766815185569079 -1.66751682758331298828 0.07659860700368879838 -0.49195772409439081363 1.54767262935638449939 -0.13729639351367950439
-1.58308792114257790296 -1.06640338897705078125 -0.47186079621315002441 1.41566097736358642578 -0.77325361967086791992 -0.38299497961997980289 0.91684263944625843390 -0.49012860655784601382 -1.42621290683746337891 0.57361650466918945312 0.50503593683242797852
1.41657924652099609375 1.63066959381103515625 0.70890802145004272461 0.16113270819187158756 1.05928814411163330078 1.68849647045135498047 0.41451960802078241519 -1.37574195861816406250 -0.11617772281169889970 0.71569716930389404297 1.37785327434539794922
-0.32153001427650451660 -0.55149596929550170898 0.09829189628362650089 -0.46053358912467950992 -0.23202991485595700349 1.05644989013671875000 -1.71202421188354492188 -0.19768933951854700259 -1.64733445644378662109 -0.93017518520355224609 0.59001821279525756836
-0.07263502478599540013 -0.72790449857711791992 -1.06075584888458229749 -1.43130934238433837891 -1.17226850986480712891 -1.05111384391784690173 0.78087347745895385742 -1.76341211795806884766 0.98672384023666381836 1.35403478145599365234 0.37836694717407221011
0.58323901891708374023 0.07611723989248270206 -0.77309376001358032227 -1.18942964076995849609 -0.47335985302925109863 -0.34548389911651611328 0.28927844762802118472 -1.24738144874572753906 0.68551820516586303711 -0.52824920415878295898 -1.12402045726776123047
-0.78557682037353515625 -1.11786496639251708984 -0.81335341930389404297 0.09635711461305609959 -0.94673573970794677734 -1.70158195495605490954 1.39087855815887428967 0.76419001817703247070 -0.68837618827819824219 0.31243854761123657227 0.30638402700424188785
0.52255809307098388672 0.47062593698501581363 -0.84358036518096923828 -1.39510631561279296875 -0.55185747146606445312 -0.04818182066082950243 0.54393392801284790039 1.04963111877441406250 -1.55583024024963378906 0.70234590768814086914 -1.68309462070465087891
-0.66603362560272216797 0.13798081874847409334 0.14910486340522760562 -0.02292329631745810073 -0.30837991833686828613 -1.85598468780517600329 0.13218261301517481021 -0.00172105454839759997 -0.79716253280639648438 -0.78493261337280273438 0.57597225904464721680
-1.45353639125823952405 -1.50039124488830566406 -1.32646751403808593750 -0.00231245555914929993 -1.01421475410461447986 0.00637419614940879994 0.70789599418640136719 -0.19191199541091918945 -0.00112606026232240004 -1.54561591148376464844 -0.02071562409400939941
1.10108280181884765625 1.58624958992004394531 0.16674959659576410465 -1.26429522037506103516 0.29458516836166381836 -1.69846117496490478516 -1.84054899215698242188 -1.73734259605407714844 1.53249967098236083984 1.07916748523712158203 -0.36228871345520019531
0.23065911233425140381 0.90108621120452880859 0.52299797534942626953 -0.77970373630523681641 0.13548515737056729402 0.99103999137878417969 0.54106289148330688477 1.52165150642395019531 -0.32486966252326959781 -1.18434131145477294922 -1.82187759876251198499
0.12572214007377618961 0.21536290645599359683 0.67686957120895385742 0.88732129335403442383 0.35492265224456781558 0.66461342573165893555 1.51822960376739501953 0.84418541193008422852 0.22385737299919120091 0.37359827756881708316 0.29813358187675470523
0.00417938921600580042 -0.19345356523990631104 -0.75409442186355590820 -1.30446398258209250720 -0.64099895954132080078 -0.44590252637863159180 -1.56817877292633056641 1.03134238719940207751 -0.32650575041770929507 0.60149484872817993164 0.41419315338134760074
-1.01544797420501708984 -1.31853044033050537109 -0.74947750568389892578 1.55646646022796630859 -0.56082242727279663086 1.68248701095581032483 -1.27205872535705566406 0.31645721197128290347 0.73110628128051757812 1.70663344860076904297 0.68923246860504150391
-0.43354025483131408691 -0.21281537413597101382 -0.83072954416275024414 -1.26503252983093261719 -0.51574534177780151367 0.02510376833379259973 1.19928157329559326172 -1.73393166065216064453 -0.49144935607910150699 -1.05895674228668190686 0.58598983287811279297
-0.92488157749176036493 -0.94495463371276855469 -0.89938759803771972656 1.70054960250854492188 -1.25174009799957275391 0.92033040523529041632 -1.81626653671264648438 -0.65941810607910156250 -1.38790237903594970703 0.05058394744992249920 0.91024303436279296875
1.63470375537872314453 1.60727894306182861328 0.59923130273818969727 0.17088708281517028809 0.61028909683227539062 0.32207626104354858398 -0.81418091058731079102 1.05500638484954833984 0.96442896127700794562 -1.37568151950836181641 0.78735172748565673828
-0.19118700921535489168 -0.00169702165294429992 -0.31928038597106928043 -1.54589688777923583984 -0.42344495654106140137 -0.52275019884109497070 1.06274354457855224609 1.46882963180541992188 -1.46428143978118896484 -0.59239429235458374023 -0.52913862466812133789
-0.62733775377273559570 -0.01707673259079450084 -0.86062949895858764648 0.00324283819645639982 -0.61558896303176879883 -0.36612090468406677246 0.31222179532051080875 -1.21024978160858154297 0.80987662076950073242 -0.41087013483047479800 1.08182239532470703125
0.15614457428455350008 0.82253944873809814453 0.04271847754716869699 0.09495445340871809525 -0.09724534302949899844 -0.10939349979162210635 -1.26634323596954367908 0.52334636449813842773 -0.99785298109054565430 1.60574293136596679688 -1.37992525100708007812
1.48101675510406494141 1.33106517791748046875 1.00834941864013671875 0.19215251505374900121 1.03379464149475097656 -1.25396323204040527344 -1.49927806854248046875 -0.11528137326240539551 -0.19460636377334589175 0.93176490068435680048 0.68585687875747680664
1.48110425472259521484 1.20149981975555419922 0.99177169799804676398 0.69339680671691894531 1.10195195674896240234 -0.10319159179925910252 1.34034407138824462891 1.12790381908416770251 -0.21263988316059109773 0.09720300137996669421 0.59492743015289306641
0.13634918630123130101 0.21345734596252438631 -1.41669309139251708984 -1.52317655086517311780 -0.92424815893173217773 -1.56186902523040749280 -0.88254857063293457031 1.41959512233734130859 0.35046923160552978516 -1.52666759490966796875 -0.33624550700187677554
-0.25544241070747369937 -0.21690793335437769107 0.95466434955596923828 0.33872988820075988770 0.29433363676071161441 -0.88671213388442993164 1.61001729965209960938 -0.78944104909896850586 0.76629054546356201172 1.09695470333099365234 0.81182032823562622070
0.19722518324851989746 0.89525014162063598633 -1.31118977069854736328 -1.73835587501525878906 -1.34754717350006103516 -0.40171226859092712402 -0.96062749624252319336 0.26740461587905878238 1.41598761081695556641 -0.34317377209663391113 -1.78905594348907470703
-0.16709041595458978824 0.55483311414718627930 -0.18441240489482879639 -0.80216759443283081055 -0.32979592680931091309 -1.01596570014953591077 0.46889829635620111636 1.26037085056304909436 -1.19743227958679199219 0.95469200611114501953 -0.69848734140396118164
0.83493345975875854492 1.03584396839141845703 1.27119004726409912109 0.77253365516662597656 1.10490763187408447266 -0.48880624771118158511 0.92962652444839477539 -1.35793220996856689453 0.01115692034363740051 -1.28505027294158935547 -1.13230776786804199219
