-0.18199597299098960179 -0.49345877766609191895 0.42964830994606018066 -0.16268448531627649478 0.06777914613485329365 0.28294780850410461426 0.18082058429718009251 0.24561338126659390535 -1.63051092624664306641 0.73544687032699584961 0.52132576704025268555
0.62493073940277099609 0.20077307522296899966 0.64344048500061035156 1.15043842792511008533 0.78064227104187011719 1.01855063438415527344 0.74655663967132568359 -0.62409591674804687500 0.55612701177597045898 1.33557319641113281250 -0.28287327289581298828
1.36238610744476318359 0.79222828149795532227 0.24717019498348230533 -1.19025790691375710217 0.29950645565986627750 0.07877345383167259907 0.69127422571182250977 0.76371103525161743164 -0.34314653277397150211 -1.32161188125610351562 -1.76240944862365722656
0.06715504825115199694 -0.52290642261505126953 -1.60908031463623046875 -1.15356469154357910156 -1.16243517398834250720 1.19662427902221679688 1.44852113723754882812 0.99465292692184437140 -0.89308482408523559570 -1.35117208957672119141 0.86928349733352661133
-0.19166855514049530029 -0.54564726352691650391 -0.78966474533081054688 -1.13969457149505615234 -0.59855836629867553711 1.73675692081451416016 1.40636014938354492188 0.21498300135135650635 -0.72901624441146850586 0.33576080203056329898 0.36304947733879089355
-0.67143934965133666992 -1.21703565120697021484 -0.69496798515319824219 -1.08488905429840087891 -1.05434465408325195312 1.35437595844268798828 0.55588543415069580078 1.02797985076904296875 0.62912917137145996094 0.53422391414642333984 -0.66774404048919677734
1.97772121429443359375 1.51594185829162597656 1.70683264732360839844 0.37005794048309320621 2.85989284515380859375 -0.37069743871688842773 -1.04860889911651589124 0.88988596200942993164 -0.09786961972713470459 0.20533089339733121004 2.02772116661071777344
1.13934874534606911389 1.35221862792968750000 0.17001603543758389558 -0.27382019162178039551 0.37185177206993097476 -1.02063488960266113281 -0.60806727409362792969 -0.97117084264755237921 -0.42505279183387750797 0.50486755371093750000 -0.52867174148559570312
-1.57503283023834250720 -1.07634913921356201172 -0.30037724971771240234 -1.02254164218902610095 -0.87154012918472290039 1.38563477993011474609 0.56689965724945068359 1.32165896892547607422 0.11618804186582559757 0.89279240369796752930 -0.80914556980133056641
-1.16819071769714355469 -1.08626031875610351562 -0.73290282487869262695 -0.63257628679275512695 -0.94187629222869884149 -0.48553180694580078125 -1.04835510253906250000 1.10619366168975830078 1.24989461898803710938 -0.99957346916198719367 -0.24976733326911920718
-0.34288644790649408511 -0.60240489244461059570 -0.59161162376403808594 0.04887201637029640194 -0.56518745422363281250 -1.13339579105377197266 0.65032243728637695312 -1.27493417263031005859 0.56772714853286743164 -1.10293698310852050781 0.68819159269332885742
-1.51559674739837646484 -1.55106008052825927734 -1.28114485740661621094 0.13021321594715110082 -0.91578173637390136719 -0.62893033027648925781 -0.45829907059669489078 0.45812568068504327945 1.35746765136718750000 0.17715214192867279053 -0.08590617775917050447
1.61399042606353759766 1.69969582557678222656 0.44695591926574701480 -1.16678798198699951172 0.97083777189254760742 0.95939838886260997430 1.32676923274993896484 1.09519028663635231702 1.28109848499298095703 -0.32976806163787841797 0.74555462598800659180
-0.70387822389602661133 -0.43489286303520202637 -1.23592650890350341797 -1.86869263648986794202 -0.99060666561126720087 1.06804144382476806641 0.13779471814632410220 1.05697417259216308594 0.21348913013935089111 0.84093898534774780273 0.52569520473480224609
-0.89985460042953491211 -0.48047694563865661621 -0.40889680385589599609 -1.41918098926544189453 -0.67521828413009643555 -1.48644375801086447986 -1.81357574462890647204 1.75199866294860839844 -0.09525828063487999653 0.81202369928359985352 0.14254823327064511385
0.95753920078277598993 0.87011283636093139648 -0.35205492377281188965 -0.83131152391433715820 -0.24319790303707120027 -0.21010716259479519930 -1.23071002960205078125 0.81756711006164550781 1.41533803939819335938 1.67692768573761008533 -2.35073447227478027344
-0.60377877950668334961 -0.21836903691291809082 0.65909105539321899414 1.07658898830413818359 0.07678002864122389359 -0.82051724195480346680 -1.45924079418182350842 1.34440004825592041016 1.25160670280456542969 -0.55686366558074951172 1.17870378494262695312
1.06833565235137939453 1.17945814132690429688 0.60326063632965087891 -0.36637526750564569644 0.66759747266769409180 -1.14570021629333496094 -1.71988523006439208984 -1.03363132476806640625 1.18017745018005371094 1.15916144847869873047 -1.01972377300262428967
-0.51263123750686645508 -0.63754510879516601562 -0.27628436684608459473 0.69311034679412841797 -0.82703810930252075195 1.58604598045349121094 1.41488075256347656250 -0.83869522809982299805 -1.72788119316101074219 1.40359616279602050781 1.10973834991455078125
-1.29272973537445090564 -1.30631279945373535156 -0.10839738696813580598 -0.57124805450439453125 -0.76386827230453491211 -1.00149035453796408923 -1.76817846298217751233 -1.01309370994567871094 0.29191875457763671875 -1.28198134899139404297 -0.53597307205200195312
-0.33257654309272760562 -1.02566611766815207751 -0.66453337669372558594 0.86775463819503784180 -0.55918937921524047852 0.00987183302640910060 -0.84563380479812622070 0.91519838571548461914 1.17872250080108642578 1.38368964195251464844 0.63921725749969482422
-0.68490189313888549805 -0.88806265592575073242 -1.49893045425415039062 -1.00453448295593261719 -1.30984747409820556641 -1.46047997474670410156 -1.72097265720367431641 0.43960750102996820621 -1.30119860172271728516 -0.00390655687078830024 0.17464292049407958984
0.69352757930755615234 0.52726900577545166016 0.73454612493515014648 -0.45612969994544977359 0.81126755475997924805 -0.88103675842285156250 -1.73807621002197287829 1.72226715087890625000 -1.00302064418792724609 1.32032263278961181641 -1.36881816387176513672
1.62316989898681640625 1.35230338573455810547 0.16242353618144989014 -0.91465121507644642218 0.16871231794357299805 -0.58437365293502807617 1.07844197750091552734 -1.69341659545898437500 0.91770553588867198602 -0.26070213317871088199 0.07837390154600140657
2.09326291084289550781 1.59925782680511474609 1.14968729019165039062 0.28695422410964960269 2.07323408126831054688 0.26333993673324579410 0.53933620452880859375 1.21150767803192138672 1.60656070709228515625 0.30991140007972717285 1.26205801963806152344
0.20862156152725219727 0.10653787851333609837 -0.67316979169845581055 -0.35636866092681879215 -0.51489567756652832031 2.17033815383911177221 1.27209663391113281250 0.87001425027847290039 -0.58776241540908813477 1.14646470546722389905 0.26151096820831298828
1.03551518917083740234 1.69100773334503151624 -1.04260694980621337891 -1.31977581977844238281 -0.51258939504623413086 -1.25478684902191162109 -0.18546885251998901367 -1.34681844711303710938 0.01626425981521599853 -1.26743423938751220703 0.08261585980653760042
-1.35064053535461447986 -1.61302864551544189453 -1.17556238174438476562 -0.15734018385410308838 -0.62411838769912719727 -0.18589426577091208714 -0.92829972505569458008 1.23141515254974365234 -0.10858958959579459447 -0.40796726942062377930 -0.07662401348352429475
-0.80407661199569702148 -0.56818491220474243164 -0.81570374965667724609 -1.52002334594726562500 -1.03367733955383300781 -1.75464117527008056641 -0.90309810638427723273 -1.31610989570617675781 -1.28176879882812500000 -1.72885477542877197266 0.07358234375715250186
-0.41875484585762018375 -0.19848006963729850072 0.51391887664794921875 0.56702917814254760742 -0.26039382815361017398 3.03847193717956498560 1.26735079288482688220 0.98908942937850963251 -0.96309971809387195929 0.64323449134826660156 0.80868959426879882812
-0.98028981685638438837 -1.56771922111511230469 -0.92345452308654796258 0.88373768329620361328 -0.94499075412750244141 -0.19986760616302490234 -0.11813019961118689793 1.55432939529418967517 1.49671220779418967517 -1.52587521076202392578 -0.19260856509208679199
-1.50923156738281250000 -1.21608424186706542969 -0.85496562719345092773 0.52664983272552490234 -0.53671783208847045898 0.01526843756437300074 -0.90963578224182117804 1.47114396095275878906 1.69073331356048583984 0.60418587923049926758 -0.14302204549312588777
-0.76267749071121215820 0.00275493599474429997 -0.06664369255304329609 0.36908137798309320621 -0.57998335361480712891 -0.85777735710144042969 -0.72499203681945800781 -0.78505563735961914062 1.34912204742431640625 1.38216507434844970703 0.76339948177337646484
1.96221971511840798108 1.37178492546081542969 1.56403028964996337891 0.50279271602630615234 2.07077980041503906250 -0.54502749443054199219 -0.06036319211125369677 0.36104813218116760254 0.17145426571369171143 -0.33568373322486877441 1.37654876708984375000
-0.30793580412864679507 0.26016649603843688965 0.16187545657157889623 0.47784322500228881836 0.02994461543858049912 2.03130030632019042969 1.26915776729583740234 0.04633513092994689941 1.46240162849426269531 1.01512825489044189453 0.56778460741043090820
-0.50199753046035766602 -1.12600028514862060547 -0.22904595732688901033 1.07580411434173583984 -0.67589771747589111328 0.74534308910369873047 1.04645264148712158203 0.11504659056663510408 -0.44806674122810358218 -1.49872422218322753906 0.70638954639434814453
0.50231879949569702148 1.26051127910613991467 -0.47002017498016357422 -0.71801376342773437500 -0.15056160092353820801 0.49824452400207519531 1.08937263488769509046 0.70393979549407958984 1.28357458114624023438 -0.12274309247732159700 -1.93670368194580078125
-0.34686884284019470215 -0.78093975782394409180 -0.28873044252395629883 0.45255312323570251465 -0.49072209000587457828 1.63947713375091552734 1.50546777248382568359 0.05610578134655949678 -1.69188284873962402344 1.00280761718750000000 0.84216159582138061523
-1.23148632049560569079 -0.52970504760742187500 0.08076196908950800113 -0.93303048610687255859 -0.27933493256568908691 2.44438242912292480469 1.09826624393463112561 0.58059883117675781250 0.40592700242996210269 1.62329375743865966797 -0.30155834555625909976
0.86135041713714599609 1.05742573738098144531 0.70987457036972045898 -0.51715040206909179688 0.68840712308883666992 -0.70489990711212158203 -0.78586530685424804688 0.09388408809900279650 0.53856223821640014648 -0.82373911142349243164 -1.69680595397949218750
0.38095903396606439761 0.15601640939712518863 0.17899778485298151187 -0.78812116384506225586 -0.17882379889488220215 -0.45765632390975952148 -1.36237657070159912109 0.86441516876220703125 0.39122793078422540836 1.59607946872711181641 -0.74845135211944580078
0.60779976844787597656 0.99315655231475841180 0.49707475304603571109 0.38977986574172968082 0.52723383903503417969 -0.10507351160049430150 0.28136801719665527344 -1.16462552547454833984 -1.33899855613708496094 -1.18162989616394042969 -1.85943353176116921155
-1.19021141529083229749 -1.21949028968811035156 -1.36438870429992675781 -1.55154979228973410876 -0.89858865737915039062 -0.44209340214729309082 -1.43467497825622558594 0.53040015697479248047 1.57147896289825439453 0.99053943157196044922 -0.59873759746551513672
-0.88233435153961181641 -1.35382843017578125000 -0.67858695983886718750 -0.09310459345579140400 -0.91132605075836181641 0.46167460083961481265 -0.66587519645690917969 1.37418723106384277344 0.90704065561294555664 1.40890264511108398438 -0.39791962504386901855
-1.44638967514038085938 -0.70366716384887695312 0.67184174060821533203 0.40796354413032531738 -0.40182942152023309879 -0.79317760467529296875 -1.23058760166168190686 0.86617285013198852539 -0.59735041856765747070 -1.54782164096832275391 0.11539325863122940063
-0.64645123481750488281 0.11816930770874020662 0.00805800780653950083 0.17823709547519681062 -0.47566202282905578613 -0.39766407012939447574 -0.40900614857673639468 0.40047240257263178043 -0.27531448006629938297 -0.94021427631378162726 0.54037970304489135742
-0.56785184144973754883 -0.28107813000679010562 -0.57448768615722656250 0.82386726140975952148 -0.38192319869995111636 -1.42024457454681396484 -0.83700436353683471680 -0.91049224138259876593 1.48351931571960449219 -1.31321632862091064453 1.30843305587768554688
0.95012956857681285516 0.39408621191978449039 -0.74767273664474487305 -1.34239304065704367908 -0.30158653855323791504 -0.43220502138137817383 0.21811574697494501285 -0.24137189984321588687 -1.56666028499603271484 -0.83771699666976928711 -1.82943272590637207031
-0.66656106710433959961 -0.63146835565567016602 -0.72133582830429077148 -1.66082715988159179688 -0.78961980342864990234 2.00025177001953125000 0.78808170557022094727 0.34986382722854608707 0.01353870611637830040 1.04015314579010009766 -0.10073348134756079930
0.37020111083984369449 0.28462064266204828433 0.80035609006881713867 1.68054425716400168689 0.21743457019329071045 -0.27630850672721857242 -0.31418055295944208316 -0.59706914424896240234 0.87566411495208740234 -0.31907600164413452148 0.05011090636253349995
-1.05846130847930908203 -0.48113495111465448550 -0.18865026533603659886 0.26039472222328180484 -0.80849468708038330078 0.76449412107467651367 1.29762411117553710938 -1.47753107547760009766 -1.53427875041961669922 1.39375615119934082031 0.21493740379810330476
1.48856675624847389905 1.68290138244628906250 -0.03409235179424280338 -1.53737783432006835938 0.47951987385749811343 0.59023481607437133789 1.55576050281524658203 -0.03169972822070119683 -1.32939565181732177734 -1.18359112739563010486 0.45688822865486139468
1.86608874797821044922 1.59314513206481911389 0.24506838619709009341 -1.20974886417388916016 0.45127430558204650879 -0.26494047045707702637 -1.01086914539337158203 -0.16023352742195129395 0.93541646003723144531 1.54788494110107421875 0.70552736520767211914
-1.86103200912475608142 -1.45208084583282470703 -1.32661223411560058594 -1.71320283412933349609 -0.91597765684127796515 0.10188320279121390599 -0.49164435267448419742 -0.04145875945687289843 0.71781414747238159180 -0.47007921338081359863 -0.75015920400619506836
0.32905960083007812500 1.09316515922546408923 0.81184238195419311523 -0.26613286137580871582 0.59759086370468139648 -0.44706562161445617676 -0.49238613247871398926 1.03390824794769287109 -0.47845712304115289859 -0.64010894298553466797 -1.89821910858154296875
-1.03618621826171875000 -0.98555403947830200195 -0.77853500843048095703 -0.59687918424606323242 -0.40016397833824157715 -0.88225686550140380859 -0.51964783668518066406 -1.17484104633331298828 -1.47880983352661110608 0.48926439881324768066 -0.02915620803832999833
0.43783563375473022461 -0.30542370676994318179 -0.73129171133041381836 -1.16001963615417480469 -0.80754101276397705078 -0.38452601432800287418 -0.09888137876987450336 1.15426981449127197266 0.75849860906600952148 0.05536558479070659983 0.02505292370915410127
-1.70891654491424560547 -1.64365160465240478516 -1.39478421211242675781 1.66753947734832763672 -1.11062860488891601562 0.27063494920730590820 1.47458314895629882812 -1.63023245334625244141 1.62693154811859130859 0.86972588300704956055 0.59022700786590576172
0.46330225467681879215 -0.55016100406646728516 0.25424113869667047672 1.54495012760162353516 -0.14861273765563959293 -0.49170109629631042480 0.27278608083724970035 -0.36437773704528808594 0.29951179027557367496 -1.44992816448211669922 1.23075616359710693359
0.08055902272462840685 1.08265101909637428967 0.96686834096908558234 0.35583174228668207340 0.34732297062873840332 -1.07738792896270751953 -1.78312408924102783203 -0.09985705465078349718 -0.86196905374526977539 0.53180319070816040039 -1.19428277015686035156
0.24364057183265680484 -0.30657485127449030093 0.12877349555492401123 0.59128981828689575195 0.02165790833532809864 -0.49143213033676147461 -0.43626943230628967285 -0.95403110980987559930 0.07484694570302960481 1.40065014362335205078 1.00252723693847656250
0.28766164183616638184 1.11634171009063720703 -1.12285375595092751233 -1.78662884235382080078 -0.70132863521575927734 0.49254992604255670718 -0.42394125461578369141 1.72383427619934082031 -0.93541252613067638055 -1.31826698780059792249 -2.41486525535583496094
0.63120394945144653320 0.51113647222518920898 -0.35444101691246032715 -0.05474907159805290219 -0.40381920337677001953 -0.60626059770584106445 -0.03203901275992390024 -1.14492070674896240234 0.60417586565017700195 -0.56420820951461791992 -1.61884784698486328125
-0.14249031245708460025 -0.48263633251190179996 -0.18759971857070920076 1.40926253795623779297 -0.02538324147462839991 -1.04574370384216308594 -1.57924532890319824219 -1.64068686962127685547 -1.37186050415039062500 -0.39939999580383300781 1.48563385009765625000
0.69749408960342407227 1.22047865390777610095 -0.35572406649589538574 -1.05575227737426757812 0.03733220323920249939 -1.24604940414428710938 -1.66013944149017311780 1.72558784484863281250 -1.65173304080963112561 0.73350155353546142578 -1.84457397460937500000
-0.50461351871490478516 -0.92380547523498535156 -0.60954797267913818359 -1.83951866626739501953 -0.45043739676475519351 -0.73054766654968261719 0.89593541622161865234 -1.41637015342712402344 -1.53034365177154541016 -0.95356124639511119501 -0.04837006330490110223
0.06114538386464109937 -0.16893708705902099609 0.15492312610149380769 1.66519188880920410156 -0.21240563690662381258 1.01981163024902343750 0.50384801626205444336 0.53643798828125000000 0.53374594449996948242 0.80535858869552612305 1.31962275505065917969
0.97300547361373901367 1.20504295825958229749 2.20298266410827636719 1.29076433181762695312 1.93368148803710915296 0.45723298192024230957 0.30693703889846801758 0.20725041627883911133 1.16962027549743630139 0.56983405351638793945 -0.37277016043663019351
-0.64471024274826049805 -1.51988410949707031250 -1.28910088539123535156 1.61126685142517089844 -1.28675234317779541016 0.39274492859840387515 0.86592304706573486328 -1.42775404453277610095 -1.04244911670684792249 0.83602058887481689453 0.62739986181259155273
-0.63692390918731689453 -1.49261379241943359375 -0.76556956768035888672 0.27457061409950250797 -0.94238328933715820312 0.18707668781280509251 -0.48611617088317871094 0.63365465402603149414 1.69416952133178710938 0.59604591131210327148 -0.44240501523017877750
0.76754766702651977539 0.61459630727767944336 1.20847034454345703125 0.21409572660923001375 1.02342915534973144531 0.09642338752746580643 0.34163251519203180484 -0.71538233757019042969 0.62038034200668334961 0.60618728399276733398 -1.55531787872314430921
0.23866990208625790681 0.37575960159301757812 0.16198322176933280248 -0.61894351243972778320 0.22164103388786310367 -0.83548420667648315430 -1.65477824211120605469 0.16321597993373870850 -0.43922901153564447574 1.37170934677124023438 -0.50647920370101928711
0.58630245923995971680 0.70856267213821411133 1.88559198379516601562 0.33865591883659357242 1.82432460784912109375 -0.50583547353744506836 -1.31035327911376953125 0.52979332208633422852 -0.49227714538574218750 1.30106949806213378906 -0.81877315044403076172
0.57763290405273437500 0.26057147979736328125 -0.13819003105163568668 0.12860520184040069580 -0.15916959941387170963 3.89832258224487304688 1.57728159427642822266 1.20222055912017822266 -0.76530534029006958008 1.64376795291900634766 -0.69711583852767944336
-1.04181170463561989514 -0.75504481792449951172 -0.71836727857589721680 -0.72270810604095458984 -1.05365264415740966797 -1.29440200328826904297 -0.69474613666534423828 -1.48441159725189208984 -1.30812823772430419922 0.18913967907428738680 -0.11506778001785269994
0.92381942272186279297 0.75556457042694091797 0.09244773536920540546 0.33141592144966119937 0.06852071732282630223 -0.54623246192932128906 -0.87604069709777832031 1.76741552352905273438 -1.36833977699279807361 -0.34733515977859491519 -1.78912484645843505859
1.02585661411285400391 1.38123834133148193359 2.07255983352661177221 0.54208534955978393555 2.09092569351196289062 0.27433109283447260074 1.29172837734222389905 0.32115042209625238590 -1.22941160202026367188 -0.43362194299697870425 0.34405466914176940918
0.92332971096038818359 1.32118725776672363281 0.54870015382766723633 -0.32803496718406677246 0.71892237663269042969 -1.52926957607269287109 -1.51997065544128417969 1.73863029479980490954 0.93023747205734241827 0.76971834897994995117 -1.05040168762207031250
-0.47030285000801080875 0.09653235971927640047 0.00015941618767100000 0.84919869899749755859 -0.44033834338188171387 -0.61853414773941040039 -0.88534885644912719727 1.01818954944610595703 -1.27150094509124755859 -1.51199030876159690173 0.88055408000946044922
1.30599904060363769531 1.36162936687469482422 2.80115962028503417969 1.42381763458251953125 3.37120842933654785156 -0.18391531705856320467 -0.74034231901168823242 -1.22820425033569335938 -1.29365634918212890625 -0.48540449142456049136 1.99877381324768088611
1.38537919521331809314 1.08555674552917480469 2.32256460189819335938 0.91373991966247558594 2.39097881317138671875 -0.11506198346614829320 -1.08470904827117919922 -0.68862819671630859375 0.34335419535636901855 0.20336660742759699039 0.43292036652565002441
-0.92041260004043579102 -1.21909463405609130859 0.10460928827524179630 -1.75463843345642089844 -0.52883797883987426758 -0.82201075553894042969 -1.26573801040649391858 0.75284236669540405273 -0.54594224691390991211 -0.50006407499313354492 -1.10239398479461669922
-0.30602732300758361816 -0.22529630362987509984 -0.92091864347457874640 0.06896193325519560380 -0.80901336669921875000 -0.54903858900070190430 -1.14640712738037109375 -0.48590251803398132324 -0.91420996189117442743 0.36019933223724359683 0.94416630268096923828
0.44263643026351928711 0.02274826169013970112 1.46004331111907958984 1.42156302928924560547 1.34380924701690673828 -1.33042478561401367188 -1.64492976665496848376 0.05561408028006550180 -0.00631560245528809978 1.73123085498809792249 0.90219759941101085321
-0.54742074012756347656 0.46528047323226928711 0.08208014070987700028 -0.62864738702774047852 -0.11144111305475229434 0.07997038960456839818 1.02541220188140869141 -0.81177330017089843750 1.28808844089508056641 -0.30849367380142211914 0.16029298305511469058
0.25840973854064941406 0.92365133762359619141 0.39115720987319940738 -0.52125269174575805664 0.52252781391143798828 1.15439093112945556641 1.24379026889801047595 1.58728206157684326172 -1.65246582031250000000 -1.69931876659393310547 -1.70453357696533203125
-0.39683938026428222656 0.20689961314201349429 -0.62065362930297851562 -0.28747805953025817871 -0.54079043865203857422 0.72276824712753295898 0.86225271224975585938 -0.86635351181030273438 0.92771768569946277960 0.22594776749610900879 0.73316377401351928711
0.95050144195556640625 0.91665577888488758429 0.53762173652648925781 0.05706053599715230074 0.46491158008575439453 1.60400164127349831311 1.33695685863494873047 1.18679833412170410156 -1.45240831375122070312 -0.67119389772415161133 -1.97445535659790039062
1.04212641716003417969 1.46912264823913552014 1.65514922142028808594 0.45571109652519220523 1.50531458854675292969 0.00704698078334330038 -0.40207204222679138184 -1.56214654445648193359 1.38268709182739257812 1.27424800395965576172 0.13784119486808771304
-0.38011446595191950015 -0.76031965017318725586 -0.57849532365798950195 -0.23735314607620239258 -0.69665193557739257812 -1.22109091281890869141 -1.68585538864135742188 -1.46982145309448242188 -0.01146883424371480074 0.04907705262303350274 0.60826933383941650391
0.41563084721565241031 0.10081992298364629568 0.26788511872291559390 0.92925226688384998663 0.35695654153823852539 -0.87537777423858642578 0.18265661597251889314 -1.30812680721282958984 1.51628172397613525391 -0.05789969488978379680 0.34289911389350891113
-0.33792608976364130191 0.07858752459287640657 -0.04219082742929450291 0.23139759898185729980 -0.51981037855148315430 2.21768283843994140625 0.63611286878585815430 1.62346112728118896484 -0.06627671420574179906 1.01495814323425292969 0.67303204536437988281
1.44902789592742919922 1.14226031303405761719 0.94672399759292602539 0.37410929799079889468 0.90080201625823963507 2.77914404869079589844 0.93007618188858043329 1.69732856750488281250 -0.90729534626007080078 1.64204883575439430921 -0.23207595944404599275
-0.56298255920410156250 -0.10575369000434869937 0.19609935581684109773 0.21989937126636499576 -0.38035774230957031250 -0.78786200284957885742 -0.99654126167297363281 1.41145384311676047595 -0.91338080167770396844 -0.07181881368160239476 0.62981492280960083008
-0.45479229092597961426 -0.12988039851188659668 0.64616733789443969727 -0.15121133625507349185 0.14617590606212610416 0.09853785485029220581 -0.54456841945648193359 0.91735053062438964844 0.37104040384292602539 -0.80149251222610473633 0.49827435612678527832
0.16672818362712860107 -0.26753515005111688785 0.01409763563424339984 1.71103441715240478516 -0.15257434546947479248 -0.97287034988403320312 -1.16318690776824951172 1.69605767726898193359 0.98799514770507801398 -0.08172553032636639680 1.06077647209167480469
-0.78094035387039184570 -1.22952294349670410156 -1.08610582351684570312 -0.11021044105291359638 -0.70256268978118896484 0.12427680194377889455 1.19079613685607910156 -0.05335795134305949816 -1.40525305271148681641 -1.41296708583831809314 0.04965692386031150124
-0.19616429507732391357 0.58283340930938720703 -0.90207904577255237921 -1.30406534671783447266 -0.96646541357040405273 1.87241387367248512952 0.20526236295700070467 1.53251039981842041016 0.11543449759483330463 0.34412819147109979800 -0.50308364629745483398
-1.03188955783843994141 -1.42732715606689430921 -1.23667085170745849609 -0.07165194302797310566 -0.73573559522628784180 0.23804570734500879459 0.08703701943159100618 1.06584334373474121094 1.09942948818206809314 -0.15081579983234399966 -0.30017009377479547672
-0.35298618674278259277 -0.89967155456542968750 -0.35021772980690002441 1.64128994941711447986 -0.57762461900711059570 -0.04116174951195709919 -0.60420906543731689453 0.95971089601516723633 1.27079415321350097656 0.07256043702363959569 0.95974951982498157843
0.41373842954635620117 0.86312764883041381836 0.19924321770668029785 -1.10937547683715820312 0.06693990528583519672 1.55477833747863769531 0.39856192469596857242 0.66921144723892211914 1.29616546630859375000 1.21516275405883789062 -1.88635921478271484375
1.07054734230041503906 1.02263474464416503906 0.61408817768096923828 0.06036878377199170198 0.80089718103408813477 -0.38617774844169611148 -0.03187488019466400146 -1.48931670188903808594 -1.30361080169677712171 0.95087337493896484375 -1.32273769378662109375
0.13762162625789639558 -0.52474236488342285156 -0.20382173359394070711 0.34684357047080988101 -0.42134582996368408203 0.24465429782867428865 -0.40618053078651428223 0.86416357755661010742 -1.44334292411804199219 0.46689778566360468082 0.89014214277267456055
-1.29794549942016601562 -1.27287340164184570312 -1.15106201171875000000 0.69371187686920166016 -0.71761250495910644531 -0.48239126801490778140 1.12262618541717529297 -1.65317058563232421875 -0.43173378705978388004 -0.78674179315567016602 0.46481594443321228027
1.40005636215209960938 1.05975234508514404297 2.00117778778076171875 1.43737840652465820312 2.21438264846801757812 -1.40462458133697509766 -1.09109890460968017578 -1.42745625972747802734 1.46845674514770507812 0.13663779199123379793 0.57404327392578125000
1.44828057289123535156 0.88960999250411987305 1.59859025478363037109 1.20458495616912841797 2.17100548744201660156 -1.28712570667266845703 -1.67085123062133789062 -0.41955539584159851074 -1.26097285747528076172 0.46029230952262878418 -0.19416260719299310855
-0.67955732345581054688 -1.24995720386505126953 -1.61723744869232177734 0.11041387170553200459 -0.90942913293838500977 0.36976364254951471500 0.22893430292606350984 -0.60165107250213623047 1.07486462593078591077 0.05170106142759320345 0.75952547788619995117
-0.70547115802764892578 0.04297060146927830088 -0.00280533870682120020 -1.12451314926147460938 -0.16018760204315179996 -0.85128682851791381836 -1.32292759418487571033 0.05862220749258990199 -1.46081483364105224609 1.43566143512725830078 0.30995410680770868472
0.39785349369049072266 -0.10037524998188010472 -0.65451383590698242188 -1.29366815090179443359 -0.75102454423904418945 1.09011805057525634766 1.27837145328521728516 -0.82773345708847045898 0.90381300449371337891 1.01133668422698952405 -0.39991700649261469058
0.63611167669296264648 0.18082866072654721346 -0.21138879656791678685 0.11522450298070900654 -0.14721536636352539062 -1.15506577491760231702 -1.19907534122467041016 -0.69024634361267089844 0.46515768766403198242 -1.73831605911254882812 -0.72041928768157958984
-0.88239276409149169922 -0.99725061655044555664 -1.04295670986175537109 0.68045765161514282227 -0.75193029642105102539 1.83085775375366210938 0.82130408287048339844 1.40297818183898925781 0.06620340049266809634 -0.34338387846946710757 0.73185831308364868164
-0.15582926571369171143 0.20790180563926691226 0.34246340394020080566 0.96010804176330555304 0.12981885671615600586 1.08494150638580322266 1.26984143257141113281 -0.70823329687118530273 -1.20572936534881591797 0.58977532386779785156 0.70702850818634033203
0.60429185628890991211 1.23443663120269775391 -0.03605775907635679761 -1.26515924930572509766 -0.11106514930725089330 -0.94271677732467640265 -1.13459300994873046875 -1.46974599361419677734 -0.95376372337341319696 -0.70623463392257690430 -2.49111938476562500000
1.13317573070526123047 0.80344414710998535156 0.63135105371475219727 -0.15529127418994900789 0.91868871450424205438 2.54429316520690917969 1.56064093112945556641 1.27796900272369384766 -0.61055338382720947266 0.88552457094192504883 -1.58565557003021240234
-0.93593293428421020508 -1.47706174850463889392 -1.06395184993743896484 0.24928784370422360506 -0.58342599868774414062 -1.12264502048492431641 -1.20250797271728515625 1.38696575164794921875 -1.38830602169036887439 -0.58352583646774291992 -0.06846031546592709627
-0.13820460438728329744 0.44167324900627130679 0.79352194070816040039 1.51166558265686035156 0.44437548518180841617 0.78831094503402709961 -0.15220277011394500732 0.81607007980346679688 0.63921636343002319336 1.38854992389678955078 0.52897661924362182617
-0.13580687344074249268 -0.99035072326660156250 -0.03075362928211679975 1.09119164943695090564 -0.00531536387279619993 -0.47448021173477167300 -0.78199887275695800781 -0.96545559167861938477 -0.90564858913421641962 0.25253516435623168945 0.66832655668258666992
-1.11782562732696510999 -1.53073835372924804688 -2.05402469635009765625 -0.27928024530410761050 -1.14823460578918457031 -1.40053844451904296875 0.05259870737791060014 -0.55721819400787353516 0.90768706798553477899 -1.26723158359527610095 0.56041306257247924805
-1.27494525909423850329 -1.53352153301238991467 -1.25142228603363037109 -1.45078706741333007812 -0.64955854415893554688 1.42732119560241699219 0.71045905351638793945 0.57216054201126098633 1.20010042190551757812 0.95139014720916759149 -0.44733074307441711426
-0.76511639356613159180 -1.10999393463134765625 -0.92123049497604359015 -0.68469101190567016602 -0.66358286142349243164 1.88628816604614235608 1.38647282123565673828 -0.48738339543342590332 1.62234151363372802734 1.73399877548217751233 -0.04114478081464759823
-0.14540350437164301090 -0.38086706399917602539 0.56564360857009887695 1.30903148651123046875 -0.10575374215841290559 2.10299110412597700659 1.44293808937072753906 1.70240247249603271484 0.24443566799163810033 -0.13395033776760101318 1.17783975601196289062
-1.24159812927246093750 -1.34616684913635231702 -0.73518723249435424805 0.83363044261932373047 -0.47062739729881281070 0.95216667652130115851 0.48440623283386230469 0.96566838026046764032 1.40853917598724365234 0.77813822031021118164 0.55692440271377563477
-1.54392242431640625000 -1.27349674701690673828 -0.78080844879150390625 -1.22179615497589111328 -0.51007616519927978516 0.04964534565806379834 0.14088766276836389713 0.60923135280609130859 1.38383662700653076172 -0.70826047658920288086 -0.56595486402511596680
-0.20121762156486511230 -0.08041238039731979370 -1.26389932632446289062 -1.10093414783477783203 -0.68647313117980957031 0.87074273824691772461 0.82419443130493164062 0.07857587933540340075 0.16391751170158380679 0.90430957078933715820 0.88808101415634155273
-0.72410494089126586914 -0.88673067092895507812 0.13895149528980249576 -0.36334967613220209293 -0.06771440804004659475 -1.00025916099548339844 -1.57516634464263916016 0.75866466760635375977 1.61828637123107910156 -0.25896069407463068179 0.20662887394428250398
-0.62321221828460693359 0.11863887310028070621 -0.70642882585525512695 -0.76624298095703125000 -0.63688117265701293945 -0.10827174782752989335 0.36930179595947260074 -0.04622083157300940076 -1.60131311416625976562 1.02368700504302978516 0.46681636571884149722
-1.31020247936248779297 -1.04376840591430664062 -1.34549212455749511719 -0.45723378658294677734 -0.93685197830200195312 0.44342067837715148926 1.30618512630462646484 0.45007944107055658511 0.61293989419937133789 -1.39838707447052001953 -0.01604632847011079957
0.17210489511489859837 1.00181114673614501953 1.38646626472473144531 0.95534163713455200195 0.79187834262847900391 -0.98686397075653076172 -1.70158255100250244141 -0.87472140789031982422 1.69061779975891113281 1.38887739181518554688 -1.21953964233398437500
2.00192236900329589844 1.64458918571472167969 -0.30964407324790949039 -0.79494982957839965820 0.23570938408374780826 -1.36179232597351074219 -0.34277462959289550781 -1.03589630126953125000 0.80874139070510864258 -1.68108892440795898438 0.50222599506378173828
-1.10608065128326416016 -0.49919697642326349429 -0.54577070474624633789 -1.08258140087127685547 -0.56212645769119262695 -1.25267994403839111328 -1.26526021957397460938 -0.71426445245742797852 -0.77968728542327880859 0.86589652299880981445 0.07008156925439830431
1.20598888397216796875 0.94412106275558482782 -0.40322130918502807617 -1.03744852542877197266 -0.07925266027450560136 0.82813602685928344727 0.60729724168777465820 0.49889168143272399902 -1.23737955093383789062 0.19941185414791098851 -1.69182980060577392578
1.24849390983581542969 1.61228930950164794922 2.85361862182617187500 1.44818747043609619141 3.31432390213012695312 -0.56895238161087036133 -0.28478956222534179688 0.17099757492542261295 0.37235510349273681641 0.45613211393356317691 2.82128524780273437500
0.05225854739546770267 -0.02653934061527250116 -0.81671583652496337891 -1.87043094635009765625 -0.42037212848663330078 1.86121237277984641345 1.42563724517822287829 0.35640445351600641422 0.02812653034925460122 0.50375318527221679688 0.11750131845474240389
-0.67600172758102416992 -1.16799688339233398438 -0.55475223064422607422 0.40186762809753417969 -0.90063196420669555664 -1.05648994445800781250 -1.12595736980438232422 -1.38605093955993630139 -0.42672449350357050113 0.00868522748351089995 0.03173748031258580293
1.54854452610015869141 1.51151800155639648438 -0.86641079187393188477 -1.45064961910247802734 -0.78946059942245483398 0.83576428890228271484 0.24434243142604819554 1.67673087120056152344 0.16465333104133600406 1.09163665771484375000 0.34915900230407709293
0.13993370532989499178 0.58588111400604248047 1.20030117034912109375 0.89737361669540405273 0.58164596557617187500 0.24411514401435849275 0.45408546924591058902 -0.24166564643383020572 1.29008662700653076172 0.68467879295349121094 -0.62830835580825805664
-0.16770499944686889648 0.53137928247451782227 0.95203697681427001953 1.06114411354064941406 0.17967072129249569978 2.34756827354431152344 1.34890842437744140625 0.76840764284133911133 -0.58445751667022705078 0.98246216773986816406 0.26255843043327331543
0.61368966102600097656 0.06893164664506909456 -1.16039717197418190686 -1.81113505363464399878 -1.01724147796630859375 0.37416544556617731265 0.48138102889060968570 -0.70851010084152221680 1.08777260780334472656 1.09345972537994384766 -0.86600476503372192383
-0.22449199855327600650 -0.17165926098823539037 0.43621945381164550781 -0.28313365578651428223 0.16035467386245719212 0.05306818708777420041 -1.10577535629272460938 0.40679800510406488590 -0.77083462476730346680 1.60047054290771484375 0.70274400711059570312
0.81007742881774902344 1.48307704925537109375 1.81137752532958962171 0.10403061658143990253 1.66828966140747070312 0.18210972845554349031 -0.04057403281331060235 -0.47673505544662470035 1.07049584388732910156 1.13125324249267578125 -0.15608894824981689453
0.17831775546073910799 0.65158081054687500000 0.14073924720287320222 0.40834608674049377441 0.06426837295293799657 0.98807710409164439813 0.83401060104370117188 0.03303222358226769878 0.44822195172309869937 0.54263871908187866211 -0.97269254922866821289
-2.03510403633117675781 -1.60312509536743164062 -0.65120422840118408203 -0.18707245588302609529 -1.14806032180786110608 0.15966625511646270752 0.63551110029220581055 -0.91605156660079956055 -1.20355021953582763672 0.85611504316329956055 -0.85937589406967163086
0.07520638406276700105 0.31687891483306879215 0.96335089206695556641 0.80554705858230590820 0.46061000227928161621 0.82807433605194091797 0.01006022188812489941 1.15411305427551269531 -1.58765876293182350842 1.32552170753479003906 0.34672462940216058902
2.10964536666870117188 1.30396723747253417969 1.30724442005157470703 0.47177022695541381836 1.76064825057983398438 -0.54668354988098144531 0.90595811605453480109 -1.53555059432983398438 1.19751667976379394531 0.99912518262863159180 1.37698924541473410876
-1.38060474395751953125 -0.44811627268791198730 0.06687704473733900590 0.71492296457290649414 -0.40421563386917108707 0.20648653805255889893 1.48963165283203125000 -1.68724131584167480469 -1.02401781082153320312 0.75222522020339965820 0.33770772814750671387
-0.75558078289031982422 -0.94663017988204956055 -0.18919478356838220767 1.42013740539550781250 -0.60350412130355834961 -1.17945945262908935547 -1.45763635635375976562 -1.33911645412445090564 0.80925381183624267578 1.47353804111480712891 0.76149058341979980469
-0.61694955825805664062 -1.32902061939239501953 -1.63676559925079367908 -1.60242712497711181641 -1.35359275341033935547 1.05894815921783447266 1.03815364837646484375 -0.48538500070571899414 -0.00570562575012439985 1.05673825740814208984 -0.52175033092498779297
0.82115608453750610352 0.54801458120346069336 0.71267396211624145508 1.17001354694366455078 0.76694846153259277344 -0.51551491022109985352 0.57365208864212036133 -0.97792840003967285156 -0.67856454849243164062 -0.47635927796363830566 -1.18408989906311035156
-0.08255840092897409610 -0.48799914121627807617 0.24243149161338800601 0.13239987194538110904 0.08432229608297339696 -1.25877702236175537109 -1.70720529556274391858 0.78744488954544067383 -0.37540289759635919742 0.22889529168605798892 0.76101368665695190430
-0.06532222032546990131 0.32093140482902521304 1.43487203121185302734 1.70888304710388183594 0.51745212078094482422 -0.81960427761077880859 -1.04221880435943603516 0.03530875593423839914 0.86901944875717163086 -0.36043006181716918945 0.82635879516601562500
-0.81168299913406372070 -0.86262881755828857422 0.05235150456428520199 1.61185371875762939453 -0.73054140806198120117 0.54971092939376831055 1.23974764347076416016 -1.42308676242828369141 0.46474066376686090640 0.57322233915328979492 0.55827438831329345703
-0.37975424528121948242 -0.12919433414936060123 0.06036224961280819978 1.07192492485046408923 -0.23133383691310879793 -1.21930742263793967517 0.30076685547828668765 -0.37965792417526239566 -0.62519806623458862305 -0.32185858488082880191 0.96893614530563354492
1.58458769321441650391 1.26704370975494384766 0.81022369861602783203 0.51101171970367431641 1.38004064559936523438 -0.27663227915763849429 1.01856946945190429688 -0.28444126248359680176 1.66180825233459472656 -1.40801203250885009766 0.77130973339080810547
-0.93380194902420043945 -0.27746754884719848633 -0.25349703431129450015 -0.00076262332731850003 -0.46117582917213439941 1.75583052635192871094 0.41564464569091791324 1.63740420341491699219 0.63465958833694458008 1.52557754516601562500 0.43693047761917108707
0.40431326627731317691 0.02471856959164139833 -0.82176804542541503906 -0.58846557140350341797 -0.26909318566322321109 -0.25597333908081049136 -0.22139978408813471011 0.96803289651870716437 -0.24171525239944449681 -0.66710370779037475586 -0.05301567167043679668
-1.32042133808136008533 -0.71543329954147338867 -1.00320935249328591077 0.06509855389595030351 -0.76435852050781250000 1.47868633270263671875 1.01116728782653808594 -0.14232309162616729736 -1.56975245475769042969 1.40354704856872558594 0.77191847562789916992
1.54366195201873779297 1.38552367687225341797 0.31754031777381891422 -0.35030055046081537418 0.35260605812072748355 0.05558328330516810328 0.23833857476711270418 -0.49828872084617609195 -1.27538800239563010486 0.79397743940353393555 0.10394275933504100451
-0.90555793046951282843 -0.34238028526306152344 -0.09896922856569290161 0.58993124961853027344 -0.37391719222068781070 -1.45905947685241699219 -1.44118213653564430921 -0.34408360719680780582 -1.58259940147399902344 1.37045371532440207751 0.82952076196670532227
1.68399441242218017578 1.68404507637023925781 2.79139924049377441406 0.92990303039550781250 3.65761756896972700659 0.46969974040985107422 0.24039934575557708740 -0.97819823026657104492 -0.46739357709884638004 1.25784695148468017578 3.17509388923645019531
-0.28795039653778070621 -0.95810532569885242804 -0.13408499956130978670 0.72636693716049194336 -0.61234879493713378906 -0.88589221239089965820 -0.12974621355533599854 -1.03168845176696777344 -0.32181379199028009586 -1.07781875133514404297 0.72676998376846313477
0.45117062330245971680 -0.08287712931632990054 0.38375678658485412598 1.70031797885894775391 -0.20068678259849540013 -0.76575434207916259766 -0.71165567636489868164 -0.30145549774169921875 -0.95776784420013438837 -0.56553328037261962891 0.83311992883682250977
0.70485615730285644531 0.72195714712142944336 -1.12085521221160888672 -0.66940391063690185547 -1.37099719047546408923 -1.36467802524566650391 -1.57067346572875976562 0.25052028894424438477 -0.39418083429336547852 0.83172959089279174805 -2.06561565399169921875
-0.42445221543312072754 -0.64244157075881958008 -0.55017590522766113281 -0.81426489353179931641 -0.32151439785957330875 -0.11665405333042140612 -0.53702914714813232422 0.17227865755558011140 0.81656539440155029297 -1.41611289978027343750 0.46012932062149047852
0.03548657521605490250 0.52785646915435791016 0.03526009246706959810 -0.23384782671928400211 -0.26592615246772760562 -0.74157148599624633789 -0.60634213685989379883 1.13159561157226562500 1.44160604476928710938 -1.60067307949066162109 -0.68308150768280029297
-0.02894746139645569885 -0.25827136635780328922 0.61506742238998413086 1.30718338489532470703 0.44474354386329650879 -0.31170737743377679996 -0.13124330341815940160 0.94304984807968139648 -1.39389944076538085938 -1.00220751762390136719 1.57691276073455810547
1.19749009609222389905 1.65273261070251464844 2.19570779800415039062 1.45190119743347167969 2.54257011413574218750 -0.68032133579254150391 -1.67784607410430908203 1.12060225009918190686 1.18210971355438232422 0.05259006470441809911 1.95896053314208962171
1.09015524387359619141 0.51880556344985961914 0.78669768571853637695 0.69508463144302368164 0.86962091922760009766 -0.09820877760648720478 0.91080313920974720343 -0.53486895561218261719 0.80529350042343139648 -0.26384958624839782715 -1.33305037021636962891
1.38208186626434326172 0.86856764554977416992 0.56817382574081420898 -0.62644016742706298828 0.57250297069549560547 0.67300605773925781250 0.68902164697647094727 -0.63755106925964355469 1.29726147651672363281 0.49949535727500909976 -1.62084448337554909436
-0.49434155225753778629 -1.00449883937835693359 -0.66605508327484130859 0.14448289573192590884 -0.41994380950927728824 0.08458633720874779438 -0.98678803443908680304 -0.27078589797019958496 1.08028936386108398438 1.10422801971435569079 0.71197652816772460938
0.87169831991195678711 0.64595001935958862305 -0.67670339345932006836 -1.51091814041137695312 -0.60876888036727905273 1.16059637069702170642 0.38486912846565241031 1.45524322986602783203 -1.18603837490081809314 1.16682863235473632812 -2.24266815185546875000
1.08185040950775168689 0.67874515056610107422 0.59136521816253662109 -0.30304190516471857242 0.56647807359695434570 0.20159366726875299625 1.32519495487213112561 -0.52365571260452270508 0.36513409018516540527 0.29517719149589538574 -1.88181424140930153577
0.11070349812507629395 0.55705893039703369141 -0.62584471702575683594 -0.97880703210830677374 -0.59732460975646972656 -0.59029096364974975586 -0.79260194301605224609 -0.16481061279773709383 0.72965902090072631836 -0.94566136598587036133 -1.08698832988738991467
-0.32016313076019281558 -1.02855038642883300781 -1.31426739692688010486 1.04103648662567138672 -1.28420424461364768298 1.40601825714111328125 0.75865787267684936523 -0.46469557285308837891 0.13971373438835141267 1.55318081378936767578 1.17964494228363037109
0.39458772540092468262 0.04568812623620029795 -1.07847833633422829358 -1.19404244422912597656 -0.68235635757446289062 -1.03184318542480490954 1.28701031208038330078 -1.35229814052581809314 1.40011036396026589124 -0.67633867263793945312 -0.34915265440940851382
-0.96115010976791381836 -0.38958889245986938477 0.41926816105842590332 1.63435328006744384766 -0.38151031732559198550 1.51791477203369140625 0.57859480381011962891 1.01936066150665283203 -1.61587727069854736328 1.28639686107635498047 1.20494592189788818359
1.52066934108734130859 1.06280851364135742188 2.00672101974487304688 0.78125125169754028320 2.19990253448486372534 -0.36181834340095520020 0.73254776000976562500 -1.00894761085510231702 -0.80793476104736328125 -0.40675786137580871582 0.83657670021057128906
-1.50954329967498779297 -1.36029469966888449939 -0.11676313728094099564 0.58305615186691284180 -0.59973609447479248047 -1.73432171344757080078 -1.45606172084808349609 -0.08378446847200389513 -1.53803896903991699219 -1.69023418426513671875 -0.16488897800445551090
0.64076793193817138672 1.27419638633728049548 0.16596975922584530916 -0.67685240507125854492 0.02597643435001370169 0.45782816410064697266 1.52455306053161621094 -0.45065864920616149902 -1.31502425670623779297 -1.21354091167449951172 -2.20308613777160644531
1.43474662303924560547 1.69731497764587402344 0.94156533479690562860 -0.32541078329086298160 1.20731925964355490954 -0.44250190258026117496 0.69295567274093627930 -0.42782416939735412598 0.91638869047164916992 -1.40173614025115966797 0.97554516792297363281
1.25332701206207275391 1.21104884147644042969 -0.53059118986129760742 -1.81595838069915749280 -0.23877499997615808658 0.66078472137451171875 0.98687762022018443719 -1.64391124248504638672 -0.44716939330101007632 1.57325363159179687500 -1.40978765487670898438
-0.94984018802642822266 -0.70693415403366088867 -0.38885900378227228336 0.61259311437606811523 -0.81516289710998535156 -0.09136724472045890111 0.89901971817016601562 -1.16225600242614768298 -1.02238678932189941406 -0.64947193861007690430 0.31003445386886591129
-0.95389270782470703125 -0.35393059253692621402 0.09323567152023309879 0.32544317841529840640 -0.54350757598876953125 1.20095920562744140625 1.35869848728179909436 -0.05918775498867030055 -1.02737617492675781250 -0.14667585492134088687 0.42274764180183410645
-0.85334384441375732422 -0.85613030195236206055 -0.51267075538635253906 -1.29384839534759521484 -0.66917109489440917969 0.73799848556518554688 0.27572199702262878418 -0.14639471471309659090 -1.58217418193817138672 1.35762846469879150391 -0.19972509145736688785
-0.13019175827503198795 0.08043869584798810091 0.87177520990371704102 0.55906009674072265625 0.23579244315624228734 0.05816506221890439809 1.31724750995636008533 -1.66412675380706809314 1.44563615322113037109 -0.59761548042297363281 0.71121275424957275391
0.13983620703220359105 0.67668592929840087891 1.84790992736816406250 1.70802748203277610095 1.25444543361663818359 -1.05687057971954367908 -0.72420835494995117188 -1.54238402843475341797 0.13814337551593780518 0.71443551778793334961 0.18796217441558829564
0.69253283739089965820 -0.13557463884353629369 -0.47248128056526178531 -0.81775760650634765625 -0.08843861520290370593 -0.27796581387519830875 1.17239832878112792969 -0.27722570300102228336 -1.45766735076904296875 -1.57831370830535888672 -0.08834566175937649812
0.10441522300243369359 0.70609039068222045898 1.16265678405761718750 1.21459352970123291016 0.61427730321884155273 -1.42631196975708007812 -1.70708215236663818359 -0.19145706295967099275 0.88891267776489257812 0.29454416036605829410 -0.43341180682182312012
-1.76543319225311279297 -1.46522974967956542969 -0.86144131422042846680 1.00229334831237792969 -0.81270563602447509766 -0.76354867219924926758 -1.16752922534942649158 0.63195270299911499023 0.88760972023010253906 -1.58056616783142089844 0.04673542827367779817
0.36121228337287897281 -0.32234102487564081363 1.05671107769012428967 1.69009637832641601562 0.46229633688926691226 -0.26611113548278808594 -0.71609282493591308594 1.05270338058471679688 -0.92233401536941517218 -0.19220979511737820711 1.19717979431152343750
-1.25208580493927001953 -1.24109828472137428967 -0.80997222661972045898 -0.33870717883110040836 -0.93500006198883056641 0.74709868431091308594 0.45304259657859802246 1.28490662574768088611 1.45630586147308349609 0.28616058826446527652 -0.54127901792526245117
0.78936398029327392578 -0.09683280438184729833 0.21753908693790430240 -0.36271175742149347476 0.21351401507854458894 -0.19049830734729761295 -1.02561807632446289062 0.71108323335647583008 1.69324040412902832031 0.50290042161941528320 -0.41461002826690668277
1.05277979373931884766 0.97583770751953125000 2.48859977722168013159 1.57048416137695312500 2.54404425621032714844 -1.53861474990844726562 -0.58512395620346069336 -1.25011444091796875000 0.54023188352584838867 -1.24146831035613991467 0.14829994738101959229
1.08507788181304909436 0.66676980257034301758 0.30945387482643127441 0.32767593860626220703 0.53727978467941284180 -0.27863532304763788394 0.27289119362831110172 -0.67779380083084106445 -0.54638600349426269531 0.48983702063560480289 -1.81111669540405273438
-1.01489949226379394531 -1.42369163036346435547 -1.57992899417877197266 -0.74538546800613403320 -1.31948673725128151624 -0.21550947427749631014 0.29874828457832330875 0.53518652915954589844 -0.38771209120750427246 -1.51350414752960205078 -0.27788949012756347656
0.22401478886604309082 0.50554221868515014648 -0.69589078426361083984 -0.04349706694483750080 -0.64575910568237304688 -0.56066417694091796875 -1.06758701801300048828 0.13863167166709899902 -0.41038709878921508789 1.70716464519500710217 -0.73872339725494384766
0.24311172962188720703 0.08066232502460479736 0.57280713319778442383 0.96205824613571155890 -0.17888939380645749178 -0.79251188039779663086 1.45546960830688476562 -1.25216126441955566406 1.06217777729034423828 -1.75296878814697287829 0.34531143307685852051
0.82631605863571166992 1.28992986679077170642 -0.06700839102268210667 -0.85369777679443359375 -0.11686483025550839510 -1.22206151485443115234 -0.89446771144866943359 0.02241821959614749907 1.30119490623474121094 -1.71896684169769287109 -1.76103174686431884766
0.76563674211502075195 1.59521555900573730469 2.93629646301269575659 1.25403559207916259766 2.27402520179748535156 2.59628844261169433594 1.50804829597473144531 1.55291867256164550781 -1.37136173248291015625 1.16294586658477783203 0.91631102561950683594
0.51356983184814453125 0.58604902029037475586 1.43397235870361328125 1.50650525093078591077 1.05016589164733886719 0.67797517776489257812 1.05194497108459472656 0.48294064402580261230 -0.02451435476541510144 -1.64983665943145751953 -0.63198173046112060547
0.10135286301374429874 0.46242994070053100586 0.56691616773605346680 0.07507950812578199906 0.03487896546721450108 -0.70540338754653930664 -0.74006575345993041992 -0.70879381895065307617 -0.72955715656280517578 0.48651775717735290527 -0.44136297702789301090
-0.03552094101905819978 -0.71848148107528686523 -0.66142469644546508789 -0.45409259200096130371 -0.42152431607246398926 0.68206971883773803711 0.22706520557403558902 -0.17972692847251889314 -1.61531233787536621094 0.27503067255020141602 0.73433488607406616211
-1.45973026752471923828 -1.61115825176238991467 -1.36410605907440207751 -0.62040746212005615234 -0.83638936281204223633 -0.65512233972549438477 -0.68751144409179687500 1.45963704586029030530 -1.27714979648590087891 -0.41844686865806579590 -0.35142952203750610352
-0.02133999392390250119 0.65803611278533935547 0.27310481667518610172 -0.57846635580062866211 0.11159528791904449463 -1.09562492370605490954 -1.18576288223266601562 0.64727199077606201172 0.32187536358833307437 -0.97992718219757080078 -0.61663269996643066406
-0.38573315739631647281 -1.05125606060028076172 -1.20408165454864501953 -0.72979539632797241211 -0.61892294883728027344 -1.30426394939422607422 -1.60917782783508300781 -1.11550855636596679688 0.43406409025192260742 -0.77632862329483032227 0.31037753820419311523
1.72634005546569824219 1.42174053192138671875 -0.04454546049237249894 -0.73025602102279663086 0.32878085970878601074 1.21200203895568847656 1.62251234054565429688 0.19246341288089749422 -1.37513911724090576172 -0.15876740217208859529 0.64051145315170288086
0.54690366983413696289 0.75544768571853637695 2.06491994857788085938 1.32565891742706298828 1.58953380584716796875 -1.30845224857330322266 -1.31019318103790283203 -0.45300063490867609195 -1.13006663322448730469 0.41678628325462341309 -0.49085772037506097965
0.49058824777603149414 0.04085558280348770138 0.46957445144653320312 1.05323624610900878906 0.44895377755165100098 -0.64142501354217529297 -1.03509879112243630139 0.92400044202804565430 -0.87258160114288330078 -0.84979760646820068359 0.46480628848075861148
-0.45821845531463617496 0.09748680889606470279 -0.85896366834640502930 -0.89808148145675659180 -0.56544488668441772461 -0.30955040454864501953 -0.19145101308822629060 -1.59228956699371337891 -0.21231400966644278783 1.28621852397918701172 0.62484169006347656250
-0.79676806926727294922 -1.62076640129089355469 -0.39709371328353881836 -0.35839197039604181461 -0.95621597766876220703 1.74301970005035400391 1.13880503177642822266 1.19512796401977539062 0.68213713169097900391 0.73016715049743652344 -0.85838466882705688477
0.51068598031997680664 0.70389837026596069336 1.91081047058105490954 1.38153254985809326172 1.35431528091430664062 0.14522732794284820557 0.68972343206405639648 -0.90764337778091441766 -0.99529594182968139648 0.29079145193099970035 -0.75182384252548217773
-0.08691627532243720311 -0.52350515127182006836 -0.82278072834014892578 -0.96358537673950195312 -0.78109657764434814453 -0.63470190763473510742 -1.55417764186859130859 0.26596355438232421875 -0.37404081225395202637 1.40223371982574462891 0.62868171930313110352
-0.76042097806930541992 -1.44300734996795632092 -0.72433418035507202148 -0.78575330972671508789 -1.01190316677093505859 -0.62637883424758911133 -0.47344973683357238770 0.55892449617385864258 -1.71088314056396484375 -1.22597181797027610095 -0.87570047378540039062
-0.30217686295509338379 0.23253989219665519017 0.72285431623458862305 1.22902321815490722656 0.19037510454654690828 -1.08069467544555664062 -0.71313804388046264648 0.25805383920669550113 1.59275758266448952405 -0.30663776397705078125 0.86072140932083129883
0.61443740129470825195 0.37740591168403619937 0.79724472761154174805 -0.32387703657150268555 0.67193514108657836914 0.18001076579093930330 -1.27479875087738037109 0.88408786058425903320 -0.95809799432754516602 0.72285294532775878906 -1.13832712173461914062
-0.23191083967685699463 -0.24252158403396600894 -0.58122962713241577148 -0.63113373517990112305 -0.78313028812408447266 0.18819190561771390047 -0.18903990089893341064 -0.67131429910659790039 -0.96546280384063720703 -0.42671990394592279605 0.63031274080276489258
-1.56023335456848144531 -1.41862511634826660156 -1.40373682975769042969 0.48012322187423700504 -0.91096401214599598273 2.14821648597717285156 1.15508222579956032483 1.55455875396728515625 -0.50625991821289062500 0.40784862637519830875 0.41500493884086608887
1.01802432537078857422 1.13862705230712890625 1.28774106502532958984 0.97206056118011474609 1.51482915878295898438 0.97323232889175415039 1.10552954673767089844 -0.86771571636199951172 -0.12758532166481009740 0.84386372566223144531 -0.38947784900665277652
0.50658398866653442383 -0.39400318264961242676 -0.52858722209930419922 -0.53059935569763183594 -0.42067787051200861148 0.91924101114273082391 0.87269401550292968750 -0.58840441703796386719 1.16522812843322753906 0.46817317605018610172 0.30362638831138610840
-0.12020722031593319978 -0.67415815591812133789 0.05324621498584739682 1.38416779041290283203 -0.32678559422492980957 -0.03724430501461020032 0.04257442429661750100 0.69519519805908203125 -0.22832243144512170963 0.99518948793411243781 1.21352922916412353516
-1.88883459568023681641 -1.41948723793029807361 -1.49028730392456032483 -0.28653085231781000308 -0.82625859975814819336 -1.10712909698486328125 -0.84950238466262817383 -1.39701831340789794922 -0.01761825755238529898 -0.02024451643228529843 -0.21771554648876190186
1.03867995738983154297 1.29029238224029541016 1.84768009185791037829 -0.20430603623390189427 2.29468369483947709497 1.26301121711730957031 1.12384295463561989514 -0.57843101024627685547 1.41229438781738281250 0.53863877058029174805 -0.14010354876518249512
-1.93162083625793434827 -1.53540992736816406250 -0.19954100251197809390 -1.82443451881408691406 -1.02385735511779807361 0.06105605140328399655 0.34484267234802240543 -0.79861319065093994141 1.69159734249114990234 -0.46182379126548761539 -1.61654210090637207031
-1.14487111568450927734 -1.11834645271301269531 -0.44347354769706720523 1.42759835720062255859 -0.57397961616516113281 -0.70754957199096679688 -1.51171565055847167969 0.35964158177375787906 1.07347285747528076172 -1.68659186363220192639 0.52544218301773071289
0.49720981717109680176 0.18657293915748590640 -1.18415331840515136719 -1.66416585445404030530 -0.99383109807968139648 0.20026420056819910220 1.59420561790466308594 -0.10991784930229180073 -0.33084166049957269840 -1.40414464473724365234 -0.93708831071853637695
-0.25457516312599182129 -0.28847694396972650699 -0.72820836305618286133 -0.54472166299819946289 -0.42930504679679870605 -0.59873372316360473633 -0.65181666612625122070 1.52349233627319335938 -1.73181259632110595703 0.37365636229515070132 0.79032069444656372070
0.40506803989410400391 0.52629536390304565430 0.30701193213462829590 -0.13860146701335898656 0.08850760012865059589 -0.87942206859588623047 -1.57269346714019775391 1.53542363643646240234 0.42449790239334100894 0.42142102122306818179 -1.41827535629272460938
-0.71452367305755615234 -0.53759938478469848633 -0.80626535415649414062 -0.57190972566604614258 -0.81729650497436523438 0.16490420699119559544 -0.52577084302902221680 1.48154175281524658203 -1.20907962322235107422 0.30796647071838378906 0.71857970952987670898
0.99584686756134044305 1.22904145717620849609 -1.07750725746154807361 -1.57164049148559570312 -0.97178900241851795538 -0.63273346424102783203 0.10290414094924919819 0.25609204173088068179 1.22593462467193603516 -1.00787305831909179688 -1.96601164340972900391
0.27961063385009760074 0.47158125042915338687 -0.34869065880775451660 -0.57896047830581665039 -0.44558447599411010742 -0.88328707218170166016 -1.41692841053009033203 -0.74868464469909667969 -1.07508289813995361328 0.37445619702339172363 -1.01486682891845703125
-0.37242969870567321777 -0.43437519669532770328 1.17253220081329367908 0.62513446807861328125 0.09650041908025740189 -1.68902277946472167969 -1.77272403240203857422 1.04451358318328857422 -1.06394922733306884766 -0.19819131493568420410 0.93700319528579723016
1.59212708473205566406 1.32985234260559082031 2.51433920860290527344 1.36477065086364768298 3.46968841552734419409 1.22998833656311035156 1.36352396011352539062 0.63972568511962890625 -0.61720186471939086914 -0.64360421895980834961 2.56125259399414062500
-0.65419429540634155273 -1.30394291877746582031 0.57621449232101440430 1.47951054573059082031 0.15473571419715881348 -0.51429820060729980469 -0.83942818641662597656 0.62112593650817871094 0.84173870086669921875 1.07273292541503906250 0.58021050691604614258
-1.48147606849670410156 -1.18648874759674072266 -1.14918255805969238281 -1.69625210762023925781 -0.93605768680572520868 -0.72534525394439697266 -1.09506881237030029297 -0.89176380634307861328 1.26041710376739501953 1.70727622509002685547 -0.63316762447357177734
0.86567246913909912109 0.15561094880104059390 -0.69207036495208740234 -0.85753816366195678711 -0.52235358953475952148 0.89873629808425903320 1.27800512313842751233 -0.00125456950627260010 0.73466432094573974609 -0.21240451931953430176 -1.20145380496978759766
1.61210918426513671875 1.07314300537109375000 -0.68201148509979248047 -0.88449484109878540039 -0.51296830177307128906 1.05170309543609619141 0.32238066196441650391 0.03739402815699569699 -1.42564129829406738281 1.32401001453399658203 -0.24942202866077420320
-0.48517394065856928043 -0.84552955627441406250 0.07351654767990109529 0.11565344035625449437 -0.03838744759559629960 -0.58795744180679321289 -0.19545297324657440186 -0.38523522019386291504 0.76682680845260620117 -0.03864103555679319901 0.75292450189590454102
1.52714872360229492188 1.38880610466003417969 -0.55920737981796264648 -1.47453224658966064453 -0.24087436497211450748 -0.50612604618072509766 1.37885677814483642578 -0.36864823102951049805 0.40574130415916437320 -1.60608339309692382812 -0.03837434574961660211
0.20833301544189450349 -0.02407363243401049874 -0.21805433928966519441 0.36691948771476740054 -0.05122676119208330325 -0.22581860423088070955 1.11799204349517822266 -1.05009710788726806641 -0.11496994644403449315 -0.92403900623321522101 0.93821287155151356085
1.87504017353057839124 1.39806115627288818359 0.63111853599548339844 -0.70483136177062988281 1.21167993545532248767 0.24521593749523160066 0.40916237235069269351 0.58088713884353637695 -1.51125860214233398438 -0.20751745998859399966 0.96040385961532603876
-0.57750105857849121094 -1.48124504089355490954 -0.76816505193710327148 0.61327326297760009766 -0.55847299098968505859 -0.79772013425827026367 -1.17619204521179199219 1.17350852489471435547 0.13039602339267730713 1.44373822212219238281 0.00592848146334289984
-0.82834064960479736328 -1.08000314235687255859 -0.96179848909378040656 -1.42639911174774169922 -0.83668941259384155273 0.42176401615142822266 -0.00266748550347980021 0.84643256664276123047 0.75850176811218261719 1.24387323856353759766 -0.37505996227264398746
0.49740669131278991699 0.84784257411956787109 -0.42372393608093261719 -1.32441914081573486328 -0.28736659884452819824 0.75018590688705444336 0.62142986059188842773 -0.38404324650764459781 -0.39145708084106439761 0.82894885540008544922 -2.32773613929748535156
1.48142755031585693359 1.65492594242095969470 2.18842363357543945312 1.03452825546264648438 2.67136836051940917969 0.72241216897964477539 0.22702656686305999756 0.33647048473358148746 0.53647249937057495117 0.13284899294376370515 2.20427036285400390625
-0.16530938446521759033 -0.25455906987190241031 -1.28457975387573242188 -1.73968625068664550781 -0.91210949420928955078 1.33960580825805664062 0.70039457082748413086 0.95691400766372680664 -0.82643455266952514648 0.62290817499160766602 0.44437962770462030582
-0.09950271993875499377 0.03627691045403479836 -0.85356646776199340820 0.21180072426795959473 -0.67952060699462890625 -0.26875510811805719547 -0.90587961673736561163 1.63162636756896950452 -0.87549382448196411133 -0.90184241533279418945 0.69085729122161865234
1.38225519657135009766 0.90205913782119762079 1.02874791622161887439 0.27254942059516901187 1.65796291828155517578 0.53445774316787719727 1.04367363452911376953 -0.59452956914901733398 -0.20077474415302271060 -0.45628014206886291504 -0.97481238842010498047
0.78500860929489135742 0.92804223299026478156 -0.98476839065551757812 -1.81208050251007080078 -0.84899455308914184570 0.36728382110595697574 0.53615742921829223633 0.71929752826690673828 0.62222772836685180664 0.30271050333976740054 -2.39954161643981978003
-1.30208575725555419922 -0.65719091892242431641 -0.60977685451507568359 0.05577413737773889713 -0.71577024459838867188 -0.50266665220260620117 1.14085221290588378906 -0.73800748586654663086 1.33238685131072998047 -1.52829873561859130859 0.02071704342961309953
-0.87565785646438598633 -0.70268815755844116211 -0.41241738200187677554 0.58657240867614746094 -0.35039952397346491031 1.99896919727325439453 1.33871567249298095703 1.27624344825744628906 -0.89639824628829956055 0.37815427780151361636 0.67247641086578369141
0.67999070882797241211 0.90192955732345581055 1.07014572620391845703 0.11194378882646560669 1.02494919300079367908 -0.10482101142406459460 0.75301653146743774414 -0.10717544704675670275 -1.55188071727752685547 -0.99270230531692504883 -1.77875304222106911389
-0.60215789079666137695 -0.40008953213691711426 0.22980411350727081299 1.45001304149627685547 -0.17157006263732910156 -0.16829741001129150391 -0.53632968664169311523 -0.95872002840042125360 -0.49779644608497619629 0.48205643892288208008 1.10362505912780761719
1.31605207920074462891 0.62644189596176147461 0.72693663835525512695 0.58938688039779663086 1.06011641025543190686 -0.25599697232246398926 0.75396013259887695312 -1.67861163616180419922 -0.46711003780364990234 0.61239099502563476562 -1.32027113437652610095
-1.28621828556060791016 -0.49927616119384760074 0.92561137676239002570 1.25431942939758300781 -0.38862308859825128726 -1.08112442493438720703 -1.32332015037536621094 -1.17755389213561989514 0.06001108139753340287 -1.64884722232818603516 0.47981062531471252441
0.95862710475921641962 1.69754862785339355469 0.34159702062606811523 -0.72336000204086303711 0.35989964008331298828 -0.28761219978332519531 -0.63439452648162841797 1.29072964191436767578 0.53043311834335327148 -1.70902073383331298828 -0.43633696436882019043
1.13427126407623291016 1.40568733215332031250 2.63898706436157226562 1.23145818710327170642 2.97942352294921875000 0.96234577894210815430 1.28962290287017822266 -1.50743734836578369141 0.46378892660140991211 1.39521133899688720703 1.44927287101745605469
-1.81082344055175759046 -1.40020573139190673828 -0.65442717075347900391 1.65421736240386962891 -0.78832542896270751953 -0.12779712677001950349 -0.66963475942611694336 -0.24175746738910669498 -1.23349249362945556641 0.28608170151710510254 0.23215612769126889314
-0.51188635826110839844 -0.14382959902286529541 -0.28511136770248407535 -0.81929725408554077148 -0.42618808150291437320 2.28591942787170410156 1.26417136192321777344 1.76118695735931396484 1.17062914371490478516 0.72623550891876220703 0.49884986877441400699
-1.20347809791564941406 -0.96080487966537475586 -0.20451924204826349429 0.30827578902244567871 -0.51173704862594604492 -1.39552223682403564453 0.48954474925994867496 -1.47183549404144287109 -0.94892442226409923212 -1.48052334785461447986 -0.04527446255087849702
0.82538169622421264648 0.56797623634338378906 0.76271021366119384766 0.86585807800292968750 0.84585142135620117188 -0.69521647691726684570 -0.91576772928237915039 -1.68532991409301757812 -0.69068443775177001953 0.61890500783920288086 -1.17470824718475341797
-1.73594057559967041016 -1.59270477294921875000 -1.30081593990325927734 1.06334173679351806641 -1.01468658447265625000 1.26349878311157248767 0.91482591629028320312 0.52827495336532592773 -0.28325542807579040527 -0.08377049863338470459 0.02687707170844070084
-0.42788168787956237793 -0.02770532667636869950 0.89429664611816406250 1.23978602886199951172 0.15970131754875180330 1.62896418571472167969 1.05968213081359863281 0.82357949018478393555 -0.26002916693687438965 1.49627566337585449219 1.34830904006958007812
1.16026973724365234375 1.38859510421752929688 1.61885011196136474609 0.98837590217590320929 1.91395449638366699219 0.82442706823348999023 1.52351093292236328125 1.02196836471557617188 0.54637295007705688477 -1.04891192913055419922 0.64097237586975097656
-1.56974351406097389905 -1.12259745597839355469 -1.00575411319732688220 -1.29402875900268554688 -0.50451666116714477539 -0.39884284138679498843 1.40084135532379150391 -1.22241532802581809314 -0.98615694046020518915 -1.15756273269653320312 -0.38786515593528747559
0.35919585824012750797 0.07192739844322200427 0.27696287631988519840 1.18131959438323952405 0.29465302824974060059 -0.69294214248657226562 -0.30551540851593017578 -1.19246149063110351562 1.28455388545989990234 -0.80018949508666992188 0.31724303960800170898
-0.77663278579711914062 -0.45303696393966669254 0.34473773837089538574 1.51649725437164306641 -0.24612005054950711336 1.01431918144226074219 1.42553997039794921875 1.28649055957794189453 1.66564524173736550061 -1.21543645858764648438 1.06094825267791770251
0.31241434812545770816 1.31239080429077170642 2.15648889541626020971 0.63858628273010253906 1.50257873535156250000 -0.42644265294075012207 0.95802187919616699219 -1.39147460460662841797 1.11724710464477539062 1.02306175231933593750 -0.93229430913925159796
-0.57491523027420043945 -0.53597551584243774414 -0.02632084116339680063 1.43580627441406250000 -0.22222809493541709203 1.37816882133483886719 1.62949359416961669922 -1.07682776451110839844 1.56229913234710693359 1.41964280605316162109 1.16446888446807861328
-0.64368492364883422852 -1.59297823905944824219 -1.57599580287933349609 1.00136280059814430921 -1.17834126949310302734 -0.36843147873878479004 0.29241594672203058414 -1.26217401027679443359 -0.20971746742725369539 0.09823910892009729556 0.57158416509628295898
-1.22849893569946289062 -0.46741259098052978516 -1.53233492374420166016 -1.21581935882568359375 -0.81470841169357299805 2.68684434890747070312 1.19617891311645507812 1.52242434024810791016 0.41508087515830988101 1.05726325511932350842 0.79114127159118652344
-0.90081018209457397461 -1.23550212383270263672 -1.05509924888610839844 0.03082857094705099971 -0.86013305187225341797 -1.17697405815124511719 0.82185798883438110352 -1.68552315235137939453 -0.94295722246170043945 -0.78323376178741455078 0.20094181597232810277
1.46246635913848876953 1.51650214195251464844 0.68715095520019531250 0.50825607776641845703 0.97010201215744018555 -1.11984753608703591077 0.36282941699028009586 -1.11736893653869628906 -1.71604990959167480469 -1.74799585342407248767 0.96264410018920898438
-0.11446972191333769364 0.47408235073089599609 1.82735908031463600842 1.36918902397155761719 1.12018084526061989514 0.36180609464645380191 0.23885259032249450684 1.22601866722106911389 0.09376952052116389880 0.46915963292121881656 0.95456326007843017578
-0.02457894757390019849 -0.02261278405785559914 0.18132959306240079012 0.29257866740226740054 -0.18198738992214200105 0.44551908969879150391 1.43221557140350341797 -1.46502971649169921875 -0.72845262289047241211 0.17750185728073120117 0.58244287967681884766
-1.05599641799926757812 -0.85833728313446044922 -0.88564854860305786133 -0.26888355612754821777 -0.94700050354003917352 -2.09473657608032226562 -1.58993649482727050781 -0.26946464180946350098 -0.77187436819076538086 -0.46783879399299621582 0.01271915808320039920
-0.69918769598007202148 -1.46810448169708229749 -1.08112144470214843750 0.05104334279894819776 -0.89531379938125610352 1.00883436203002929688 1.11560261249542236328 1.56457352638244628906 -1.52647125720977783203 -1.13418114185333229749 -0.16660547256469721011
0.73310953378677368164 1.58628737926483154297 -0.86237472295761108398 -1.22530686855316162109 -0.58997249603271484375 0.61045062541961669922 0.25444132089614868164 1.40092730522155761719 0.97091543674469005243 1.12139558792114257812 -1.61918234825134277344
-1.85954391956329323499 -1.51513314247131369861 -0.56659191846847534180 -1.64860260486602783203 -0.40466442704200739078 0.31567659974098200015 0.34047648310661310367 1.00155794620513916016 -0.25137287378311157227 -0.04957269504666320104 -1.08128845691680908203
-0.23250822722911829166 -1.24822378158569335938 -1.02074408531188964844 0.69754153490066528320 -0.64185786247253417969 -0.41775274276733398438 0.80440229177474975586 -0.44771534204483032227 1.21441709995269775391 -1.24918055534362792969 0.49782750010490417480
0.05175213143229479701 -0.38292092084884638004 -0.40349674224853510074 0.62533640861511230469 -0.53682434558868408203 0.01240055914968249927 0.28714209794998168945 -0.81867796182632446289 -0.65185749530792236328 0.82667744159698486328 1.08940541744232177734
-0.65106433629989624023 -1.07785558700561523438 -1.31384098529815673828 0.74286454916000366211 -1.11471652984619140625 0.91581833362579356805 1.03123927116394042969 0.44325447082519531250 -0.29883486032485961914 -0.41368943452835077457 0.98652654886245716437
-0.74945622682571411133 -0.64506536722183227539 -1.18805015087127685547 -0.70001715421676635742 -1.10728359222412109375 0.64142560958862304688 -0.06545084714889519428 0.80210518836975097656 -0.78571194410324096680 1.74276936054229736328 0.29087713360786437988
-1.67901432514190673828 -1.28924727439880371094 -0.26610457897186279297 1.27765083312988281250 -0.74228668212890625000 -0.93549919128417957648 -1.57869672775268554688 1.27085626125335693359 0.06512025743722910098 0.52949333190917968750 -0.26824891567230219058
-0.19020004570484161377 -0.09485398232936849416 0.28285142779350280762 -0.99054735898971557617 -0.08869113028049460667 0.32949769496917719058 -0.52279984951019287109 0.80991715192794799805 0.06368166953325270219 -0.24716907739639279451 0.46167096495628351382
-0.18504090607166290283 -0.17483207583427429199 0.78664571046829223633 1.43143284320831298828 0.24732409417629239168 0.16374431550502768773 -0.06447478383779520206 1.20834505558013916016 -1.56716310977935791016 0.49198400974273681641 1.31920015811920166016
-0.22280822694301599673 -0.07576083391904829545 0.20639847218990320377 1.42864584922790527344 -0.36693760752677917480 1.45618736743927001953 0.79998028278350830078 0.52326142787933349609 -1.37822544574737571033 1.62200880050659179688 0.91860735416412364618
1.53321456909179687500 0.96538048982620239258 1.05772280693054199219 1.01433253288269042969 1.28819167613983154297 -0.88385587930679321289 -1.44375896453857421875 -1.55152690410613991467 -0.12756288051605219058 -1.11511015892028808594 -0.14205196499824521150
-1.23053431510925292969 -1.31305754184722900391 -0.61852520704269409180 -1.06477630138397216797 -0.58760493993759155273 -0.63543134927749633789 -0.98749917745590198859 1.20675766468048095703 0.98081701993942260742 0.80621635913848876953 -0.74625772237777709961
0.89412391185760498047 0.38748371601104730777 1.52355444431304909436 1.36380577087402343750 1.58954977989196777344 -1.53833007812500000000 0.35661011934280389957 -0.79071521759033203125 -0.71662843227386474609 -1.53609085083007790296 -0.62549924850463867188
-1.72075605392456032483 -1.37470161914825439453 -0.87194049358367919922 -1.24256324768066406250 -0.66184061765670776367 1.44497668743133544922 1.48288035392761230469 -0.29675379395484918765 0.52426600456237792969 1.34999847412109375000 -0.60328060388565063477
-0.33385458588600158691 -0.90060192346572875977 -0.89422953128814697266 -1.63540685176849365234 -0.74822521209716796875 0.31199589371681207828 -0.44228887557983398438 1.59848344326019287109 -1.08573615550994873047 1.51142621040344238281 -0.08235099166631690282
0.29728871583938598633 -0.15194423496723169498 0.67562359571456909180 1.68446719646453857422 0.17130091786384579744 -0.05480045080184930278 -0.42031320929527282715 -0.07191189378499980578 -0.05868992954492559949 1.05131995677947998047 1.00796616077423095703
0.89013785123825073242 1.41955196857452392578 1.19407641887664794922 1.06225526332855224609 0.89848947525024414062 -1.47470963001251220703 -1.08879864215850830078 -0.84253579378128051758 -0.13385735452175140381 1.10433340072631835938 -0.46316534280776977539
1.94439351558685302734 1.64123570919036887439 0.93447339534759521484 -0.12380938977003090595 1.39083230495452880859 0.00096876721363510000 0.39698123931884760074 -0.98536837100982677118 1.16911768913269042969 0.05313836038112639687 0.82318115234375000000
0.56465458869934082031 0.25559261441230768375 0.11257065832614890355 -1.18930268287658691406 0.22119186818599700928 -0.40187269449234008789 -0.75581574440002441406 0.09480474889278410477 -0.04436319693922990276 0.29008260369300842285 -0.99837058782577514648
-1.04798245429992675781 -0.81215989589691162109 -0.89031720161437988281 0.64041924476623535156 -0.75929313898086547852 -0.91901332139968883173 -1.63662505149841308594 1.64221441745758056641 1.17775166034698486328 -1.17995870113372802734 0.53589230775833129883
0.87767827510833740234 1.60858786106109619141 1.58783757686614990234 0.33038499951362609863 1.55287337303161621094 -0.02809662744402879886 -0.05529437214136120188 -0.79234343767166137695 1.34091889858245849609 1.05426144599914550781 0.20983725786209100894
-0.46687245368957519531 -0.58508825302124023438 -0.79020839929580688477 -0.86233854293823242188 -0.86727720499038696289 0.40188509225845331363 0.16371546685695639867 0.98130989074707042352 0.52184164524078369141 -1.04247152805328369141 0.40845119953155517578
-0.57659870386123657227 -0.34784641861915588379 -0.03396305069327350268 0.15199437737464899234 -0.58757126331329345703 -0.32168531417846679688 -0.02036998979747289829 -0.75958532094955444336 -1.65646386146545410156 -0.23209667205810541324 0.74705702066421508789
1.32999420166015625000 1.61241114139556884766 1.40095794200897216797 -0.05412130057811730122 1.64536559581756591797 0.12073334306478500366 0.04353842884302130262 0.80112314224243164062 0.73223143815994262695 -1.29143691062927246094 1.16432023048400878906
-1.13348615169525168689 -1.38323104381561279297 -0.50844734907150268555 0.07558590918779370393 -0.58272427320480346680 -0.34316897392272949219 0.48046204447746271304 -0.50226408243179321289 0.45777657628059381656 -0.80321013927459716797 -0.43100571632385248355
1.63186311721801757812 1.39912784099578857422 2.12319803237915039062 0.67399662733078002930 2.70797324180603027344 -1.05083394050598144531 -1.06553626060485839844 0.24575977027416229248 0.86634773015975952148 -1.39794349670410156250 2.03088068962097212378
-0.02308217063546180031 -0.37108147144317621402 -0.23177517950534820557 -0.04120151326060290248 -0.40970999002456659488 -0.52845525741577148438 0.26930946111679071597 -0.49190804362297058105 0.36042162775993341617 -1.21655094623565673828 0.87173354625701904297
1.24769282341003417969 1.40790545940399169922 -0.63508790731430053711 -0.96495586633682239874 -0.21939259767532348633 -0.36802321672439569644 -0.86896270513534545898 -0.96899825334548961298 -0.78491282463073730469 1.28080427646636962891 0.01561538595706219931
-0.25298681855201721191 -1.06028544902801513672 0.18927021324634549226 1.57096469402313232422 -0.26997911930084228516 -0.05690129846334449765 -0.53073197603225708008 1.01850354671478271484 1.04874801635742209704 -1.23095011711120605469 0.95104700326919555664
1.59015607833862304688 1.29027295112609863281 0.03511012718081470141 -0.30504059791564941406 0.40175274014472961426 1.13144540786743164062 0.33989486098289489746 1.63960325717926047595 0.34258073568344110660 1.22165727615356445312 0.49386006593704218082
0.59496533870697021484 -0.38768118619918817691 -0.07692611962556830663 -1.34372162818908691406 -0.09022869914770119404 -0.11414082348346710205 -0.54968345165252685547 -0.77673536539077758789 -0.14036802947521209717 -0.56336116790771484375 -0.24300305545330039281
-0.04429521039128300058 0.26758131384849548340 -0.64430767297744750977 -1.69850599765777610095 -0.80923110246658325195 -0.68547195196151733398 -0.67481917142868041992 0.24214595556259149722 -1.55715155601501464844 1.70671796798706032483 -0.51446503400802612305
-2.07626700401306107935 -1.53656291961669921875 -1.62204301357269287109 -1.61838769912719726562 -0.75914400815963745117 0.00733574386686079976 1.30725288391113281250 -1.15418779850006103516 -1.23992383480072021484 -0.60352468490600585938 -0.38948190212249750308
-0.73199582099914550781 -0.22281774878501889314 0.83231407403945922852 1.13914442062377929688 -0.09642333537340160021 -0.73212945461273193359 -1.30281960964202880859 -1.24974167346954367908 0.27503654360771179199 -0.90165448188781738281 1.27324306964874289783
-0.07188323885202399510 0.30129897594451898746 -0.79122853279113769531 -1.53960287570953369141 -0.84701919555664062500 0.59140408039093017578 -0.26696029305458068848 1.45431375503540039062 0.32250246405601501465 0.07944007962942120638 -0.42676672339439392090
0.20374858379364010896 0.04786876961588849844 -0.63788145780563354492 -1.66860032081604003906 -0.44796627759933471680 -0.25809192657470697574 0.70850497484207153320 -0.79597842693328857422 -1.07642745971679687500 -1.06560075283050537109 -0.45729091763496398926
-1.29236412048339843750 -0.47150504589080810547 -0.02066437713801860115 1.18749928474426269531 -0.52236789464950561523 0.30161744356155389957 0.64035195112228393555 -0.03076251968741409992 1.27257370948791503906 -0.38980117440223688297 0.55805987119674682617
-1.11984288692474365234 -1.46396064758300781250 -0.92961043119430541992 -1.47569537162780761719 -1.14370274543762207031 -1.13667511940002441406 0.23839792609214779939 -1.35216748714447021484 0.82489967346191406250 -1.42713975906372070312 -0.81334483623504638672
-2.18201589584350585938 -1.58302974700927712171 -0.59183752536773681641 0.17713338136672970857 -0.70533651113510131836 -1.38648617267608642578 -1.75173544883728049548 1.39099085330963112561 1.51369905471801757812 -0.85904198884963989258 -0.68121397495269775391
0.94668060541152965204 0.34447857737541198730 -0.84981375932693481445 -0.98875069618225097656 -0.74620819091796875000 -0.79313546419143676758 -1.23465299606323242188 0.05409590899944299869 0.28954300284385681152 1.01656055450439430921 -1.64116120338439941406
-1.71572530269622802734 -1.54370141029357910156 -0.53003758192062377930 0.29052916169166559390 -0.81992143392562866211 -0.49474444985389709473 -1.18187916278839111328 0.07700658589601509785 -0.72371858358383178711 -1.61811184883117675781 -0.50734221935272216797
-0.07093325257301330566 -0.13995073735713958740 -0.38519343733787531070 -1.33017635345458984375 0.02028229460120200070 0.86524552106857299805 0.67400646209716796875 1.16141974925994873047 -1.51739764213561989514 -0.89950263500213623047 0.02815397270023820009
0.52908384799957275391 -0.23930132389068600740 0.59968715906143188477 0.97711849212646484375 0.45749008655548090152 0.66372567415237426758 1.54402685165405273438 -1.17687058448791503906 -0.46813777089118957520 0.31636291742324829102 0.97149473428726196289
1.66340935230255126953 1.33818864822387695312 0.28171434998512268066 -0.36887320876121520996 0.36521396040916437320 -0.05341351404786109924 -0.12194661051034920429 -1.22181224822998046875 0.88706529140472412109 1.22313153743743896484 0.35747817158699030093
1.11135268211364768298 0.66652870178222656250 -0.70387381315231323242 -0.97021216154098521844 -0.64561438560485839844 -0.54717868566513061523 -0.99835735559463500977 -0.98079049587249755859 -1.49681699275970458984 0.74954712390899658203 -2.09829878807067871094
0.97109973430633544922 1.05345487594604492188 0.56652575731277465820 0.38468548655509948730 0.70166832208633422852 -0.43146729469299310855 1.21648585796356201172 -1.02214896678924560547 1.69782495498657248767 -1.20455610752105712891 -1.36584115028381369861
0.46465060114860529117 1.25868570804595969470 2.95615196228027299341 1.47837805747985839844 2.34892344474792480469 -1.18539500236511230469 -1.55385577678680419922 1.60475230216979980469 0.45532569289207458496 -1.58686304092407248767 0.15617138147354120425
-0.20781384408473960179 0.35922518372535700015 -0.32127431035041809082 -1.35426378250122070312 -0.42653957009315490723 1.21160364151000976562 1.39051795005798339844 0.62149488925933837891 -0.64158564805984497070 -0.25561457872390741519 -0.19966876506805419922
-1.65983843803405761719 -1.31118285655975341797 -1.17966973781585693359 -1.13697648048400878906 -0.67900687456130981445 -0.69290995597839355469 -0.97716546058654796258 0.41123315691947931461 -0.34521043300628662109 0.91759485006332397461 -0.57441568374633789062
1.04662501811981201172 0.66811722517013549805 0.05498230084776870030 -0.59315204620361328125 0.06001485884189600162 -0.95262336730957042352 -0.77514433860778808594 -0.33765548467636108398 -0.63302540779113769531 -1.23431241512298583984 -2.12360143661499023438
1.67403554916381835938 1.36335241794586181641 1.19466483592987060547 0.72027564048767089844 1.96576035022735595703 -0.40207025408744812012 -1.03007447719573952405 -0.16233864426612851228 0.88443380594253540039 -0.26392707228660577945 1.54845786094665527344
-0.32578611373901361636 0.33125609159469598941 -0.30622777342796320132 -0.72775590419769287109 -0.51017159223556518555 -0.44539892673492431641 -0.04136257618665690333 -1.52063286304473876953 0.10337644815444939350 0.52981871366500854492 -0.11824651062488550357
0.41245356202125549316 0.71221530437469482422 1.24958133697509765625 0.35638281702995300293 0.87531298398971557617 0.50231289863586425781 0.76615929603576660156 -1.22407174110412597656 -0.78800171613693237305 0.26532599329948419742 -1.19400203227996848376
-0.47299805283546447754 0.28775021433830261230 0.45276403427124017886 1.18360805511474609375 -0.20244185626506799869 0.84524327516555786133 0.82423335313796997070 1.30095374584197998047 -1.12033915519714355469 -0.99483513832092285156 0.88500213623046875000
1.37011802196502685547 1.42211556434631369861 0.30393993854522699527 -1.11062550544738769531 0.58050209283828735352 -1.13677668571472167969 -1.43948459625244140625 0.01796425692737100080 0.44503068923950189761 0.03827046975493429704 -0.35308900475502008609
-1.46104085445404030530 -0.95034497976303100586 -0.79397100210189819336 -1.46164560317993164062 -0.88368678092956542969 -0.50422281026840209961 -1.39293146133422829358 0.07860939949750900269 0.33180212974548339844 1.68942654132843017578 -0.90559315681457519531
1.50209057331085205078 1.40470194816589355469 2.21937131881713867188 0.52317690849304199219 3.02926564216613769531 0.03611185029149049930 -0.27401351928710937500 -0.47980654239654541016 -0.10479964315891260318 0.76190990209579467773 1.84519565105438232422
1.09460604190826416016 1.20106518268585205078 -0.04358107969164840001 -0.72479212284088134766 0.08947079628705970067 -1.11911690235137939453 -1.54419589042663552014 0.53657144308090209961 0.39918380975723261050 -1.39126384258270263672 -1.01489281654357910156
0.73309820890426635742 0.35173013806343078613 -0.03352828323841090113 -0.42454075813293451480 0.09569557756185530228 0.97581493854522705078 0.21139511466026300601 1.53387510776519775391 -0.48073503375053400211 1.17823445796966552734 -1.21654200553894042969
-1.86247265338897705078 -1.32989704608917236328 -0.79116845130920410156 -0.00322152371518309982 -0.58344739675521850586 -0.15051670372486108951 0.28114244341850280762 -1.48794877529144287109 0.31775718927383417300 0.87656074762344360352 -0.52961188554763793945
1.70402181148529030530 1.24131107330322287829 0.29284724593162531070 -1.08910214900970458984 0.59653764963150024414 -0.58908450603485107422 -0.57001221179962158203 -0.33728590607643127441 1.50467348098754882812 0.14022848010063171387 0.18261316418647760562
0.20669461786746978760 -0.50979763269424438477 -1.30989325046539306641 -1.09222435951232910156 -0.97483986616134643555 -0.62944829463958740234 -0.87336635589599609375 -1.08103799819946289062 0.53597140312194824219 -1.09195685386657714844 0.64129966497421264648
0.88155603408813476562 1.66163146495819091797 0.87138164043426513672 -0.23981879651546469945 1.02707624435424804688 -1.00150966644287109375 1.49234664440155029297 -1.55583870410919189453 1.09246444702148437500 -1.58756160736083984375 -0.09485471248626700658
-1.07492923736572287829 -1.62147057056427001953 -0.47293204069137567691 0.60405004024505615234 -0.61266797780990600586 -0.86465585231781005859 -1.16477274894714355469 -1.49230730533599831311 -0.21200990676879880037 -1.31414878368377685547 -0.27130055427551269531
1.17380177974700927734 0.53867238759994506836 0.21417050063610071353 -0.36152207851409912109 0.74908530712127685547 0.01291422545909880031 -0.67479228973388671875 0.63090306520462036133 0.11826685816049570255 1.45431101322174072266 -1.78210282325744628906
0.05569709837436669780 -0.40942621231079101562 -0.23433418571948999576 -0.29675945639610290527 -0.19588041305541989412 -0.64013248682022094727 0.19069863855838770084 1.39000904560089111328 -1.54897177219390869141 -1.47635710239410400391 0.80441468954086303711
-0.25929620862007141113 -0.80185109376907348633 -0.29713475704193109683 -0.53617411851882934570 -0.41133320331573480777 -0.39372032880783081055 -0.45656290650367731265 0.66353261470794677734 0.30581063032150268555 0.08765024691820140490 0.37230989336967468262
-0.12314441800117489900 -0.37156957387924188785 -0.42464548349380487613 -0.32778018712997430972 -0.81828743219375610352 1.64485526084899902344 1.27546727657318115234 0.91147291660308837891 -1.31916356086730957031 0.15034173429012290257 0.70832705497741699219
0.45610496401786798648 0.20990261435508719701 -0.12099176645278930664 -0.28876966238021850586 -0.00278971274383359993 0.54286766052246093750 0.67112576961517333984 -1.33211755752563476562 1.32251942157745361328 1.20733904838561989514 -0.41877177357673639468
-1.07363235950469970703 -1.18643724918365478516 -1.09568917751312255859 -1.37914490699768088611 -0.76285433769226074219 -0.52519208192825317383 -0.30170339345932001285 -1.19993686676025390625 -1.05665552616119384766 0.67002844810485839844 -0.53833901882171630859
-0.41804748773574829102 0.21163481473922729492 0.98346799612045276984 1.46552395820617675781 0.09595949947834009341 0.42594614624977111816 0.16698223352432250977 0.25658378005027770996 -0.18784210085868829898 0.40149638056755060367 1.13899314403533935547
-0.19170956313610071353 0.21726074814796439427 0.71206539869308471680 0.35395738482475280762 0.05262039601802819683 -0.28338578343391418457 -0.28576040267944330386 -1.24411892890930175781 1.25982403755188010486 0.47572267055511469058 0.45938697457313537598
1.78233695030212402344 1.33932590484619140625 -0.33555030822753900699 -1.42942643165588378906 -0.07172138243913650513 -1.19562077522277832031 0.41950514912605280093 -1.13092875480651855469 -0.93288218975067138672 -1.36857175827026367188 0.24141612648963919896
1.62426412105560302734 1.56987237930297829358 1.26508724689483642578 -0.41952830553054809570 2.09200215339660644531 -0.69431620836257934570 -1.16762518882751464844 -0.46306839585304260254 -1.36429035663604736328 -1.49765765666961669922 1.22046387195587158203
-0.96171575784683238641 -0.51058459281921386719 -0.03099665977060789973 0.89575397968292236328 -0.64021140336990356445 -1.47284269332885742188 -1.04351925849914550781 -1.35187733173370361328 -0.26268047094345092773 -0.92065930366516124383 0.65434300899505615234
-0.84080421924591064453 -0.62753415107727050781 0.37790223956108087711 0.25509688258171081543 -0.29347941279411310367 1.13189744949340820312 0.96231549978256236688 -0.73203736543655395508 1.08232426643371582031 1.70138514041900634766 0.48097634315490722656
1.12002658843994140625 0.83336770534515380859 0.79087853431701660156 0.41125473380088800601 0.73229742050170898438 -0.54271429777145385742 1.44779956340789794922 -1.30739450454711914062 0.95806342363357543945 -0.53825855255126953125 -1.57233858108520507812
-1.42272424697875976562 -1.51166415214538552014 -1.06085264682769775391 0.42438453435897821597 -0.94234025478363037109 -1.28333306312561035156 -1.43736255168914794922 1.36182188987731911389 0.89957809448242187500 -0.67436659336090087891 -0.08073966205120079731
0.83652508258819580078 1.42773449420928955078 -0.34967356920242309570 -0.89515680074691772461 -0.33669903874397277832 2.29779410362243652344 1.24900305271148681641 1.35811245441436767578 -0.38757854700088500977 0.85207760334014892578 -1.40883624553680419922
0.22325563430786130037 -0.50213009119033813477 -0.20248006284236899632 0.48602482676506042480 -0.27640658617019647769 0.12092869728803630480 0.51227056980133056641 -0.16629239916801449861 -0.67722535133361816406 -0.41514202952384948730 0.99190461635589599609
-0.71964859962463378906 -0.29896104335784912109 -0.35222655534744262695 0.75811642408370971680 -0.43720337748527521304 -0.44446620345115661621 -1.29037511348724365234 -0.65488201379776000977 -0.57072180509567260742 -1.70263636112213112561 1.09471642971038818359
-0.43641340732574457340 -0.03067152574658390043 -0.78009033203125000000 -1.53742671012878417969 -0.96486300230026245117 -1.35309398174285888672 -1.73756420612335205078 -0.96536695957183837891 -0.29111292958259582520 -0.65246522426605224609 -0.04713777452707289956
-0.71454554796218872070 -0.32782804965972900391 -0.13470481336116790771 1.03063344955444335938 -0.57189428806304931641 -0.48518407344818109683 0.11881554871797560258 -1.31313633918762207031 0.64494681358337402344 -1.25470232963561989514 1.02325999736785888672
-1.64247834682464599609 -1.28333985805511474609 -0.68452763557434082031 -0.72751414775848388672 -0.58430349826812744141 1.90473210811614990234 0.51892346143722534180 1.30406332015991210938 -0.26756846904754638672 1.33666884899139404297 -0.47798550128936767578
-0.67978745698928833008 -1.51652824878692649158 -1.02189123630523681641 0.78575223684310913086 -0.72931993007659912109 0.65161836147308349609 0.88876241445541381836 0.55105817317962646484 1.22559618949890136719 -1.57976317405700683594 -0.01247419044375410076
1.51680541038513183594 1.65147626399993896484 0.79858899116516113281 -0.19023883342742919922 1.22883105278015136719 0.59290713071823120117 -0.50177174806594848633 0.58876311779022216797 0.16021604835987091064 1.55274045467376708984 1.15221595764160156250
-0.96488565206527721063 -0.69050806760787963867 -1.57267618179321289062 -1.23638558387756369861 -1.06107425689697287829 -0.79690742492675781250 -0.40126067399978637695 1.22083532810211181641 1.19300580024719238281 -0.88673275709152221680 0.52965170145034790039
-1.18040692806243896484 -1.15237867832183837891 -1.78701329231262207031 -0.09228823333978650179 -1.08104574680328369141 -0.69498169422149658203 1.14610910415649391858 -1.20085406303405761719 0.33369266986846918277 -1.38755905628204367908 0.39609092473983759097
1.69009113311767578125 1.57994401454925537109 -0.07656104117631909456 -0.77738153934478759766 0.46547973155975341797 0.92905920743942260742 0.97888422012329101562 -0.55250340700149536133 -0.99385690689086925165 -0.59863364696502685547 0.70163935422897338867
0.90340727567672718390 0.83211523294448852539 -0.94793361425399780273 -1.84969270229339599609 -1.04899644851684570312 0.87863940000534057617 0.40017980337142938785 0.42636954784393310547 -0.72832524776458740234 0.65121817588806152344 -2.56214261054992675781
0.22681446373462668675 0.74406492710113525391 0.16444517672061920166 0.14052212238311759251 0.39308336377143859863 0.52941668033599853516 0.38487401604652399234 1.42743504047393798828 0.70571386814117431641 -0.62979525327682495117 -0.90081876516342163086
-0.12259197235107420487 0.44172912836074829102 1.20513117313385009766 1.22895133495330810547 0.28652286529541010074 0.72659778594970703125 0.03686865046620359937 -0.87835621833801269531 -0.76767992973327636719 1.49823284149169921875 0.30616620182991027832
-1.61476838588714599609 -1.57301664352416992188 -1.31696331501007080078 1.45559251308441162109 -0.65806072950363159180 -0.02823990024626249831 -0.60162073373794555664 -0.19743117690086359195 0.44151720404624938965 1.51900088787078857422 0.45271575450897211246
1.47178077697753906250 1.32498466968536376953 1.37875914573669433594 0.41785633563995361328 2.14221405982971191406 -0.53922349214553833008 0.17139591276645660400 -0.98940318822860717773 -1.42968845367431640625 -1.36451995372772216797 1.07403039932250976562
-1.15682947635650634766 -1.59317612648010231702 -1.25771212577819824219 -1.66897535324096679688 -0.63247787952423095703 -1.67460274696350097656 -1.63541686534881591797 -0.49522811174392700195 1.02269494533538818359 0.64817154407501220703 -0.61546969413757324219
0.41711646318435668945 0.23889319598674768619 0.03523674234747879719 -1.04093074798583984375 0.16565796732902521304 -0.51046299934387207031 -1.23033106327056884766 1.54166853427886962891 -1.16494131088256835938 -0.92506724596023559570 -0.77387505769729614258
0.44133517146110529117 0.88903254270553588867 1.36733388900756835938 0.60349959135055541992 0.79428070783615112305 -1.12228667736053489001 -0.09680680930614470048 -0.92045378684997558594 -0.44221419095993041992 -1.24588572978973410876 -1.34492278099060058594
-0.69146239757537841797 -0.34068420529365539551 -1.14280533790588378906 -1.66503465175628662109 -0.86059868335723876953 -0.58741074800491333008 -0.86110174655914306641 -0.51708340644836425781 1.59068715572357177734 -0.76551014184951782227 0.33458039164543151855
0.69902741909027099609 0.13339470326900479402 -0.05025667697191230077 0.18610724806785580721 -0.08220510184764860673 -0.95846849679946899414 -1.07886552810668967517 -0.82713592052459716797 -0.58197909593582153320 -1.31100571155548095703 -0.79788231849670410156
-1.95219862461090087891 -1.59186434745788552014 -1.74396336078643798828 0.26544690132141107730 -0.92273753881454478876 1.05641925334930419922 1.63250958919525168689 -0.37337899208068847656 1.17732787132263183594 0.64555716514587402344 0.35231718420982360840
