0.54556095600128173828 0.73358893394470214844 1.69524228572845458984 1.57824552059173583984 1.43491244316101074219 -0.62405633926391601562
-1.12285387516021728516 -0.90560120344161998407 -0.38172644376754760742 1.16270744800567649158 -0.61682176589965820312 0.69730341434478759766
1.02309525012969970703 1.19208860397338889392 -0.90984421968460083008 -1.74419820308685302734 -0.59328788518905639648 -0.38665515184402460269
-0.36880216002464288882 -0.92767989635467518195 -0.55188167095184326172 0.70545071363449096680 -0.76561009883880615234 0.96666520833969116211
-0.42589670419692987613 -0.81978666782379150391 -0.24825532734394070711 -1.08303177356719970703 -0.63040542602539062500 0.23610818386077880859
-0.19324061274528500642 -0.97328764200210560187 0.13124419748783108797 0.87589031457901000977 -0.19599610567092889957 1.03680217266082763672
-1.54683518409729003906 -0.91955971717834483758 -1.53348779678344726562 -1.67294716835021950452 -1.22765564918518088611 0.18525704741477960757
0.03233334422111509843 -0.28128239512443542480 0.90230387449264515265 1.12375390529632568359 0.35860410332679748535 0.46289089322090148926
0.51273959875106811523 -0.00885952822864050082 1.08237993717193603516 1.54159128665924072266 0.72028607130050659180 -0.15405562520027160645
0.04578140005469320123 0.10838191956281660600 0.50513589382171630859 0.56535905599594116211 0.07947006076574320010 -0.58094996213912963867
0.73223471641540527344 0.86791926622390747070 0.44070038199424738101 -0.52121102809906005859 0.42092657089233398438 -1.27972793579101562500
0.54572707414627075195 0.29694491624832147769 -0.08615671843290320653 -1.13051068782806396484 -0.02038165181875219861 -1.73921775817871093750
-0.70021635293960571289 -0.05766001343727109735 -0.67893308401107788086 -0.27219796180725097656 -0.64639258384704589844 0.31488832831382751465
-1.41668236255645751953 -1.70683634281158447266 -0.55314803123474121094 1.12645232677459716797 -0.75540161132812500000 0.28101205825805658511
-1.07241189479827880859 -1.22740721702575683594 -0.99550485610961925165 -0.50413554906845092773 -0.82062578201293945312 0.21708337962627410889
-0.13839754462242120914 0.25690504908561700992 -0.70169544219970703125 -0.70073634386062622070 -0.73588025569915771484 -0.98397153615951538086
0.47966378927230829410 1.07448458671569824219 1.91936171054840087891 0.32940849661827087402 1.36053931713104248047 -0.58911365270614624023
-1.13056635856628417969 -1.75002384185791015625 -0.63886338472366333008 1.09561526775360107422 -0.72369265556335449219 0.28840276598930358887
-0.54023188352584838867 -1.38135147094726562500 -1.50959801673889160156 0.02474165335297580023 -0.99329018592834483758 0.74257457256317138672
0.11592382192611690173 0.62629109621047973633 -0.80128550529479980469 -1.22072684764862060547 -0.46677818894386291504 -1.75432324409484863281
2.03713107109069824219 1.23405814170837402344 0.99499607086181640625 -0.09186517447233200073 1.89589941501617431641 1.20435726642608642578
1.86819970607757590564 1.24309515953063964844 2.51305198669433593750 1.38656139373779296875 3.16989612579345703125 2.53675365447998046875
0.38045573234558099918 1.28772711753845192639 0.27346545457839960269 -0.90422809123992919922 0.14873586595058441162 -1.54002904891967751233
-0.59225565195083618164 -0.64457321166992187500 -0.22801318764686578922 1.39633524417877197266 -0.38370350003242492676 1.15941584110260009766
-0.96297049522399902344 -1.79733526706695556641 -0.61856395006179809570 -1.12819218635559082031 -0.70661544799804687500 -0.29259234666824340820
-2.67133879661560058594 -1.71947002410888671875 -0.81110268831253051758 -0.80389368534088134766 -1.08354866504669189453 -0.72598034143447875977
0.34508702158927917480 0.05641841515898699672 -0.45899266004562377930 -0.95031905174255359992 -0.73727029561996459961 -1.37525093555450439453
-0.45903670787811279297 0.22567959129810330476 1.32500159740447998047 1.74106621742248535156 0.33540266752243041992 0.59300434589385986328
-1.30985951423645019531 -2.00120639801025390625 -1.13268649578094482422 -1.07177364826202392578 -0.67064243555068969727 -0.47800701856613159180
0.95651000738143920898 1.01991176605224609375 -0.30203807353973388672 -1.38660764694213889392 -0.33610877394676208496 -1.07421565055847167969
0.11578419804573049368 -0.12898032367229458894 0.65307950973510742188 1.33628904819488525391 0.56997871398925781250 0.22723342478275299072
1.00274968147277832031 1.22739899158477783203 1.77329421043395996094 0.95040827989578235968 1.83024907112121604236 0.92412894964218139648
0.30122274160385131836 -0.36976680159568781070 -0.77297347784042358398 -1.56721460819244384766 -0.49336728453636169434 -0.49239405989646911621
1.46734082698822021484 1.12611663341522216797 0.62633520364761352539 -0.14500953257083890047 1.22890305519104003906 0.43656212091445917300
-0.54429054260253906250 0.36500653624534601382 0.75495773553848266602 0.79840898513793945312 0.37627953290939331055 -0.13181173801422119141
-0.73429161310195922852 -0.44026055932044977359 -0.22860808670520779695 -0.09868813306093210391 -0.24103257060050958804 0.77964299917221069336
0.77783089876174926758 1.21716928482055664062 -0.50620776414871215820 -0.88414603471755981445 -0.73161739110946655273 -0.88905042409896850586
-0.64851266145706176758 -0.86609584093093872070 -0.48470029234886169434 0.67710554599761962891 -0.83876419067382812500 0.70573002099990844727
1.34375894069671630859 1.39263463020324707031 1.63452541828155517578 1.06485092639923095703 1.79291856288909912109 1.80487966537475608142
0.08383803069591519441 -0.46073812246322631836 0.11107914149761199951 0.38717770576477050781 0.05079271644353860332 0.42072731256484979800
-0.86304724216461181641 -0.86536866426467895508 -0.50938504934310913086 -0.35407590866088861636 -0.74325489997863769531 0.57524281740188598633
-1.78438031673431396484 -1.72898209095001220703 -0.51475960016250610352 -0.61698400974273681641 -0.65125316381454467773 -0.54449772834777832031
-0.59690111875534057617 -0.92769557237625122070 -0.28826302289962768555 0.66111898422241210938 -0.47998371720314020328 1.00976765155792236328
0.94420665502548217773 1.25669515132904030530 -0.31643715500831598453 -1.11087644100189208984 -0.05198866128921499769 -0.40375617146491998843
-0.74808228015899658203 -0.33711051940917968750 -0.71579551696777343750 -0.79522013664245605469 -0.58041185140609741211 0.51470488309860229492
0.43825370073318481445 0.23269064724445340242 -0.17278911173343650121 -0.71325546503067016602 -0.06385518610477440571 -1.81532204151153608862
0.77234971523284912109 -0.13420589268207550049 0.06624607741832730379 0.41746196150779718570 0.24103687703609461002 -0.72266036272048950195
1.15942561626434326172 1.13181567192077636719 -0.11858624964952460545 -0.27841493487358087711 0.12075147032737730546 -0.03125661984086029743
-2.72466945648193359375 -2.02709078788757279810 -1.34015333652496337891 0.86857610940933227539 -1.14030933380126953125 -0.05390166118741029910
0.20427729189395898990 0.68893486261367797852 -0.31008708477020258121 -1.57729291915893554688 -0.34677261114120477847 -2.17049527168273970190
1.21333110332488991467 1.43379831314086914062 -1.23001909255981445312 -1.44470524787902832031 -0.93268394470214843750 0.26501566171646118164
-1.10303783416748046875 -0.29264092445373529605 -0.98382806777954101562 -0.64727020263671875000 -0.78829944133758544922 1.04300594329833984375
1.86609447002410888672 1.42292475700378417969 1.94882822036743208471 0.97273397445678722040 2.64053225517272904810 1.80424761772155761719
0.70929074287414550781 1.20481324195861816406 2.20328330993652343750 1.65282416343688964844 2.04805922508239701685 0.59573358297348022461
0.97917556762695323602 0.64781296253204345703 -0.22886654734611511230 -0.25651097297668451480 -0.06322228908538810033 -1.31225240230560302734
-0.95946663618087757452 -0.27881470322608947754 -1.15670001506805419922 -0.84348875284194946289 -1.11706221103668190686 0.50208514928817749023
-0.65486299991607666016 -0.30760979652404779605 -0.14183953404426569156 0.73277485370635986328 -0.19189567863941189851 0.88088351488113403320
0.86480689048767089844 1.14692950248718261719 1.99031388759613037109 1.54182696342468261719 2.16535305976867675781 0.94924384355545043945
-0.79929274320602416992 -1.51285994052886962891 -1.13935244083404541016 0.74008017778396606445 -0.82217985391616821289 0.54964047670364379883
0.94859415292739879266 0.14484289288520810213 0.74335944652557373047 1.05898582935333229749 1.00330615043640136719 -0.81422543525695800781
-0.73124384880065917969 -0.58017414808273315430 0.15022417902946469392 0.88235944509506225586 -0.17457945644855499268 0.74175775051116943359
0.41618952155113220215 -0.56091350317001342773 -0.12895928323268890381 0.78895139694213867188 -0.21426297724246978760 0.38990458846092218570
0.05082223191857330319 -0.72446984052658081055 -0.63065123558044433594 -0.87730032205581665039 -0.57695567607879638672 0.12252908945083609837
-0.92911297082901000977 -0.73406457901000976562 -0.49725955724716180972 -0.67196804285049438477 -0.59932988882064819336 0.47246032953262329102
0.08577246963977809557 1.08352696895599365234 -0.41429075598716730289 -1.03260576725006103516 -0.63264250755310058594 -2.26019501686096191406
0.71305423974990844727 0.33196222782135009766 1.23659646511077880859 1.06121754646301269531 1.38623094558715820312 -0.71844595670700073242
1.61043584346771240234 1.07261943817138671875 -0.51192080974578857422 -0.82331180572509765625 -0.31552988290786737613 0.44956037402153009586
-0.86569124460220336914 -1.55799043178558349609 -0.60461616516113281250 0.50562953948974609375 -1.00774323940277099609 -0.03720659390091889812
0.11499880254268640689 -0.31927460432052612305 -0.03035723417997359883 1.57729756832122802734 -0.00831407401710739999 0.69169795513153076172
0.41195073723793029785 0.41540411114692687988 -1.21441662311553955078 -1.66444969177246093750 -0.93000555038452159540 -1.67550718784332275391
-1.59304618835449218750 -1.50712597370147705078 -1.22585558891296408923 1.33168864250183105469 -0.76297640800476074219 0.83910876512527465820
1.22532379627227783203 0.89142704010009765625 1.32207214832305908203 0.35465535521507257632 1.49853968620300292969 0.05370880663394920346
1.18902552127838112561 1.12454259395599365234 -0.60503333806991577148 -1.25859570503234863281 -0.54344660043716430664 -0.56217610836029052734
0.71318453550338745117 1.00640249252319335938 1.40479397773742675781 0.73428577184677124023 1.18175256252288818359 -0.59817194938659667969
-0.31504657864570617676 -0.94793552160263061523 -1.32756769657135009766 -0.76589167118072509766 -0.79504871368408203125 0.56361371278762817383
