1.52265620231628417969 0.86607348918914794922 1.23513650894165039062 0.36178198456764221191 1.68862462043762207031 -0.51187092065811157227
-0.49199047684669489078 -0.93023288249969482422 0.23667415976524350252 1.78954386711120605469 -0.21500959992408749666 0.88016712665557861328
-0.74269527196884155273 -1.16635179519653320312 -1.07863283157348632812 -1.49918317794799804688 -0.82828307151794433594 -0.00217630667611950004
-1.25143074989318847656 -0.58931779861450195312 -0.39483669400215148926 1.44928431510925292969 -0.44848957657814020328 1.29895317554473876953
0.59470766782760620117 1.41884386539459250720 1.92827117443084716797 1.66316294670104980469 1.70185697078704833984 -0.05443279817700379802
-1.21032857894897460938 -1.38362765312194824219 -0.69068998098373413086 -0.31565135717391967773 -0.69639956951141357422 -0.22269888222217559814
1.56624722480773925781 1.10644781589508056641 -1.13958930969238281250 -1.83022546768188476562 -0.87660849094390869141 -0.43702647089958190918
-0.45523715019226068668 -0.54572749137878417969 0.45961159467697138004 0.57441961765289306641 -0.04789508506655690279 0.97729885578155517578
0.53910756111145019531 0.11496861279010769930 1.18476665019988991467 0.25460642576217651367 0.70898807048797607422 -0.56073427200317382812
-1.25366961956024169922 -1.04607415199279807361 -1.24071514606475830078 0.53569799661636352539 -0.66491627693176269531 0.70556426048278808594
-0.30704280734062189273 -0.01848377659916870114 -0.30399480462074279785 0.53751993179321289062 -0.38226148486137390137 0.68427062034606933594
-1.06070148944854736328 -0.49873781204223627261 -0.50178897380828857422 0.70476150512695312500 -0.78758251667022705078 0.69386076927185058594
0.22599175572395319156 1.11293137073516845703 0.31835594773292541504 -1.08554661273956298828 0.38570374250411987305 -2.18051218986511230469
1.15480470657348632812 1.53053808212280273438 2.58759617805480957031 1.17957925796508789062 2.73225116729736372534 1.56839084625244140625
-0.42752084136009210757 -0.83883923292160034180 -1.68295192718505859375 -0.38926988840103149414 -1.03711724281311035156 0.95645260810852039679
0.99350804090499877930 0.96556949615478515625 0.99305379390716563837 -0.14392885565757748689 1.05259239673614501953 -1.59289133548736550061
1.08233904838561989514 1.60497653484344482422 0.68389958143234252930 -0.29670485854148859195 0.92346209287643443719 0.20104712247848510742
-0.44877716898918151855 -1.10906362533569335938 -0.23570029437541958894 -0.32964017987251281738 -0.35346257686614990234 0.46886414289474487305
-0.96541982889175415039 -0.75726264715194702148 -0.82276475429534912109 -0.14891214668750760164 -0.86101704835891723633 0.56468951702117919922
-0.09721942245960230045 0.83126330375671386719 -1.04067468643188476562 -1.52589344978332519531 -0.75866639614105224609 -1.52653813362121582031
-0.47089487314224237613 -0.68115967512130737305 -0.36800462007522577457 -1.29314708709716796875 -0.42814353108406061343 0.12969133257865900211
1.46081006526947021484 1.05048811435699462891 1.77849066257476806641 1.08069801330566406250 2.01321291923522904810 0.38468179106712341309
-1.06632924079895019531 -0.59630733728408813477 -1.30576395988464355469 -1.78654313087463378906 -0.60054981708526611328 0.46611645817756647281
-1.64942562580108642578 -1.41125845909118630139 -0.45889130234718322754 -1.40653908252716064453 -0.20871923863887781314 -0.76511567831039428711
1.25380504131317138672 0.54759222269058227539 1.87782227993011474609 1.68573987483978271484 2.35594129562377974096 -0.21119064092636100072
-1.89617705345153808594 -1.65848588943481445312 -0.60140854120254516602 1.24996292591094970703 -0.79965019226074218750 0.21361923217773429173
1.02926909923553489001 1.15374231338500976562 0.83790397644042968750 -0.41894781589508051090 1.22038304805755615234 -1.20417809486389160156
-0.30118420720100397281 -0.43000280857086181641 -0.36908814311027521304 0.24532890319824218750 -0.29871332645416259766 0.88000559806823730469
-0.69872659444808959961 -0.40291798114776611328 -0.96263474225997924805 -1.22543060779571510999 -0.62433809041976928711 0.71105957031250000000
-1.18609964847564697266 -1.46540594100952170642 -1.37921595573425292969 -0.17636358737945551090 -1.12003588676452636719 0.26681742072105407715
-1.84530985355377197266 -1.85968875885009765625 -0.97816431522369384766 1.14255356788635231702 -0.81574314832687377930 0.14439952373504638672
1.53315067291259765625 0.74460440874099731445 1.63654124736785888672 1.34473979473113991467 1.77749478816986083984 -0.51919621229171752930
-0.97499656677246082648 -1.48210275173187255859 -1.22472429275512695312 1.50712859630584716797 -0.70537012815475463867 0.88372087478637695312
0.34775131940841669254 -0.18542926013469690494 0.21319921314716339111 0.47800973057746881656 0.43030285835266107730 0.65337759256362915039
-1.13725745677947998047 -1.70961952209472656250 -1.32119917869567871094 -0.13305950164794919099 -0.97171127796173095703 0.05790463462471959893
0.52872747182846069336 -0.09853007644414900346 0.25814786553382867984 1.15133786201477050781 0.43884474039077758789 0.47457385063171381168
-0.80509573221206665039 -0.06197502464056010157 -0.05820712074637410249 -0.11379276961088180542 -0.61385983228683471680 0.54027551412582397461
1.15437424182891845703 1.26483237743377685547 -0.43268489837646478824 -1.55631744861602783203 -0.31622025370597839355 -1.32345926761627197266
0.75986760854721069336 0.83631682395935058594 0.62516194581985473633 -0.18049921095371240787 0.90522104501724243164 -1.66902589797973632812
-0.86361080408096313477 -1.26518976688385009766 -0.95041203498840320929 -0.29158645868301391602 -0.67343044281005859375 0.33426097035408020020
1.21767008304595969470 1.36868095397949218750 2.91111731529235839844 1.69545114040374755859 3.07918763160705610815 1.90242850780487038342
0.86022788286209106445 0.45977494120597839355 -0.50419896841049194336 0.10575381666421890259 -0.09468662738800040501 -1.51327562332153320312
1.91143774986267089844 1.33052825927734375000 1.00171315670013449939 -0.26540413498878479004 1.31991147994995117188 1.06145823001861550061
0.34095433354377741031 0.76309627294540405273 0.08447656780481330174 0.00907235965132710022 0.26856273412704467773 -1.65340018272399902344
2.12652897834777832031 1.60090422630310058594 0.56786590814590454102 -0.16337870061397549715 1.08786141872406005859 0.74324280023574829102
-0.77130740880966186523 -1.46772313117980957031 -0.74028742313385009766 -0.23998723924160000887 -0.72660773992538452148 -0.08120375871658319644
-1.23475015163421630859 -1.23333299160003662109 -1.27608728408813476562 -0.25333225727081298828 -1.29897844791412353516 -0.01901708729565140116
-0.58095902204513549805 -1.01397228240966796875 -0.26339322328567499332 1.38177978992462158203 -0.50182026624679565430 1.03327131271362304688
-0.37822565436363220215 -0.61297541856765747070 -0.14973083138465881348 0.74523711204528808594 -0.30189654231071472168 1.48493266105651855469
-0.22227640450000760164 -0.35868647694587707520 -0.08103208988904950227 -0.61293536424636840820 -0.21862408518791198730 0.76799774169921875000
0.67561787366867065430 0.11260706931352609805 -1.03821671009063720703 -1.61217379570007324219 -1.12174558639526367188 -1.48714351654052712171
1.31375026702880859375 0.87939828634262084961 0.13934887945651999730 -0.57644045352935791016 0.46091240644454950504 -1.36413896083831809314
-1.55647504329681396484 -1.29769885540008544922 -1.39915215969085693359 -0.20882028341293329410 -1.13717007637023925781 0.09755492955446240511
-1.64679408073425292969 -1.02640283107757568359 -0.08465895056724540013 -0.03617782518267630143 -0.76795023679733276367 -0.31385433673858642578
-0.33137190341949457340 0.23822376132011410799 -1.11536955833435058594 -0.11646059900522230668 -0.75952613353729248047 0.54501259326934814453
-0.22383105754852289371 -0.77997297048568725586 -0.50400763750076293945 0.99604374170303344727 -0.40929782390594482422 1.29031741619110107422
-0.14577102661132809724 -0.44793105125427240543 -1.26026892662048339844 -0.79026770591735839844 -1.01286554336547829358 0.94440066814422596320
0.61121845245361328125 1.04260873794555664062 0.57448571920394897461 0.07961171120405190205 0.30981084704399108887 -1.87726068496704101562
1.20706748962402343750 1.54120779037475608142 0.01861541904509059903 -1.30735111236572287829 0.53732508420944213867 -0.36043202877044677734
0.58334338665008544922 0.62063175439834594727 -0.54749703407287597656 -1.48631477355957031250 -0.03670205175876609799 -1.90974390506744406970
0.33077090978622430972 -0.30102047324180597476 -0.05541589483618730022 1.48736965656280517578 -0.12428288906812659520 1.04597544670104980469
-0.92873644828796397821 -0.93632775545120239258 -0.93789041042327880859 1.67597174644470192639 -0.97149342298507679327 1.35118496417999289783
-1.47193539142608642578 -1.76873099803924560547 -1.57068705558776855469 1.14710974693298339844 -1.07732784748077392578 0.35979992151260370425
1.54727089405059792249 1.16131424903869628906 0.89107173681259155273 0.36517313122749328613 1.25627911090850830078 0.39408367872238159180
-0.01080093625932929992 -0.01002231985330579930 0.65600860118865966797 1.63099682331085205078 0.41449028253555297852 1.11907255649566650391
-1.08442103862762428967 -1.52918791770935058594 -1.48698425292968750000 -1.58450794219970703125 -1.30739414691925048828 -0.67033821344375610352
0.79769718647003173828 0.18682801723480219058 0.20011289417743680086 -0.04758441075682640076 0.07236672192811960391 -1.37131345272064208984
0.32727506756782531738 0.62780195474624633789 -0.25589662790298461914 -1.40332686901092529297 -0.45325455069541931152 -1.80223333835601806641
-0.68377661705017089844 0.00206060823984440021 -0.55999171733856201172 -0.27076071500778198242 -0.84359264373779296875 0.51457256078720092773
-0.55761700868606567383 -0.87685060501098632812 -0.14347825944423669986 0.28719443082809448242 -0.19193571805953979492 0.87725687026977539062
0.64069050550460815430 1.19269943237304687500 -0.63018089532852172852 -0.86582744121551513672 -0.28667840361595148257 -1.78548002243041992188
-0.13690757751464840974 -0.36432164907455438785 -1.46153926849365234375 -0.41350880265235900879 -0.93009722232818603516 1.23586916923522949219
1.84794485569000244141 1.46984910964965820312 -0.51163977384567260742 -1.70361864566802978516 -0.17413841187953948975 0.52487689256668090820
0.57857054471969604492 0.09608717262744899401 1.20415425300598144531 0.90726852416992198602 1.09535694122314430921 0.04169638082385059702
1.28504145145416259766 0.46919241547584528140 2.10506486892700195312 1.25565814971923850329 2.50002694129943847656 -0.42305308580398559570
-0.68560945987701416016 -1.15935742855072021484 -0.86192595958709716797 -1.56868255138397216797 -0.68879705667495727539 -0.00248407619073979982
0.97136718034744262695 1.43352687358856201172 0.44927582144737238101 -0.51279515027999877930 0.90117692947387695312 -0.74198836088180541992
-0.38042005896568298340 -1.07499003410339355469 0.06764713674783699726 1.12882554531097389905 -0.42559432983398437500 0.89271324872970581055
-0.58948147296905517578 -0.70999783277511596680 -1.07075321674346923828 -1.77534532546997070312 -1.53037905693054199219 0.13024121522903439607
1.69366681575775168689 1.49210858345031738281 -0.56607764959335327148 -1.22883331775665283203 -0.32047295570373529605 0.39384567737579340152
-1.84957242012023970190 -1.25994718074798583984 -1.01539456844329833984 1.20715618133544921875 -0.69014078378677368164 0.47472435235977167300
1.99408149719238281250 1.05125391483306884766 0.71964544057846069336 0.04318551346659660339 1.44444835186004638672 0.94633662700653076172
-0.41386777162551879883 -0.57203388214111328125 0.23077274858951560277 0.67982947826385498047 -0.06868911534547800235 0.94328904151916503906
1.63176536560058593750 1.30531764030456542969 1.64103794097900390625 0.67868924140930175781 2.28129553794860839844 1.29786610603332519531
1.06038737297058105469 1.14056599140167236328 0.15365317463874811343 -0.93679851293563842773 0.38038700819015497379 -1.65684354305267311780
2.04251790046691894531 1.26483356952667236328 2.30377173423767089844 1.62227511405944824219 3.46392512321472167969 2.69721913337707519531
-0.24165870249271390047 0.06648631393909450182 0.98760747909545898438 0.88732141256332397461 0.19383540749549860172 0.63738000392913818359
0.38199999928474420718 -0.21462933719158169832 0.04458940401673310017 0.78070932626724243164 -0.06389709562063210224 0.39522570371627807617
0.46800845861434930972 0.00762842688709489992 1.29828143119811989514 1.68994605541229248047 1.12241864204406738281 0.92945110797882080078
0.68006497621536254883 1.60126554965972900391 0.24194523692131039705 -0.84598344564437866211 0.03044223040342329892 -1.18710708618164062500
1.43424165248870849609 1.05137944221496582031 -0.98476368188858043329 -0.81948322057723999023 -0.84691494703292846680 -0.89784389734268188477
-0.89371281862258911133 -0.50384366512298583984 -0.51822292804718017578 -1.35167706012725830078 -0.49551814794540399722 0.45272183418273920230
0.24797852337360379305 0.18699207901954650879 -0.28376513719558710269 -0.35344094038009638004 -0.38618603348731989078 -0.89658343791961669922
-0.01408225204795589963 0.35619512200355529785 0.44031417369842529297 -0.29868683218955988101 0.16896578669548029117 -0.49685391783714288882
-0.61191987991333007812 -1.17976701259613037109 -0.91522055864334117548 -1.24032223224639892578 -0.70174187421798706055 -0.01759671047329899873
0.87888199090957641602 1.30432462692260742188 3.20967245101928710938 1.76004910469055175781 2.99022889137268066406 1.28346335887908935547
0.25546529889106750488 0.45337280631065368652 -0.21095781028270718660 -1.60547959804534912109 -0.54346150159835815430 -1.68474221229553222656
1.59357225894927978516 1.01520395278930664062 0.33830797672271728516 0.84183454513549804688 0.63676953315734863281 -0.00906653050333259929
-0.11161401867866510562 0.25367662310600280762 0.37946826219558710269 -0.16160891950130459871 -0.22738875448703760318 -0.17358568310737609863
0.50683170557022094727 0.29957851767539978027 -0.78534805774688720703 -1.16079008579254150391 -0.49596437811851501465 -1.43741250038146950452
1.43814885616302490234 1.39581286907196044922 2.03212666511535644531 1.00666892528533935547 2.37199759483337402344 1.51508343219757080078
-0.96048629283905040399 -0.76113057136535644531 0.37574914097785949707 1.43131303787231445312 -0.54409074783325195312 1.12029051780700683594
0.22841235995292660799 0.24797111749649039525 0.08897878229618069734 -0.66040247678756713867 -0.17417815327644339818 -0.73159164190292358398
-1.06579756736755371094 -0.91647046804428100586 0.27699404954910278320 0.64541023969650268555 -0.66045051813125610352 0.08065790683031079378
-0.09763376414775840062 -0.34339427947998041324 0.32567358016967767886 0.08552536368370050601 -0.00776834273710839962 0.44864222407340997867
-2.03355121612548828125 -1.56935834884643554688 -0.48829460144042968750 0.27736872434616088867 -0.94140142202377319336 -0.38061752915382379703
-0.02972087264060969958 0.19096845388412470035 0.24448257684707638826 0.77763938903808593750 0.00125069962814450004 0.20068974792957300357
-0.45336192846298217773 -0.92177242040634155273 -0.01814289204776280140 1.38319075107574462891 -0.38895007967948908023 0.91438460350036621094
0.31765329837799072266 1.15849208831787109375 -0.45882070064544677734 -1.08819055557250976562 -0.28459331393241882324 -2.33884835243225097656
-0.84786105155944824219 -0.38803800940513610840 0.52923691272735595703 -0.23572501540184020996 -0.08987090736627570409 0.41910618543624877930
0.25905075669288629703 0.71311759948730468750 1.62593495845794677734 0.61980772018432617188 1.17213666439056396484 -1.08536195755004882812
-1.58802950382232688220 -1.29820895195007324219 -0.35557904839515680484 1.48569440841674804688 -0.88327550888061523438 0.18846933543682090062
0.01642882637679569935 -0.82232320308685302734 -0.35098093748092651367 -1.63947296142578125000 -0.23749002814292899388 0.14801274240016928929
-0.17640455067157739810 -0.89443659782409667969 0.34915676712989801578 1.76604032516479492188 -0.05102446302771559972 1.43603277206420898438
0.49558103084564208984 1.28508067131042480469 -0.44267895817756647281 -0.90595102310180664062 -0.38500717282295221500 -2.31888389587402343750
-1.56837713718414306641 -0.62940531969070434570 0.18463748693466180972 0.23599353432655328922 -0.32327735424041748047 0.17285114526748648900
0.16317115724086758699 -0.24065305292606350984 1.16940975189208984375 1.68446695804595969470 0.63739907741546630859 1.14110100269317649158
1.11309206485748291016 0.86751371622085571289 1.46009814739227294922 0.88670235872268676758 1.53943109512329101562 -0.92750668525695800781
-1.13733625411987304688 -1.43633675575256369861 -0.91917461156845081671 0.23893472552299499512 -0.77951091527938842773 0.15662051737308499422
0.38210830092430109195 0.70089566707611083984 0.06822453439235680317 -0.29171362519264221191 0.13199846446514129639 -1.50896346569061279297
0.41812652349472040347 0.37825977802276611328 2.41391754150390625000 1.27749323844909690173 2.01741671562194779810 0.32223483920097351074
0.87523853778839111328 0.09836866706609720401 -0.42249706387519830875 -1.06320655345916770251 -0.02051260322332380120 -1.27645730972290039062
1.40087783336639404297 0.93969827890396118164 1.90467822551727294922 0.74423462152481079102 2.46509408950805664062 -0.06795603781938550081
-0.67337071895599365234 0.03710275143384930002 0.61042559146881103516 1.03986155986785888672 -0.21588000655174249820 1.08029854297637939453
1.14672219753265380859 1.03403186798095703125 -1.05490827560424804688 -1.59896755218505859375 -0.65309447050094604492 -1.63116264343261718750
0.17736518383026120271 -0.13908250629901880435 0.40849238634109491519 0.70696449279785156250 0.15412853658199310303 0.64236086606979370117
-0.72461527585983276367 -1.29073584079742431641 -1.32155072689056396484 -1.15490424633026123047 -0.57913398742675781250 0.24936167895793909244
1.00473272800445556641 1.36088120937347389905 -0.34572780132293701172 -1.26796710491180419922 -0.03465745970606799731 -1.19415128231048583984
0.26062610745429992676 0.30489796400070190430 0.48890039324760431461 0.62635397911071777344 0.38108620047569269351 -0.48758813738822931461
-0.49912104010581970215 -1.34841191768646240234 0.18868750333786010742 -0.59930759668350219727 -0.56935060024261474609 -0.24748930335044860840
-1.43838691711425781250 -1.38253021240234375000 -1.91084289550781250000 -0.15908123552799219302 -1.35833585262298583984 0.50507283210754394531
-1.92346072196960449219 -1.01127398014068603516 -0.46609899401664728336 0.65113532543182373047 -0.97386181354522705078 0.04066378250718109821
0.67808276414871215820 1.32953715324401855469 -0.08519445359706870335 -0.49634999036788940430 -0.06167800351977340001 -1.67890286445617675781
-1.27528738975524902344 -1.20918345451354980469 -0.36654767394065851382 -0.53914058208465576172 -1.01369690895080566406 -0.32313260436058038882
1.31495344638824462891 1.41503691673278808594 1.03234767913818359375 0.48944392800331110172 1.16236126422882080078 0.83772301673889160156
-0.53838485479354858398 -0.89084780216217041016 -0.81363707780838012695 -0.31903502345085138492 -0.62955254316329956055 0.67985159158706665039
0.79905545711517333984 0.67803877592086791992 -0.74311238527297973633 -1.48548924922943115234 -0.64994806051254272461 -2.21507048606872558594
0.32456764578819269351 0.78394860029220581055 1.06986713409423850329 0.38581925630569458008 0.61574393510818481445 -1.80399799346923850329
-0.44631564617156982422 -0.33471754193305969238 -0.89197361469268798828 -1.55236256122589111328 -0.66059494018554687500 0.49707207083702087402
-0.63472270965576171875 0.10393348336219780659 -0.29670086503028869629 -0.20178124308586120605 -0.84065812826156616211 0.78434377908706665039
0.60778498649597167969 1.13587057590484619141 1.44646525382995605469 0.21367046236991879549 1.15418875217437744141 -1.50254130363464355469
1.03804528713226318359 1.65464663505554199219 -0.16985991597175589818 -0.39351591467857360840 -0.25821954011917108707 -0.05632374435663219797
0.19807820022106170654 -0.51954156160354614258 0.94808870553970336914 1.76685154438018798828 0.41050735116004938297 1.66252446174621582031
1.47105085849761962891 1.28521096706390380859 -0.49121037125587457828 -1.09960460662841796875 -0.44543454051017761230 -0.47973254323005670718
1.05461657047271728516 0.47973543405532831363 0.54384428262710571289 0.08963058143854139848 0.77913254499435424805 -1.37009263038635231702
-1.00048124790191650391 -0.44057786464691162109 -1.20639252662658691406 -0.71098631620407104492 -1.03814411163330078125 0.70421302318572998047
0.40063437819480890445 0.93711745738983165399 1.24822664260864257812 -0.57985144853591918945 0.96610820293426524774 -1.93775105476379394531
-1.64817845821380615234 -1.10132896900177001953 -0.42819103598594659976 0.30445691943168640137 -0.85192424058914184570 0.13137459754943839330
1.48008954524993896484 1.56366300582885742188 0.57328546047210693359 -0.09465997666120519460 0.85144227743148803711 1.11081540584564208984
-0.16178402304649350252 -0.90923929214477539062 -0.88064813613891601562 0.76649409532546997070 -1.06756126880645751953 1.03427445888519287109
-0.81114870309829711914 -1.51584434509277343750 -0.38956731557846069336 -0.11554761230945580219 -0.38309258222579950504 -0.25082498788833618164
0.51639640331268310547 0.67016297578811645508 0.79183179140090942383 0.44250211119651788882 0.81149023771286010742 -1.55909597873687744141
-0.90651857852935802118 -0.63446325063705444336 -0.71372425556182861328 -0.68295741081237792969 -1.05123364925384521484 0.25016525387763971500
1.01509952545166015625 0.48606419563293451480 0.97618824243545521124 0.87576657533645629883 0.84093588590621948242 -1.49144101142883300781
-1.75488829612731911389 -1.46113777160644509046 -0.47513344883918762207 -0.84680670499801635742 -0.61947447061538696289 -0.68068230152130126953
-0.79841297864913940430 -1.38631165027618408203 -0.74789315462112426758 1.14690148830413818359 -0.75852435827255249023 0.60152232646942138672
0.70524567365646362305 0.43040168285369867496 -0.37007737159728998355 -0.09378013014793390445 -0.31476607918739318848 -1.29446935653686523438
1.73242521286010742188 1.48348939418792724609 -0.25049090385437011719 -0.64147388935089111328 0.19878174364566800203 0.94008326530456542969
-0.51457631587982177734 -1.55415546894073486328 -1.33519756793975830078 0.40605339407920837402 -0.81371200084686279297 0.20544999837875360660
-0.19632515311241149902 -0.09065657854080200195 -1.27244424819946289062 -1.71169972419738769531 -1.12320184707641601562 0.08248052000999450684
-1.41617345809936523438 -1.36172735691070556641 -0.91085183620452880859 0.78990018367767333984 -0.72908383607864379883 0.45080554485321039371
0.87738102674484252930 1.18920373916625976562 1.48545479774475097656 1.28952491283416770251 1.36772871017456032483 -0.55430442094802856445
-1.17330145835876464844 -1.84079718589782714844 -1.12066209316253662109 1.32117605209350608142 -0.81692522764205932617 0.06414398550987239489
-1.66701889038085937500 -1.58535134792327880859 -1.18110394477844238281 1.77340710163116455078 -0.96994960308074962274 0.60917693376541137695
0.04240626469254490244 0.55194890499114990234 -0.76200580596923828125 -1.62854969501495361328 -0.83325612545013427734 -1.43559753894805908203
-0.29884815216064447574 0.10817891359329219469 -0.82035499811172485352 -1.73957884311676047595 -0.94913673400878917352 -0.18094414472579950504
0.37951600551605219058 0.07088611274957649921 -0.78626984357833862305 -0.46584954857826227359 -0.48316517472267150879 -0.10072708129882809724
0.09886458516120910645 0.83392828702926635742 -1.19257164001464843750 -1.81332814693450927734 -0.95334917306900024414 -1.69607174396514892578
-1.11951100826263449939 -0.93050706386566162109 -1.65048694610595703125 -0.37577193975448608398 -1.20760130882263183594 0.65086692571640014648
-0.54555028676986694336 -0.14011034369468688965 0.36076670885086059570 0.30595690011978149414 -0.08375968784093849873 0.80810379981994628906
0.31643036007881159000 0.33170586824417108707 0.81380015611648559570 0.18770918250083920564 0.83378511667251586914 -0.53203797340393066406
1.16717112064361550061 1.33561372756958007812 1.39563238620758056641 0.58855748176574707031 1.46632945537567138672 0.16463066637516018953
0.08747111260890960693 -0.34298387169837951660 -1.04349732398986816406 -1.12372016906738281250 -0.90358471870422363281 0.48001873493194580078
-0.80833226442337036133 -0.23147079348564139623 0.67023777961730957031 0.62088268995285034180 0.11536467820405960083 1.02206623554229736328
-0.71663010120391845703 -0.93973743915557861328 -0.78998339176177978516 -0.70799666643142700195 -0.88383311033248901367 0.49505987763404840640
-0.70087558031082153320 -0.44656890630722040347 -0.99062424898147583008 -0.95232611894607543945 -1.03857004642486550061 0.45191779732704162598
0.46735924482345581055 0.51450747251510620117 1.18259215354919433594 1.66568350791931152344 1.02056527137756369861 -0.26058018207550048828
-0.30090239644050598145 -1.07171392440795898438 -0.73572802543640136719 0.38507324457168579102 -0.73060065507888793945 0.92074334621429443359
-1.19034314155578591077 -0.87868577241897583008 -0.18957240879535669498 -0.27074828743934631348 -0.88311374187469482422 0.01467407960444679950
-0.39143246412277221680 -0.88667178153991699219 0.46738719940185541324 1.46257531642913818359 -0.05234519764780989903 0.96564388275146484375
1.60476362705230712891 1.34429550170898437500 0.12483719736337660355 -0.71374249458312988281 0.35036796331405639648 0.27984517812728881836
1.38317084312438964844 1.53071379661560058594 2.02997660636901855469 0.82840329408645629883 2.30356216430664062500 1.91944205760955810547
-1.26206231117248535156 -0.61832487583160400391 -0.62189680337905883789 -0.91021627187728881836 -1.01472294330596923828 -0.08543968200683589587
0.44418272376060480289 -0.00353091000579289997 0.74134939908981323242 0.57175731658935546875 0.64775562286376953125 0.03750713914632790302
-1.04843235015869140625 -0.66994839906692504883 -0.75192010402679443359 -0.94867825508117675781 -0.51999497413635253906 0.38880783319473261050
0.64072668552398681641 0.33100572228431701660 -0.40328913927078241519 -0.82390266656875610352 -0.15058089792728421297 -1.47319161891937255859
0.87152165174484252930 1.42146992683410644531 0.02239781059324739976 -0.42695197463035577945 0.43151763081550598145 -0.92368972301483165399
