0.75257092714309692383 1.19774627685546875000 1.85384654998779296875 1.54667234420776367188 1.59186577796936035156 -0.83541959524154663086 -1.32837975025177001953 0.58190196752548217773 1.70239925384521484375 0.27597224712371820621 -0.28318005800247192383
-0.24727788567543029785 0.02129830978810779915 -0.50849390029907226562 -1.07077264785766601562 -0.60128819942474365234 0.66486138105392456055 0.43891614675521850586 0.97752159833908081055 0.39221337437629699707 0.58890813589096069336 0.19000148773193359375
-1.71210980415344238281 -1.25850284099578857422 -0.29895028471946710757 -1.30475246906280517578 -0.60901176929473876953 -1.28366351127624511719 -0.61440068483352661133 -1.66993856430053710938 -0.32622134685516357422 0.11750707775354379825 -1.07993626594543457031
0.06631632149219510164 -0.35537353157997131348 0.54772502183914184570 -1.00385665893554687500 0.38311299681663507632 -0.80955904722213745117 -0.69788700342178344727 0.68691480159759521484 -0.80718630552291870117 0.53834426403045654297 0.19338932633399960603
1.89335024356842041016 1.22816908359527610095 2.72605752944946289062 1.32580423355102539062 3.73543477058410555713 -0.17941382527351379395 -0.66482025384902954102 0.50466907024383544922 1.59455156326293967517 -0.62059938907623291016 3.37848043441772460938
0.07300060242414470324 -0.52035647630691528320 -0.25158178806304931641 -0.99828428030014038086 -0.42512014508247369937 -1.07165825366973876953 -0.97259879112243641242 -1.24749791622161887439 -0.67100590467453002930 0.19243252277374259251 0.22527542710304260254
0.96990972757339477539 0.43070772290229797363 -0.90095245838165283203 -0.73908811807632446289 -1.01644718647003151624 -0.78589546680450439453 -0.85254275798797607422 1.14714252948761008533 0.27354848384857177734 0.46190917491912841797 -2.01394367218017578125
1.90971374511718750000 1.15426123142242431641 0.66507190465927124023 0.36835181713104248047 1.23731744289398193359 -0.53411453962326049805 -0.75659286975860595703 -1.38641977310180664062 -1.41761696338653564453 -0.63417923450469970703 1.02065420150756835938
-0.07041602581739420108 0.21186846494674679842 -0.12025952339172360506 0.11508084088563909353 -0.18338863551616668701 0.47633334994316101074 0.00465021049603809959 0.81346744298934936523 0.70678567886352539062 0.78043705224990844727 0.23416520655155179109
-0.64343792200088500977 -0.04696686938405029987 -1.46781396865844726562 -1.53995537757873535156 -1.50161182880401589124 0.16756831109523770418 -0.31999871134757990054 0.71901082992553710938 -1.01298403739929199219 0.98957461118698120117 0.07158584892749779438
0.30531641840934747867 0.08330135792493820190 0.91686743497848521844 0.57969784736633300781 0.57459950447082519531 -0.80153220891952514648 -1.20674717426300048828 -0.87355679273605346680 -0.01999157853424540082 0.40201604366302490234 0.01445337384939190083
0.19815245270729059390 -0.54175794124603271484 -0.00907157361507410047 1.58718204498291015625 0.10200849920511240176 -0.85897940397262573242 -0.45576506853103637695 -0.85935640335083007812 -0.92184531688690196649 -0.87736231088638305664 1.34642767906188964844
-0.11831524968147269505 -0.80610662698745727539 -0.44224375486373901367 -1.26896667480468750000 -0.47078534960746759586 0.23437160253524780273 -0.26214787364006042480 1.62628984451293967517 0.70918995141983032227 1.55237746238708496094 0.04856630414724349976
0.85775411128997802734 1.12196815013885498047 1.73849773406982421875 1.16693353652954101562 1.68587243556976318359 1.56687355041503906250 1.00021910667419433594 -0.99502915143966674805 0.22056621313095089998 1.66029226779937744141 -0.34278154373168939761
0.76248127222061157227 0.17168933153152460269 -0.79069793224334716797 -0.96525883674621582031 -0.53163903951644897461 -0.90946090221405040399 -0.06875725090503689851 -1.53840911388397216797 -0.93468534946441639288 -1.24819028377532958984 -1.12909340858459472656
1.10579395294189430921 1.66023576259613037109 1.10957777500152610095 0.25035446882247919254 0.86948895454406738281 -0.23681263625621790103 -0.89650309085845947266 -0.31971126794815057925 -1.03635883331298850329 1.41870307922363281250 0.58651983737945556641
-0.40362688899040222168 -0.93161636590957641602 0.61183398962020874023 1.34091567993164062500 -0.15589779615402218904 0.53971225023269653320 0.19873477518558499422 0.48710247874259948730 1.26723480224609375000 0.89934909343719482422 1.01906538009643554688
-0.35877299308776849918 0.21744872629642481021 -0.51548576354980468750 -0.47146108746528619937 -0.53187131881713867188 0.04132260009646410159 -1.14756155014038085938 -0.05071087554097170047 1.52450454235076904297 -0.72493749856948852539 0.51124012470245361328
-0.47357943654060358218 -0.92909276485443115234 -1.04928970336914062500 1.55407118797302246094 -0.78182953596115112305 -0.79897117614746093750 -1.53595495223999023438 -0.18615359067916870117 0.09074062108993530273 0.53109365701675415039 1.22889018058776855469
-1.18662405014038085938 -1.11973154544830322266 -1.33142089843750000000 -1.12800669670104980469 -0.99491965770721435547 1.43644654750823952405 1.87846493721008300781 0.17007623612880701236 0.70320326089859008789 -0.21680486202239990234 -0.14094057679176330566
0.88530886173248291016 0.52528458833694458008 -0.09255057573318480058 -0.04550231248140330226 -0.11058100312948219990 -1.05824995040893554688 -1.43947160243988037109 -1.29274284839630126953 -0.03591425716876980173 -0.81891745328903198242 -1.98751294612884477075
1.51663565635681152344 1.40684068202972389905 1.80283069610595703125 0.93750548362731922492 2.16824483871460005346 -0.30594640970230102539 1.42737007141113281250 -0.50013625621795654297 1.62877678871154807361 -1.35626995563507080078 1.71787238121032714844
-0.85964989662170410156 -1.62760639190673850329 -1.29091095924377441406 -0.14167827367782589998 -1.03008711338043190686 -0.41234824061393737793 -0.25371289253234857730 0.50488579273223876953 -0.81784445047378540039 -1.67299175262451149671 -0.37156668305397028140
-0.06093075498938559792 -0.41220220923423761539 -0.20563246309757229890 -0.72971385717391967773 -0.40817791223526000977 -0.66605699062347412109 -1.27859258651733398438 0.43443399667739868164 -0.96482682228088378906 -1.70081460475921630859 0.31535807251930231265
1.36360836029052712171 1.51045250892639160156 0.37657955288887018375 -0.37006115913391107730 0.81849288940429687500 1.00052666664123535156 1.78519320487976074219 -0.82127034664154052734 0.89539897441864013672 0.77104705572128295898 0.80297774076461791992
-1.56464815139770507812 -1.38251578807830810547 -0.45233121514320367984 1.04461014270782470703 -0.75743645429611206055 -0.46184974908828729800 -0.33435052633285522461 1.47147738933563232422 -0.45244672894477838687 -0.94670945405960083008 -0.02617589943110940065
-0.17188669741153708714 -0.59322774410247802734 0.22557008266448969058 0.81279486417770385742 -0.04712677001953120143 2.41281628608703613281 1.70838415622711181641 1.65801060199737571033 -1.06123399734497070312 -0.19385732710361480713 0.95714366436004638672
-0.97777509689331043585 -1.07987761497497558594 -0.16520082950592041016 -1.06685268878936767578 -0.50258654356002807617 1.64696133136749289783 0.76779443025588989258 0.75672096014022827148 -0.54261243343353271484 0.85287439823150634766 -0.41833916306495660953
-0.75370079278945922852 -0.56846219301223754883 -0.84441000223159790039 -0.31239968538284301758 -0.80493897199630737305 -0.99332344532012939453 -1.01718294620513916016 -0.45424684882164001465 0.74142509698867797852 1.07444155216217041016 0.56326496601104736328
-1.22616565227508544922 -1.53961038589477539062 -0.70517027378082275391 -1.55649912357330322266 -0.65191751718521118164 -1.32617664337158203125 -1.03810024261474609375 -1.24661350250244140625 -1.31358194351196289062 1.45704257488250710217 -1.15719985961914062500
-1.42369782924652099609 -0.78299605846405029297 -0.94653487205505359992 0.17641493678092950992 -0.86195528507232666016 -0.46645933389663690738 -1.17928004264831542969 -0.64900684356689453125 0.97326147556304920538 0.68216288089752197266 -0.01742418110370630088
-0.17340204119682309236 -0.07331012934446330676 1.02466273307800292969 1.39890813827514648438 0.69221496582031250000 2.33066797256469726562 1.06479382514953591077 1.65992331504821777344 -1.38573563098907470703 1.33205461502075195312 1.52314782142639160156
-0.87917500734329223633 -1.43218886852264404297 -0.86272209882736206055 -1.53047084808349609375 -0.85808324813842773438 1.17280292510986328125 1.30989134311676047595 -0.05238639935851090168 0.88046020269393920898 -0.08615732192993159899 -0.95110595226287841797
1.78342914581298850329 1.52557754516601562500 -0.29126164317131042480 -1.02547204494476318359 -0.09044592827558510517 -0.51720780134201049805 -0.64686733484268188477 -0.07275532931089399857 -0.09144027531147000398 1.10299706459045410156 0.16689464449882498998
-0.71713030338287353516 -0.98364132642745960577 -1.14301466941833496094 -0.77213799953460693359 -0.91371345520019520148 -0.98096662759780883789 -0.78500980138778686523 -1.20255160331726074219 -0.12744471430778500642 0.12487197667360300235 0.38447546958923339844
0.86786931753158569336 0.16508400440216058902 0.68095684051513671875 0.75500535964965820312 0.80047118663787841797 -0.58981543779373168945 -0.10224431753158569336 1.54557335376739501953 -0.24313305318355560303 -1.30061006546020507812 -0.71077698469161987305
-0.68526083230972290039 -0.47792989015579218082 0.39590370655059808902 1.10548269748687744141 -0.38084456324577331543 -0.71215772628784179688 -0.91302746534347523077 -1.05528032779693603516 -0.37568241357803339175 1.60031378269195556641 0.80826908349990844727
-0.83099597692489624023 0.03424710780382150127 0.21103543043136591129 0.59993529319763183594 -0.31340104341506958008 0.18529044091701499242 1.67022144794464111328 -0.88330131769180297852 0.64991843700408935547 -1.41755604743957519531 1.06092524528503417969
0.58257180452346801758 0.55741190910339355469 0.42989689111709589175 -0.00207365956157440010 0.17651149630546569824 0.48948794603347778320 -0.06751124560832970356 0.41782993078231811523 -0.64450162649154663086 0.93788170814514160156 -1.70834243297576904297
-1.45057070255279541016 -1.39139974117279030530 -0.61678034067153930664 -0.88606262207031250000 -0.51258730888366699219 -0.63423097133636474609 -1.02729535102844238281 1.55780005455017089844 -0.17300535738468170166 -0.36884149909019470215 -0.52900946140289306641
1.72069239616394042969 1.50739133358001708984 1.36088907718658447266 0.60977470874786376953 1.80664956569671630859 1.63796663284301757812 1.88345205783843994141 1.24637103080749511719 -1.08243715763092041016 -0.18903665244579309634 1.90973067283630393298
-0.23960152268409729004 -0.13703025877475730199 -0.40511876344680780582 1.31859648227691650391 -0.40606117248535150699 0.01482263300567859994 -1.00978004932403564453 1.07126331329345703125 1.61468064785003662109 -1.11215460300445556641 1.50632035732269287109
-0.01267914660274980024 -0.03217759355902669732 1.07167875766754150391 0.89506268501281738281 0.50017434358596801758 1.47364854812622070312 1.23740804195404030530 0.44583562016487121582 0.12685109674930569734 0.05645313113927839799 0.94416403770446777344
0.81746447086334228516 1.21880435943603515625 1.52302336692810058594 0.56749111413955688477 1.51608180999755859375 -1.33113539218902610095 -1.03743314743041992188 -0.81774485111236572266 -0.76877987384796142578 1.21743655204772949219 -0.75119191408157348633
0.88457304239273071289 1.28642284870147705078 1.76319324970245361328 0.98320972919464122430 1.55458760261535644531 -0.06627468019723889436 -1.18577563762664794922 1.35101628303527832031 -0.54094761610031127930 0.05901445448398590088 -0.31240832805633539371
-1.27514779567718505859 -0.93174219131469715460 -0.30157205462455749512 -0.78737372159957885742 -0.59931272268295288086 -0.26057553291320800781 -0.76700335741043090820 1.33724546432495117188 -1.15039014816284179688 -0.72624653577804565430 -0.48027577996253967285
-1.80422580242156960217 -1.34834945201873779297 -0.44547897577285761050 -1.59535837173461914062 -0.89556938409805297852 -0.97728234529495239258 -0.80377882719039916992 -0.83072006702423095703 -1.24557006359100341797 1.21762049198150634766 -1.39610064029693603516
-0.35027575492858881168 -0.76218086481094360352 -1.19827938079833984375 0.10918703675270080566 -0.85698103904724121094 1.53833162784576416016 1.30015003681182861328 1.00633835792541503906 -0.88486683368682861328 0.49556401371955871582 1.26326715946197509766
1.04193663597106911389 1.66898131370544433594 -0.16408225893974298648 -1.28254318237304687500 0.13422197103500360660 -0.92283159494400024414 -1.31418371200561523438 1.47495257854461669922 -0.40415936708450317383 -0.57534295320510864258 -0.23631201684474939517
0.44648215174674987793 0.73646259307861328125 0.56767857074737548828 0.24622410535812369603 0.50350534915924072266 -0.55313247442245483398 -0.41926509141921991519 -1.69138002395629882812 -1.69417119026184082031 0.07789140194654460558 -1.64095175266265869141
0.85090571641921997070 0.77439796924591064453 -1.57485413551330566406 -1.55223119258880615234 -1.44795215129852294922 -1.30418896675109863281 -1.51395678520202636719 1.21151351928710937500 0.67480456829071044922 0.97628587484359741211 -2.48471021652221679688
-0.49515610933303827457 -0.81223058700561523438 -0.05656949803233139729 1.46607315540313720703 -0.20753729343414301090 1.33357346057891845703 0.39459869265556329898 0.60316914319992065430 -0.06799234449863429675 0.45722791552543640137 1.05853354930877685547
-1.36493110656738281250 -1.63653576374053955078 -0.83259540796279907227 1.10885465145111083984 -0.91705495119094837531 -1.09792244434356689453 -0.50050872564315795898 -1.39060640335083007812 -1.12584257125854492188 -1.69795119762420632092 0.06129546090960499849
0.70659935474395751953 1.11015284061431884766 -0.65165841579437255859 -1.27785122394561767578 -0.32086080312728881836 -0.90830785036087036133 -0.29238325357437128238 -0.71063923835754394531 -0.20797114074230191316 -0.61734682321548461914 -2.08847999572753906250
-1.66401231288909912109 -1.30559241771697998047 -0.57079517841339111328 0.59744065999984741211 -0.44161906838417047672 0.44464677572250360660 1.25258505344390869141 -1.57016217708587646484 0.77846485376358032227 -0.15597271919250479955 0.01426998991519209947
-1.17348182201385498047 -0.63551622629165649414 -0.15155290067195889558 1.37700712680816650391 -0.84405189752578735352 -0.14757019281387329102 0.77397084236145019531 0.76176077127456665039 1.05165350437164306641 -1.32883834838867209704 0.63888341188430786133
-1.64893484115600608142 -0.79290121793746948242 -1.10558462142944335938 -1.38257575035095192639 -1.01134884357452392578 0.82186579704284667969 0.65019375085830688477 -1.16373991966247558594 -0.66243553161621093750 1.43752133846282958984 -0.40939876437187189273
1.53195595741271950452 0.47444620728492731265 1.75289309024810791016 1.12461519241333007812 2.32550668716430619654 -1.28834021091461181641 -0.00037408852949730002 -0.68460893630981445312 0.99435144662857055664 -1.48500990867614768298 -0.42454370856285089664
0.60352498292922973633 -0.10066360235214230623 -0.23512342572212219238 0.06468706578016279740 -0.04887099936604499817 0.20437937974929809570 -0.39344877004623407535 1.11836934089660644531 0.49537074565887451172 -0.15052908658981320467 -0.00509115960448979984
1.68035435676574707031 1.14217734336853049548 1.17691755294799804688 0.12263789772987360172 1.38558983802795410156 -1.07412612438201904297 -1.50999784469604492188 -1.48262178897857688220 -1.45347976684570312500 0.50033712387084960938 0.52431762218475341797
1.13037240505218505859 0.34653925895690917969 -0.63549613952636718750 -0.86903107166290283203 -0.60848957300186157227 0.55423408746719360352 1.58641052246093750000 -0.85058528184890747070 0.81447464227676391602 0.45160910487174987793 -2.38725304603576660156
0.22770871222019190006 -0.55310732126235961914 0.14427930116653439607 0.79791671037673950195 0.00178201729431739998 -0.97841805219650279657 -1.45250153541564941406 -0.60439139604568481445 0.55294728279113769531 -1.23148167133331298828 1.17734181880950927734
-0.17463232576847070865 -1.07103455066680908203 -0.72668415307998657227 -0.73911625146865844727 -0.76909649372100830078 -1.88182759284973166736 -1.46149075031280517578 1.50734055042266845703 -1.85822832584381103516 0.03685847669839849988 0.20669676363468170166
0.77612310647964477539 1.43691933155059792249 2.31157541275024414062 1.12919974327087402344 2.14277243614196821753 -0.97068798542022705078 -1.54446065425872802734 0.67341953516006469727 1.04319083690643310547 1.44149076938629150391 0.45491349697113031558
1.14840805530548095703 0.85276216268539428711 1.58990454673767089844 1.19200885295867919922 1.80330324172973632812 -1.22147595882415749280 -1.50847685337066650391 -1.16634631156921408923 1.61752939224243164062 0.13576298952102661133 -0.66055858135223388672
-1.39762222766876220703 -1.69064080715179443359 -1.67662084102630615234 -1.01009726524353049548 -0.95968866348266601562 -0.37884080410003662109 -0.88266217708587646484 -1.80045926570892311780 -1.05047392845153808594 -1.68169641494750976562 -0.57043552398681640625
0.62307059764862060547 -0.04023965075612059850 0.32392275333404541016 0.34322479367256159000 0.26702967286109918765 -1.04300081729888916016 -1.29767274856567382812 0.38045254349708551578 1.62279105186462402344 0.71033716201782226562 0.06714197993278500642
0.38964545726776117496 0.50248849391937255859 -0.48255762457847589664 -1.55010175704956032483 -0.33291766047477722168 -0.00695872958749530011 1.13206815719604492188 -0.19161489605903619937 0.29056844115257257632 -0.54307550191879272461 -1.91545188426971435547
-0.02244314365088929952 0.62995749711990356445 -0.04512590914964669658 -0.36348727345466608218 -0.03754910081624979884 -0.59273993968963623047 -0.56400537490844726562 -1.45029509067535400391 -0.17767429351806640625 -0.69602048397064208984 -0.95448625087738037109
2.11859369277954101562 1.64697289466857910156 -0.99746525287628162726 -1.65183973312377929688 -0.70520144701004028320 -0.01090630143880839953 -0.63519048690795898438 -1.59190380573272705078 1.32752585411071777344 0.21413132548332208804 -0.44548511505126947574
0.80186611413955688477 0.30989256501197809390 -0.76897954940795898438 -0.67891800403594970703 -0.55876165628433227539 0.66284966468811035156 0.08687638491392130069 0.56562244892120361328 -1.73252344131469726562 1.15091514587402343750 -1.56464838981628417969
-0.12987190485000610352 -0.19392313063144681062 -0.06365149468183510517 -0.62765312194824218750 0.07482846081256859516 -1.21242308616638183594 -1.51664423942565917969 0.04979763925075530312 -0.11619198322296139803 -0.85596317052841186523 0.56197649240493774414
-0.69579154253005981445 -0.93706518411636363641 0.24431610107421869449 0.80335038900375366211 -0.20500932633876800537 1.02718651294708229749 1.71907174587249755859 1.01483190059661887439 -0.47404548525810241699 -1.55757498741149902344 0.73156422376632690430
1.70603573322296142578 1.44441401958465576172 0.03521160781383510241 -1.13125646114349365234 0.49328997731208801270 0.78749740123748779297 0.17146928608417510986 -1.39010381698608398438 0.07426425069570539994 1.69129061698913552014 0.38281908631324768066
1.10950362682342529297 1.59298074245452880859 1.65901124477386474609 0.72227352857589721680 2.21897625923156738281 0.14479762315750119295 0.60428905487060546875 -1.30725967884063720703 0.63075423240661621094 0.35395690798759460449 1.58144021034240722656
0.61651784181594848633 0.52675157785415649414 -0.93348491191864002570 -1.39434897899627685547 -0.63005810976028442383 -1.20394873619079589844 -0.59749329090118408203 -0.70723116397857666016 -0.83063417673110961914 -1.59531903266906738281 -1.93116235733032248767
1.47160089015960693359 1.32506179809570312500 -0.02075079828500740048 -0.54689526557922363281 0.08752495050430289525 -0.35908707976341247559 0.25047805905342102051 -1.50191712379455566406 0.73266917467117309570 1.60133111476898193359 0.17156581580638879947
0.48996239900588989258 0.18508869409561148900 1.03901422023773193359 1.57064592838287353516 0.67083460092544555664 -0.86608535051345825195 -0.46415323019027709961 -1.55883455276489257812 -1.81569969654083229749 -0.08987138420343389333 0.30733048915863031558
-1.19777798652648925781 -0.89324277639389038086 -1.18333125114440917969 -1.62322652339935302734 -0.91925096511840820312 -1.18009364604949951172 -1.13256132602691650391 -1.78859841823577880859 0.25306439399719238281 1.65328991413116455078 -0.01917542889714239987
1.47420322895050048828 1.38452136516571044922 1.00426340103149391858 0.01138425990939139973 1.37523305416107177734 -0.65395176410675048828 1.06747961044311523438 -1.60292434692382790296 -1.80078160762786887439 -1.18130612373352050781 0.66652530431747436523
-1.13226783275604248047 -0.43771511316299438477 0.21608784794807431306 0.91745424270629882812 -0.64598268270492553711 -0.92421489953994762079 -0.37432974576950067691 -0.64558839797973632812 0.35610938072204589844 -0.78828698396682739258 0.49121803045272821597
1.01343095302581809314 1.12397944927215576172 0.54502820968627929688 -0.69271415472030639648 0.87595987319946289062 -0.01397598441690199936 -0.71414935588836669922 0.14407068490982050113 1.30239820480346679688 1.59970724582672119141 -1.54849743843078591077
-0.42570650577545160465 -0.92264091968536376953 -0.70286548137664794922 -1.46312379837036110608 -0.58136886358261108398 1.69982171058654807361 1.17266488075256369861 1.46231091022491455078 0.03291544690728179928 0.65131485462188720703 -0.07523237913846969604
0.49550861120223999023 0.99868142604827880859 1.46791422367095969470 0.44647830724716180972 1.10698807239532470703 1.83097028732299804688 0.95224767923355102539 1.11646723747253417969 0.56192898750305175781 -0.51575434207916259766 -1.22022318840026855469
1.05807864665985107422 1.37119925022125244141 0.61918115615844726562 -0.08445975184440610017 0.84970080852508544922 -0.51813405752182006836 0.06563839316368100252 -0.50266599655151367188 -0.87806230783462524414 -0.08349816501140590319 -0.23820461332798001375
1.10665059089660644531 1.03344762325286887439 1.18300044536590576172 0.94715952873229980469 1.25000238418579101562 1.81170940399169921875 1.36100685596466064453 0.74920314550399780273 0.11294756829738610004 1.40354347229003906250 -0.63382333517074584961
-0.04155585914850230128 0.58620470762252807617 -0.31932285428047180176 -0.28969663381576538086 -0.62237238883972167969 0.08872804790735240588 0.12474080920219419999 0.22182999551296231355 1.18236076831817649158 0.91358321905136119501 -0.51757580041885375977
-0.04955135285854329885 -0.11006159335374829378 0.20927320420742029361 0.22055183351039880923 -0.17130555212497711182 -0.55017924308776855469 -0.34417897462844848633 0.07884972542524329442 0.93274271488189697266 1.03097259998321510999 0.56005650758743286133
0.24850964546203610506 0.25720506906509399414 1.60013711452484130859 1.54191744327545166016 0.92042946815490722656 0.77178210020065307617 1.06607329845428489001 0.64763647317886352539 -1.31430625915527343750 -1.10600233078002929688 0.69531208276748657227
1.49638938903808593750 0.91168719530105601923 1.30259358882904030530 0.89948785305023193359 1.95765519142150878906 -1.12871563434600830078 0.24068427085876459293 -1.65167343616485595703 0.80979156494140625000 -1.60190737247467041016 0.16622397303581229466
0.80609428882598876953 1.62947225570678710938 -0.65833699703216552734 -1.42393779754638671875 -0.35084742307662958316 -0.41269090771675109863 -1.09402954578399658203 0.87973284721374511719 0.58901745080947875977 -0.52904093265533447266 -0.95627617835998535156
-1.28184854984283447266 -1.11222016811370849609 -0.11184267699718469791 1.60985755920410156250 -0.64167433977127075195 -0.95633721351623535156 -0.74766737222671508789 -0.33713689446449279785 0.26505824923515319824 -0.42751011252403259277 0.36008742451667780093
-0.46651247143745422363 -1.10834944248199462891 -0.22489666938781729955 1.59853160381317138672 -0.27911964058876037598 -0.14363275468349451236 0.36614912748336791992 -1.80977785587310791016 0.65171325206756591797 0.35590869188308710269 1.02248299121856689453
0.64539015293121337891 0.18255726993083951082 0.85559129714965820312 0.89233887195587158203 0.65362280607223510742 -0.59785562753677368164 -0.18333466351032248753 -1.75735425949096679688 0.38215023279190057925 -0.35538557171821588687 -0.36464464664459228516
-1.88801753520965598376 -1.27502846717834472656 -0.73445445299148559570 -1.62752497196197509766 -0.89941054582595825195 -0.33988592028617858887 0.57611799240112304688 -0.73164904117584228516 1.11933267116546630859 -0.04940228536725040087 -0.95611453056335438117
0.51375985145568847656 1.65154719352722167969 2.67687201499938964844 1.38686609268188476562 2.26648092269897460938 0.07264171540737149324 0.38490509986877441406 0.85238736867904663086 -0.03178802132606500103 0.61051791906356811523 0.47389569878578180484
0.54679805040359497070 0.89676672220230102539 0.39293462038040161133 0.62252181768417358398 0.52275997400283813477 -1.31048464775085449219 -1.56608045101165749280 -0.23960110545158380679 -0.42058351635932922363 -0.37873578071594238281 -1.77438724040985107422
-0.48359510302543640137 -0.03167958185076710093 -0.40860509872436517886 0.16436232626438140869 -0.34660151600837707520 2.62060976028442382812 1.74836635589599609375 1.06588888168334960938 0.76540803909301757812 0.83038210868835449219 0.75997233390808105469
-0.50734639167785644531 -0.24343499541282651033 -0.14942871034145349673 -0.24211077392101279515 -0.20458641648292538728 0.55179768800735473633 0.08287915587425230546 0.08566393703222270617 -0.47654038667678827457 1.40639245510101318359 0.57953333854675292969
1.17067980766296408923 1.17211151123046875000 -1.25180256366729736328 -1.46885979175567649158 -0.91691362857818603516 -0.65976721048355102539 1.61880099773406982422 -1.51727294921875000000 1.51863026618957519531 -0.27552980184555048160 -1.14348661899566650391
1.04943668842315673828 1.19872164726257324219 1.49812066555023193359 1.09917175769805908203 1.50731754302978515625 0.96954697370529163702 1.71446168422698952405 0.44295415282249450684 1.60367989540100097656 -1.42694604396820090564 -0.22734628617763519287
0.55891579389572143555 0.64419966936111450195 0.76029890775680541992 0.69776964187622070312 0.88656300306320190430 -0.60483759641647338867 0.74921053647994995117 -1.57563257217407248767 -1.14655101299285888672 -1.54111742973327636719 -1.21227777004241943359
0.83381783962249755859 1.48826420307159423828 -0.28091403841972351074 -1.17426204681396484375 -0.14629246294498440828 -0.89337909221649169922 0.07272987067699429597 -1.48033738136291503906 1.42466115951538085938 -0.23085907101631159000 -1.14653337001800537109
-0.26226580142974847965 -0.58462214469909667969 0.18545733392238608617 1.52137565612792968750 -0.23075243830680838841 -0.79198700189590454102 -1.04441189765930175781 1.05632960796356201172 -0.86120867729187011719 -0.78251713514328002930 1.22823297977447509766
1.42106199264526367188 1.20401453971862792969 -0.28676465153694147281 -1.30986380577087402344 -0.35766795277595520020 -0.26258805394172668457 -0.36646667122840881348 -1.73871946334838889392 1.50080394744873046875 0.22284522652626029271 -0.60436701774597167969
-1.57611536979675292969 -1.53530132770538330078 -0.63411015272140502930 0.66374945640563964844 -0.77302628755569458008 -0.44627735018730158023 -0.74579983949661254883 1.06396377086639404297 -1.64802384376525878906 -0.22064138948917388916 -0.14991381764411920718
0.50906282663345336914 0.69470399618148803711 0.10706558078527450562 -1.05807125568389892578 -0.01159891672432420036 -0.21901613473892209139 0.07830646634101859349 0.83170831203460693359 -0.00189090485218909999 -0.05570766329765319824 -2.10784173011779785156
0.90448653697967518195 0.55740851163864135742 -0.09447890520095819644 -1.01241922378540039062 0.21840234100818631258 -0.41178983449935907535 -0.17890813946723929662 0.00025605317205190003 0.05220841243863100223 -0.70051401853561401367 -2.22202229499816894531
-0.29308444261550897769 -0.88717281818389892578 0.45035713911056518555 1.27966690063476562500 -0.31311234831809997559 -0.28709545731544489078 -1.36666202545166015625 1.13971042633056640625 -0.14817394316196438875 -0.10373087972402569856 0.88946056365966796875
-0.08603735268115990376 0.50155603885650634766 -0.47644248604774469547 0.21101121604442590884 -0.18731670081615439671 0.08362723141908640079 0.09271442145109169697 -0.78913450241088867188 -1.13476455211639404297 0.78800570964813232422 0.13296103477478019017
-0.08336418122053139423 -0.63610655069351196289 0.39280217885971069336 1.17496836185455322266 0.26942500472068781070 0.91918164491653442383 0.59235286712646484375 -0.43049824237823480777 0.54195129871368408203 1.20314192771911621094 1.36914575099945090564
-0.54028099775314331055 -0.16130301356315610017 -0.38978990912437438965 1.28398215770721435547 -0.78489702939987182617 -0.00555517151951779968 0.56745076179504394531 0.49514093995094299316 -1.20241200923919677734 -1.62770640850067138672 1.25693154335021950452
0.02637974172830579930 -0.45418623089790338687 -1.19704711437225341797 -1.44751763343811035156 -0.82299149036407470703 0.10654761642217630557 0.78013819456100463867 1.14396286010742209704 1.47987067699432350842 -1.55116736888885498047 0.59610390663146972656
1.15632939338684082031 1.28089833259582519531 -0.21016588807106009740 -0.88823860883712768555 -0.16700677573680869359 0.12939825654029840640 0.59398311376571655273 -0.53821748495101928711 -0.69483888149261474609 0.08756069093942639436 -0.88673168420791625977
0.05294668301939960131 0.16414430737495419588 0.19697380065917968750 0.79930990934371948242 -0.23764431476593009251 -0.81559503078460693359 0.41948762536048889160 -0.89848923683166503906 1.17686378955841064453 -0.98274677991867076532 0.33921581506729120425
-1.81765019893646240234 -1.36344039440155029297 -0.53470987081527709961 -0.93394446372985839844 -0.72601330280303955078 0.65547037124633789062 0.74458122253417968750 0.49186065793037409000 1.39771139621734619141 0.19663326442241668701 -0.82591366767883300781
0.17019340395927429199 1.07131755352020263672 1.98166000843048095703 1.57827734947204589844 1.24587619304656982422 -0.43947419524192810059 0.00122281955555080001 -0.46549254655838012695 -1.61288034915924072266 0.91271585226058959961 -0.77558994293212890625
2.06367683410644531250 1.59364306926727294922 0.99400949478149402960 0.33593484759330749512 1.67101097106933593750 0.31740677356719970703 1.49998342990875244141 -1.34398543834686279297 0.34228947758674621582 -0.35009661316871637515 0.97280079126358043329
-1.19568645954132080078 -0.72870332002639770508 -0.32765465974807739258 0.08706702291965480456 -0.62295895814895629883 -0.37083056569099420718 -0.75401318073272705078 0.25697371363639831543 -1.85493886470794677734 -0.27274405956268310547 0.45251151919364929199
0.34975215792655939273 0.48832312226295471191 -0.63776868581771850586 -0.87938737869262695312 -0.31137967109680170230 0.10010360181331630358 0.09360820055007930407 -1.06831979751586914062 1.26776480674743630139 1.57881426811218261719 -1.14804267883300781250
0.65712130069732666016 1.49740517139434792249 2.57301068305969238281 1.04375398159027099609 2.36117482185363769531 -1.14659380912780761719 -1.33855712413787841797 1.63555705547332763672 -0.53502970933914184570 1.68643629550933837891 0.42264348268508911133
-1.85177040100097678454 -1.34378087520599365234 -1.36191749572753906250 1.52269494533538818359 -0.58753216266632080078 -0.07576280087232589722 -0.23107403516769409180 1.41391825675964355469 1.04105854034423850329 1.32005989551544189453 0.79796367883682250977
-0.40005144476890558414 0.20448592305183410645 2.30607581138610839844 1.57496786117553710938 0.94914758205413818359 1.56552481651306152344 1.68347859382629394531 -1.34670305252075195312 0.07009696960449210423 1.39661264419555664062 1.84161901473999045642
1.49944365024566650391 1.26575028896331809314 0.95959180593490600586 -0.07505236566066740556 1.51148390769958496094 -0.99497920274734497070 -0.92622321844100963251 -1.54435884952545166016 0.69169324636459350586 -0.40671589970588678531 0.66570156812667846680
-0.80880284309387207031 -0.21773071587085721101 -0.53424787521362304688 -0.27462309598922729492 -0.55344915390014648438 -0.05608420446515079844 0.96870231628417957648 -0.05520210787653920259 1.06823754310607910156 -1.10207355022430419922 0.70911437273025512695
0.08453449606895439838 0.17978194355964660645 0.93624842166900634766 0.95872473716735839844 0.58499795198440551758 -0.01607182808220379913 0.86084407567977905273 0.36953777074813842773 -1.42628157138824462891 -1.04863834381103515625 0.60150164365768432617
-0.91318613290786743164 -1.65808320045471191406 -0.92884683609008800165 0.24612787365913391113 -0.99272376298904418945 -0.52388811111450195312 -0.95304542779922485352 0.52590787410736083984 -1.86678826808929443359 -0.20924173295497888736 -0.50024193525314331055
1.67376196384429909436 1.29054558277130126953 1.13083648681640625000 0.22455614805221549291 1.28399014472961447986 -0.76069772243499755859 -1.37761282920837402344 -1.33725357055664062500 -0.69318181276321411133 0.21379588544368741121 0.82428449392318725586
-0.51425671577453613281 -0.28046599030494689941 0.51739108562469482422 1.47471725940704367908 -0.26905500888824457340 1.69280707836151123047 1.44267082214355490954 -0.45028251409530639648 -1.28531265258789062500 0.68468648195266723633 1.30359745025634765625
-0.47662067413330078125 -0.24727688729763031006 -0.02680594474077219874 0.11728171259164810181 -0.53113657236099243164 -0.22264215350151059236 -1.12049770355224609375 -1.03895914554595969470 0.14354674518108359593 0.69332808256149291992 0.63268029689788818359
-1.40371465682983398438 -1.39764821529388449939 -1.35671651363372802734 0.71323192119598388672 -1.10130929946899391858 -1.12299442291259765625 -1.03222405910491943359 -0.42459928989410400391 -1.76488363742828369141 -1.57100677490234375000 0.43618261814117431641
0.63132435083389282227 0.49954268336296081543 -1.34857630729675292969 -1.58360958099365234375 -1.10351920127868630139 -0.24762128293514248933 -0.78482604026794433594 0.08785454183816909790 -0.09307721257209769505 0.58329093456268310547 -1.70023608207702636719
-0.40653613209724420718 -0.94867712259292602539 0.18794116377830499820 1.08949542045593261719 -0.37079632282257080078 1.19809162616729736328 0.92347055673599243164 0.81383234262466430664 -0.12540036439895629883 -0.67170321941375732422 0.54534047842025756836
-0.18564595282077789307 0.11593335866928100586 -0.51903700828552246094 -0.44050979614257812500 -0.62239670753479003906 -0.61453646421432495117 -0.79119515419006347656 -1.67632234096527099609 -1.75638985633850097656 0.22067359089851379395 0.41319233179092407227
-0.20111061632633209229 0.61686140298843383789 1.26983451843261718750 0.91557741165161121710 0.52924370765686035156 1.57491540908813476562 0.98307585716247558594 0.94314378499984741211 -0.91570174694061279297 1.11005866527557350842 0.26790168881416320801
-1.81275558471679687500 -1.37586927413940429688 -0.83086866140365600586 0.32327938079833978824 -0.92948615550994884149 -0.15215788781642911043 0.99215960502624522821 -0.31893053650856018066 1.51721954345703125000 -0.10395503789186469334 -0.33753225207328790836
0.19257444143295279759 0.61413711309432983398 -0.89372247457504272461 -1.55916059017181396484 -0.54992157220840454102 0.45590999722480768375 0.47613945603370660953 1.17828178405761718750 -1.61018717288970969470 0.04134190455079069654 -1.42555940151214599609
0.46893903613090509586 0.34758141636848449707 -0.02615223824977869899 -0.34159895777702331543 -0.06070292368531220173 1.10253310203552246094 1.42683196067810058594 -0.10981979221105570010 -0.63034212589263916016 1.47968316078186035156 -1.22652947902679443359
-0.55474150180816650391 -0.34963446855545038394 -0.38649904727935791016 -0.48413580656051630191 -0.47733318805694580078 -0.88901662826538085938 -0.52097380161285400391 -1.32769119739532470703 0.91170519590377796515 -0.47473621368408197574 0.37065914273262018375
-0.54121637344360351562 -0.64157372713088989258 -0.61977881193161010742 0.48673030734062189273 -0.67460161447525024414 -0.28924202919006347656 -1.08246505260467529297 0.81567138433456420898 1.64619028568267822266 -0.41351419687271118164 0.85222303867340087891
1.99400174617767311780 1.49047732353210449219 2.52025318145751953125 1.35309565067291259766 3.59427475929260253906 -0.50261735916137695312 -0.25752586126327509097 0.06526008248329159822 -1.11389875411987304688 -1.07764780521392822266 3.28515195846557617188
0.42926144599914550781 0.13881166279315940160 0.43444514274597167969 -0.54740840196609497070 0.23971545696258539371 -0.46581318974494928531 -0.76628643274307250977 0.83081364631652832031 1.70205330848693847656 -0.35154843330383300781 -0.73819935321807861328
0.02578411065042009870 0.68445551395416259766 0.99727618694305419922 1.22736787796020507812 0.28883585333824157715 -0.30337905883789062500 -0.56447416543960571289 0.43354588747024530582 0.02617419883608810074 0.11150345206260679765 -0.33425709605216979980
1.26540839672088623047 1.33166384696960449219 -0.99099558591842640265 -1.33370363712310791016 -0.95978033542633056641 0.61970782279968261719 -0.01756555214524260083 1.14504063129425048828 1.76225709915161110608 -1.66784584522247314453 -0.41652417182922357730
-1.74875164031982421875 -1.29609048366546630859 -0.47037708759307861328 1.55847918987274169922 -0.59677749872207641602 2.64885449409484863281 1.47492814064025878906 1.28572022914886474609 0.25889897346496582031 1.48237204551696777344 0.14620962738990780916
-0.42649605870246881656 -0.34471827745437622070 -0.94807064533233642578 -0.90606957674026478156 -0.70491832494735717773 -1.24011445045471191406 -1.56399071216583229749 -0.00238032825291150003 -1.36876332759857177734 0.90435206890106201172 0.52847135066986083984
0.25255030393600458316 0.74555611610412597656 1.23984980583190917969 0.49530288577079767398 0.75409191846847534180 0.27451452612876892090 -0.47788789868354797363 0.89335912466049194336 -0.51861184835433959961 -1.09433305263519287109 -0.73450994491577148438
-0.43938305974006647281 0.58435857295989990234 -0.59513789415359497070 -1.29415285587310791016 -0.50749611854553222656 -0.96187984943389881476 -0.41290292143821710757 -0.34901276230812072754 0.68278521299362182617 -0.62769347429275512695 -0.32989686727523798160
0.74239426851272583008 0.43802103400230407715 0.85137718915939331055 1.46351575851440429688 1.05949580669403076172 -0.29616081714630121402 0.30571228265762329102 0.44752791523933410645 1.22963976860046408923 -1.05057513713836669922 -0.56610983610153198242
0.47299042344093322754 -0.13141885399818420410 -0.99443984031677234992 -0.94525176286697398798 -0.82328265905380249023 0.22770307958126059789 0.29010868072509760074 -0.90157085657119762079 -0.37083661556243890933 1.05998611450195312500 -0.05590846017003049673
-0.29197981953620910645 -0.72487652301788330078 -1.12600958347320556641 -1.29625415802001953125 -0.98124384880065917969 0.32547479867935180664 0.03338802233338349773 -0.43466043472290039062 1.43081188201904296875 0.69206732511520385742 0.31508511304855341129
0.46638888120651239566 0.47353121638298029117 0.65240746736526489258 0.03857536241412160005 0.54997467994689941406 0.62459021806716918945 0.44224131107330322266 1.37769639492034912109 -0.82988256216049194336 -0.34280613064765930176 -0.99078798294067382812
-0.62398695945739746094 -0.09231396764516830444 -1.27968418598175048828 -1.22615957260131835938 -0.80477952957153320312 -0.48104143142700189761 0.50944924354553222656 -0.48902562260627741031 0.71936613321304321289 -1.50902104377746582031 0.64007771015167236328
1.21560764312744140625 1.06028521060943603516 2.19251632690429687500 1.39688134193420410156 2.37838435173034667969 -0.70102548599243164062 -0.73086380958557128906 -0.58341819047927856445 -0.06765518337488170275 0.18233819305896759033 0.51976597309112548828
-0.92082560062408436163 -1.67671406269073486328 -1.06103324890136718750 0.51287585496902465820 -0.62408411502838134766 -0.86992573738098144531 -0.35421288013458251953 0.19284772872924799136 0.12485872954130169954 -1.17866277694702170642 0.03612917289137840271
-0.15222802758216849583 0.13470332324504849519 -0.35205808281898498535 -0.94125765562057495117 -0.48902741074562072754 -0.96364355087280284540 -1.40098690986633300781 1.01630604267120361328 1.07273316383361816406 -0.61232274770736694336 -0.17927336692810050267
-0.56736034154891967773 0.03355015441775319879 1.53482377529144287109 0.89233154058456420898 0.50657957792282104492 -0.09929331392049789429 -1.08907151222229003906 0.70252692699432373047 -1.21962380409240722656 0.34850621223449701480 1.09423995018005371094
1.23576521873474121094 1.37715721130371093750 -0.80522173643112182617 -1.56683385372161887439 -0.68178093433380126953 1.08041393756866455078 1.74045515060424804688 -1.12687087059020996094 1.08312749862670898438 1.29935562610626220703 -0.48465538024902338199
0.15067787468433380127 -0.10545842349529259419 -0.65431022644042968750 0.19347177445888519287 -0.74496692419052124023 -0.83696091175079345703 -0.36460995674133300781 -1.72796201705932617188 -0.29310601949691772461 -0.42092552781105041504 0.20255096256732940674
-1.42215371131896950452 -1.50077760219573952405 -0.56566655635833740234 0.80593562126159667969 -0.77067595720291137695 -0.19275857508182520084 1.08434319496154807361 -0.96851086616516124383 -1.61554849147796630859 -1.13813531398773193359 -0.16242717206478118896
0.36613371968269348145 -0.09902918338775630602 -0.67075037956237792969 -0.54356837272644042969 -0.78403651714324951172 -0.29008838534355158023 -0.49823144078254699707 -0.72444814443588256836 -0.67679017782211303711 0.07060236483812329378 -0.04362771660089490022
0.15703883767127990723 -0.40620428323745727539 0.71982783079147338867 1.43798053264617919922 0.59417527914047241211 2.01751661300659179688 0.47882571816444391422 1.41441643238067649158 -0.41762053966522211246 0.86756068468093872070 1.49106550216674804688
-1.47110414505004882812 -1.50142693519592285156 -1.50168287754058837891 0.09035699069499969482 -0.76897466182708740234 -0.08214218169450759888 0.03138456866145129809 -1.11544871330261230469 0.97515255212783802374 0.54586237668991088867 0.28151774406433099918
-1.18802964687347389905 -0.98952293395996082648 -0.89470219612121582031 -0.46460792422294611148 -0.87606698274612426758 -0.51860177516937255859 0.35991251468658447266 0.97639679908752441406 0.39345586299896240234 -1.34718477725982688220 0.12252713739871970433
-0.94442576169967640265 -1.55244195461273193359 -0.74880689382553100586 0.35042291879653930664 -0.81631255149841308594 0.17837214469909659642 0.35792690515518188477 0.32644909620285028629 0.99698030948638916016 -0.38966310024261469058 -0.16536067426204678621
-1.55218315124511718750 -1.40847945213317871094 -1.16854310035705566406 1.36063432693481445312 -0.72728592157363891602 -0.81073713302612304688 -0.77786731719970703125 -0.73303467035293579102 0.70753550529479980469 0.83674043416976928711 0.81162911653518676758
-1.62452399730682350842 -1.44604074954986550061 -0.54935348033905029297 0.55952107906341552734 -0.58425039052963256836 0.91696912050247203485 -0.21955169737339019775 1.36964035034179687500 -0.69586801528930664062 0.72442841529846191406 -0.22231273353099820222
0.49537071585655212402 -0.06880607455968849873 -0.60830819606781005859 0.07701216638088219379 -0.36704137921333307437 -1.03694903850555419922 -1.14912641048431396484 -0.33877751231193542480 0.88022047281265258789 -1.20459604263305664062 0.10058060288429260254
-0.74958616495132446289 -1.53006768226623535156 -1.85822045803070090564 -0.41516327857971191406 -1.33782410621643088611 -0.29340943694114679507 -0.62125754356384277344 0.23980866372585291080 -1.15937352180480957031 -0.95444148778915405273 0.05299572646617879690
0.31780317425727838687 -0.38159036636352539062 -0.52502065896987915039 -0.94138574600219715460 -0.17253190279006949681 0.93470621109008800165 -0.11962717026472090287 0.77871799468994140625 -1.74290382862091064453 1.52762544155120849609 0.29870596528053278140
-0.06146408244967459938 0.45744994282722467593 -0.87995284795761108398 -0.77252984046936035156 -0.70959758758544921875 2.46294426918029785156 1.09794628620147705078 1.48888862133026123047 0.42692479491233820132 0.81388694047927856445 -0.31109029054641718082
1.15032613277435302734 1.00082194805145263672 0.81847989559173583984 0.02971605211496350027 0.99820339679718017578 0.20301145315170279759 -0.23906873166561121158 -0.50760751962661743164 1.68430364131927490234 1.40652775764465309827 -1.15710771083831809314
-0.19818405807018280029 -0.70987671613693237305 -1.00451719760894775391 -1.27128255367279030530 -0.90592598915100097656 0.73118031024932861328 1.86121785640716530530 -1.63890612125396728516 -1.08603858947753906250 0.67031991481781005859 0.25928917527198791504
-0.50107461214065551758 -0.89669364690780639648 0.30826619267463678531 0.17088143527507779207 -0.09907772392034530640 0.43247881531715387515 0.76571959257125854492 0.78851288557052612305 0.61731332540512084961 -1.33915293216705322266 0.25169673562049860172
-1.15470969676971435547 -1.21232783794403076172 -0.83267074823379516602 0.02004235051572320070 -1.15847551822662353516 0.44373238086700439453 1.60750067234039306641 -0.59390455484390258789 -1.21189153194427490234 -1.07846903800964355469 -0.08102716505527489399
-0.58810198307037353516 -0.23900295794010159578 -0.70240837335586547852 -1.23674178123474121094 -0.45841029286384582520 -0.36111864447593688965 -1.14611041545867919922 0.01630824431777000080 0.46559417247772211246 -1.57455980777740478516 0.41282528638839721680
2.01477336883544921875 1.57531845569610595703 1.68708705902099609375 0.85050308704376220703 2.44848108291626020971 0.06191023066639900208 1.25597298145294189453 -0.14911484718322751131 -1.55050861835479736328 -1.11799371242523193359 1.62041163444519042969
-1.53416371345520019531 -1.67839205265045166016 -0.81515204906463623047 1.29872155189514160156 -0.86187386512756347656 -0.63535684347152709961 -0.70600199699401855469 1.05538487434387207031 1.27991354465484619141 0.94063836336135864258 -0.11030407249927519364
-0.17351473867893218994 -1.29174888134002685547 -0.51947534084320068359 1.60916042327880859375 -0.53705078363418579102 -1.15466105937957763672 1.38545095920562744141 -1.76876485347747802734 -0.20670694112777709961 -1.03330683708190917969 0.53405404090881347656
-0.94565826654434204102 -1.08278775215148925781 -0.69775134325027465820 1.06726574897766113281 -0.74684697389602661133 2.28873443603515580591 1.26581072807311989514 1.22066187858581542969 -1.54324054718017578125 1.65870594978332519531 0.57868248224258422852
-0.77825760841369628906 -1.37311267852783203125 -0.66963464021682739258 0.35829335451126098633 -0.55026006698608398438 2.80720663070678710938 1.28853738307952880859 1.09399604797363281250 1.18079423904418967517 1.36615550518035888672 0.27955591678619379215
1.27341330051422119141 1.65108764171600341797 0.37411934137344360352 -0.90172594785690318719 0.55018144845962524414 1.60244274139404296875 1.80055534839630126953 1.15413451194763183594 1.29134380817413330078 -0.71572667360305786133 0.25253266096115112305
-0.42331677675247192383 0.40134814381599420718 -0.69058930873870849609 -1.54969632625579833984 -0.62375599145889282227 -1.38936603069305419922 -0.14882914721965789795 -1.64533352851867675781 0.46181407570838928223 -1.18420302867889404297 -0.18422220647335049715
-0.39889797568321228027 0.03788609057664869828 -0.51430362462997436523 -0.43715879321098327637 -0.42447832226753229312 2.33455061912536621094 1.39879906177520751953 0.69266313314437866211 0.32906553149223327637 0.87595129013061523438 0.52172577381134033203
-0.25827676057815551758 -1.12216222286224365234 -0.77770185470581054688 -0.70536094903945922852 -0.67595541477203369141 -0.34851384162902832031 -0.64761692285537719727 -0.70418417453765869141 0.94337308406829845087 -0.24902613461017608643 -0.04528312757611269862
-0.55584514141082763672 -1.31793665885925292969 -1.91710305213928244861 -0.97903001308441162109 -1.35884094238281250000 2.55322527885437011719 1.18919658660888671875 1.59300982952117919922 1.32070374488830566406 0.93829935789108276367 0.22330804169178009033
-0.07921245694160460038 0.59721422195434570312 0.72221893072128295898 0.60327064990997314453 0.32976204156875610352 -0.39828717708587640933 -0.52090233564376831055 0.71884769201278686523 -1.19531071186065673828 1.48162305355072021484 -0.36995407938957208804
