0.34421223402023309879 -0.15108463168144220523 -0.15912505984306329898 0.24119378626346579808 -0.48977696895599359683 0.56387078762054443359
0.70999610424041748047 0.96265566349029541016 1.89625644683837890625 1.43485486507415749280 1.55456984043121337891 -0.85674995183944702148
0.33184272050857538394 -0.37462252378463739566 0.03279218822717659687 1.26152408123016357422 0.19813679158687588777 1.52462255954742431641
-1.46922719478607177734 -1.58664596080780029297 -0.57649517059326171875 0.59302252531051635742 -0.50154000520706176758 -0.24816729128360739964
-0.96105182170867919922 -0.30995669960975641422 0.51559621095657348633 -0.00051344349049030000 -0.40088981389999389648 0.18710623681545249242
-0.05306394398212430086 0.22258153557777399234 -0.50039404630661010742 -1.13335871696472167969 -0.38055270910263061523 0.13308276236057278719
1.44450294971466064453 0.95837485790252685547 1.31520676612854003906 0.63564914464950561523 1.68054366111755371094 -0.24840505421161648836
-0.19036167860031119603 -0.21662648022174829654 0.05307452008128159954 0.61140084266662597656 -0.31842029094696039371 0.97798109054565440790
-0.73335778713226318359 -0.50521057844161987305 -0.33626341819763178043 1.04914522171020507812 -0.47295910120010370425 0.83697581291198730469
-1.01595544815063476562 -1.43086063861846923828 -0.85847240686416625977 -0.00682533718645569974 -0.79013013839721679688 -0.08567360043525690250
-1.51097536087036110608 -0.82772016525268554688 -0.67278182506561279297 -0.11903210729360580444 -0.90625858306884754523 -0.05707193166017530267
-0.57060444355010986328 -1.39639747142791770251 -0.73555517196655273438 -1.17288708686828591077 -0.68632358312606811523 -0.61703985929489135742
0.99580514430999755859 1.29338085651397705078 2.38377523422241210938 1.37372624874114990234 2.59407591819763183594 0.49381014704704279117
0.33502906560897821597 0.16876445710659018773 -0.83398902416229248047 -1.21691453456878662109 -0.76807367801666259766 -0.37073630094528198242
-0.12001010030508039994 -0.58905917406082153320 -0.81734222173690795898 -1.66512548923492431641 -0.85443776845932006836 0.45624810457229608707
0.23564858734607690982 -0.08699690550565719604 0.86081886291503906250 0.76533961296081542969 1.00109887123107910156 1.21287810802459716797
-0.14405265450477600098 -0.31432476639747619629 -0.13123126327991480045 1.16966152191162109375 0.06595046073198310155 1.41213107109069824219
0.94349396228790283203 1.02499890327453591077 -0.06222696974873540010 -0.77156746387481689453 -0.07457152754068370470 -2.10061550140380859375
-0.60405921936035156250 -0.17613436281681060791 0.06370349973440170288 0.02885396778583520019 -0.16765922307968139648 0.97401428222656238898
-1.84075486660003684314 -1.58964264392852783203 -0.76879858970642089844 -1.44646012783050537109 -0.74082595109939575195 -1.27828860282897949219
0.64377880096435546875 0.19306339323520660400 -0.15402166545391079988 -0.63232803344726562500 -0.09235285222530359439 -0.79084575176239013672
-1.67088711261749289783 -1.43562340736389160156 -1.19743001461029030530 -1.66307592391967751233 -0.83282512426376342773 -0.71567410230636596680
-0.66358685493469238281 -0.30934858322143549136 0.82545506954193115234 1.65092754364013671875 0.05141710117459290241 1.52901554107666015625
-0.03950011730194089715 -0.35195001959800720215 0.44349619746208190918 1.28813421726226806641 0.25818789005279541016 1.68195366859436035156
1.54207396507263183594 1.54284346103668190686 2.57670950889587402344 1.52992284297943115234 3.12786960601806640625 2.62971925735473632812
0.41061052680015558414 0.63939505815505981445 1.11130094528198242188 -0.11853826791048049927 0.47905161976814270020 -1.24165081977844238281
-0.67370188236236572266 -1.33849024772644042969 -0.80216181278228759766 -0.38752156496047968082 -0.76781708002090454102 -0.25932341814041137695
-1.10047733783721923828 -0.53524762392044067383 -0.73959773778915405273 -1.13790535926818847656 -0.86083799600601196289 0.12259364128112790193
-2.10326910018920898438 -1.65099549293518088611 -1.40729117393493630139 -1.62263309955596923828 -1.03347086906433105469 -0.90279489755630482062
1.16494452953338623047 0.87534332275390625000 0.77394837141036987305 0.29490211606025690250 0.74252909421920776367 -1.70488619804382324219
-0.29472532868385309390 -0.34759303927421569824 -0.66130858659744262695 -1.51869273185729980469 -0.38352897763252258301 0.35335028171539301090
0.62212204933166503906 0.64369839429855346680 -0.74322241544723510742 -0.86969810724258422852 -0.49818733334541320801 -1.86887574195861838611
1.10480606555938720703 1.57218360900878906250 -0.98944503068923961298 -1.50096988677978515625 -0.69822454452514648438 -0.39661437273025512695
2.00847339630126908716 1.38987064361572287829 1.08447551727294921875 -0.06692147254943839330 2.07221150398254394531 1.73444879055023193359
2.13446474075317382812 1.74949812889099121094 1.23576188087463378906 -0.04126583412289609731 1.95231270790100097656 0.59907436370849609375
1.30085897445678710938 1.76854324340820312500 -1.21895575523376464844 -1.57147800922393798828 -1.06813454627990722656 0.31761777400970458984
0.57806408405303955078 0.39902815222740167789 0.64352345466613769531 1.46071434020996093750 0.80644077062606811523 -0.27678954601287841797
-0.63984066247940063477 -0.77490514516830444336 0.26538011431694030762 1.67073428630828857422 0.02211278490722170045 1.07552576065063476562
0.12284386903047560258 0.17390733957290649414 0.27919727563858032227 0.78557765483856201172 0.42713043093681329898 0.65157908201217651367
0.74704122543334960938 0.74015653133392333984 -0.05025212466716760112 -0.76408183574676513672 0.00697872182354329976 -2.23834180831909179688
-0.15786221623420709781 -0.65874075889587402344 0.41624873876571649722 1.14871299266815207751 0.04071527719497679970 1.06536030769348144531
0.72275322675704956055 0.33276543021202087402 -0.35672721266746520996 -0.85079723596572875977 -0.25358814001083368472 -1.20028579235076904297
-0.37916693091392511539 -0.71041786670684814453 -1.07274556159973144531 -1.21140134334564208984 -0.84859424829483032227 0.57965880632400512695
-0.50493609905242919922 -0.04140131548047060184 0.13302965462207788638 -1.09563696384429909436 -0.04385839402675620335 0.47723907232284540347
-1.50532186031341552734 -0.81317085027694702148 -0.99434059858322143555 0.15782895684242240208 -0.77080619335174560547 0.32879170775413507632
1.62509143352508544922 1.31926524639129638672 -1.66497731208801269531 -1.51967084407806396484 -1.55724072456359863281 -0.27977490425109857730
-1.06985306739807128906 -1.22006845474243164062 -0.61059755086898803711 -0.24594211578369140625 -0.68407213687896728516 -0.04718780890107149989
-0.89121437072753906250 -1.36036932468414306641 -0.60772573947906494141 0.38426586985588068179 -0.85789662599563598633 -0.11032927036285400391
1.71468746662139892578 1.75095808506011962891 -1.21653521060943603516 -1.49181377887725830078 -1.11932802200317382812 0.45803499221801757812
1.55896675586700439453 1.04190468788146950452 0.06376145035028449315 -0.34556090831756591797 0.74645280838012695312 -0.46460324525833129883
-0.69816160202026367188 -1.23961031436920166016 0.01312825363129370079 0.01464311033487319946 -0.31943765282630920410 -0.15558873116970059480
-0.45959812402725219727 -0.06866859644651410188 0.92878127098083496094 1.31705284118652343750 0.32979846000671381168 1.36300182342529296875
0.48276352882385248355 1.24510061740875244141 1.50442361831665039062 0.21924512088298789281 1.30541551113128662109 -1.45685732364654541016
-1.47985255718231201172 -0.64937788248062133789 -0.78326100111007690430 -1.34094834327697753906 -0.86158239841461181641 -0.41041249036788940430
1.28539538383483886719 1.08514416217803955078 -0.09328096359968179874 -0.82296890020370483398 -0.06894427537918089433 -1.40078890323638916016
-0.90641117095947276727 -1.57388055324554443359 -1.53382253646850608142 0.22832338511943808812 -1.01847636699676513672 0.17166529595851889867
-0.37180697917938232422 -1.25153052806854248047 -0.28937065601348871402 0.27343791723251342773 -0.33805072307586669922 0.38398501276969909668
-1.00837075710296630859 -0.51388704776763916016 -0.47497153282165527344 0.98333740234375000000 -0.72994583845138549805 0.84990113973617553711
0.02300337702035900114 -0.12867502868175501041 -0.20372323691844940186 0.43027269840240478516 -0.32105898857116699219 1.21608769893646240234
-0.17492417991161340884 -0.01854608207941050094 0.12946848571300501041 -0.21514822542667388916 -0.30305126309394830875 0.61399990320205688477
-0.22743289172649380769 -0.23832908272743219547 0.28596064448356628418 0.53750288486480712891 -0.16885414719581601228 0.96724164485931396484
-0.31211677193641662598 -0.70016586780548095703 -0.06024423614144319705 -1.52082729339599609375 -0.44376477599143981934 -0.00619826838374129985
0.41869544982910150699 0.26685535907745361328 -0.57562577724456787109 -0.79152292013168334961 -0.74628669023513793945 -0.95198923349380482062
0.39218229055404657535 -0.38287764787673950195 -1.71490609645843505859 -1.32307493686676047595 -1.43825280666351318359 0.95886611938476562500
-0.74705010652542114258 -0.20666521787643429842 0.18127535283565521240 -1.03146994113922119141 -0.20093955099582669344 0.45221284031867980957
-0.61414235830307006836 -0.80567955970764160156 -1.52188086509704589844 -1.24536526203155517578 -1.06938135623931884766 0.57599133253097534180
1.11134421825408935547 0.39771494269371032715 1.45171046257019042969 0.94010782241821277960 1.64959239959716796875 -0.52947437763214111328
2.31114244461059614721 1.72953224182128906250 1.93664062023162841797 0.65547782182693481445 2.94787001609802246094 1.23795735836029030530
0.22108957171440118961 0.05933599174022669703 -1.39531672000885009766 -1.25561416149139404297 -1.26094043254852294922 0.13360561430454251375
-0.52931326627731323242 0.12644073367118829898 -0.25825107097625732422 -1.21503674983978271484 -0.23859603703022000398 0.57853037118911743164
1.23138654232025168689 0.69449973106384277344 1.68993771076202392578 0.06248531863093369915 1.89117062091827392578 -1.32742404937744140625
1.07426857948303222656 0.65781235694885253906 -0.71886003017425537109 -1.26746881008148193359 -0.46299102902412409000 -2.16116452217102050781
0.91296041011810302734 0.41707932949066162109 0.73651909828186035156 0.36180576682090759277 1.21388292312622070312 -1.13458538055419921875
0.91187518835067760126 1.35878574848175048828 1.91128671169281005859 0.52563780546188354492 1.84822845458984397204 -0.50984686613082885742
-1.40806853771209716797 -1.61093580722808837891 -1.03334164619445800781 -1.34948992729186989514 -0.96422618627548217773 -0.84004622697830200195
0.14491112530231470279 -0.90759491920471202508 0.05538924783468240215 1.27636563777923583984 0.06104634329676619786 1.32022762298583984375
1.33643078804016113281 0.91554820537567138672 1.15434980392456032483 0.99760818481445323602 1.48677051067352294922 -0.59999507665634155273
0.08406275510787959704 0.93324130773544322626 1.26921784877777099609 0.45026892423629760742 0.79020994901657104492 -0.82113593816757202148
-1.32766008377075195312 -0.82770198583602905273 -0.74324625730514526367 1.28173875808715820312 -0.84655684232711791992 0.57548147439956665039
0.21976067125797268953 0.09626344591379160098 0.56867223978042602539 1.57917046546936035156 0.44713506102561950684 1.29542982578277610095
2.03407549858093261719 1.40839791297912597656 0.49800932407379150391 0.19968020915985099095 0.99401122331619262695 1.29916405677795410156
-0.58464199304580688477 -1.08569622039794921875 -0.62013328075408935547 -1.49844658374786376953 -0.99323254823684681281 -0.29385310411453241519
-1.79279434680938720703 -1.56600284576416015625 -1.42700386047363281250 1.33659505844116210938 -0.90995264053344715460 0.48014816641807550601
0.69912916421890258789 0.95829498767852783203 0.63588136434555053711 0.01920097507536409898 0.28623712062835687808 -2.05180406570434570312
0.24483494460582730379 1.25338566303253151624 -0.25011998414993280582 -0.80318331718444824219 0.05777602270245549981 -1.80869007110595703125
0.90990835428237915039 0.58542722463607788086 0.30253994464874267578 -0.36256530880928039551 0.46880960464477539062 -1.77191436290740966797
0.42889618873596191406 -0.01084847096353759935 -0.32794544100761408023 -0.33545088768005371094 -0.15853078663349148836 -0.03033498302102079908
1.77608525753021240234 1.48117804527282714844 1.00389420986175537109 -0.19051481783390039615 1.44627368450164794922 1.32246744632720969470
1.71290445327758789062 1.47474122047424316406 1.13162827491760231702 0.27474358677864069156 1.89839184284210205078 1.53214633464813232422
-0.28096941113471979312 -0.99819231033325195312 -1.38996267318725608142 -1.19790554046630859375 -0.99942255020141601562 0.60460674762725830078
0.56938588619232177734 0.95513266324996959344 0.57242888212203979492 -1.29686951637268088611 0.27461719512939447574 -2.06394505500793457031
1.18980515003204367908 1.64887297153472900391 0.85679483413696289062 -0.54531472921371459961 0.80454915761947631836 0.44400721788406372070
2.53043889999389648438 1.65405809879302978516 2.02223873138427734375 1.25657641887664794922 3.83034729957580566406 1.63540244102478049548
-0.73209226131439208984 -0.97735536098480224609 -0.42418578267097467593 0.39764863252639770508 -0.26866596937179559879 0.48282870650291437320
0.30337917804718017578 -0.46850565075874328613 -0.25934243202209472656 1.14822578430175781250 -0.47925993800163269043 1.38925063610076904297
1.15932703018188476562 0.94498485326766956671 -0.12803487479686728734 -0.69261837005615234375 0.14742876589298239964 -1.70037174224853515625
-1.22042739391326904297 -1.05702984333038330078 -0.75197792053222656250 -0.84383940696716308594 -0.76571643352508544922 -0.22099801898002618961
0.66363286972045898438 0.25124925374984741211 -0.21845416724681848697 -1.33205151557922363281 -0.24824391305446619205 -1.30827319622039794922
-0.80002540349960327148 -1.49545180797576904297 -0.67081624269485473633 0.99071609973907481805 -0.50054627656936645508 0.39797574281692499332
1.45912206172943115234 1.60290729999542236328 -0.65513926744461059570 -1.11355364322662353516 -0.33596676588058471680 0.18930566310882560033
1.13315689563751220703 0.61540210247039794922 1.44022226333618164062 1.31709110736846923828 1.09722256660461447986 -0.82422876358032226562
0.31756332516670221500 0.17041541635990140047 0.50254994630813598633 -0.18965284526348111238 0.15874138474464410953 -0.32351335883140558414
-0.53924477100372314453 -0.33902603387832641602 -0.04379553347825999865 0.77703469991683959961 -0.61923086643218994141 0.89926832914352416992
-2.22111916542053178247 -1.46459615230560302734 -0.50407874584197998047 -0.17692056298255920410 -0.86489504575729370117 -0.64104533195495605469
0.80702644586563110352 1.35903716087341308594 0.46870934963226318359 0.24712303280830380525 0.93941414356231678351 -1.18095564842224121094
0.56269752979278564453 0.25015172362327570132 0.35754430294036859683 0.08080043643712990498 0.03490526974201200311 -0.49747920036315917969
-0.76374858617782592773 -1.51003921031951904297 -1.44634914398193359375 1.51725709438323952405 -0.91035014390945434570 0.53622263669967651367
-0.40420746803283691406 0.43355238437652587891 -1.02088141441345192639 -1.30745768547058105469 -0.79845422506332397461 0.43382057547569269351
0.54418379068374633789 1.23128378391265869141 -0.10104860365390770649 -1.26660680770874023438 -0.31248694658279418945 -2.32562875747680619654
-0.82160037755966186523 -0.36083251237869262695 -1.19669866561889648438 0.85788857936859130859 -0.90099591016769398077 1.51979088783264160156
0.11175487935543060303 0.22842571139335629549 -0.32020917534828180484 0.42168134450912470035 -0.76907950639724731445 0.37040010094642639160
0.86232864856719970703 1.13235032558441162109 0.13542999327182769775 0.32606774568557739258 0.19537943601608270816 -1.61190199851989768298
-0.88179755210876464844 -1.60909128189086914062 -0.87231230735778808594 0.46054407954215997867 -0.79591125249862670898 -0.07360599189996719360
1.72736489772796630859 1.34557342529296875000 1.69523537158966064453 1.12124717235565207751 2.35082101821899414062 1.94173014163970925061
-1.31411325931549072266 -1.18444454669952392578 -0.97333943843841563837 -0.89442086219787597656 -0.75099939107894897461 -0.20240670442581171207
1.54849374294281005859 1.27346312999725341797 1.41262936592102050781 0.76828360557556152344 1.99228894710540793689 1.05743634700775168689
0.45760297775268549136 -0.29253470897674560547 -0.67313200235366821289 -1.32512021064758300781 -0.55042445659637451172 0.48784482479095458984
-1.09739291667938232422 -0.68112426996231079102 -1.20770406723022460938 -1.44387650489807128906 -1.32007884979248046875 -0.02222909778356550042
-1.43322861194610595703 -1.05039274692535400391 -0.34574466943740839175 1.30952823162078857422 -0.55360299348831176758 0.53099703788757324219
-0.00907906424254169980 0.05601214990019789952 0.07101956754922859882 0.04609444737434380268 0.04476548731327049946 0.74880689382553100586
0.69737958908081054688 1.16492688655853271484 1.67350411415100097656 1.38880980014801047595 1.14941143989563010486 -0.73237848281860351562
0.16817918419837948885 -0.50825989246368408203 0.44058185815811157227 0.43855383992195129395 0.26314607262611389160 1.24525535106658935547
-0.98315614461898803711 -0.64209496974945068359 -0.59818369150161743164 -1.27486789226531982422 -0.49613401293754577637 -0.04516203328967090258
1.69554722309112571033 1.50236010551452636719 -1.07932341098785400391 -1.27756404876708984375 -0.83668291568756103516 0.58760905265808105469
-0.23627738654613489322 -0.79328370094299316406 -0.81498289108276367188 0.33982571959495538882 -0.48227387666702270508 1.04169642925262428967
0.02929834648966779878 0.48333236575126647949 -0.86638516187667846680 -1.66523206233978271484 -0.70436704158782958984 -0.60001057386398315430
-1.40333056449890136719 -1.20072090625762939453 -0.67953622341156005859 -0.24291579425334930420 -0.64336180686950683594 -0.15859541296958920564
1.05737030506134033203 1.04624354839324951172 0.03038069047033779835 0.80749976634979248047 0.01213788054883480072 -1.13000619411468505859
-0.02242456004023549859 0.88661926984786987305 -0.35102686285972589664 -1.36329507827758789062 -0.32901015877723688297 -1.16537344455718994141
-0.55282104015350341797 -1.28261244297027610095 -1.32732331752777099609 -0.33530372381210321597 -1.35363674163818359375 0.08956103026866910066
-0.27840861678123468570 -0.21304899454116821289 0.62965363264083862305 1.10281515121459960938 0.07620999962091440372 1.24646413326263449939
2.21891522407531738281 1.71289205551147460938 1.39647793769836447986 0.29190558195114130191 2.55880355834960937500 1.03320193290710449219
-0.47870749235153198242 0.02250783517956729887 0.50564938783645629883 0.19607028365135190096 -0.04136430844664570200 0.71769350767135620117
-1.13959848880767822266 -1.02500307559967041016 -1.15922355651855490954 -0.90135604143142700195 -0.84015017747879028320 0.24218519032001489810
1.51694500446319580078 1.64089095592498779297 0.02019953541457649923 -0.68554979562759399414 0.23698641359806060791 0.83714836835861206055
1.01703131198883056641 1.39745187759399391858 1.94325864315032958984 0.32614231109619140625 1.74469625949859619141 -0.25693354010581970215
1.13799226284027099609 1.20841717720031738281 1.59964013099670410156 1.22472763061523437500 1.73096764087677001953 -0.12237931042909619417
-0.59816426038742065430 -0.25378084182739257812 -0.29898479580879211426 0.39583224058151239566 -0.64250957965850830078 0.84800666570663452148
0.54177707433700561523 1.19895851612091064453 -0.52115672826766967773 -0.31188553571701049805 -0.42177340388298029117 -2.05608391761779785156
1.16366207599639892578 1.21788978576660156250 1.60091745853424072266 0.91958725452423095703 1.46156787872314430921 -0.32114195823669428043
0.82684600353240966797 0.46978095173835748843 1.32639193534851074219 1.06515288352966308594 1.38074076175689697266 -0.59182417392730712891
-1.30273509025573730469 -1.25834119319915749280 -0.89538896083831787109 -0.67003953456878662109 -0.66171652078628540039 -0.11397452652454370670
0.42055046558380121402 1.46504700183868408203 1.97184491157531716077 0.26960295438766479492 1.23449945449829101562 -1.45665967464447021484
1.79929149150848410876 1.31043553352355957031 1.38818216323852539062 0.33188492059707641602 2.06089735031127974096 0.97687947750091563837
-0.22829410433769220523 0.37753534317016601562 -0.21188348531723019685 -0.28075203299522399902 -0.61179065704345703125 0.16186876595020288638
-1.29041326045989990234 -1.16116869449615478516 -0.74067890644073486328 1.14899849891662597656 -0.71777218580245971680 0.89910906553268432617
-0.58653205633163452148 -0.74369156360626220703 -1.05777716636657714844 -0.89484947919845581055 -0.55550014972686767578 0.52979421615600585938
0.26888170838356018066 -0.05713971331715580332 0.50765889883041381836 0.31887337565422058105 0.46828958392143249512 0.70525616407394409180
-1.59200143814086914062 -1.11616110801696777344 -0.13774126768112179842 0.97676199674606323242 -0.54736632108688354492 -0.03985492885112759676
-0.03766903281211850252 -0.19657614827156061343 1.35456812381744384766 0.75642150640487670898 0.38546633720397949219 1.01067984104156494141
-0.73904234170913696289 -0.92838269472122203485 0.01833620853722089938 1.62357985973358154297 -0.19112959504127499666 1.02961587905883789062
-0.59701979160308837891 -1.40502512454986550061 -0.41102364659309381656 1.39708137512207031250 -0.59386456012725830078 0.57265502214431762695
0.84732639789581298828 1.56571519374847389905 1.27035522460937500000 0.71090048551559448242 1.23223125934600830078 -0.53322517871856689453
-0.07713229954242699360 0.84814506769180297852 1.17649114131927490234 1.08478701114654541016 0.33992350101470947266 -0.23463155329227439183
0.20645812153816220369 0.59372645616531372070 -0.85035979747772216797 -0.88382339477539062500 -0.49767956137657159976 -0.53513979911804199219
-0.30658957362174987793 -0.19543352723121640291 -0.45156884193420410156 0.11207941174507139726 -0.87398844957351684570 0.72600758075714111328
0.07416544854640960693 -0.10916362702846520161 0.54884153604507446289 1.44584357738494873047 0.39805498719215387515 1.34763395786285400391
-1.68625485897064208984 -1.44416868686676047595 -1.01748728752136230469 1.64361751079559326172 -1.21249353885650634766 0.56805109977722167969
1.09195923805236816406 1.06518340110778808594 2.22753691673278808594 1.35660982131958007812 2.31632351875305220190 -0.00693271309137340024
-0.78105664253234863281 -1.23520743846893310547 -0.70231872797012329102 -0.53802096843719482422 -0.90452116727828979492 -0.30897885560989379883
-0.43955475091934198550 -0.34129989147186279297 0.09343005716800689697 -0.42014387249946588687 -0.09733664989471429996 0.51305025815963745117
-1.32051682472229003906 -1.12539851665496848376 -0.56736266613006591797 -0.76926803588867187500 -0.70474809408187866211 -0.39470815658569330386
0.84134644269943237305 0.53068327903747558594 -1.60433042049407958984 -1.64311981201171875000 -1.36881768703460693359 -1.96747684478759765625
-1.01232671737670898438 -0.84434050321578979492 0.52700638771057128906 1.70579075813293457031 -0.59615582227706909180 0.36630523204803461246
0.18484686315059659090 -0.08622780442237849841 -0.12992748618125909976 -0.06128672882914539682 0.00155936426017430001 0.72134935855865478516
1.00490665435791015625 1.08706414699554443359 2.03160715103149414062 1.21533823013305664062 2.13590526580810502466 -0.32911026477813720703
1.17803645133972167969 1.33169674873352050781 1.08690249919891357422 0.38546141982078552246 1.02911508083343505859 -0.26509910821914667300
0.81941890716552734375 0.47073745727539062500 1.48157572746276855469 1.56468069553375244141 1.25583815574645996094 -0.75750935077667236328
-0.46236848831176757812 -0.36101496219635009766 0.10198508948087689485 -1.25573301315307617188 0.03508291393518440243 0.39960488677024841309
0.02548974938690659955 -0.10626743733882899889 0.22701618075370780248 0.86623758077621459961 -0.14144270122051239014 1.06101334095001220703
1.13512480258941650391 0.69331640005111694336 1.73930752277374289783 0.16187712550163269043 1.85724282264709472656 -1.32343280315399169922
-1.28979539871215820312 -1.58836364746093750000 -0.71101647615432739258 1.11716592311859130859 -0.66868710517883300781 0.08131381124258039994
-0.77959257364273071289 -0.48087319731712341309 -0.26035308837890619449 1.15906476974487304688 -0.29685822129249572754 1.18628096580505371094
-1.23326373100280761719 -1.30621242523193359375 -0.26771169900894159488 -0.56047093868255615234 -0.53353512287139892578 -0.30652794241905212402
1.12428879737854003906 1.42269468307495117188 0.02805433981120580150 -0.39443370699882507324 0.51290422677993774414 -0.65903967618942260742
0.60008090734481811523 1.22744214534759521484 1.14200913906097389905 0.53263312578201293945 0.54082816839218139648 -1.58086919784545898438
-1.92817628383636474609 -1.40472972393035888672 -1.04704368114471435547 -0.76808446645736694336 -1.01537883281707763672 -0.46101042628288269043
1.58372497558593750000 1.64545524120330810547 -0.44320327043533319644 -1.30701434612274169922 -0.26335224509239191226 0.64614027738571166992
0.02391418628394599913 1.02128648757934570312 1.43862450122833229749 1.18939805030822753906 0.83832657337188720703 -0.70604723691940307617
0.59609335660934448242 0.38774427771568298340 0.33064475655555719547 -0.88179785013198852539 0.17821574211120599918 -1.25580894947052001953
-1.28677308559417724609 -1.56181550025939941406 -0.74716269969940185547 0.88898330926895141602 -1.14649701118469238281 -0.09098908305168150468
-0.28773930668830871582 -0.12400473654270169344 0.47583365440368652344 -0.29241287708282470703 -0.25042897462844848633 0.69341725111007690430
-1.60424494743347167969 -1.52532994747161887439 -0.91474348306655883789 1.04633700847625710217 -0.55053371191024780273 0.34101763367652887515
-0.03084626607596870074 0.22343806922435760498 0.40236166119575500488 1.54137635231018088611 0.15876111388206479158 0.92637449502944957391
0.41227179765701288394 0.39645817875862121582 0.23761628568172449283 0.22873395681381220035 0.44837313890457147769 -0.32426899671554559879
0.14890931546688079834 -0.50095802545547485352 -0.57546418905258178711 -1.35139024257659912109 -0.44647389650344848633 0.52354043722152709961
0.15458442270755759496 -0.58213359117507934570 0.43351963162422180176 1.29385542869567871094 -0.05204166471958159707 1.34848415851593017578
-1.15641319751739501953 -1.48053038120269775391 -1.14203166961669921875 0.01528796087950460084 -0.76404595375061035156 0.08828780055046080155
0.64642196893692016602 1.15475451946258544922 0.44808003306388849429 -0.82807189226150512695 0.50110489130020141602 -2.04816842079162597656
0.13747364282608029451 -0.06595598161220550537 -0.61561036109924316406 -0.79494899511337280273 -0.10557998716831200336 0.31148433685302728824
0.83852308988571166992 1.02622401714324951172 0.51637792587280273438 -0.16233420372009269017 0.51778179407119750977 -1.89269804954528808594
-0.16468322277069089021 -0.19223365187644950169 0.43045046925544738770 1.50445985794067382812 0.09594043344259259309 1.52758204936981201172
0.28187260031700128726 0.85783201456069946289 0.81002485752105712891 -0.03966575488448140230 0.04731332510709759798 -1.62798357009887695312
-1.68883585929870605469 -1.39628887176513671875 -1.64314484596252441406 -0.59011703729629516602 -0.62585312128067016602 0.11728902906179419774
0.74228817224502563477 0.65151464939117431641 -0.76160615682601928711 -1.45113110542297363281 -0.42710435390472412109 -1.94651365280151367188
0.05412505939602849786 0.13631309568881980199 0.03523411229252809695 -0.06375291198492050171 -0.06665373593568800492 0.59577327966690063477
-0.65935337543487548828 -1.33382940292358398438 0.06978075951337810168 0.75998693704605102539 -0.33527240157127380371 0.21888227760791770238
1.21376299858093261719 1.64455926418304443359 3.76003289222717285156 1.67386329174041770251 4.11053514480590820312 3.52554464340210005346
0.98010861873626720087 0.77042686939239501953 1.16428625583648681641 1.57076561450958229749 0.80572158098220825195 -1.12371706962585449219
0.75225174427032470703 -0.13459393382072448730 -0.85676479339599609375 0.38821882009506220035 -0.68785381317138671875 0.28514787554740900211
-1.13511884212493896484 -1.16428506374359130859 -0.83054751157760620117 1.37512373924255371094 -0.73103320598602294922 0.76725006103515625000
-1.95168614387512207031 -1.47124183177947998047 -0.87963598966598510742 -0.00557432882487769992 -1.05533468723297119141 -0.24923461675643920898
-0.75889223814010620117 -0.33965393900871271304 -0.01158734690397970023 -0.16912305355072018709 -0.44624361395835870914 0.62974423170089721680
-0.40116077661514282227 -1.18619370460510231702 -1.55934655666351318359 -1.54697430133819580078 -1.13874411582946777344 0.11291132122278209338
0.73563665151596069336 0.21396076679229730777 1.14228796958923339844 1.34531795978546142578 1.21287918090820312500 0.28829079866409301758
1.32597982883453369141 1.17322254180908203125 -0.19633576273918149080 -0.98695987462997436523 -0.29236945509910577945 -1.21173071861267089844
-0.36226150393486017398 -0.87869542837142944336 -0.04538983479142180005 1.63414108753204367908 -0.40975394845008850098 0.79633241891860961914
-0.53502249717712402344 0.16050480306148529053 -1.04356706142425537109 -1.39600324630737304688 -0.69490057229995727539 0.40407297015190118961
1.74430692195892311780 1.51683986186981201172 -0.74837052822113037109 -1.29262745380401589124 -0.64926052093505859375 0.22963613271713251285
0.83085018396377563477 0.39415606856346130371 1.59019565582275390625 0.85043585300445556641 1.16703557968139648438 -0.78094154596328735352
-1.64607965946197509766 -1.09385824203491210938 -1.23090744018554687500 0.53969830274581909180 -0.74912613630294799805 0.40988898277282709293
-1.19421458244323730469 -1.41678571701049804688 -1.11348092555999755859 -1.65727853775024391858 -0.71637982130050659180 -0.66468399763107299805
0.30799540877342218570 0.08292277157306669755 0.02037210948765269883 1.18372046947479248047 -0.09809250384569159764 0.66282653808593750000
0.17504371702671051025 -0.40632510185241699219 0.21439610421657559480 1.49216699600219726562 0.17331272363662719727 1.57820880413055419922
-0.43546506762504577637 -0.45217689871788019351 -1.03748428821563720703 -1.58042609691619873047 -0.62687891721725463867 0.61140602827072143555
-0.05590712279081339747 0.55134069919586181641 -0.43845900893211359195 -0.76536875963211059570 -0.68199414014816284180 -0.72895985841751098633
1.64469897747039794922 1.42415285110473632812 2.00813102722168013159 0.40378090739250177554 2.53958582878112792969 1.89081692695617675781
1.02944898605346679688 0.81309551000595092773 -0.01985184662044039983 -1.02015960216522216797 0.15902449190616599339 -2.28265929222106933594
0.27627950906753540039 -0.43048089742660522461 0.48881193995475769043 1.26258933544158935547 -0.04180706292390819895 1.22118222713470458984
-0.99495768547058105469 -1.41654634475708007812 -1.26232874393463112561 -1.61542725563049316406 -0.89525699615478515625 -0.28519973158836359195
1.14678120613098144531 1.70065414905548095703 2.68159389495849609375 1.06865358352661110608 2.37003922462463378906 1.77939426898956298828
-1.21141135692596435547 -0.59096378087997436523 -1.27469837665557861328 -0.96247130632400523798 -0.58835160732269287109 0.39040920138359069824
-0.96897655725479114874 -1.44380962848663330078 -1.42596566677093505859 0.90071463584899902344 -0.83654278516769409180 0.53635299205780029297
-0.87060105800628662109 -0.61490750312805175781 -0.62619256973266601562 -0.56385844945907592773 -0.62656515836715698242 0.37561374902725219727
-0.08392429351806640625 0.56185966730117797852 -0.98623377084732055664 -1.36020135879516601562 -0.84957385063171386719 -0.32288137078285217285
0.92277646064758300781 0.88810133934020996094 -0.07454330474138259888 -0.66270309686660766602 -0.16534043848514551334 -2.33724331855773970190
-1.90306603908538796155 -1.50846326351165749280 -0.20242506265640258789 0.56861823797225952148 -0.91708469390869140625 -0.33751797676086420230
-0.31625077128410339355 -0.34584450721740722656 -0.26693099737167358398 -1.16174054145813010486 -0.48216363787651062012 0.51606631278991699219
-0.35128402709960937500 -0.53991252183914184570 -1.02409064769744873047 -1.35501766204833984375 -0.61086672544479370117 0.55143940448760986328
-0.72065848112106323242 -1.16365826129913330078 -0.28701418638229370117 0.51776611804962158203 -0.57222366333007812500 0.10884785652160640368
1.68484950065612792969 0.92767202854156483038 2.97890806198120117188 1.68297970294952392578 3.93498325347900390625 1.78063666820526123047
0.35680675506591791324 -0.03551787137985219778 0.18424758315086359195 0.48340779542922968082 0.07498653978109359741 0.51817834377288818359
-0.31062483787536621094 -0.54298096895217895508 -1.80655205249786399158 -0.93578511476516723633 -1.26681482791900634766 1.28309476375579833984
-0.20327867567539209537 0.67174839973449707031 0.47162675857543939761 0.30345979332923889160 -0.01084847468882789955 0.02096403576433649926
-0.05188030749559399690 0.20461656153202051334 0.82703256607055664062 -0.04165183380246160333 0.45542076230049127750 0.69393235445022583008
-0.09669348597526550293 0.58349329233169555664 -0.57067400217056274414 -0.76801687479019165039 -0.56839001178741455078 -0.42037755250930780582
-0.25137400627136230469 0.22370666265487670898 0.26575514674186700992 -0.82770359516143798828 0.00421641767024989993 0.37213581800460809879
-0.90193182229995716437 -0.77221113443374633789 0.60008716583251953125 0.51836377382278442383 -0.28749564290046691895 0.32393360137939447574
0.51519620418548583984 0.69561171531677246094 1.25159645080566406250 0.38947263360023498535 1.02313435077667236328 -1.27310252189636230469
-0.51396441459655761719 -0.35409873723983759097 -0.71250092983245849609 0.17459672689437860660 -0.59187239408493041992 1.01774585247039794922
-0.18921782076358789615 0.42165464162826538086 -0.48342776298522949219 -1.56655895709991455078 -0.59107738733291625977 -0.34786343574523920230
0.37903293967247009277 0.12382820248603819413 0.39166122674942011050 -0.55269390344619750977 0.06433580815792079577 -0.23796944320201871004
1.01752805709838889392 1.48044514656066894531 2.75986123085022017065 1.34198117256164550781 2.57498526573181152344 1.12228560447692871094
-0.08779187500476830219 -0.82547730207443237305 -0.30311629176139831543 -0.74643570184707641602 -0.46754458546638488770 0.58205342292785644531
0.50623124837875366211 1.04415106773376464844 -1.30953359603881835938 -1.35843038558959960938 -1.28844904899597167969 -2.18769526481628417969
0.91153836250305175781 0.38682019710540771484 1.40495383739471435547 1.48642194271087646484 1.18650114536285400391 -0.34114441275596618652
0.39007887244224548340 0.11173319816589349918 -0.21946057677268979158 -0.67216181755065917969 -0.14736585319042200259 -0.16988310217857360840
-0.28543171286582941226 -1.13637244701385498047 -1.11120986938476562500 -0.38218462467193597965 -0.65764135122299194336 0.42839956283569330386
0.74462842941284179688 -0.20612241327762600984 0.02419245988130560091 0.89907366037368774414 -0.17450082302093500308 0.56362658739089965820
0.09467574954032889623 0.10510562360286709871 0.23806360363960260562 0.72534853219985961914 0.23887163400650018863 0.73042833805084228516
-0.48162063956260681152 -0.35219794511795038394 -0.45977663993835449219 0.88175398111343383789 -0.41666346788406372070 1.29031550884246848376
1.11348986625671408923 1.18952965736389160156 0.18992641568183898926 0.05701635777950279926 0.41223549842834472656 -1.07172286510467529297
-1.43195438385009765625 -1.04766738414764404297 -0.53847599029541015625 -1.06685018539428710938 -0.69283670186996459961 -0.35901647806167602539
-0.04415547475218770113 0.75257867574691772461 0.43348833918571472168 0.60394459962844848633 0.04284102097153660166 -0.55635166168212890625
1.54485201835632324219 1.76044905185699462891 2.70485258102416992188 1.05727744102478049548 3.37417674064636230469 3.16649174690246582031
-0.42056345939636230469 -1.09897410869598410876 -0.70391088724136352539 -0.90250921249389637335 -1.10650634765625000000 -0.17034837603569030762
1.08852553367614768298 0.92221575975418079718 0.98628264665603637695 0.03114362433552739923 1.29950559139251708984 -1.49511396884918190686
-1.24220025539398193359 -1.28480792045593261719 -0.41640749573707580566 -1.70273745059967041016 -0.76485556364059448242 -1.18843924999237060547
-0.24685458838939661197 -0.16909082233905789461 0.23793952167034149170 0.20128345489501950349 -0.10235632210969919376 0.79775822162628173828
0.03638536855578419771 0.30194810032844537906 -1.08779418468475341797 -0.45005962252616882324 -1.07246804237365722656 0.02654816769063469972
0.63127917051315307617 0.96629351377487182617 1.99733304977416992188 1.39461791515350341797 1.69275128841400168689 -0.67283982038497924805
1.38240301609039306641 1.24089193344116210938 2.00608325004577636719 1.60579347610473632812 2.43299078941345214844 0.90416443347930919305
-1.48115849494934082031 -1.14705586433410644531 -1.10389864444732688220 -0.38722100853919977359 -0.92379581928253162726 -0.12964631617069238834
0.53369194269180297852 1.24022650718688964844 -0.29274636507034301758 -1.04964244365692138672 -0.23337818682193750552 -2.19527029991149902344
0.69991075992584228516 0.47495549917221069336 1.02369427680969238281 1.64627945423126220703 0.89282697439193725586 -0.35682559013366699219
1.69224655628204367908 1.07724654674530029297 1.13146209716796875000 0.52974838018417358398 1.80021023750305175781 0.17283265292644500732
0.42167744040489191226 0.36307010054588317871 2.04571938514709472656 1.58144998550415039062 1.15611064434051513672 0.46477648615837091617
-0.72475588321685791016 -1.15130257606506369861 -0.96094930171966563837 -0.63827937841415405273 -0.92742270231246959344 0.06394634395837779650
0.26705938577651977539 -0.63744890689849853516 -0.44892570376396179199 0.18449670076370239258 0.00352151901461179992 1.19476795196533203125
-0.55722814798355102539 -0.91833120584487915039 -1.60332655906677246094 -1.37010955810546875000 -1.23586606979370117188 0.41397476196289062500
-0.01349351182579990038 -0.44753485918045038394 -0.16037790477275840062 0.90233844518661499023 -0.58725851774215698242 1.07814753055572509766
1.09601235389709472656 0.85832196474075317383 1.68494856357574462891 1.07271063327789306641 1.92250525951385498047 -0.57308733463287353516
0.90411859750747680664 0.78559851646423339844 -0.00537297129631039965 -1.53959989547729492188 -0.08881641924381250552 -2.76524806022644042969
-1.41310667991638183594 -1.50315797328948952405 -0.85824406147003173828 -1.57782304286956809314 -0.87071490287780761719 -0.97234475612640380859
-1.25287222862243630139 -1.55078458786010742188 -0.93844401836395263672 1.11999833583831809314 -0.74178844690322875977 0.16710485517978659886
1.48531591892242431641 1.52092075347900390625 -0.03292839974164959993 -0.46875500679016107730 0.62356209754943847656 0.51707643270492553711
-1.80655646324157670435 -1.48931074142456032483 -0.81164121627807617188 0.95721375942230224609 -0.71681207418441772461 0.23325091600418090820
-1.24912714958190917969 -0.93718099594116199835 -0.79044318199157714844 0.68702161312103271484 -0.49507927894592279605 0.83130294084548950195
0.46803423762321472168 0.69286936521530151367 -0.66073548793792724609 -1.02464401721954367908 -0.49326583743095397949 -1.85400009155273437500
-0.17126670479774469547 -0.56163030862808227539 -0.64305496215820312500 -0.76186454296112060547 -0.34778863191604608707 0.58555477857589721680
-0.93291264772415161133 -1.50263285636901855469 -0.78360432386398315430 1.16274082660675048828 -0.65547358989715576172 0.19086435437202450838
-0.82835650444030761719 -0.23620039224624631014 -0.41560173034667968750 -1.37120485305786110608 -0.66015118360519409180 -0.02884712256491180071
-0.11932046711444850573 -0.62919771671295166016 -0.06036134809255599976 0.64294034242630004883 -0.14800482988357541170 1.04203855991363525391
-0.06427684426307669896 -0.19966219365596771240 0.81944465637207031250 1.52366769313812255859 0.28333225846290588379 1.37317919731140136719
1.06704890727996848376 1.19499111175537109375 0.82430082559585571289 0.13556745648384088687 0.98817300796508800165 -1.16422212123870849609
-0.41718059778213500977 -0.11816658079624170474 0.10533557832241050023 0.50230407714843750000 -0.27269658446311950684 1.15367364883422829358
-1.10343265533447287829 -1.21649539470672607422 -0.44439542293548578433 -0.87813395261764526367 -0.41362103819847101382 -0.27642038464546198062
-0.39670637249946588687 -0.78236150741577148438 0.61522823572158813477 0.86085355281829833984 -0.02223308384418479916 0.85488051176071166992
-0.70879763364791870117 -0.55794131755828857422 -0.29531505703926080875 0.57469618320465087891 -0.68854016065597534180 0.67998307943344116211
-0.09052766859531399812 -0.26692649722099298648 -0.40512672066688537598 -1.35847544670104980469 -0.66218835115432739258 0.32778769731521600894
-0.40344959497451782227 0.48728013038635248355 1.73266339302063010486 1.40254640579223632812 0.90446740388870239258 1.17813992500305175781
-0.54487001895904541016 0.08222966641187659520 1.38032758235931396484 1.50006699562072753906 0.43476817011833190918 1.52950859069824218750
1.06778728961944580078 0.69106888771057128906 1.18522620201110839844 1.36833488941192649158 1.30139744281768798828 -0.97365194559097278937
0.46884647011756891422 0.44963896274566650391 -0.39316293597221368961 -1.16506433486938476562 -0.19140541553497308902 -1.29458701610565207751
-0.66040092706680297852 -1.12550938129425048828 -0.99112880229949962274 0.04793780669569960157 -0.93011939525604236945 0.27823022007942199707
0.90429556369781483038 1.58390605449676513672 1.85819268226623557361 0.86632764339447021484 1.54933607578277610095 0.15901723504066458958
-0.14543342590332031250 -1.11851310729980490954 -0.84140861034393310547 -0.49003586173057550601 -0.48490649461746210269 0.41836857795715332031
-1.57146954536438010486 -0.82299494743347167969 -0.82527810335159301758 0.29684656858444208316 -0.84954577684402465820 0.21918082237243649568
1.67013859748840309827 1.31735932826995849609 0.98738735914230357782 0.30926978588104248047 1.31917047500610351562 0.83106070756912231445
-1.59345662593841552734 -1.31347048282623291016 -1.30440831184387207031 1.44778692722320556641 -0.95534670352935802118 0.60593998432159423828
1.03172028064727783203 1.72721052169799804688 0.50012832880020141602 -0.35584449768066400699 0.57915651798248291016 0.02501798421144479923
0.11033169180154800415 -0.50259488821029663086 -0.42952215671539301090 -1.54016864299774169922 -0.27336922287940979004 0.52099126577377319336
1.07356286048889160156 0.39162775874137878418 -0.79919111728668212891 -1.24332964420318603516 -0.34265413880348200015 -1.99693512916564919202
-0.59235537052154541016 -0.15490761399269101228 0.17104630172252649478 1.09706485271453857422 -0.05738965049386020312 1.29418075084686279297
0.56202065944671630859 1.41558468341827392578 2.50883889198303178247 1.45842075347900390625 2.11621260643005371094 -0.22731812298297879305
0.05934812873601909983 0.06069443374872200009 -0.76453995704650878906 -1.02653300762176513672 -0.75122392177581787109 -0.01988606527447700154
-1.43744874000549316406 -0.99089246988296519891 -0.59400314092636108398 -0.68377214670181274414 -0.60577821731567382812 -0.58365368843078613281
-2.03743219375610351562 -1.36350703239440917969 -1.33154702186584472656 -0.97376990318298339844 -0.74943810701370239258 -0.23873835802078238744
-1.32393503189086914062 -1.14247381687164306641 -0.44455870985984802246 0.56481319665908813477 -0.59883964061737060547 0.19805021584033960513
-0.03944215551018710048 -0.06749290972948070177 -0.62531137466430664062 -0.24410791695117950439 -0.46413487195968627930 0.63180685043334960938
-1.24930691719055175781 -1.42733991146087646484 -0.54530584812164306641 -0.34838902950286859683 -0.71938669681549072266 -0.49864673614501947574
0.54647397994995117188 1.48838448524475097656 -0.42672488093376159668 -0.78977078199386596680 -0.29891172051429748535 -2.21091008186340376440
-2.16545152664184570312 -1.57028055191040039062 -1.54274606704711914062 -1.12087357044219970703 -0.99444520473480224609 -0.59204155206680297852
-1.50479221343994140625 -1.45336568355560302734 -0.70962625741958618164 -0.28884157538414001465 -0.73526489734649658203 -0.56778061389923095703
-0.27035754919052118472 -0.92343902587890625000 -0.43256410956382751465 -0.59501922130584716797 -0.38683119416236877441 0.62627255916595458984
-1.75215494632720969470 -1.36459469795227050781 -0.82039695978164672852 -1.36580741405487060547 -0.64333957433700561523 -0.70702350139617919922
-0.47832748293876647949 -1.28281342983245849609 -0.12991042435169219971 0.85205799341201782227 -0.27095958590507507324 0.30734539031982421875
0.43612876534461969547 0.70310032367706298828 0.66995447874069213867 0.75812077522277832031 0.84623104333877563477 -0.82365047931671142578
0.73957878351211547852 0.28913402557373041324 1.14445304870605490954 1.23780214786529541016 0.64774531126022338867 -0.26388171315193170718
-0.04120295867323869876 -0.73528909683227539062 -0.83458530902862548828 -1.59614908695220969470 -0.61380141973495483398 0.02886037528514859979
0.67947423458099365234 0.26342183351516718082 1.11788833141326904297 1.25547945499420166016 1.04664480686187744141 0.13828065991401669588
0.91752666234970081671 1.06362354755401589124 0.57943648099899291992 0.00461773946881290000 0.63020497560501098633 -1.83294761180877685547
-0.19498851895332330875 -0.75530558824539184570 0.20184276998043060303 0.97606551647186279297 -0.26984602212905878238 1.03583395481109619141
-0.57814711332321166992 -0.47139382362365722656 -1.07983982563018798828 -1.35028195381164550781 -1.03456366062164306641 0.48108860850334167480
0.10304950177669519595 0.59915906190872192383 -0.87477552890777587891 -1.11082339286804199219 -0.63950866460800170898 -1.00710272789001464844
0.52665209770202636719 0.56873184442520141602 1.55226111412048339844 1.49112248420715309827 1.16434216499328591077 -0.32459712028503417969
0.23389510810375210847 0.92713397741317760126 -1.03069746494293190686 -1.58526360988616943359 -0.88148814439773559570 -1.43465304374694824219
0.30180171132087707520 -0.17270073294639579076 0.72228473424911499023 1.55468547344207763672 0.59030944108963012695 1.32476174831390380859
0.56943625211715698242 0.76928704977035522461 0.30908656120300287418 0.29010432958602899722 -0.12960244715213770084 -1.43876707553863525391
-0.97550964355468761102 -0.22912363708019251041 0.40863242745399469547 1.66901528835296630859 -0.50953149795532226562 1.12002050876617431641
-0.95751804113388061523 -0.73913478851318359375 -0.73286741971969604492 -1.07141399383544921875 -0.87833136320114135742 -0.28257447481155389957
0.92770963907241821289 0.88422906398773193359 1.52563703060150168689 1.33344340324401855469 1.68772280216217041016 -0.63381117582321166992
-0.79702430963516235352 -0.91855615377426158563 0.25738888978958129883 0.06171613559126849780 -0.22090618312358850650 -0.04909868910908690015
0.58258831501007080078 1.64765691757202170642 1.50514316558837890625 -0.11245573312044139513 1.23063302040100097656 -1.22632896900177001953
0.50554966926574707031 -0.20472228527069089021 -1.66870784759521484375 -1.68109619617462158203 -1.19378852844238281250 0.59692102670669555664
1.31969714164733886719 0.96189671754837036133 0.08202955871820449829 -0.56198561191558837891 0.60816442966461181641 -1.46257328987121582031
-1.92217016220092795642 -1.35645985603332519531 -1.32928872108459472656 0.01912236772477619862 -0.78726917505264282227 -0.07572719454765319824
0.22997573018074030093 0.24931024014949790257 0.82852435111999511719 0.28214237093925470523 0.47852715849876398257 -0.07081989198923109574
-0.95408642292022705078 -1.45302534103393554688 -0.87162220478057861328 -0.85219234228134155273 -1.12601113319396950452 -0.43724754452705377750
0.80854731798171997070 0.37594303488731378726 1.06265449523925781250 1.28646504878997802734 0.93804526329040516242 -0.49068742990493768863
0.19576588273048400879 0.25028955936431879215 -1.52134025096893310547 -0.28349718451499938965 -1.04378223419189430921 0.42960372567176818848
-0.01723888888955110027 -0.01594177819788450065 -0.42866206169128417969 -0.90145075321197520868 -0.63628363609313964844 0.27396872639656061343
-0.17290590703487390689 -0.72856980562210083008 0.07485730946063989810 0.31763392686843872070 -0.20297271013259879369 0.96604317426681518555
0.71713203191757202148 1.45671582221984863281 0.57728987932205200195 -0.51837003231048583984 0.55140650272369384766 -1.39972722530364990234
-1.52009630203247070312 -1.20177495479583740234 -1.33626234531402610095 -0.35288789868354797363 -0.93239182233810424805 0.09541215747594830598
-0.27037614583969110660 0.40554761886596679688 1.49778711795806884766 1.63755023479461669922 0.77279663085937500000 1.21595132350921630859
0.10470209270715709338 -0.36427843570709228516 -0.04314440861344329831 1.35906827449798583984 -0.03496731445193290017 1.55039238929748535156
0.06699722260236740112 -0.40217888355255121402 -0.84171772003173828125 -1.27907145023345969470 -0.43613216280937189273 0.75652050971984863281
-0.75446027517318725586 -0.22802114486694330386 0.34469041228294372559 0.49737375974655151367 -0.26286339759826660156 1.01715433597564697266
-1.46771335601806640625 -1.59797096252441406250 -0.72444778680801391602 -0.50097793340682983398 -0.70220941305160522461 -0.57902836799621582031
0.48199889063835138492 0.82398813962936401367 0.68246048688888549805 0.23556390404701230135 0.68039464950561523438 -1.11720454692840576172
0.84227001667022705078 0.46108546853065490723 1.13608717918395996094 0.99721622467041015625 0.86701732873916625977 -0.70173561573028564453
-0.63691079616546630859 -1.59421312808990478516 -1.36301004886627197266 0.36807075142860412598 -1.17625677585601806641 0.17287194728851310033
1.20525491237640380859 1.30366015434265136719 1.46507370471954367908 0.08782450854778289795 1.85472095012664794922 -0.03054953180253500156
-0.29001116752624511719 -0.59952402114868164062 -0.53000301122665405273 1.47152519226074218750 -0.47442147135734558105 1.60851383209228515625
-0.19366939365863800049 -0.36322903633117670230 -1.16045188903808593750 -1.50705647468566894531 -0.85194289684295654297 0.55216014385223388672
-1.51954734325408935547 -1.64841473102569580078 -1.18112635612487792969 -1.70937514305114768298 -0.48669639229774469547 -0.73308432102203369141
-0.51378130912780761719 -1.26658475399017311780 -0.93059206008911121710 1.49687910079956032483 -1.05897998809814430921 0.79889011383056640625
1.28758037090301513672 0.99162775278091441766 -0.80749636888504028320 -1.52645981311798095703 -0.58853554725646972656 -1.83648669719696044922
-0.53537589311599731445 -0.02315515093505380109 -0.33245700597763061523 -0.61964678764343261719 -0.50654655694961547852 0.76733046770095825195
1.16960334777832031250 1.49396884441375710217 1.92348825931549072266 0.74394810199737548828 2.20551228523254394531 0.89850330352783203125
-1.39256834983825683594 -1.15085709095001220703 -0.79413729906082153320 -0.27923014760017389468 -0.86413812637329101562 -0.25351971387863159180
-1.67493915557861328125 -1.34036076068878151624 -0.93926924467086803094 -0.56232005357742309570 -0.80035835504531860352 -0.45291081070899957828
1.74537396430969238281 1.34467470645904541016 -0.22124330699443808812 -0.51919180154800415039 0.04589005932211869671 0.30154362320899957828
-0.82040542364120483398 -0.60492110252380371094 -0.52505898475646972656 1.57968974113464355469 -0.50048381090164184570 1.29930675029754638672
1.54156124591827392578 1.33995831012725830078 0.64205026626586914062 0.05518076568841930041 0.95379871129989624023 0.34264418482780450992
1.15048658847808837891 1.36806213855743408203 0.74854451417922973633 -0.26428309082984918765 0.70075750350952148438 -0.83861494064331054688
0.36594250798225397281 -0.14781264960765838623 -0.71571058034896850586 -1.35437226295471191406 -0.75364947319030761719 0.21209642291069030762
0.17525593936443328857 0.96208727359771717413 -0.17793917655944818668 0.02497994154691689922 -0.03070372156798829855 -1.40986883640289306641
-1.17913079261779807361 -1.09067761898040749280 -1.17603385448455810547 -1.11646652221679687500 -1.00849592685699462891 -0.20513902604579919986
0.45691066980361938477 -0.20513586699962610416 -0.71671485900878906250 -0.83252370357513427734 -0.55467307567596435547 0.29467189311981201172
1.34621608257293701172 1.29946827888488769531 -0.74495625495910644531 -1.54637324810028076172 -0.42967656254768371582 -1.09936451911926269531
-1.34047770500183105469 -0.65533030033111572266 -1.16346573829650878906 -0.92442911863327037469 -0.68852472305297851562 0.52361804246902465820
-0.72695279121398925781 -1.36278045177459716797 -0.65246951580047607422 0.58370113372802734375 -0.80558216571807861328 0.23876498639583579320
-0.48950865864753717593 -0.86899632215499877930 -0.15203757584095001221 -0.39625895023345947266 -0.38638597726821899414 0.28919374942779541016
