0.60637068748474121094 1.34346115589141845703 -0.53038173913955688477 -1.76249432563781738281 1.52061486244201660156 0.27577218413352960757 0.83970785140991210938 1.15699744224548339844 1.22016978263854980469 -0.88086599111557006836 -0.09269959479570380467
0.43297600746154779605 1.35800838470458984375 0.39411631226539611816 -1.56145322322845458984 1.06218278408050537109 -1.56864988803863525391 -0.02461124584078780084 -0.41600269079208368472 -1.37063360214233398438 0.53813052177429199219 0.16481718420982360840
-0.36037382483482360840 1.02813625335693359375 -0.35526892542839050293 0.73314410448074340820 0.79555398225784301758 1.19466853141784690173 -1.24724876880645751953 -0.39155444502830499820 -0.35011208057403558902 -1.42400395870208740234 1.16781342029571510999
-0.73560267686843872070 0.12049178034067149767 -0.00986491609364740021 0.15089447796344748753 -1.48646128177642822266 -0.59621369838714599609 1.22315144538879394531 -0.92186313867568958624 -0.03668931126594539988 1.24570858478546142578 -0.87642663717269897461
-0.57071679830551147461 1.60131478309631369861 0.78014564514160156250 -1.78434979915618896484 -0.64194178581237792969 -0.76076710224151611328 0.65731990337371826172 0.12390101701021190295 -1.61787474155426047595 0.06934192031621930208 -0.68773275613784790039
-0.44764029979705810547 0.45780530571937561035 -1.50807416439056396484 1.13639259338378906250 0.45484945178031921387 0.84844303131103515625 -0.29931747913360590152 0.20855173468589779939 -0.31623256206512451172 -1.07563507556915283203 1.51688885688781738281
0.76484346389770507812 -1.60077440738677978516 0.08782433718442909931 0.41108724474906921387 -1.62764954566955566406 -0.87110108137130737305 -1.02175414562225341797 -1.05245029926300048828 0.13421186804771420564 -1.79970836639404296875 -1.98792815208435036389
-0.10249023884534830264 -1.43559026718139648438 0.12992000579833978824 -0.28767144680023187808 1.63069701194763183594 -0.20742779970169059056 1.75204765796661376953 -0.64059907197952270508 1.51902937889099121094 -0.15514299273490900211 -1.02765846252441406250
-1.51602303981781005859 0.84403270483016967773 0.12717808783054349031 0.38357257843017578125 1.26261615753173850329 0.90716445446014404297 -0.85770499706268310547 0.43861573934555048160 0.53742808103561401367 0.71683847904205322266 -0.61566656827926635742
0.61225479841232299805 0.31780177354812622070 0.33080032467842102051 0.85617065429687500000 -1.33024263381958007812 0.70293992757797241211 0.00583016825839870016 -1.73369574546813964844 1.12650477886199951172 0.03243492171168319699 0.72646450996398925781
-0.85783106088638305664 0.16860735416412350740 1.42907345294952392578 1.20866453647613525391 -0.04731485620141020337 1.07845032215118408203 -1.43386435508728049548 -1.12303996086120605469 0.39888495206832880191 1.28607702255249023438 1.03382885456085205078
0.27329760789871210269 1.24664354324340820312 1.15054512023925781250 0.85361826419830322266 0.12350703775882719559 -1.65132045745849609375 -1.40663552284240722656 0.91134691238403320312 -0.73537194728851318359 -0.27911788225173950195 2.07438421249389648438
-1.02534723281860351562 0.59448373317718505859 -1.60249233245849609375 -0.47757878899574279785 0.07951840013265609741 0.06286185979843139648 0.40616744756698608398 0.25818488001823419742 0.73235893249511718750 -0.04285136982798570110 -0.29497507214546198062
-1.26690125465393088611 1.05075192451477050781 -1.43956255912780761719 -0.68424469232559204102 0.77751654386520385742 -0.78586882352828979492 0.71472847461700439453 0.16399589180946350098 -0.48169720172882080078 0.00943362433463330007 0.01308487262576809966
-0.08774743974208830399 0.65776860713958740234 -1.71093785762786887439 -0.41009420156478881836 -1.04049110412597656250 -1.23359358310699462891 -0.30503451824188232422 -0.95988929271697998047 -0.90050828456878662109 0.64710724353790283203 1.12498855590820312500
-0.95310366153717041016 -1.32870805263519287109 -1.06284546852111816406 -0.77118003368377685547 -1.35980963706970192639 0.32288199663162231445 0.65524816513061523438 1.66342675685882568359 -0.18208484351634979248 1.33366215229034423828 -1.49467599391937255859
1.39542019367218017578 0.07522707432508460301 -1.00720787048339843750 0.36355355381965631656 -0.08904846757650369815 1.38431656360626220703 0.58698993921279907227 0.11878369003534310078 0.81357073783874511719 -0.29171910881996149234 1.38807976245880126953
0.12896688282489771060 0.06150041520595549843 1.24779951572418190686 0.49855700135231018066 -0.84757512807846069336 -1.64431500434875488281 -0.85119706392288208008 -0.79629015922546386719 -0.52832466363906860352 0.41148120164871210269 0.86118304729461669922
-0.67800748348236083984 0.97437983751296997070 -1.22647547721862792969 -1.51425790786743164062 -0.09652122855186459627 1.15810000896453857422 -0.89749938249588012695 0.67840814590454101562 -1.39112365245819091797 -1.28177511692047119141 -0.25357103347778320312
-1.34511232376098632812 -1.06691634654998779297 -0.50584393739700317383 -0.48765796422958368472 1.20391917228698730469 1.24757039546966552734 -1.29603135585784912109 0.01111188530921929964 -0.25588887929916381836 0.95331102609634399414 -1.04164719581604003906
-0.14123293757438659668 -1.32343995571136474609 0.68782937526702880859 0.64098185300827026367 0.28834900259971618652 0.14238302409648889713 0.22624370455741879549 1.58960402011871337891 1.50691294670104980469 0.38103073835372919254 -0.49667412042617797852
0.60368764400482177734 1.45726740360260009766 1.22400045394897460938 0.60948455333709716797 0.80504965782165527344 0.05223830044269559686 1.72080647945404030530 1.45874094963073730469 0.06121234968304629931 0.94701987504959117548 1.76718163490295410156
-0.90343672037124644891 -0.44401204586029052734 1.28381514549255371094 0.20226877927780151367 -1.08538556098938010486 -0.41822013258934020996 1.73820102214813232422 -1.53370535373687744141 0.99556797742843639032 1.52268660068511962891 -0.47797656059265131168
-0.13257671892642969302 -1.60334873199462890625 0.68747925758361816406 1.41053223609924316406 -1.44404518604278564453 0.71907383203506469727 1.19299232959747314453 1.06022047996520996094 -1.38242590427398681641 -0.29107353091239929199 -0.50323402881622314453
-0.92361712455749522821 -0.24775253236293789949 -0.62026447057723999023 1.56222569942474365234 -1.30474829673767089844 -0.79140996932983398438 -0.42730334401130670718 -0.97189503908157359735 0.69239240884780883789 -1.81072008609771728516 -0.12387900799512860384
-1.55486953258514404297 0.55355852842330932617 -1.66779005527496337891 -1.36705577373504638672 -0.28568241000175470523 0.90285521745681762695 -1.31809055805206298828 1.21180713176727294922 -1.32892596721649169922 -1.66303777694702170642 -1.05133306980133056641
-0.90240466594696044922 -0.23314993083477020264 0.56146758794784545898 -1.23854184150695800781 -0.60028064250946044922 1.00225222110748291016 0.44514811038970947266 0.52259635925292968750 0.77426481246948242188 -1.69920957088470458984 -1.51833581924438476562
-0.78243368864059448242 -0.49164631962776178531 0.37849035859107971191 0.53794229030609130859 1.41495454311370849609 1.08128535747528076172 -1.02938854694366455078 0.66453403234481811523 1.28480029106140136719 -1.17270946502685569079 0.10810577124357219347
-0.67981433868408203125 0.31717550754547119141 -0.89992177486419677734 -0.32713663578033447266 -1.37789046764373779297 -0.25277155637741088867 -1.40754735469818115234 -0.48215451836585998535 0.51207393407821655273 -0.70253872871398925781 -0.51268297433853149414
1.03271925449371337891 -0.70118445158004760742 -1.30337452888488769531 -0.71549504995346069336 1.10649025440216064453 1.68207621574401855469 -1.37147307395935058594 -0.96708351373672485352 -0.05055124685168260051 1.61750960350036621094 0.57176357507705688477
1.05531680583953857422 -1.22223615646362304688 1.14871108531951904297 1.35813057422637939453 1.10399580001831032483 -0.80759376287460327148 -1.04213404655456542969 0.95550817251205444336 -1.71528828144073486328 0.80877256393432617188 0.82510083913803100586
-0.31137490272521972656 0.86629903316497802734 0.21333393454551691226 -0.54176354408264160156 -0.36078232526779169254 1.03678274154663085938 0.62685817480087280273 1.66220474243164062500 1.11286854743957519531 1.08703601360321044922 -0.09537471830844869436
-0.97530376911163318976 -0.42320394515991210938 0.70572561025619506836 0.12450423836708060521 -1.49549818038940429688 1.72667145729064941406 -1.33013558387756369861 0.08321080356836310643 -0.26035922765731811523 0.29957127571105951480 -0.86815404891967773438
1.40553784370422363281 0.18589782714843750000 0.29240214824676508121 -0.43187212944030761719 1.45612919330596923828 -1.67128109931945800781 -0.08480513095855710115 -0.15141390264034271240 1.13897502422332763672 1.10299348831176757812 0.86446613073348999023
1.23358345031738281250 1.60191237926483154297 -0.29837036132812500000 -1.32863235473632790296 0.04192224889993659970 0.91159927845001220703 -0.86162918806076049805 -1.05440890789031982422 0.85971033573150634766 0.62599843740463256836 -1.40114617347717285156
-0.30595836043357849121 0.79258090257644653320 -1.03924465179443359375 0.86128938198089599609 -1.02909052371978759766 -1.17859017848968505859 -0.34611159563064569644 0.38848838210105890445 1.71577596664428710938 -1.11324775218963623047 0.90425693988800037726
0.59446728229522705078 1.08753395080566406250 0.42937895655632019043 -1.02919554710388183594 -0.21910177171230310611 -0.19596640765666958894 -0.00019214949861629999 -0.00402098335325710033 -0.76757037639617919922 -0.12809950113296508789 -0.10684832930564880371
1.28658604621887207031 -0.65509802103042602539 -1.06131124496459960938 0.40650764107704162598 0.29095917940139770508 -0.45761805772781372070 -0.88786256313323974609 -1.48937582969665527344 0.79196625947952270508 0.13855299353599540013 0.83656281232833862305
0.78885889053344726562 0.42730325460433959961 -0.82328462600708007812 0.99206387996673583984 -1.00017213821411110608 -0.13319294154644009676 1.73456215858459472656 0.73410058021545410156 1.34351134300231911389 1.62298965454101562500 0.86288064718246459961
1.33127582073211669922 0.56937712430953979492 1.54468429088592529297 -0.35395285487174987793 -0.78864395618438720703 0.67007660865783691406 -1.15415465831756591797 0.75791078805923461914 -0.39387661218643188477 -1.82127881050109841077 0.52217704057693481445
1.07634580135345458984 0.05308828875422470089 -1.07028639316558837891 0.41467440128326410465 -0.46745470166206359863 1.09911656379699707031 -1.35488045215606689453 -1.81215190887451194079 1.09525990486145019531 -1.17042422294616699219 1.37271904945373535156
-1.42250692844390869141 1.17363941669464111328 0.11617191880941389603 -1.46072101593017578125 -0.03555882349610319654 -0.18369823694229120425 0.59750604629516601562 -1.51172935962677001953 -1.69302010536193847656 0.97853058576583862305 -1.42875623703002929688
0.13371777534484860506 1.11513495445251464844 0.25981831550598138980 1.05310750007629394531 -1.22526264190673850329 -0.61688929796218872070 -1.09204578399658203125 -0.45106887817382812500 0.74487692117691040039 -0.37045159935951227359 0.97912079095840442999
1.51747524738311767578 0.47351703047752380371 -1.52048349380493164062 1.39436531066894509046 1.20686078071594238281 -1.31961202621459960938 0.83078438043594360352 -1.00082874298095703125 -0.99512541294097900391 0.12350338697433470292 2.52137851715087890625
-1.56926941871643088611 -1.27888667583465576172 1.00555562973022460938 -1.67985963821411110608 0.20627355575561520662 0.79376053810119628906 1.34345233440399169922 -0.86752855777740478516 -0.30346316099166870117 0.10878224670886990633 -1.92316234111785888672
0.39764133095741271973 1.03992509841918967517 0.72571414709091186523 0.38274297118186950684 0.31830736994743341617 -0.76304483413696289062 1.37269484996795632092 -0.24508808553218838777 -1.47620224952697753906 -1.63483619689941406250 1.47544634342193603516
0.16405071318149561099 0.73158615827560424805 1.28937375545501708984 -1.65444827079772949219 -1.25874722003936767578 0.54196411371231079102 -0.29404726624488830566 1.68441569805145263672 -0.29185551404952997379 0.25429230928421020508 -0.20515806972980499268
1.56361544132232688220 -0.83006364107131958008 1.07901692390441894531 -1.50100874900817871094 0.23890106379985809326 -1.40391325950622558594 0.75760155916213989258 1.43742322921752929688 0.40749284625053400211 0.26266390085220331363 -0.31186631321907037906
0.34993684291839599609 1.06256031990051269531 -0.74078416824340820312 0.77451586723327636719 -1.21503865718841552734 -1.22452604770660400391 -1.15570414066314697266 -1.00999665260314941406 -1.02415621280670166016 -1.23362135887145996094 0.64888131618499755859
-0.39663237333297729492 0.70394134521484375000 -1.00487184524536110608 0.62222480773925781250 0.80789327621459960938 1.08518564701080322266 1.38582634925842285156 -1.32821726799011230469 -1.17570614814758300781 -1.39775729179382324219 1.09146904945373535156
1.03720080852508544922 -0.85315728187561035156 0.18869841098785400391 -1.03035235404968261719 0.52137070894241333008 0.18648675084114069156 -0.74495190382003784180 -0.69635915756225585938 -0.54082709550857543945 1.17667365074157714844 -1.10568749904632568359
-0.72721564769744873047 -0.04617818444967269897 0.00578448316082350034 0.09150202572345729479 -1.62510597705841064453 -0.65517431497573852539 1.07887578010559082031 0.40418758988380432129 -0.27063828706741327457 -1.22962915897369384766 -1.17326784133911110608
1.35067045688629150391 -0.63219684362411499023 1.62769615650177001953 1.53894031047821044922 0.98023170232772838251 0.87053197622299194336 -0.08525323122739790482 0.30770722031593322754 -0.78136771917343139648 1.17810857295989990234 2.56699919700622558594
0.93798917531967163086 0.35919460654258728027 1.21296489238738991467 0.87697452306747436523 -0.13518154621124259251 0.63032090663909912109 0.72003889083862304688 -0.14457197487354270238 1.55484759807586669922 -0.44479441642761230469 1.62101507186889648438
-0.46138915419578552246 0.27636468410491937808 0.19633267819881439209 -0.69420540332794189453 0.23160159587860099095 -0.27518406510353088379 -1.22266912460327170642 0.72969239950180053711 1.12445139884948730469 1.22894024848938010486 -0.27776420116424560547
1.06751704216003417969 -1.52988529205322287829 0.94633418321609497070 -0.19339461624622339420 -1.57029783725738525391 0.15257091820240020752 -0.33395868539810180664 -1.56749355792999289783 -0.50574159622192382812 -0.68105393648147583008 -1.19931614398956298828
-1.49157190322875976562 1.48461687564849831311 -1.23312544822692871094 -1.53215837478637695312 0.00580410193651910000 1.36904895305633544922 -0.03752819821238510128 -0.04516676068305960218 -0.25788637995719909668 0.74879604578018188477 -1.55266368389129638672
-1.59133589267730712891 0.82301717996597290039 -1.33805572986602783203 1.12324583530426047595 1.46981215476989768298 1.23918914794921875000 1.34791362285613991467 -0.17424967885017389468 0.64442592859268188477 1.34382307529449462891 0.48506158590316772461
-0.54728335142135620117 0.80061346292495727539 1.26430499553680419922 -1.69246304035186767578 0.35865712165832519531 -0.81573724746704101562 1.19108605384826660156 -1.61293506622314430921 -1.39996922016143798828 -0.83992725610733032227 -0.35367813706398010254
0.54196476936340332031 -1.25915861129760742188 1.31899487972259521484 -1.09034216403961181641 1.24994504451751708984 1.63319015502929687500 -0.54165536165237426758 -0.18920421600341791324 0.79534780979156494141 -0.09250280261039729723 -0.53883719444274902344
0.14450016617774960603 -1.11475872993469238281 1.46322059631347656250 -1.45746099948883056641 1.12144124507904030530 -1.51685333251953125000 -0.50190263986587524414 -0.63515824079513549805 1.11723375320434570312 0.62743580341339111328 -0.58863967657089233398
0.92767131328582763672 -1.32613790035247802734 0.02029208280146119897 0.51642334461212158203 0.90755128860473643915 -0.30114680528640741519 -0.33197137713432312012 -0.26802620291709899902 1.59979021549224831311 -0.90154588222503662109 -0.33345073461532592773
-1.15299916267395019531 -0.28061354160308837891 -1.07930290699005126953 -0.00438384292647240031 -0.45300602912902832031 0.92808651924133300781 1.03746271133422829358 -1.23792159557342529297 0.37757286429405212402 0.69082266092300415039 -0.65077030658721923828
-0.96506524085998535156 -1.41815114021301269531 0.67157834768295288086 0.89376753568649291992 -0.64361965656280517578 -1.07603383064270019531 1.20430529117584250720 -0.59519481658935546875 -1.02943623065948486328 1.05839228630065917969 -0.74354791641235351562
1.49651825428009033203 -0.71790552139282226562 0.84098041057586669922 -0.51203572750091552734 -1.65389335155487060547 0.00000145745764257299 1.42176842689514160156 -1.13714838027954101562 0.72434031963348388672 -0.19076618552207941226 -0.55908828973770141602
1.15165650844573952405 -0.33432945609092712402 -1.11596763134002685547 1.31566035747528076172 -0.39559409022331237793 1.09191906452178955078 -1.18336975574493408203 1.13542675971984863281 0.39152032136917108707 1.32658720016479492188 1.19614386558532714844
-0.84398156404495239258 1.58428025245666503906 0.34905314445495599918 0.92134022712707519531 -1.07855331897735595703 -1.04519033432006835938 -0.70895671844482421875 0.60833668708801269531 1.11630034446716308594 -0.93844115734100341797 0.12322983145713800601
0.43365252017974847965 -0.12491232901811599731 -0.20582276582717889957 -0.06500732898712149876 0.73900604248046875000 -0.75180500745773315430 -1.20216107368469238281 -0.45116218924522399902 -0.64457225799560546875 0.01232673507183790033 0.05171802267432210054
-1.31752908229827880859 1.33621513843536376953 1.58946216106414794922 1.50146186351776123047 0.95170503854751598016 -1.42314291000366210938 0.49330604076385498047 0.17765447497367858887 -0.44047763943672180176 -1.79598927497863769531 0.94625931978225719110
-0.27341255545616149902 -0.69790899753570556641 -1.05433130264282248767 0.37519046664237970523 -1.10294497013092041016 -0.36798235774040222168 -0.91633808612823475226 1.47480189800262428967 0.77812129259109497070 -0.29484111070632929019 -0.28732407093048090152
-1.53644895553588889392 -1.13579380512237571033 -0.05863110348582260128 -1.62286865711212158203 1.13076496124267578125 -1.24530863761901855469 -0.92667448520660400391 0.92028748989105224609 1.44998681545257568359 0.33774417638778680972 -1.70661902427673339844
-0.41746029257774347476 1.26491844654083229749 0.46275338530540460757 -0.79372525215148925781 1.68714368343353271484 -0.08800156414508819580 -1.11547887325286887439 1.02459621429443359375 0.73107594251632690430 1.30160915851593017578 0.38460662961006159000
1.65136420726776123047 -0.90127843618392944336 -1.25702929496765136719 -0.38499653339385980777 0.33950567245483398438 -0.45382976531982421875 -0.70324254035949707031 0.45800706744194030762 0.32142123579978937320 0.40072226524353027344 0.41040676832199091129
1.63163840770721435547 -1.54379153251647949219 1.43291389942169189453 0.49480780959129327945 0.16398186981678009033 -1.22516655921936035156 0.93560993671417236328 1.17429363727569580078 1.11855363845825195312 -0.80894869565963745117 -0.19428636133670801334
-1.64326834678649902344 1.48079848289489768298 0.29837766289710998535 0.23562933504581448640 1.09360826015472389905 -1.54497075080871582031 -0.74625140428543090820 0.02961616590619079933 -0.78591120243072509766 -1.81518304347991965564 -0.75064200162887573242
