1.02927541732788085938 -0.03569923713803289933 -0.77620822191238403320 0.90598779916763316766 1.47934794425964355469 1.52240645885467529297
-1.48190104961395263672 -0.07528463751077650590 -0.80238127708435058594 0.77416962385177612305 1.01811802387237571033 0.13991579413413998689
-0.91106498241424560547 0.07564946264028539480 -1.13853669166564941406 1.23290097713470458984 0.54231446981430053711 0.75419974327087402344
0.84775996208190917969 -1.21638429164886474609 -1.49248349666595458984 0.73137736320495605469 0.49353307485580438785 0.70092058181762695312
-1.64223158359527610095 -0.48129945993423461914 1.54277014732360839844 -0.28309205174446100406 0.00877218134701250075 -0.86055487394332885742
0.25388541817665100098 -0.43854370713233947754 0.29149189591407770328 -0.94908875226974476202 1.03509902954101562500 -0.38730505108833307437
-1.66541802883148193359 -1.16523373126983642578 -1.37563836574554443359 -1.09225130081176757812 -1.72147309780120849609 -1.47730314731597900391
0.75587785243988037109 -0.00820472091436380037 0.91266351938247680664 0.72502702474594116211 -1.03461205959320090564 0.44109052419662470035
0.92825955152511596680 0.42185679078102111816 1.90684545040130637439 -0.55575209856033325195 -0.67265665531158447266 0.80375885963439941406
0.97957569360733043329 -0.70558667182922363281 0.99558186531066894531 -0.67245191335678100586 0.40415164828300470523 -0.39026588201522821597
-0.53986936807632446289 1.11454927921295166016 -0.47436806559562677554 1.14353656768798850329 0.11042924225330350008 0.37944343686103820801
-1.50361311435699462891 0.58704191446304321289 -0.18209174275398248843 0.48186874389648437500 0.57104843854904174805 -0.91328412294387817383
1.43017113208770751953 -0.35232055187225341797 0.02375844679772850035 -1.96079194545745849609 -0.31580990552902221680 -0.91286301612854003906
-0.29333040118217468262 0.11428435891866679797 -1.42392301559448242188 0.38536763191223138980 0.34003412723541259766 1.07460224628448486328
-0.87131220102310180664 -0.71724861860275268555 -1.44414567947387695312 -1.21640968322753906250 1.08931505680084250720 -0.38742047548294067383
-0.39503619074821472168 -0.92021602392196655273 0.16729429364204401187 1.02232384681701660156 -0.65679556131362915039 -0.36242836713790888004
-0.78735882043838500977 0.49830585718154907227 -0.37518307566642761230 0.88064670562744140625 1.19155645370483398438 0.33283424377441400699
0.68868917226791381836 1.09816622734069824219 -1.50126254558563232422 -0.31403735280036920718 -1.23128402233123779297 1.18146288394927978516
-1.64780890941619873047 1.51910567283630371094 -0.98717784881591796875 -1.47680485248565673828 0.16243718564510339908 -1.37194454669952392578
1.57021927833557128906 -1.67825865745544433594 -0.64921540021896362305 -0.44633340835571289062 0.64817184209823608398 -1.17835676670074462891
0.89650785923004150391 -1.36098217964172363281 0.43819659948348999023 1.77663707733154296875 0.92908507585525523798 0.18520277738571158666
1.19217395782470703125 1.65448153018951416016 -0.71341615915298461914 1.82681787014007590564 1.34966266155242919922 1.70208859443664550781
0.24697650969028470125 0.18709783256053919009 0.66049122810363769531 0.50622719526290893555 -0.50981450080871582031 0.71375077962875366211
1.21355438232421875000 0.50453728437423706055 -1.04986405372619628906 0.43065163493156427554 -0.85871851444244384766 0.83423596620559692383
0.77785760164260864258 -1.67288434505462646484 -0.51427412033081054688 -0.59345340728759765625 -1.39839959144592285156 -1.92975878715515158923
0.60251992940902709961 -1.50943303108215309827 -1.46713793277740478516 -1.22423112392425537109 -1.43392670154571510999 -1.12057149410247802734
-1.17522799968719482422 -0.56517285108566284180 0.25003430247306818179 0.02465029060840600098 0.89272993803024291992 -0.69250643253326416016
1.41904938220977783203 1.39928591251373291016 -0.63956373929977416992 0.97217255830764759406 -1.49498212337493896484 0.41831219196319580078
-0.85393172502517700195 -1.33898425102233886719 0.56542074680328369141 -1.73864328861236550061 -1.43885684013366699219 -2.41738128662109375000
-0.26515185832977289371 1.62004303932189941406 -1.48364651203155517578 -0.74321365356445312500 1.38461911678314208984 1.54587852954864501953
0.35820338129997247867 0.30128875374794000797 0.47798347473144531250 1.00000119209289550781 -0.68264025449752807617 0.62509632110595703125
1.24219846725463889392 1.38030862808227539062 1.16136825084686279297 -0.33630543947219848633 -0.64574229717254638672 -0.08316294848918910632
-0.85409379005432128906 0.78421813249588012695 -0.56510978937149047852 -0.01366960909217589983 -0.72601664066314697266 -0.54913705587387084961
-0.33234116435050958804 0.45337513089179992676 0.91387778520584117548 0.17234146595001220703 0.65202420949935913086 0.80992007255554199219
1.70634078979492209704 -0.79251575469970703125 -0.65204232931137084961 1.37693047523498535156 -0.10667616873979560155 0.97895324230194080695
0.61224776506423950195 1.17968142032623291016 -1.54239535331726074219 0.20290116965770718660 -0.80690568685531616211 1.34674656391143798828
0.32617607712745660953 0.67198187112808227539 -0.47840747237205499820 -1.25434255599975608142 0.71825790405273437500 0.33698242902755737305
-0.05721274018287649671 1.78213727474212646484 -0.59807205200195312500 -0.30804482102394098453 -1.55600297451019287109 0.41838270425796508789
1.57623279094696044922 0.47578620910644531250 0.14724431931972500887 0.59610641002655029297 1.12123084068298339844 0.96394419670104980469
-0.49004262685775751285 0.20165750384330749512 -0.78531330823898315430 0.62834304571151733398 1.09071195125579833984 0.65456366539001464844
-1.09724235534667968750 -1.49375224113464355469 -0.30654779076576227359 0.66572356224060058594 0.32896834611892700195 -0.92087036371231079102
-0.20101366937160489168 -1.60358309745788552014 -0.52130180597305297852 1.23703849315643310547 -1.73058724403381369861 -1.05085992813110351562
0.13535256683826440982 -0.12749026715755459871 0.21764804422855368871 -0.53111183643341064453 -0.26848578453063959293 0.19370956718921661377
0.23975476622581479158 -0.96852177381515502930 0.89883661270141601562 1.71027874946594238281 -0.96028012037277221680 0.10321430116891859574
0.42056706547737121582 -0.65865904092788696289 1.48598051071166992188 -1.08079242706298850329 -1.28939855098724365234 -0.63530027866363525391
1.07162690162658691406 -0.33026826381683349609 -0.54348331689834594727 -0.00455004768446080031 0.17610131204128259830 0.72726219892501831055
-0.25165274739265441895 -0.49226170778274530582 1.78241419792175292969 -0.72988849878311157227 1.33950793743133544922 0.17363263666629791260
-1.59660923480987571033 0.43538343906402587891 1.87113463878631591797 1.06339585781097389905 0.05297845229506489839 0.59288668632507324219
-0.74497008323669433594 -0.65579265356063842773 0.01119692716747519926 -1.94552075862884477075 -0.75148397684097290039 -1.91454744338989280017
-1.11997723579406738281 0.23588812351226801090 0.78890323638916015625 -1.83361518383026078638 1.15739142894744873047 -1.62119054794311523438
0.61725699901580810547 0.69342422485351562500 0.46816095709800720215 -0.90210711956024158820 -1.56516695022583007812 0.14330804347991940584
-1.15223515033721923828 -1.47050786018371582031 0.88411819934844970703 -0.44256174564361572266 -0.64735043048858642578 -1.48781132698059082031
0.38823533058166498355 1.00448381900787353516 0.27433514595031738281 1.17232763767242431641 1.46766793727874755859 1.68295204639434792249
1.54692661762237571033 0.84520870447158813477 1.78838574886322021484 -0.83554464578628540039 0.27639535069465631656 0.93410080671310424805
-1.23320055007934570312 1.54098272323608398438 0.05487995594739909777 -1.00182294845581032483 1.32224738597869873047 -0.98782008886337280273
-1.54492425918579101562 -0.50361579656600952148 -1.28384482860565207751 1.35904157161712646484 -1.03352665901184082031 -0.16532069444656369295
0.45070758461952209473 1.54802215099334716797 -1.40732491016387939453 -1.20269334316253662109 0.88859516382217407227 1.50391614437103271484
-0.72453355789184570312 1.78436315059661887439 1.57667493820190429688 1.05265593528747558594 0.04150006547570220250 1.23635292053222656250
-1.42653703689575195312 -0.86316871643066406250 -0.40804159641265869141 -1.51782178878784179688 1.40555274486541770251 -1.79442524909973144531
1.64529216289520263672 0.90880340337753295898 0.58469897508621215820 -0.83811432123184204102 -0.66495728492736816406 -0.31397178769111627750
0.62036150693893432617 -1.23142731189727783203 0.64505332708358764648 0.17287151515483850650 -0.29514297842979431152 -0.75081032514572143555
1.13559210300445556641 -0.41585341095924377441 -0.91114556789398204462 0.82971268892288208008 0.08594214171171180028 1.02296221256256103516
-0.47954148054122919254 -0.31555402278900140933 -1.47442233562469482422 0.52469277381896972656 0.76157790422439575195 0.80582851171493530273
-0.84865915775299072266 -1.66463065147399902344 0.60223573446273803711 -0.59893643856048583984 1.12794709205627441406 -1.38220131397247314453
-1.16507875919342041016 0.71826142072677612305 0.11582376062870020084 1.21602284908294677734 -1.51696622371673583984 -0.72940474748611450195
-0.07144819200038909912 0.99585467576980601923 1.82340943813323996814 0.26962459087371820621 -0.81433522701263427734 1.11283695697784423828
-1.68412005901336669922 -0.14654287695884699039 0.55627846717834472656 0.43144211173057550601 1.31535184383392311780 -0.83315455913543701172
1.36113393306732177734 -1.64070272445678710938 -0.93980348110198963507 -0.19053162634372711182 -0.77800476551055908203 -1.10366451740264892578
1.34776270389556884766 0.84443521499633789062 -0.66599053144454956055 -1.28013384342193603516 1.23101234436035156250 0.41388612985610961914
-1.28195917606353759766 -1.60269093513488769531 -0.04487473145127290203 -0.50417792797088623047 1.25693106651306152344 -1.47311723232269287109
0.24912096560001370515 -0.61884564161300659180 -0.42422530055046081543 -1.57426881790161110608 0.33376857638359069824 -0.84671688079833984375
-0.85878080129623413086 1.12215530872344970703 1.44179344177246093750 1.21505391597747802734 -0.42105707526206970215 0.38005664944648742676
-0.25055634975433349609 0.16465111076831809300 -0.35488295555114740543 -0.26131293177604669742 0.55831277370452880859 0.08009418100118630146
0.41722527146339410953 1.78900206089019775391 1.25013864040374755859 0.01515823230147360021 -1.09391748905181884766 0.40202695131301879883
0.21754288673400878906 -1.55892574787139892578 -0.90129375457763682977 1.31848776340484619141 -1.67201554775238037109 -0.70391345024108886719
