0.29504472017288208008 0.32491564750671381168 0.01090238336473699915 -0.78879451751708984375 1.15519273281097389905 1.18838119506835937500 -1.28558480739593505859 -0.50209856033325195312 0.05572658777236930150 -0.59763276576995849609 -0.08228939771652220292
1.45330524444580078125 0.60997527837753295898 0.88150793313980102539 0.41846761107444757632 -1.16421627998352050781 1.12978184223175048828 1.18801093101501464844 -0.15405097603797909822 1.63701665401458740234 -0.01030714809894560033 -2.09985685348510742188
-1.30397355556488037109 -1.33806574344635009766 -0.87318652868270874023 1.32703506946563720703 0.17621922492980948705 0.93678873777389515265 0.48870539665222167969 0.47635155916213989258 1.56306219100952170642 0.74911701679229736328 0.71735727787017822266
0.65628010034561157227 0.67038798332214355469 -0.02872695773839949868 -0.25761345028877258301 -1.31803798675537109375 -0.31672221422195429019 -0.98788243532180797235 -0.72897166013717651367 -1.35573065280914306641 0.24180850386619559544 -1.88686168193817160876
-0.60054254531860351562 -1.08753335475921630859 -0.78079527616500854492 0.79321229457855224609 0.02528386004269119955 0.68662941455841064453 -0.22188721597194668855 -0.82720333337783813477 1.25164544582366943359 0.20162454247474670410 0.74045646190643310547
-0.17803113162517539281 -0.73366028070449829102 -0.64492642879486083984 1.52124154567718505859 0.44507128000259399414 -0.13769973814487448949 -0.99605703353881835938 0.81904006004333496094 -0.86792320013046264648 -0.69859540462493896484 1.82102739810943603516
1.18485200405120849609 1.46773624420166015625 0.42202964425086969547 -0.76474088430404663086 0.72299212217330932617 -1.48981845378875710217 0.97529268264770518915 0.20907390117645260896 1.67032837867736816406 0.74861985445022583008 -0.67464601993560791016
-0.03607655316591260042 0.41805821657180780582 1.24963188171386718750 1.55487704277038552014 0.05415062978863709880 0.74657458066940307617 -1.48719644546508789062 -0.34599304199218750000 -0.45288109779357910156 -1.33068704605102539062 0.55605918169021606445
-0.35350158810615539551 -1.01217424869537353516 -0.61442506313323974609 0.52287137508392333984 -1.53121721744537353516 -1.09049856662750244141 0.82876616716384887695 1.50882661342620849609 0.59493201971054077148 0.43951994180679321289 0.77400118112564086914
-1.38802969455718994141 -1.30260753631591796875 -0.52569675445556640625 0.59067362546920776367 -1.52810645103454589844 0.41086578369140619449 -1.46721124649047829358 0.10904350876808159565 0.61617636680603027344 0.05290770530700680124 -0.13893452286720270328
-0.15454120934009549226 -0.96373713016509998663 -0.24870008230209350586 0.78627943992614746094 -1.34056663513183593750 -1.04445970058441162109 0.06221976876258850098 -0.80720710754394531250 -0.74604386091232299805 0.08510205894708630647 0.59975987672805786133
-0.85144984722137451172 -0.90436667203903198242 -0.23708450794219970703 0.75486898422241210938 -1.25397980213165283203 -0.20201529562473288792 0.97737324237823475226 -1.23543417453765869141 -0.56928873062133789062 -1.13270843029022216797 0.64341396093368530273
0.61546444892883300781 1.65598392486572287829 2.03029131889343261719 0.91266995668411243781 0.89338499307632446289 0.90345662832260120734 0.48446395993232721500 1.62156248092651367188 -1.53340876102447509766 -0.15530048310756680574 -0.94082891941070556641
-1.95476686954498291016 -1.36187422275543190686 -1.13937437534332275391 -0.13530564308166501131 0.47430837154388427734 1.28510916233062744141 -1.03221452236175537109 1.02520728111267089844 0.44393804669380187988 0.14802308380603790283 0.04451648145914070126
-1.70216536521911621094 -1.50771331787109375000 -0.87955826520919799805 0.89911377429962158203 -0.09154993295669550113 -0.70479190349578857422 -0.39991319179534912109 0.05509097874164579911 1.08335936069488525391 -0.92970949411392200812 0.34601163864135742188
0.70279973745346069336 0.75155043601989746094 1.23110115528106689453 0.59195601940155029297 0.23658598959445950594 -0.51982516050338745117 -1.72142028808593750000 1.72901594638824462891 -0.01845492236316199908 -0.48402854800224298648 -1.83061671257019042969
0.48352488875389099121 0.93735736608505237921 1.77455294132232688220 1.48232185840606689453 0.08769369870424270630 -0.88451457023620605469 -0.07781493663787840409 -1.30555152893066406250 -0.26535832881927490234 -0.84858077764511108398 -1.22318148612976074219
-0.92934906482696522101 -0.19142436981201169099 -0.19205777347087860107 -0.90222281217575084344 1.67361593246459960938 0.74025583267211914062 0.93039852380752563477 0.60093325376510620117 -0.68844205141067504883 0.25859969854354858398 0.85593062639236450195
0.05261968076229089908 0.14355768263339990787 0.77339655160903930664 -0.13130906224250790681 -1.10330772399902343750 -0.04893735051155090332 0.17002874612808219212 -0.20802283287048339844 0.86385720968246459961 -1.00992965698242209704 0.04515418410301200169
-0.64305567741394042969 -1.39250552654266357422 -1.08456838130950927734 -1.30210161209106445312 -0.75613117218017578125 -1.02024173736572287829 -1.15013194084167480469 -0.23482824862003320865 0.23172837495803830232 0.46216103434562677554 -0.31321430206298828125
0.68738400936126708984 0.23266611993312830142 0.03789640590548509769 0.35444048047065729312 -1.06427490711212158203 0.95481723546981800421 -0.57054716348648071289 1.48721325397491455078 -1.16992604732513449939 -0.61105656623840332031 -0.66307520866394042969
-1.75086236000061035156 -1.47401356697082519531 -1.10033464431762695312 0.60775190591812133789 -1.38865935802459716797 -1.34998166561126708984 0.10675016790628430452 -1.22650122642517089844 0.19851386547088620271 -1.18930399417877197266 0.20691294968128198795
0.90388923883438121454 -0.03099988773465149963 0.54056012630462646484 -0.43237811326980590820 0.42586088180541992188 0.59414541721343994141 0.46605852246284479312 -0.02849536575376980171 -0.58214300870895385742 -0.28959199786186218262 -0.25252619385719299316
1.01801395416259765625 1.05481994152069091797 0.28488796949386591129 -0.41621708869934082031 0.32936504483222961426 -1.49302685260772705078 0.24996657669544219971 0.67151170969009399414 -1.26232254505157470703 1.31559062004089355469 -2.08500409126281738281
1.86311054229736350329 1.56677734851837158203 1.49584865570068359375 0.68271696567535400391 0.16973684728145599365 1.49020385742187500000 1.58877122402191162109 0.60051953792572021484 1.57741379737854003906 -0.17851701378822321109 1.18636882305145263672
-0.50242912769317626953 -0.00400019809603689974 0.57613587379455566406 0.43675914406776428223 1.51733481884002685547 -0.93554639816284179688 1.34458124637603759766 -1.05777025222778320312 0.41564247012138361148 0.49269965291023248843 1.33977496623992919922
-1.86038291454315207751 -1.28814470767974831311 -1.28307354450225830078 0.98703575134277343750 -0.37700077891349792480 -0.70412850379943847656 -0.35975930094718927554 1.63864064216613769531 -0.45942839980125427246 -0.08933433890342709627 0.41143956780433649234
0.51182115077972412109 -0.01451343670487400053 -0.76246058940887451172 -1.03339982032775878906 -0.76642638444900512695 -1.56094253063201904297 -0.09190071374177929964 -0.79701781272888183594 -1.43831861019134521484 1.32369160652160644531 -0.09733466058969489354
-1.62390398979186989514 -1.37214124202728271484 -1.41426730155944824219 0.86110991239547729492 -1.34296584129333496094 -1.25971317291259765625 -1.06514918804168701172 -1.11206245422363281250 -0.82190167903900146484 -1.24853897094726562500 0.60507684946060180664
-0.37786337733268737793 0.27264800667762750797 0.81596523523330688477 0.76929575204849243164 0.51537072658538818359 -0.73050075769424438477 1.62683653831481911389 1.67256915569305419922 -0.01671806909143919856 -1.09951543807983398438 1.14166629314422607422
-0.59740638732910156250 -1.07264101505279541016 -0.45048451423645019531 -1.37947762012481689453 -0.04875590652227400346 1.36726593971252441406 -1.18268811702728271484 -0.98092681169509876593 0.51265531778335571289 1.26102483272552490234 0.01098543964326379949
-0.01101240236312149914 0.03355598449707029862 0.66351419687271118164 1.36836624145507790296 0.06714484095573419742 -1.50504255294799804688 -1.35110187530517578125 -0.63201504945755004883 1.57094740867614768298 -1.27763748168945312500 1.10511779785156250000
-0.99562096595764160156 -0.68558460474014282227 -0.38718771934509277344 -0.09319404512643809924 -0.19163581728935238924 -0.21112300455570220947 1.75985467433929443359 0.15999777615070340242 -1.56300902366638183594 1.69009661674499511719 0.50379604101181030273
1.53337657451629638672 1.78360092639923095703 0.63055896759033203125 -0.50216555595397949219 -0.33788546919822687320 -0.17210485041141510010 0.39750286936759948730 1.66477584838867209704 0.11251542717218389333 0.14583958685398099031 0.22555491328239440918
1.27636122703552246094 1.79090774059295632092 1.38325798511505126953 0.15647472441196438875 -0.69713270664215087891 0.35515064001083368472 0.13362711668014520816 1.42960810661315917969 -0.72105020284652709961 0.94528228044509876593 0.26360049843788141422
0.18360018730163568668 0.44596257805824279785 0.03272642567753789727 -0.17201834917068478670 0.47958344221115112305 -1.32308614253997802734 -0.12997671961784360017 0.47580149769783020020 -0.17166982591152191162 -1.56638205051422119141 -0.49448844790458679199
1.11074578762054443359 0.22272425889968869295 -0.11040937155485150423 -1.13585412502288818359 -1.68295347690582275391 0.79346281290054321289 0.36521583795547479800 1.66602301597595192639 0.98462945222854603156 1.17965126037597656250 -1.94280445575714089124
-0.21998597681522369385 -0.56345885992050170898 0.75288993120193481445 1.53564190864563010486 0.25051224231719970703 -0.23152223229408261385 1.08123528957366943359 -0.63414943218231201172 -1.29338872432708740234 0.01441043708473439995 1.58263814449310302734
0.56826114654541015625 0.79904067516326904297 0.87240308523178100586 0.13384740054607391357 1.19185841083526589124 0.59257709980010986328 -1.15549683570861816406 -1.31972885131835937500 0.79267674684524536133 -0.25925236940383911133 -1.45552039146423339844
-0.72298222780227661133 -0.48453772068023681641 0.50807952880859375000 0.12212412059307090062 1.11252677440643310547 -1.54492151737213112561 0.67647117376327514648 -0.38082605600357050113 0.14044351875782010164 1.68551862239837646484 0.78377610445022583008
-0.33109945058822631836 0.08380458503961560335 0.23593458533287040013 -0.19845296442508689183 -0.56597417593002319336 1.01634943485260009766 1.44143760204315207751 1.22037029266357421875 -1.43755304813385009766 -0.64632457494735717773 0.61699748039245605469
-0.61029613018035888672 -0.22177453339099881258 -0.07064729928970329975 -0.06312563270330419363 0.91299873590469360352 0.22101314365863800049 1.25405061244964599609 0.15206204354763031006 -0.22795675694942468814 -1.21465969085693359375 1.13410270214080810547
0.00245046638883649999 -0.19938330352306360416 0.49597942829132080078 0.99366247653961181641 -1.69179010391235351562 -0.89704626798629760742 -0.51898789405822753906 -0.80154657363891601562 -0.95368105173110961914 -1.56998264789581298828 0.87511849403381347656
-1.36652207374572753906 -1.55391168594360351562 -0.65597170591354370117 0.86616283655166625977 1.36967885494232177734 0.71439182758331298828 -1.29149234294891357422 1.45214474201202392578 1.07616853713989257812 -1.15509665012359619141 0.67680811882019042969
-0.74156528711318969727 -0.25590544939041137695 -0.65752327442169189453 -1.48593163490295410156 -0.03018265962600700028 0.13180913031101221256 0.79365569353103637695 -1.62258994579315207751 -0.39171230792999267578 0.61355626583099365234 0.49375581741333007812
1.33780288696289062500 1.48916149139404296875 -1.37596619129180908203 -1.49880528450012207031 -1.51444780826568603516 -1.17096221446990966797 -1.57288372516632080078 0.98543280363082874640 0.83213186264038085938 0.72401875257492065430 -0.11601322889328000154
-0.73187905550003051758 0.01955289766192429973 -0.25448819994926452637 -1.22288393974304199219 -1.48400902748107910156 -0.59625792503356933594 1.19325542449951149671 -1.63189125061035156250 0.61420893669128417969 0.58853739500045776367 0.06087848916649810094
-1.21487045288085937500 -0.87377887964248657227 -0.30026984214782709293 1.33158266544342041016 -0.07537814229726789994 0.06645461916923520174 0.67426925897598266602 -1.52665388584136962891 -0.33114883303642267398 -0.90593892335891723633 0.87311595678329467773
2.27556991577148437500 1.51127457618713378906 1.28975915908813476562 -0.17332342267036429662 -1.64150655269622802734 1.72475814819335937500 -1.24664938449859619141 -1.36981260776519775391 -1.29444229602813720703 -1.52685022354125976562 0.07079630345106119327
1.46691083908081032483 0.96831649541854858398 1.06949210166931152344 1.53399646282196044922 -1.45569276809692382812 0.66483628749847412109 -1.73366057872772216797 1.35455214977264404297 -0.59122204780578613281 -0.24991166591644278783 -1.03436136245727539062
-0.81458091735839843750 -1.05872631072998046875 -0.78419250249862670898 -0.32438135147094721011 -0.16354925930500030518 -0.45424035191535949707 1.17137515544891357422 1.04056417942047119141 -1.52747309207916259766 1.57749092578887939453 0.24975067377090451326
0.90526616573333740234 1.05286872386932350842 1.54175305366516113281 0.43555057048797607422 0.00411095656454560018 0.19710844755172729492 -1.70538330078125000000 0.43321657180786127261 -0.84998196363449096680 0.19383358955383300781 -1.62603044509887695312
1.59267652034759521484 1.58828604221343994141 1.97004258632659912109 1.06921839714050292969 -1.04165458679199218750 0.80651265382766723633 -0.85741877555847167969 0.52831977605819702148 -1.43069422245025634766 0.04500928148627279801 0.76990294456481933594
-1.40736484527587890625 -0.82282328605651855469 -0.62006604671478271484 -1.19778525829315207751 -0.89563983678817749023 -1.47728586196899391858 -0.28477773070335388184 -1.16969144344329833984 1.67045474052429199219 0.44132754206657409668 -0.27880567312240600586
1.82754814624786399158 1.53553330898284912109 1.15180897712707519531 0.09085980057716369629 -0.67083168029785156250 -1.51716804504394509046 0.70820426940917968750 0.43671455979347229004 -0.85649710893630981445 -0.74348294734954833984 0.47992953658103937320
-1.72249305248260498047 -1.60307514667511008533 -0.97655278444290161133 -0.69337940216064453125 -1.14403653144836447986 -1.54763174057006835938 0.46986559033393859863 1.39072728157043457031 -1.29317605495452880859 1.70979225635528564453 -0.77129417657852172852
0.16741578280925750732 -0.89676409959793090820 -0.41661158204078668765 0.94453883171081542969 1.06986105442047119141 -1.20016217231750488281 -0.56525242328643798828 0.24250192940235129613 -1.22099459171295166016 0.27441391348838800601 1.26294124126434326172
-0.21236068010330200195 -0.50405555963516235352 -0.32271349430084228516 -0.10584186762571330676 0.32996764779090881348 0.24907295405864710025 -1.57536673545837402344 1.48633468151092529297 -0.30320373177528381348 -0.97382318973541259766 1.13884365558624289783
0.94519966840744018555 0.04156136885285369870 0.88939356803894042969 1.56575584411621093750 -1.40696239471435569079 -0.94944131374359119757 -0.38814634084701538086 -1.11906814575195312500 -0.82612174749374389648 1.40899670124053955078 -0.29793322086334228516
0.82609456777572631836 1.16068243980407714844 -0.32140335440635681152 -1.09563064575195312500 1.63003039360046408923 1.21431875228881835938 -1.34932839870452880859 -1.60533833503723144531 -1.62304925918579101562 1.22491824626922607422 -1.73473775386810302734
0.32871228456497192383 0.63629674911499023438 0.46461740136146539859 -0.93799477815628040656 -0.27744293212890619449 -1.23598074913024902344 0.23050132393836969547 -0.00732320686802259962 -0.21137255430221549291 1.63874697685241699219 -1.51724815368652343750
-1.80892777442932128906 -1.63408660888671875000 -0.90251600742340076788 1.55526208877563476562 1.13585531711578369141 0.45982226729392999820 1.15203416347503662109 -0.73544442653656005859 -0.35549864172935480289 -1.19132900238037109375 0.83534598350524902344
-1.50341045856475830078 -0.77097576856613159180 -0.46786201000213617496 -0.28743278980255121402 -0.15662309527397150211 0.66911208629608154297 1.32897353172302246094 -0.97936725616455078125 0.90063047409057617188 -0.04882977157831189935 0.24048027396202079076
-0.79203802347183227539 -0.24871197342872619629 0.17470183968544000797 0.23966172337532040681 -0.55794334411621093750 -0.71795094013214111328 -1.03140604496002197266 -0.24393777549266809634 0.09320944547653189916 -1.51173782348632790296 0.91379535198211681024
1.02033472061157248767 0.95428109169006358758 -0.66297084093093872070 -1.26966595649719238281 -0.23674099147319790926 -1.35617625713348410876 1.12506735324859619141 -1.25788390636444091797 -0.85060143470764160156 1.32620644569396950452 -1.85526478290557839124
-0.75877088308334350586 -0.96688270568847656250 -1.59929144382476806641 0.45038247108459472656 -0.47815409302711481265 -1.27617764472961447986 -1.10105931758880615234 -0.30857989192008972168 1.24173295497894287109 -1.16927707195281982422 1.59450948238372802734
1.27870118618011474609 0.68675750494003295898 0.94263696670532237665 0.47204688191413879395 0.01563573628664010132 -0.00762115418910979964 -1.08347618579864501953 1.53267347812652610095 -0.12634207308292388916 1.06047713756561279297 -1.82105624675750754626
1.48828613758087158203 1.00162863731384277344 2.23466730117797851562 1.46012794971466064453 1.59063780307769775391 -0.68479305505752563477 1.23098552227020263672 -0.21617138385772699527 1.59914934635162353516 -1.26105761528015136719 -0.03578180074691769685
-0.50766223669052124023 -0.82353121042251586914 -1.56138455867767311780 -1.48845624923706032483 1.42247974872589111328 -0.56874859333038330078 0.67950499057769775391 -1.30595433712005615234 -0.79831171035766601562 1.35289406776428222656 1.21115696430206298828
0.26750037074089050293 -0.37475779652595520020 -0.03712817281484599718 0.24819236993789670076 -0.24508252739906311035 1.15216565132141113281 -0.50769245624542236328 -1.42146754264831542969 0.37019607424736017398 -1.13599228858947753906 0.83977973461151123047
0.50257778167724609375 0.79129153490066528320 -0.31269884109497070312 -0.23053476214408868961 1.29059672355651855469 0.87917959690093994141 -0.56000268459320068359 1.74578058719635009766 -0.58551704883575439453 0.90342056751251220703 -1.30500984191894509046
0.08240330219268790501 -0.84994894266128540039 0.32709711790084838867 1.19255077838897705078 -1.33656454086303710938 1.42276191711425781250 1.50899195671081542969 -0.65740400552749633789 -1.40591144561767578125 -0.92661142349243164062 0.95331203937530517578
2.43530082702636718750 1.77738475799560569079 1.07115614414215087891 -0.41114529967308038882 -1.12310385704040527344 -0.09340541809797280048 0.22833521664142608643 0.76631605625152587891 -1.15542733669281005859 0.49453091621398920230 -0.89125174283981323242
2.06074261665344238281 1.66515362262725830078 1.98981094360351606909 0.77909034490585327148 -1.68868434429168701172 -1.39927220344543457031 1.60160088539123535156 -0.10535419732332229614 1.43192660808563232422 0.37680032849311828613 0.71187776327133178711
-1.53653931617736816406 -0.91516375541687000617 -0.76416796445846557617 -1.51077175140380859375 -0.46687138080596918277 -0.60450220108032226562 -0.09266523271799080586 1.28616154193878151624 -1.50527346134185791016 -1.67242026329040527344 -0.23531463742256159000
0.38238707184791559390 0.85109275579452514648 -0.76349431276321411133 -1.68508076667785644531 0.72185975313186645508 -0.68199348449707031250 1.62720644474029541016 -0.42599675059318542480 0.41571021080017089844 0.79380768537521362305 -1.81682908535003684314
0.63241177797317504883 1.27080535888671875000 0.84952926635742187500 -0.01122687105089419969 -0.11275388300418849596 1.42926025390625000000 1.53872275352478049548 0.70478451251983642578 -1.07137787342071510999 0.16402834653854370117 -2.08877801895141601562
0.33123353123664850406 0.73997992277145385742 0.48409074544906610660 -1.42074632644653320312 -1.04868543148040749280 0.71014583110809326172 0.97361814975738525391 1.33650910854339599609 -0.83936417102813720703 1.40454757213592529297 -2.31135272979736372534
-0.69798505306243896484 -0.06791380792856209492 -0.86947923898696899414 -0.49929979443550109863 -1.53379833698272705078 -0.25187474489212030582 1.30206286907196044922 1.01075816154479980469 0.97051113843917835577 -1.45734500885009765625 1.02601659297943115234
-0.00926037970930329926 -0.06213979423046109979 0.66309911012649536133 -0.03437787294387809750 0.36881849169731140137 0.60116314888000488281 0.66638320684432983398 1.66814124584197998047 0.27117520570754999332 -1.27800524234771728516 0.55983203649520874023
0.09428684413433069400 0.14145416021347040347 0.81575095653533935547 0.56413012742996215820 0.91825503110885620117 0.64497089385986328125 0.50315117835998535156 0.44568398594856262207 0.00718238344416019959 0.20853012800216669254 0.69670182466506958008
-0.23535983264446250218 0.09932052344083780460 -0.64908629655838012695 -1.32507884502410888672 1.46783649921417236328 -1.38870489597320556641 -0.83998727798461914062 -1.42673075199127197266 -0.21545344591140738744 -0.87159430980682373047 0.82793527841567993164
-0.17872487008571619205 -0.49850818514823908023 -0.54383105039596557617 -1.38280153274536110608 0.04203659668564790203 -1.46766495704650878906 -1.00295102596282958984 1.52638554573059082031 -1.44470000267028808594 0.20365096628665921297 0.43956246972084039859
1.08690512180328369141 1.66106045246124289783 1.64254903793334960938 0.87854689359664916992 -1.36651802062988281250 -0.42806401848793029785 0.06994098424911489309 -0.56284832954406738281 0.89363050460815429688 -1.06094181537628151624 -0.32875475287437438965
-0.57261884212493896484 -0.35936018824577331543 -0.19009253382682800293 1.12912619113922119141 -0.19536228477954858951 -0.18846352398395530003 0.45951536297798151187 0.36146464943885797672 0.87574005126953125000 -0.40245485305786127261 1.27759289741516113281
0.00625880109146230001 -0.12952680885791770238 0.77636206150054931641 1.12844920158386230469 1.04290163516998291016 0.48840320110321039371 -0.02799775823950759884 -1.36842703819274902344 1.05878710746765136719 -0.84286826848983764648 1.12821531295776367188
-0.55818802118301391602 -0.85693907737731933594 -0.55538153648376464844 0.57964521646499633789 1.29733145236968994141 0.73940616846084594727 1.60044240951538085938 -1.60864853858947753906 -0.90555989742279041632 0.81465345621109008789 1.02738678455352783203
1.46119737625122070312 1.55929505825042724609 0.07961556315422049779 -0.99136859178543079718 1.26467144489288330078 0.72701376676559448242 -0.26675727963447570801 0.38408243656158447266 1.61630964279174804688 -1.21540307998657248767 0.19932301342487329654
0.82519423961639404297 1.59402942657470703125 2.29293656349182128906 1.50374209880828857422 -0.36989536881446838379 -0.12276104092597960038 -0.30152535438537597656 -0.99508732557296764032 0.55704987049102783203 1.68363714218139648438 -0.69332563877105712891
-0.57146459817886352539 -1.13338446617126464844 -0.56796640157699584961 -1.01615691184997558594 0.32052567601203918457 -0.72330975532531738281 -0.28453725576400751285 0.07938501238822930073 -0.95373529195785522461 -0.80269432067871093750 0.01875421963632099842
0.26738631725311279297 0.55211275815963745117 1.89438605308532714844 1.39132130146026589124 -1.62393343448638916016 0.26072534918785089664 0.96359634399414062500 -0.70718252658843994141 -1.20361828804016113281 -0.02651258371770379846 -0.61126255989074707031
1.41852569580078125000 1.47965514659881591797 -0.51731300354003906250 -1.30659842491149902344 0.26685389876365661621 0.40431401133537292480 1.42347097396850608142 0.39052700996398920230 0.37138596177101129703 -0.17690293490886679906 0.04420643299818029920
0.41911607980728149414 1.25503981113433837891 0.99982607364654541016 0.23264275491237640381 1.63985776901245117188 1.69410204887390136719 0.15537409484386441316 1.15575695037841796875 1.42205798625946044922 0.96063697338104236945 -1.74946808815002441406
0.51758152246475219727 -0.01754338666796680102 0.53679871559143066406 -0.73717510700225830078 -0.83405554294586181641 -1.19800674915313720703 -0.49978572130203241519 -0.68928784132003784180 0.18165268003940579500 0.86539155244827270508 -0.50612396001815795898
0.10408689081668849596 0.41841015219688409976 0.44494217634201049805 0.44674062728881830386 -1.14842784404754638672 1.06004106998443603516 0.88586813211441040039 -0.48198428750038141422 -1.43143415451049804688 -0.05031844228506079930 -0.27345511317253107242
1.65193259716033935547 1.54503810405731201172 0.63648390769958496094 -0.82673370838165283203 -1.43980097770690917969 0.75982803106307983398 1.47141551971435569079 -1.28638529777526855469 -1.16140174865722656250 0.51835042238235473633 0.05550809949636450330
-1.32842350006103515625 -1.03735613822936989514 -1.04983377456665039062 -0.60856086015701293945 -0.21198870241641989964 -0.69765561819076538086 -0.11632469296455380525 -1.44549083709716796875 1.21953964233398437500 0.89964795112609863281 0.29131239652633661441
0.47243610024452209473 -0.11986210197210310502 0.43037739396095270328 -0.40389132499694818668 -1.10219585895538330078 -1.32725405693054199219 0.09765940159559249878 -0.34074044227600097656 0.34620669484138488770 1.64471817016601562500 -0.04068386182188980099
-0.30076137185096740723 -1.08952832221984863281 -1.83182680606842041016 0.24793021380901331119 -0.70858281850814819336 -0.85121309757232666016 -1.00001049041748046875 0.59033381938934326172 1.21242845058441162109 1.33985114097595192639 1.48458158969879150391
1.22602760791778564453 0.58326220512390136719 -0.49454674124717712402 -0.73482471704483032227 0.01992590352892870120 1.23445737361907958984 0.55760478973388671875 -1.19004034996032714844 -1.12760281562805175781 0.99430835247039794922 -2.12376475334167480469
-0.28451812267303461246 0.53297269344329833984 0.41235342621803278140 0.29519215226173400879 -0.25010874867439270020 -0.58507734537124633789 1.31142723560333229749 1.47349965572357177734 0.71191054582595825195 1.45359265804290749280 0.09139025211334220189
0.67787289619445800781 0.11952327191829680009 1.02682316303253151624 0.67405927181243896484 1.22000730037689208984 -1.26485574245452880859 -0.35344803333282470703 0.06531287729740140047 -1.19937109947204589844 0.21979700028896329012 0.04000296443700789711
-0.85883456468582153320 0.15816053748130790013 -0.06613308936357489842 -0.51404523849487304688 -1.26770997047424316406 -1.37113225460052490234 0.86922025680541992188 1.77013909816741943359 1.41275262832641601562 -0.67482644319534301758 0.35294550657272338867
-0.25147446990013122559 -0.87085425853729248047 -0.00789244472980490074 0.87484014034271240234 -1.30779159069061279297 -0.80264222621917724609 -1.44803535938262939453 -0.53815454244613647461 -0.46652728319168090820 -0.79580706357955932617 0.70354235172271728516
-0.18724213540554041080 0.76024514436721801758 1.19601190090179443359 0.77090716361999511719 0.65567153692245483398 0.65233033895492553711 -1.12554430961608886719 -0.48293533921241760254 -0.31422960758209228516 1.51662480831146240234 -0.07867867499589920044
-1.50660669803619384766 -1.51153099536895751953 -0.43428295850753778629 0.16649954020977020264 -0.82457941770553588867 1.25715875625610351562 0.88785600662231445312 1.56744396686553955078 0.63655376434326171875 1.70388185977935791016 -0.36484602093696588687
-1.28530776500701904297 -1.17190074920654296875 0.06849937885999679565 0.33535364270210260562 -1.44258165359497070312 -0.14800979197025299072 0.55748903751373291016 0.05802871659398069898 0.82396513223648071289 -1.25675201416015625000 -0.22120934724807739258
-0.82047420740127563477 -1.15734004974365234375 -0.60202449560165405273 -0.49735268950462341309 -0.30671161413192749023 -0.35806134343147277832 -0.49676486849784851074 1.50350868701934792249 -0.95112675428390502930 0.77974283695220947266 0.18169495463371271304
-0.67488861083984375000 -1.35717642307281494141 -0.70936232805252075195 0.89399015903472900391 0.89470267295837402344 1.63485264778137207031 1.29238533973693847656 0.75017893314361572266 -1.22707974910736083984 -0.27638125419616699219 0.65231192111968994141
0.16367530822753900699 0.42045760154724121094 -0.59689056873321533203 -0.59646058082580566406 -0.25845769047737121582 0.19429145753383630923 -1.19237554073333740234 -1.58975863456726074219 0.93346875905990600586 -0.22805696725845331363 -0.36911803483963012695
-0.87257760763168334961 -1.54235684871673583984 -1.10183584690093994141 -0.76750659942626953125 1.61660826206207275391 1.11525058746337890625 0.68735402822494506836 1.17301487922668457031 -1.23276805877685569079 1.18097484111785888672 0.29067656397819519043
-0.86013746261596679688 -0.74435657262802124023 -0.80571937561035156250 1.31402277946472167969 0.04254009202122679967 1.26104795932769775391 1.43483865261077880859 0.58373266458511352539 0.45279595255851740054 0.50431442260742187500 1.37604284286499023438
0.87535578012466430664 0.49207490682601928711 -0.72350651025772094727 -1.42666661739349365234 0.95194995403289794922 -0.67409175634384155273 -1.48987591266632080078 -1.31462240219116210938 0.56420624256134033203 -0.95632249116897583008 -1.74729621410369873047
1.72981286048889160156 1.46155464649200439453 2.28931331634521484375 1.30924475193023681641 0.40862014889717102051 0.27391758561134338379 -0.97980713844299316406 0.98501253128051757812 -0.04712039604783049840 0.87917858362197875977 1.28967761993408203125
-0.61057317256927490234 -1.39709758758544921875 -0.25833502411842340640 1.48140382766723632812 -1.64586365222930908203 -1.03600144386291503906 1.06432521343231201172 -1.48266530036926269531 -0.59973514080047607422 -1.09699404239654541016 0.02030677720904349934
1.69135868549346923828 0.69578832387924194336 1.53976929187774658203 1.63884246349334716797 -0.07497843354940410265 1.00353944301605224609 -0.30682477355003351382 -0.95670461654663074835 1.21910905838012695312 0.46296632289886469058 -1.02295291423797607422
-2.09339308738708496094 -1.53451526165008544922 -0.66419476270675659180 1.16754806041717529297 0.49471348524093627930 -0.41737142205238342285 0.68749552965164184570 0.28731703758239740543 -0.47260245680809020996 0.15151882171630859375 0.60069113969802856445
-1.06544125080108642578 -1.06528770923614501953 -0.91922926902770996094 -0.20002682507038110904 -0.48058453202247619629 -1.10512340068817138672 -1.08999025821685791016 -0.80871891975402832031 -1.17988479137420632092 1.34292507171630859375 0.24307355284690851382
-0.10263095796108240298 -0.70792311429977416992 -0.56865149736404418945 0.63620793819427490234 1.26999402046203591077 -1.11469745635986328125 0.29798266291618341617 0.25454691052436828613 -0.49038770794868469238 -1.16796195507049560547 1.51517033576965309827
1.36635303497314430921 0.97490018606185924188 0.16624461114406580142 -0.71789938211441040039 -0.54123741388320922852 -1.47085952758789062500 1.50288915634155273438 -0.90716356039047241211 -0.24113833904266349095 0.54949378967285156250 -1.89267086982727050781
0.57070571184158325195 0.79258286952972412109 0.84564602375030517578 0.71873903274536132812 1.58017563819885231702 -0.47170987725257867984 0.00491987075656650022 -0.80639374256134033203 0.68967550992965698242 1.71455812454223632812 -1.19975054264068603516
0.28399226069450378418 -0.42160344123840332031 -0.20292901992797848787 -0.09375600516796110673 1.29737257957458496094 -0.03450986742973320004 1.16557121276855490954 1.15637755393981911389 -1.40516030788421630859 -0.91098338365554798468 0.96231931447982799188
-1.18656015396118164062 -1.41123390197753906250 -1.17913222312927246094 -1.70380795001983642578 0.67228430509567260742 -1.05126070976257324219 1.18661308288574218750 0.57352215051651000977 0.08209542930126190186 1.18366670608520507812 -0.08409670740365980668
1.29709482192993164062 1.78266525268554687500 -0.20630772411823269930 -0.29230821132659912109 -1.07860279083251953125 -1.03467988967895507812 0.08028955757617950439 0.23792636394500729646 -1.42157912254333496094 -0.06560485810041420673 0.53096169233322143555
-0.08639480173587789358 -0.15015886723995208740 -0.46896848082542419434 -1.08081424236297607422 -1.06366252899169921875 1.27235424518585205078 1.39126455783843994141 0.11775030940771100130 -1.49784970283508300781 -0.51365578174591064453 0.17006257176399230957
-0.62401682138442993164 -0.18955765664577481355 -0.33706000447273248843 -0.72691631317138671875 -1.26676619052886962891 -1.32434582710266113281 1.31872808933258056641 1.36086785793304443359 -0.32234656810760498047 -0.68009138107299804688 0.66585117578506469727
-1.61804676055908203125 -1.64051043987274169922 -1.24372696876525878906 1.45028185844421408923 -0.06102060526609420082 0.84439688920974731445 -0.63933038711547851562 0.57454586029052734375 0.74481999874114990234 -1.67124497890472389905 0.62186855077743530273
-0.75492966175079345703 -0.43855592608451837711 0.65719598531723022461 1.15557479858398437500 0.11649587005376810245 -0.82936948537826538086 0.10244846343994140625 1.74899959564208984375 -0.08216760307550430298 1.45407915115356445312 1.15979015827178955078
0.72748649120330810547 -0.01764556393027300052 0.95679563283920276984 0.91477072238922119141 -1.40598785877227783203 1.66154289245605490954 -0.37810659408569330386 -0.83354049921035766602 -1.29450595378875710217 -1.41656029224395751953 -0.22721725702285761050
-1.12939798831939697266 -1.31019544601440429688 -0.47870463132858270816 -1.45828533172607421875 -0.75349235534667968750 1.68399059772491455078 -1.66810286045074462891 -0.40762302279472351074 0.59055292606353759766 -0.43206721544265741519 -0.60480147600173950195
1.82466256618499755859 1.23109996318817138672 0.86299526691436767578 -0.04705844447016709758 -1.53415083885192871094 1.33666503429412841797 -0.54876911640167236328 -1.47607457637786887439 -0.18659919500350949373 0.46889305114746088199 -0.28265485167503351382
0.18806676566600799561 1.21502256393432617188 2.23380875587463378906 1.22514724731445312500 -0.44361343979835510254 -0.59799420833587646484 0.55608415603637695312 1.09647405147552490234 0.92055863142013560907 0.82830333709716796875 -1.17375302314758300781
-0.60805845260620117188 -1.41987204551696777344 -1.13315570354461669922 1.26333749294281005859 -1.02470731735229492188 1.51712894439697287829 0.44607347249984741211 1.77729976177215576172 1.47841310501098632812 -0.99099051952362060547 0.72465920448303222656
-1.89210510253906250000 -1.20661222934722900391 -1.14667904376983642578 -0.95211964845657359735 -0.98785811662673961298 0.16686056554317468814 -0.10164626687765120072 1.27739644050598144531 0.55067479610443115234 -1.34636855125427246094 -0.41310372948646539859
0.16492605209350580386 0.12482915073633189806 0.90857213735580444336 0.47908639907836908511 1.34929895401000976562 1.72990739345550537109 -0.67125272750854492188 -0.96532040834426879883 1.08453071117401123047 -1.51143121719360351562 0.79141932725906372070
0.59354978799819946289 0.47854673862457269840 0.97612017393112182617 1.53260457515716552734 -0.19653944671154019441 -0.69921934604644775391 1.65453338623046875000 1.39379799365997314453 0.39302676916122430972 -0.73743188381195068359 -0.41455218195915222168
1.13628721237182617188 1.45286214351654030530 0.12752199172973630037 -0.63491463661193847656 1.67860543727874755859 0.42856624722480768375 0.77463394403457641602 -1.29737234115600608142 1.22110104560852050781 1.45256233215332031250 -0.29098421335220331363
0.11631073057651519775 -0.29803138971328729800 -0.65980172157287597656 -1.42851126194000244141 1.12131989002227783203 0.69136017560958862305 -0.60246491432189941406 -0.76164698600769042969 0.34163883328437799625 0.39654213190078729800 0.46884149312973022461
0.56814891099929809570 0.00475429836660619994 0.24942223727703088931 1.16617965698242209704 -0.65840512514114379883 -0.38610967993736261539 0.65512317419052124023 1.09720611572265625000 -1.15604984760284423828 -1.21236670017242431641 0.33616924285888671875
1.78455078601837158203 1.74579238891601562500 1.24272274971008300781 -0.95963400602340698242 -0.10145018994808190083 0.25656923651695251465 1.64951825141906738281 -0.97065597772598277704 1.67037296295166015625 0.35780742764472961426 0.26629102230072021484
-0.60436236858367919922 -0.51846987009048461914 -0.19420589506626129150 0.37969300150871271304 0.90322244167327880859 1.24010074138641357422 0.85372990369796752930 0.92334687709808360712 0.93982869386672962531 0.22638070583343500308 1.04484105110168457031
-1.61598825454711914062 -1.25812780857086181641 -0.90929687023162841797 1.66037547588348410876 -0.37929579615592950992 0.99839872121810924188 -0.11055584251880640201 -1.37775468826293967517 -1.04389464855194091797 -0.73555576801300048828 0.90871500968933105469
1.78164935111999511719 1.35722506046295166016 0.13278208673000330142 -0.01563426665961739973 0.58335429430007934570 -1.58111381530761718750 0.59444165229797363281 0.93843430280685424805 -0.77831417322158813477 1.30738401412963889392 0.61248189210891723633
0.82434189319610595703 1.19956076145172119141 2.14336681365966796875 1.25050282478332519531 -0.89967417716979980469 1.37972748279571510999 -1.36342382431030273438 0.05879892781376829664 0.96067559719085682257 1.14248704910278320312 -1.45186662673950195312
0.38099712133407592773 0.93469244241714477539 0.35909980535507202148 -0.59619921445846557617 -0.52673345804214477539 -1.59841644763946510999 0.09206925332546229968 -0.24704414606094360352 0.83261156082153320312 -0.72105109691619873047 -1.90817034244537309107
-0.55708616971969604492 -0.83394348621368408203 -1.16156160831451416016 -1.37010371685028076172 1.44667994976043701172 1.21400928497314430921 -1.45223212242126464844 -0.92118817567825317383 1.67935585975646950452 -0.51397973299026489258 1.03495061397552490234
-1.14494085311889648438 -0.89838576316833496094 -0.10709866136312480578 0.78439265489578247070 0.33734467625617980957 -1.08050334453582763672 0.09121012687683099918 -1.27016389369964599609 -1.33144938945770263672 1.11211895942688010486 0.86953389644622802734
0.97189563512802124023 1.39753413200378417969 -0.79614400863647460938 -1.56620883941650390625 -0.35755050182342529297 1.58305215835571289062 1.27363848686218261719 0.00484658544883129986 0.34008169174194330386 -0.28667402267456049136 -1.44144713878631591797
-1.03264772891998291016 -1.31552422046661376953 -1.02592384815216064453 -0.90806579589843761102 -0.48621118068695068359 -0.32587394118309020996 -0.53801357746124267578 1.69130671024322509766 1.33284735679626464844 1.47583627700805664062 0.10762263834476469559
0.69400674104690551758 1.16726970672607421875 2.36817169189453125000 1.64932012557983398438 -0.74282336235046386719 0.50115549564361572266 -0.05188114941120140072 -0.58699834346771240234 -1.50310873985290527344 -0.45298197865486139468 -1.19252240657806396484
-0.38589048385620111636 0.33045026659965509586 0.98983728885650634766 0.23025536537170410156 -1.65393531322479248047 0.30135741829872131348 -1.04087245464324951172 1.49449944496154807361 0.87279874086380004883 -0.81056147813796997070 0.26417219638824457340
-2.27363109588623046875 -1.56121098995208740234 -1.52128183841705322266 0.21597269177436828613 0.37636011838912958316 1.57328557968139648438 0.36792320013046259097 1.40874207019805908203 1.18903386592864990234 -1.35858762264251708984 0.61812192201614379883
1.26228392124176047595 0.98187935352325439453 0.90349084138870239258 0.09730267524719229955 0.91036450862884521484 -0.02478351630270480069 1.61532747745513916016 0.43309399485588068179 0.62031465768814086914 -1.32945859432220458984 -1.46677231788635231702
0.25219047069549560547 0.52209788560867309570 0.08020912110805510087 -0.61129784584045410156 0.56151306629180908203 0.53141486644744873047 1.56054234504699707031 1.56708765029907248767 -0.85843539237976074219 -0.88093185424804687500 -0.68140411376953125000
-0.71282649040222167969 0.01645392179489129844 -1.39462232589721679688 -1.44469320774078369141 -1.22347199916839599609 1.54393768310546875000 1.47321474552154541016 0.20466357469558710269 0.79319888353347778320 -0.36074134707450861148 0.89499258995056152344
0.92470550537109375000 1.01466310024261474609 -0.02230571955442419915 -1.19661188125610351562 -0.35741245746612548828 0.51523387432098388672 -0.56993460655212402344 -0.49256399273872369937 -1.01535809040069580078 -1.32905924320220969470 -2.34649610519409179688
-0.21129138767719268799 0.38774591684341430664 2.19098997116088867188 1.31670224666595458984 0.57433116436004638672 -0.08720825612545010652 0.21204696595668789949 0.00811056140810250022 -0.32707017660140991211 -0.81144803762435913086 0.99563163518905639648
-0.51224428415298461914 -0.48539674282073969058 -0.19860270619392389468 -1.08754169940948486328 -0.93429601192474365234 0.50282508134841918945 0.23181341588497159090 -0.19159196317195889558 0.23417553305625909976 -1.51511955261230490954 0.27029776573181152344
0.58111691474914550781 1.20995402336120605469 1.45338869094848632812 0.24870979785919189453 0.99475604295730601923 0.74825602769851684570 0.54657810926437377930 1.04009163379669189453 1.56712985038757324219 -1.48052310943603515625 -1.73152005672454833984
1.91456079483032248767 1.14116656780242919922 -0.67274981737136840820 -1.01610827445983886719 -0.50981867313385009766 -0.61975723505020141602 -1.57558739185333229749 -1.05763685703277610095 -0.93168342113494884149 -0.80947637557983398438 -0.12756514549255371094
-0.78848487138748168945 -1.12714242935180664062 -0.77175259590148925781 1.68251585960388183594 1.44918692111968994141 -1.07490885257720969470 1.01299774646759033203 -0.88923281431198120117 -1.03457534313201904297 1.38883054256439208984 1.36172473430633544922
-1.32941675186157248767 -0.95227378606796264648 -0.78844320774078369141 1.21541523933410644531 -1.63317644596099831311 -0.35427191853523248843 0.44702830910682678223 -0.28279465436935419254 0.04156162217259400105 -0.14478333294391629305 0.71573632955551147461
0.19238315522670740298 -0.72291022539138793945 -0.60009247064590454102 -1.11124169826507568359 0.41978621482849121094 -0.75016248226165771484 -1.52304434776306152344 0.79120784997940063477 1.51535391807556152344 -1.33946406841278076172 0.62388688325881958008
0.47986149787902832031 -0.41088682413101190738 0.08443183451890939883 0.79699057340621948242 -0.08991184830665580052 -1.32609975337982177734 0.66794395446777343750 -0.14752292633056640625 -1.49115526676177978516 1.27418065071105957031 0.89530253410339355469
0.52843946218490600586 0.72258031368255615234 1.36284422874450683594 0.51781749725341796875 0.48956897854804992676 -1.15895855426788330078 -0.04714590683579440028 -1.22585737705230712891 -1.23184001445770263672 0.70033848285675048828 -1.35932886600494384766
-0.51624554395675659180 -0.09804230183362959428 1.10451185703277610095 1.68948662281036376953 1.46662366390228271484 0.95482063293457042352 -0.50594669580459594727 0.54075187444686889648 1.15748548507690429688 0.65293717384338378906 1.64720213413238525391
0.20509567856788629703 -0.36132535338401788882 1.08002150058746337891 1.59897339344024658203 -0.35039499402046198062 -0.81710720062255859375 -0.54497534036636352539 1.59206724166870117188 1.21950924396514892578 1.19383978843688964844 1.28058660030364990234
-1.04161584377288818359 -0.41958555579185480289 -0.18078422546386718750 1.25516164302825927734 1.04742062091827392578 0.90334820747375477179 -0.08260010182857510652 1.60739064216613769531 1.42658543586730957031 0.63318699598312377930 1.36794543266296408923
-0.08604767173528669877 -0.27656337618827819824 -0.62505167722702026367 -1.31271934509277343750 1.12351763248443603516 -0.09873925149440759830 -0.68166583776473999023 -0.95464640855789184570 1.65394818782806396484 0.04631820693612089673 1.01073729991912841797
0.45331886410713190250 0.38222855329513549805 0.48693260550498962402 -0.03853615745902060075 -0.25886797904968261719 1.22596204280853271484 -1.72248756885528564453 -0.74435573816299438477 -0.34867519140243530273 1.55494129657745361328 -0.74253320693969726562
-0.31188604235649108887 0.43928962945938110352 1.51354885101318359375 1.21291446685791015625 0.43708238005638122559 1.48404884338378906250 -0.22043572366237640381 -0.72855103015899658203 1.45927965641021728516 -0.87418377399444580078 0.83431476354598999023
-1.86818194389343283923 -1.51886284351348876953 -0.18017324805259699039 -0.22522781789302820377 -0.73098355531692504883 1.33205425739288330078 0.36531051993370050601 -0.44645255804061889648 1.44427168369293190686 -1.37398505210876464844 -0.50569385290145874023
-1.17178940773010231702 -0.74638032913208007812 0.51449781656265258789 1.41466486454010009766 -0.31498330831527709961 -1.35314774513244628906 0.81749284267425537109 1.40953123569488525391 0.27232542634010309390 -1.16654241085052490234 0.65688824653625488281
-0.66708648204803466797 -0.96567618846893321649 -0.67011892795562744141 0.16564628481864929199 -0.51489490270614624023 0.42566108703613281250 -0.98408001661300659180 1.05845081806182861328 -0.08530035614967340640 -0.54028165340423583984 0.48584315180778497867
1.17952144145965576172 1.14180719852447509766 1.02140355110168457031 0.96101123094558715820 -0.32082521915435791016 -1.60741627216339111328 -0.07704674452543250340 -0.97957944869995117188 0.59673029184341430664 1.00216484069824218750 -1.13246941566467285156
0.67327111959457397461 0.98705202341079723016 0.28942510485649108887 -0.58454215526580810547 -0.19448660314083099365 1.53949809074401855469 1.01685667037963889392 0.47142776846885681152 -0.71395713090896606445 -0.18166261911392209139 -2.21235394477844238281
-1.34570312500000000000 -0.78250730037689208984 -0.89475065469741821289 -0.45886558294296259097 -1.48332309722900390625 0.64616113901138305664 -0.11195561289787289705 -1.56377375125885009766 -0.64316213130950927734 -0.28925776481628417969 -0.11913345754146570377
1.87378156185150124280 1.20764219760894775391 -0.09198703616857520360 -0.94902569055557239874 0.31848925352096557617 1.55311942100524902344 -0.14162439107894889134 -0.05846583470702169938 -0.74845516681671142578 -1.53803122043609619141 0.09896348416805260395
-0.05376373603940010071 -0.17055599391460418701 -0.30364406108856201172 -0.00048193341353900001 0.79296290874481201172 0.38403940200805658511 1.65420186519622802734 0.14272318780422210693 0.14298555254936209935 1.04516673088073730469 0.95674216747283935547
1.66516017913818359375 1.27515625953674316406 -0.06610321253538130326 -1.16869246959686279297 1.10794436931610107422 0.05654888227581970211 0.83440291881561279297 0.05975314602255819840 -1.56498920917511008533 -1.02942800521850608142 -0.03675805777311320216
-1.10448682308197021484 -0.79373943805694580078 -2.00954937934875488281 -1.44497764110565207751 0.94662326574325561523 1.43864858150482177734 -0.79583895206451416016 -0.53913170099258422852 -0.27745869755744928531 0.34859398007392877750 1.11954784393310569079
0.43052154779434198550 1.37026870250701904297 -0.38395830988883972168 -1.62151944637298583984 0.55320060253143310547 0.91639173030853282587 -1.27640473842620849609 0.11410596221685409546 -1.23402774333953857422 1.28573405742645263672 -2.38594913482666015625
-1.93103313446044877466 -1.12937998771667480469 -0.96029925346374522821 0.82205474376678466797 -1.52409875392913818359 0.49192550778388971500 0.55859208106994628906 -0.22355908155441278629 0.36635807156562799625 0.43707081675529479980 0.35866978764533991031
-0.91805881261825561523 -0.04752944409847249807 -0.44941025972366327457 0.45048725605010980777 0.41957411170005798340 1.53233468532562255859 -1.03297936916351318359 1.69686222076416015625 -0.21587191522121429443 1.47911942005157470703 1.35937762260436989514
0.26534527540206909180 0.94742661714553844110 -0.00038593492354259997 -0.68994462490081787109 0.74058252573013305664 -0.52277129888534545898 0.81210780143737792969 -0.80338263511657714844 0.17178136110305780582 0.98530888557434082031 -1.60585784912109375000
0.25391247868537897281 0.03615309670567509737 -1.32336592674255371094 -1.51938867568969726562 -1.68151772022247314453 -1.28959798812866210938 0.76573485136032104492 0.17602051794528961182 1.01244354248046875000 1.44057476520538330078 0.21875952184200281314
-0.02583331428468220101 0.55691903829574584961 0.32609221339225769043 0.84685289859771728516 -1.46729159355163552014 -1.42206501960754394531 0.91332620382308959961 -0.75767070055007934570 1.24414217472076416016 1.09351623058319091797 -0.33789145946502679996
-1.75136685371398925781 -1.39102101325988769531 -2.12688875198364257812 -1.68378376960754394531 1.59909629821777343750 -1.30941760540008544922 -1.62734663486480712891 1.39005637168884277344 -0.00491006532683959957 1.30674719810485839844 0.66692739725112915039
-0.09111255407333369860 0.51752179861068725586 0.50935357809066772461 0.82925677299499511719 0.04716905951499929944 -0.35943916440010070801 0.89123612642288208008 0.27901256084442138672 0.69163274765014648438 -1.30230617523193359375 0.18137659132480621338
-0.11472266167402260517 0.19854964315891260318 -0.50744557380676269531 -1.58939874172210693359 -0.00650563370436429977 1.22632002830505371094 -1.38582313060760498047 -0.34973430633544921875 1.50921714305877685547 -0.16255064308643341064 0.11954831331968300556
0.31160157918930048160 0.62017202377319335938 1.66292023658752441406 1.44138193130493164062 0.00451755058020350021 -1.42496848106384277344 0.82143145799636840820 -1.40683794021606445312 1.38243830204010009766 -0.23197616636753079500 -0.59123575687408447266
1.17161715030670166016 0.87723493576049804688 -0.83857643604278564453 -1.34088551998138449939 1.69650363922119140625 -1.48573005199432350842 1.13818013668060302734 -0.88825935125350952148 1.37146341800689697266 0.62356686592102050781 -1.46635210514068603516
1.20875167846679687500 0.92414927482604980469 0.61226975917816162109 1.13090419769287109375 1.00510144233703591077 -0.43520855903625488281 -0.82926309108734130859 0.31272602081298828125 -1.51483786106109619141 -0.37381449341773981265 -1.20318567752838112561
-0.05007587373256679880 0.41893634200096130371 -0.99260437488555919305 -1.37636744976043701172 -1.41640305519104003906 -1.30779945850372314453 0.14247263967990869693 -1.25287485122680664062 -1.10549485683441162109 1.13263452053070090564 -0.35019004344940179996
0.96073818206787120477 0.68878597021102905273 -0.06522017717361450195 -0.47890591621398920230 -0.70288318395614624023 0.09043101221323010530 0.69164621829986572266 -0.56956988573074340820 -1.17103540897369384766 -0.94116884469985961914 -2.16301441192626908716
0.35214313864707941226 -0.31308358907699579410 0.01981201767921440121 1.18106174468994140625 0.49858340620994567871 -1.12219417095184326172 -1.01584947109222389905 0.24647937715053550023 1.38259685039520263672 -0.91611629724502563477 1.22906947135925292969
1.28501665592193603516 0.23600055277347559146 -0.01466610003262749928 -0.81791055202484130859 0.30180662870407098941 0.09449831396341319689 -0.24694730341434478760 0.85178071260452270508 -1.57703828811645507812 -1.37735044956207275391 -1.36472225189208984375
1.09714031219482421875 1.36003422737121582031 1.78498935699462890625 0.77049762010574340820 0.72157365083694458008 0.90080082416534423828 1.73751914501190207751 1.58202302455902099609 1.40024089813232421875 0.05416048318147650281 -0.75676983594894409180
-0.34417566657066339664 -1.23704946041107177734 -0.14691318571567529849 0.95074999332427978516 1.35893762111663818359 1.40354096889495849609 0.21492399275302878636 0.76135408878326416016 0.73629289865493774414 1.50640928745269775391 0.84475749731063842773
0.75022953748703002930 0.08241426944732660465 -0.06072199717164029897 0.43809700012207031250 0.10971024632453910130 -0.74176806211471557617 0.86592662334442138672 -1.52073872089386008533 -1.49598026275634765625 0.44699835777282709293 -0.22726774215698239412
-0.38915762305259699039 -0.50898975133895874023 -0.87397605180740356445 -1.70797586441040039062 0.98486417531967163086 0.33125305175781250000 1.11854326725006103516 0.22794744372367858887 -1.19861984252929687500 -0.24843749403953549471 0.80205553770065307617
-1.99057447910308837891 -1.55383574962615966797 -1.23781836032867431641 1.35542917251586914062 -0.95015734434127796515 0.51111191511154174805 -1.10618031024932861328 -0.63030940294265747070 0.05286364257335660066 -0.83827561140060424805 0.66458266973495483398
-0.86411935091018676758 -0.08465241640806189793 0.30204221606254577637 0.57663518190383911133 -1.48955786228179909436 -1.49715197086334250720 0.09969371557235709447 1.29537272453308105469 -0.83136135339736938477 1.23739802837371848376 0.52966022491455078125
-0.37238299846649169922 -1.24434053897857688220 -0.09891421347856520219 -1.70059204101562500000 0.93177396059036243781 -1.27667200565338112561 -1.62627065181732177734 -0.83142197132110595703 0.40319350361824030093 -1.44850671291351318359 -0.33959984779357910156
0.40778523683547968082 0.39257335662841791324 0.33804231882095331363 0.14417931437492370605 0.91920894384384155273 -0.02791856043040749982 0.14671313762664789371 0.19724808633327481355 1.17227065563201904297 0.07448928058147430420 -0.54719364643096923828
1.29104626178741455078 1.50259208679199218750 -0.97135215997695922852 -1.11672234535217285156 -0.00419771578162899967 0.09325032681226730347 1.34343564510345458984 0.00775927910581229990 0.08062263578176490086 -0.50559282302856445312 -0.46167477965354919434
-0.57531076669692993164 0.07994792610406870059 -0.05946216732263560206 -0.06681488454341880101 -0.51954948902130126953 1.48483502864837646484 0.77051830291748046875 0.22518737614154810123 -1.20252704620361328125 0.09551332890987390689 0.88054817914962768555
-1.21638405323028564453 -0.37617632746696472168 -0.59562814235687255859 -1.35744237899780273438 1.08021450042724609375 -1.56708478927612304688 0.59194260835647583008 1.22850155830383300781 -0.56199645996093750000 -0.63293498754501342773 0.32229077816009521484
0.89288753271102905273 1.58124935626983642578 0.58900910615921020508 -0.56699591875076293945 -0.65458059310913085938 -1.03326570987701416016 -1.02984476089477539062 -0.52841061353683471680 0.09498198330402370104 0.80912721157073974609 -1.39550507068634033203
1.18101513385772705078 1.63264989852905273438 2.82866144180297851562 1.72448444366455078125 -0.69595479965209960938 0.93640226125717163086 -1.09980916976928710938 -1.54249298572540283203 0.35106515884399408511 0.00327821145765479997 0.61226272583007812500
-1.53897607326507568359 -1.14323627948761008533 -0.71932077407836914062 0.22887578606605529785 -1.69373595714569091797 -0.54069554805755615234 0.98990589380264282227 -1.00925076007843017578 0.14386923611164090242 1.64721357822418190686 -0.19758559763431549072
0.84201902151107788086 0.73432266712188720703 -0.48802605271339410953 -1.16973686218261718750 -1.21947515010833740234 -0.06506112962961189961 -1.39250159263610839844 -1.30902099609375000000 -1.59192144870758056641 -1.64077675342559792249 -2.29475760459899902344
-0.58373022079467773438 -0.56640523672103881836 -0.13826550543308249730 0.51275241374969482422 0.32401943206787109375 1.44432926177978515625 -1.46073114871978759766 1.18348550796508789062 0.20298309624195098877 1.17266297340393088611 1.17081987857818603516
-0.16266162693500518799 -0.17642478644847869873 -1.22403502464294433594 -1.01815342903137207031 1.25724673271179199219 -0.04259622469544410012 -0.31036278605461120605 0.98858916759490955695 1.52423834800720192639 1.68858385086059570312 1.36818075180053710938
-0.66932368278503417969 -0.86518764495849609375 -1.39903402328491210938 -1.70692670345306396484 -1.38681280612945556641 -1.48968029022216796875 0.13002830743789670076 1.50971734523773193359 1.24726355075836181641 0.86543822288513183594 0.11571238189935680041
0.29496303200721740723 0.29067847132682800293 -0.97875982522964477539 -0.49682956933975219727 -0.80424797534942626953 1.66066157817840576172 -0.04921886324882499691 -0.60233265161514282227 -1.02883374691009521484 0.54372620582580566406 -0.03307770192623130101
0.51661765575408935547 0.42921164631843561343 0.97082275152206420898 0.92174774408340442999 1.06526136398315429688 -0.52097254991531372070 0.86483359336853027344 0.76874113082885742188 -0.42611372470855707340 1.76480400562286376953 -0.48189058899879450015
1.20229125022888183594 1.07472574710845969470 -0.37777969241142267398 -1.01468753814697287829 -1.68824803829193115234 1.01981389522552490234 -0.30409091711044311523 1.26197004318237304688 -1.12768125534057617188 1.39307904243469238281 -2.01880645751953125000
0.66006386280059814453 1.48196029663085937500 2.29100441932678222656 1.33332455158233642578 -0.68508744239807128906 0.40533283352851867676 -1.60169005393981911389 -0.81002998352050781250 0.45214089751243591309 -0.86419707536697387695 -1.17753148078918457031
-1.79574954509735107422 -1.47068190574645996094 -0.96253436803817760126 -0.70314812660217285156 1.33583021163940429688 -0.90900892019271839484 0.48069965839385980777 -0.89250862598419189453 -1.45020186901092529297 -1.32867491245269775391 -0.07153233885765070132
-0.63250619173049926758 0.17494618892669669408 0.54026675224304199219 0.91909629106521595343 0.37670591473579401187 1.73796510696411110608 0.25785386562347412109 1.01165282726287841797 1.69241142272949218750 1.65461075305938720703 1.20493686199188232422
-1.09083747863769509046 -1.19912958145141601562 -0.44253128767013549805 -0.14118751883506769351 1.10790562629699707031 -0.20747804641723630037 0.29691988229751581363 -1.52606427669525168689 -1.55191504955291770251 0.43200036883354181461 0.38649958372116088867
1.19530653953552246094 1.36980330944061279297 -1.25630223751068115234 -1.50709950923919677734 0.43500238656997680664 -0.83969676494598388672 -0.87427508831024169922 -1.49325048923492431641 -1.40555405616760231702 0.92588520050048839227 -0.75662481784820556641
-0.15927448868751520328 -0.49878978729248041324 -0.98667711019516002313 -0.85299295186996459961 0.21319082379341119937 -0.10037986934185019749 -0.29833254218101501465 0.22007851302623748779 0.74963366985321044922 -0.99422907829284679071 1.22208571434020996094
-1.54701209068298339844 -0.99976170063018798828 -0.68798297643661499023 -0.23734296858310699463 0.31638452410697931461 1.00117409229278564453 -0.34307777881622308902 0.98928463459014881476 -0.99017637968063354492 -0.22710937261581420898 0.35571190714836120605
-0.53188002109527587891 -0.59831750392913818359 -0.66204839944839477539 -0.15218599140644070711 0.17422868311405179109 -0.02165487967431540053 1.43303394317626953125 1.02087664604186989514 -0.45828378200531000308 1.34635031223297119141 0.91529983282089244501
-1.34077417850494384766 -1.47938907146453857422 -1.59911680221557617188 0.47887834906578058414 -1.26725852489471435547 -0.41845247149467468262 -1.23990225791931152344 1.73195278644561767578 1.66461050510406494141 0.25965312123298639468 0.67101496458053588867
-0.17320975661277770996 -1.08469414710998535156 -1.46597301959991455078 -0.95238524675369262695 -1.43545973300933837891 1.53382182121276855469 0.12354870140552519364 0.49891194701194757632 0.95999550819396961554 0.01214409153908489920 0.39796000719070429019
0.08813266456127159809 -0.61096036434173583984 -0.76817268133163452148 -1.10069978237152099609 -1.26349174976348876953 -1.28809034824371337891 0.37698516249656677246 -0.13977186381816861238 0.20154452323913568668 0.99540448188781738281 0.55703514814376831055
-1.48252904415130615234 -1.46295976638793967517 -0.38334059715270990543 0.97968691587448120117 0.08533811569213860249 1.34052765369415283203 -0.59975415468215942383 -0.75739109516143798828 0.12429918348789209537 0.36032527685165399722 0.25794085860252380371
0.53227865695953369141 1.15742492675781250000 2.59996676445007279810 1.72445333003997802734 0.20980103313922879305 1.44784343242645263672 -0.28983470797538757324 1.06106042861938476562 -0.37125715613365167789 1.49619221687316894531 -0.96996897459030162469
0.58452624082565307617 1.26160645484924316406 0.41029211878776550293 -0.68733328580856323242 -0.88438290357589721680 -0.86739695072174072266 -1.06643295288085937500 1.08387899398803710938 1.68867588043212890625 -0.16794824600219721011 -2.47972083091735839844
-0.43969362974166870117 -1.31382465362548850329 -0.62204861640930175781 0.80878001451492309570 -0.59643018245697021484 -1.39560413360595703125 -0.81949359178543090820 0.29604002833366388492 -0.18614003062248229980 -0.95517927408218383789 0.49850046634674072266
0.40749472379684448242 0.44407880306243890933 0.43790504336357111148 0.43549954891204828433 0.88424831628799438477 -0.87971115112304687500 -0.08022928237915029348 0.93562263250350963251 -0.50340580940246582031 -0.77077573537826538086 -0.56406509876251220703
0.79035699367523193359 0.70572125911712646484 -0.53001928329467773438 -1.51131570339202880859 1.52427804470062255859 0.61255550384521484375 -0.36124303936958307437 -1.00531637668609619141 0.83147543668746948242 0.51980793476104736328 -1.83608233928680397717
0.95797753334045399054 0.07621271163225169787 -0.86210399866104125977 -1.42238807678222656250 0.77639836072921752930 -0.08790735900402059377 -1.66759324073791503906 0.99405270814895640985 1.10702097415924072266 -1.05151486396789550781 -0.67062717676162719727
0.28201767802238458804 0.91922676563262939453 -0.40454998612403869629 -0.90430814027786243781 -1.07158029079437255859 1.69989860057830810547 0.40864497423171991519 -0.71896487474441528320 -0.90608090162277221680 0.76104807853698730469 -1.76919174194335937500
-0.16423401236534118652 -0.03448864445090289721 0.10834527760744090685 -0.52687847614288330078 -0.74060904979705810547 1.57886230945587158203 -1.27471446990966796875 0.90880602598190318719 0.50515174865722656250 -0.81734037399291992188 0.37967133522033691406
0.76805710792541503906 1.21935105323791503906 1.93890869617462158203 0.96925091743469238281 -0.19992505013942710179 -0.99555027484893798828 -0.68589454889297485352 -1.10462808609008789062 0.59914726018905639648 1.42274391651153564453 -1.42257285118103049548
-1.50977754592895507812 -0.72535127401351928711 -0.04607788100838659806 0.47910520434379577637 1.08265912532806396484 -1.19449937343597389905 -0.84976440668106079102 -1.60973358154296875000 1.36205208301544189453 0.69024747610092163086 0.47077098488807678223
-0.22956360876560211182 0.47246354818344110660 0.00988830439746369964 -0.83267235755920410156 0.80795967578887939453 -1.25881350040435791016 -0.19283671677112579346 -0.15435737371444699373 0.47797301411628717593 -1.44170629978179909436 -0.15048234164714810457
0.49808287620544428043 -0.24786934256553649902 -1.34755468368530273438 -0.18205174803733820132 -1.33932805061340309827 1.69452154636383056641 0.81521004438400268555 0.51486921310424804688 -0.00471648527309290015 0.70886069536209106445 1.25425815582275390625
0.67012530565261840820 1.25170266628265380859 2.47510981559753417969 1.53132426738738991467 0.88645118474960327148 -0.05234558507800100152 0.91939365863800037726 -0.62362307310104370117 1.43562901020050048828 0.03302071243524550004 -0.59907382726669311523
-1.21601486206054687500 -1.22818386554718017578 -0.35067695379257202148 -0.75991040468215942383 -0.47660690546035761050 0.77837055921554565430 1.77365338802337646484 0.14763091504573819246 -0.32029297947883600406 -0.21869033575057980623 -0.30401614308357238770
-0.18804189562797540836 0.19871295988559720125 -0.56683909893035888672 -1.31169915199279807361 -1.36958181858062744141 0.31943267583847040347 1.20756518840789794922 -0.58630299568176269531 -0.32664772868156427554 -0.08886960893869400024 0.12145049870014190674
0.60741317272186279297 1.23210489749908447266 0.59087568521499633789 -0.40221533179283142090 0.76105099916458129883 -0.58473074436187744141 -0.52368843555450439453 1.37176489830017089844 0.54576432704925537109 1.21626961231231689453 -2.00458455085754394531
-0.53315800428390502930 -0.49244183301925659180 0.20676104724407190494 -0.03871987387537949993 1.03115999698638916016 1.42838168144226074219 -0.79274129867553710938 0.03727922588586800312 -1.08669269084930419922 0.16012561321258539371 0.93850868940353404657
-0.37209722399711608887 -0.88393330574035644531 -0.11413220316171640567 -0.69924378395080566406 0.70730853080749511719 0.44198456406593322754 1.34125769138336181641 -0.95985066890716563837 -1.63182771205902099609 -1.23629844188690207751 0.48920276761054992676
-0.20080649852752679996 0.07181192934513090653 -0.06915555149316779393 -0.09914869070053100586 -0.17232953011989590730 -1.37331521511077880859 1.64482915401458740234 1.07483041286468505859 -0.53886735439300537109 1.20301330089569091797 0.88865578174591064453
1.16066038608551047595 1.46025359630584716797 -0.42551526427268981934 -1.11411237716674804688 1.36443316936492919922 -0.80432629585266113281 0.68825459480285644531 -1.56327641010284423828 1.37108290195465087891 -0.22177864611148828677 -0.57568520307540893555
0.88138383626937866211 1.01272284984588623047 -0.32103428244590759277 -1.67873740196228049548 0.90705496072769165039 1.57214343547821044922 -0.52497297525405883789 -0.47286739945411682129 -0.44065448641777038574 -1.54678404331207275391 -2.37754726409912109375
0.01569401100277900002 -0.72643184661865234375 -0.68225407600402832031 -0.19860240817069998998 1.28836894035339355469 1.63948094844818115234 1.42207169532775878906 0.31474578380584711246 1.41372263431549072266 -1.27831923961639404297 1.50087654590606689453
-1.04154706001281738281 -1.60573291778564430921 -0.86954188346862792969 0.60041731595993041992 1.21796965599060058594 -0.70720493793487548828 -0.91357547044754039423 0.03979710116982460022 0.11683856695890419697 -0.87149536609649658203 0.35028347373008728027
1.61024296283721923828 1.41852045059204101562 1.23442125320434570312 0.03670225292444220105 -1.49799680709838889392 1.20259404182434082031 -1.07682883739471435547 0.53647607564926147461 -0.21821044385433188695 -0.87164205312728881836 -0.28078833222389221191
1.00475656986236550061 1.79553651809692382812 1.15401184558868408203 0.62374764680862426758 -0.17515441775321960449 0.41126021742820739746 -0.33243417739868158511 1.35641169548034690173 1.65012574195861816406 1.59521710872650168689 -0.12224193662405009875
-0.22708708047866821289 -0.67320722341537475586 -0.45499107241630548648 -0.23035648465156549625 -1.40417540073394775391 -1.50789105892181396484 0.15499030053615570068 0.43230953812599182129 0.07381326705217360062 -0.56406968832015991211 0.38353168964385980777
1.57769715785980224609 1.64238727092742919922 0.45319831371307367496 0.04426122084259979939 0.41209405660629272461 -0.57516813278198242188 0.59700661897659301758 -1.28310751914978049548 1.20814180374145507812 -0.74324673414230346680 0.69334030151367187500
-0.75606113672256469727 -1.57681512832641601562 -0.37642681598663330078 0.79255622625350952148 -1.52568924427032470703 -1.51660120487213112561 -0.71203613281250000000 -0.54396265745162963867 -0.53424656391143798828 1.34724962711334250720 -0.25396955013275140933
0.74346798658370971680 0.24815365672111511230 -0.31235921382904052734 -0.29935058951377868652 -1.11220884323120117188 0.96646392345428477899 1.04301965236663818359 0.81056797504425048828 -0.31881335377693170718 -1.45313084125518798828 -0.91557055711746215820
-0.88162851333618164062 -1.04421997070312500000 -0.43009907007217407227 1.16000044345855712891 -1.47363960742950439453 0.62904798984527587891 -1.79502391815185569079 1.25689077377319335938 1.21678054332733154297 -1.07851755619049072266 0.49775788187980651855
1.44012057781219482422 1.29979825019836447986 2.16894817352294921875 0.97448146343231201172 -0.44837704300880432129 0.30451080203056329898 1.49347865581512428967 0.83407700061798095703 -1.31364595890045166016 -0.04733486846089360323 -0.12473081797361369738
0.97476989030838001593 0.73160988092422485352 1.60544931888580322266 1.40970194339752197266 0.23060037195682520084 1.64894115924835205078 0.13097557425498959627 -0.52554374933242797852 0.83403497934341430664 1.51277494430541992188 -1.32587790489196777344
-1.98884236812591552734 -1.36340451240539550781 -1.27991580963134765625 -1.47549915313720703125 0.24791090190410611238 1.32997858524322509766 -0.82907956838607788086 0.10844069719314569644 -1.56050646305084250720 1.04191935062408447266 -0.32103371620178222656
-0.69758737087249755859 0.05513574182987209665 0.34524044394493097476 0.05141311883926390214 1.45993483066558837891 0.93982559442520141602 -0.03527653589844700205 -0.92629349231719959601 -0.66961789131164550781 -0.00550446333363649974 1.00817716121673583984
-1.05163073539733886719 -0.32903403043746948242 0.60468912124633789062 1.05713105201721191406 -1.11054873466491699219 1.56355524063110351562 1.02717375755310058594 1.01467752456665039062 -0.05692895501852029971 1.77011787891387939453 0.49929338693618768863
0.71821278333663940430 1.24969232082366943359 1.76220512390136718750 0.73003679513931274414 1.07612586021423339844 1.31243312358856201172 -0.01537993736565109945 -0.63149839639663696289 1.25068926811218261719 -1.49170100688934326172 -1.60063064098358154297
0.79170578718185424805 0.76387399435043334961 -0.19747474789619440250 -0.67129045724868774414 -0.65226936340332031250 0.76464456319808959961 1.01112020015716552734 0.82129108905792236328 1.35509133338928222656 0.36731451749801630191 -1.84349656105041503906
-0.65337848663330078125 -1.34213924407958984375 -0.97895210981369018555 -0.37932407855987548828 0.01850284636020660053 -0.07037426531314849854 1.64952850341796875000 -1.61541545391082763672 -1.22809350490570090564 0.08999867737293240633 -0.06822017580270760273
0.46138593554496759586 0.08924156427383420076 -0.25306743383407592773 1.00741279125213623047 0.89304107427597045898 0.09163712710142130069 -1.13403034210205078125 -1.46895265579223632812 0.89240372180938720703 -0.81653237342834472656 0.65563601255416870117
-1.43149793148040749280 -1.25319159030914306641 -0.33545240759849548340 0.15603546798229209203 -1.26157689094543457031 -0.09483788907527919421 -1.48059785366058349609 0.04995153471827500080 0.01925387419760219918 -1.34817111492156982422 -0.22082847356796259097
-0.27580192685127258301 -0.06676544249057769775 0.33057644963264459781 0.96422863006591796875 -0.96380460262298583984 -1.59452104568481445312 -0.17135818302631369847 -0.84836441278457641602 0.96127182245254516602 1.54125964641571044922 0.81725138425827026367
-0.32352989912033081055 0.28126314282417297363 0.14339618384838098697 -0.14994864165782920140 1.66878497600555419922 1.41938984394073486328 1.69190323352813720703 -1.01718425750732421875 0.42305433750152587891 1.73795115947723410876 0.81592160463333129883
-0.60326969623565673828 -0.38726523518562311343 0.29189559817314147949 0.14412792026996609773 1.17522346973419189453 -0.27048268914222717285 -1.47705149650573730469 0.84328985214233398438 -0.71595335006713867188 1.52165997028350830078 1.04057204723358154297
-0.43883696198463439941 -0.69804739952087402344 -1.06978142261505126953 -1.65761744976043701172 -1.71462655067443847656 0.44089025259017938785 -1.21814358234405517578 -1.61273014545440673828 -0.57005810737609863281 1.06937861442565917969 0.19024081528186789769
-0.92795240879058837891 -0.53629577159881591797 -0.64805930852890014648 -0.04609136655926700243 1.49617624282836914062 0.40226238965988159180 -0.89859420061111450195 0.98953431844711303711 -1.42286372184753417969 -1.39951324462890625000 0.75801038742065429688
-0.80110007524490356445 -1.12382745742797829358 -0.20655611157417289037 1.23187041282653808594 0.46455094218254089355 -0.12581321597099298648 1.54123604297637939453 -0.73690754175186157227 1.66725909709930419922 1.11511325836181640625 0.92251420021057117804
-1.71496701240539550781 -1.53405654430389404297 -0.97325867414474476202 1.05666434764862060547 0.87994754314422607422 -0.98944973945617675781 0.61896055936813354492 -1.05734765529632568359 -0.44987601041793817691 0.96880471706390380859 0.62554794549942016602
-0.18415161967277521304 -0.76830291748046875000 -0.49979829788208007812 -0.44094553589820861816 -1.14733242988586447986 -0.22058409452438348941 1.54279541969299316406 -0.32599619030952448062 0.89451467990875244141 -1.31505525112152099609 0.64582669734954833984
-0.35073310136795038394 -1.12167131900787353516 -0.24492883682250971011 0.80699449777603149414 1.49092924594879150391 -1.37964808940887428967 -0.07617822289466849583 -1.43038058280944824219 1.53459250926971435547 -0.05632733553647990138 0.97690713405609119757
-0.25915989279747009277 -0.51719701290130615234 -0.84739422798156738281 -0.77003443241119384766 1.43090319633483886719 1.26329815387725830078 -1.24658501148223876953 -1.33109760284423850329 0.49443948268890380859 -0.08828617632389060277 1.34793794155120849609
-1.91738784313201904297 -1.18149602413177490234 -0.50164747238159179688 0.07263284921646109837 -1.25986933708190917969 0.59047591686248779297 0.34675502777099609375 1.39960443973541259766 -0.72011721134185791016 0.31421709060668939761 -0.36919721961021417789
-0.56023573875427246094 -0.93899810314178477899 -1.15735387802124023438 -0.72285699844360351562 1.29285705089569091797 -0.73171108961105346680 -1.65546476840972900391 1.10460853576660156250 -0.30328592658042907715 0.80228871107101440430 1.05657339096069335938
-0.24303850531578061189 0.54294472932815551758 1.16529893875122070312 1.24822604656219482422 -0.09472923725843429565 -0.67250788211822509766 -1.11012732982635498047 0.48915454745292658023 -1.11501169204711914062 -0.05780726671218869989 0.52610844373703002930
-0.47221288084983820132 -1.04183530807495117188 -0.33479887247085571289 0.66266876459121704102 1.11232864856719970703 -0.66387027502059936523 1.03595554828643798828 1.70584070682525634766 -0.21927894651889801025 0.56861352920532226562 1.01953160762786887439
0.90000796318054199219 1.53680562973022460938 1.34398138523101806641 0.20476320385932919588 -0.49918910861015319824 -0.64813172817230224609 1.38197958469390869141 -0.38841643929481500797 0.21991389989852899722 -0.49986317753791809082 -1.29439008235931396484
1.27097702026367209704 0.93421143293380737305 -0.29276072978973388672 -0.25196021795272821597 -1.64673304557800292969 -1.30009937286376953125 0.73655700683593750000 0.13054151833057400789 0.99677312374115001337 -0.17534549534320831299 -1.97131347656250000000
-0.36774337291717529297 -0.42035803198814392090 -0.20996737480163568668 -0.30433097481727600098 -1.15466487407684326172 0.23135600984096518773 -1.08329355716705322266 0.12011176347732539782 -0.54585671424865722656 0.31576141715049738101 0.89238893985748291016
-0.30083048343658447266 -0.14430616796016690340 0.05071242153644559686 0.05270020663738250039 0.82978224754333496094 -0.50017702579498291016 -0.82851731777191162109 0.09452582150697699803 -0.42019459605216979980 1.75850367546081542969 0.99823319911956798212
0.35486742854118341617 1.47049713134765625000 -1.19599485397338889392 -1.52879333496093750000 0.53981018066406250000 0.14234869182109829988 0.07804206758737559924 -1.35719919204711914062 0.34405618906021118164 0.04213508591055870056 -1.62611138820648193359
1.66303241252899169922 1.53128874301910400391 -0.93815940618515003546 -1.45155429840087890625 -0.60199385881423950195 0.89942955970764160156 -0.22668322920799249820 -0.10918988287448880281 -1.45385015010833740234 -1.22099626064300537109 0.27095565199851989746
0.94079691171646118164 1.38700914382934570312 1.10316979885101318359 0.27823790907859802246 0.65850907564163208008 0.80524373054504394531 -0.03179178386926650307 -0.42723771929740900211 -0.92308837175369262695 -0.76691782474517822266 -1.34414649009704589844
-0.99041366577148437500 -1.61673223972320556641 -1.16415774822235107422 1.38966381549835205078 1.24069809913635231702 0.46433997154235839844 1.55204761028289794922 -0.40619698166847229004 0.97488486766815196649 1.64906978607177712171 0.89357793331146240234
1.65141725540161110608 1.48509514331817649158 2.23405098915100097656 1.28593242168426513672 0.09264489263296120380 -1.12597548961639404297 -0.49002674221992492676 0.27724555134773248843 0.84184932708740234375 0.14999386668205261230 1.11678588390350341797
-0.14385263621807090062 0.85670197010040283203 0.01499711256474249924 -0.41153761744499200992 0.13280178606510159578 -0.48819667100906372070 -0.54975473880767822266 0.54926037788391113281 0.11302547901868820190 -0.44305840134620660953 -0.55383199453353881836
-0.21946462988853449039 -0.16810771822929379549 -0.84026372432708740234 -1.32621204853057861328 -0.90055131912231445312 -0.97478693723678599969 0.72051095962524414062 -0.73212194442749023438 1.67420995235443115234 -1.10204911231994628906 0.51307338476181030273
0.84442788362503051758 1.58845233917236328125 2.79823303222656250000 1.45495700836181640625 0.00149454176425930000 -0.79823899269104003906 -0.21170137822628021240 0.88205271959304809570 0.40379154682159418277 0.55084383487701416016 -0.25449088215827941895
-0.97908771038055419922 -0.93024212121963500977 -0.86076968908309936523 0.02041378058493130074 0.27406343817710870914 0.00665125437080859964 -0.01441657822579140054 -0.75906169414520263672 1.11003994941711447986 -0.39162257313728332520 0.61484211683273315430
-0.93085688352584838867 -0.06041954085230819699 -0.10681804269552229447 -0.61770027875900268555 -1.30245244503021240234 -1.06858885288238525391 1.40524983406066894531 -0.80595231056213378906 -0.60524374246597290039 0.17150330543518060855 0.28839838504791259766
0.51672822237014770508 0.08432974666357040405 -0.17631557583808898926 0.06213773041963570332 0.81716942787170410156 -1.13755571842193603516 0.85544705390930175781 1.53660047054290749280 1.36570096015930175781 0.98895859718322765008 0.09715391695499420166
-1.64134693145751953125 -1.06827247142791770251 -0.30902433395385742188 0.94581466913223277704 -0.28449577093124389648 1.09925067424774169922 -1.31924176216125488281 -0.12704959511756888646 -1.10115599632263183594 -0.17821182310581198949 0.05099271982908239881
0.11019969731569290161 0.17656533420085898656 1.45388245582580566406 0.92139875888824462891 -0.89401268959045410156 -1.56046497821807861328 1.60012996196746848376 -0.60531443357467651367 1.43631589412689208984 0.71778666973114013672 0.43013572692871088199
0.49809992313385009766 -0.39951255917549127750 -0.05567722767591470195 -1.59333431720733642578 -1.48812973499298095703 -0.45938846468925470523 0.40116196870803827457 0.18431580066680899876 -0.01082174386829129996 0.30637013912200927734 -0.14316231012344360352
0.18124294281005859375 -0.52462816238403320312 0.14906397461891168765 1.23892128467559792249 1.19054710865020751953 0.10922732949256890034 -1.78353965282440207751 -1.55129408836364768298 0.31240844726562500000 -0.10363104194402690539 1.56062793731689430921
0.50145173072814941406 -0.23556415736675259676 0.23678407073020929507 0.78154271841049194336 -0.43904960155487060547 0.86403989791870117188 1.19413363933563232422 -1.11243045330047607422 0.57551246881484985352 -1.61155545711517311780 0.59747838973999023438
1.45053327083587646484 0.87613350152969360352 1.17384099960327170642 1.21067500114440917969 0.44350636005401611328 1.68702733516693115234 -0.14399020373821250218 -0.80044388771057128906 -0.85935777425765991211 1.72869825363159179688 -1.26008594036102294922
0.13451425731182090062 -0.76254093647003173828 -0.20617069303989410400 -1.08677136898040749280 0.29344871640205377750 -0.74836933612823486328 -0.33430486917495727539 1.36048233509063720703 0.14346465468406668919 -1.28985667228698730469 0.64477878808975219727
-1.93807864189147949219 -1.56081140041351318359 -0.85805094242095947266 1.37791454792022705078 0.61887270212173461914 0.21555380523204800691 -0.71351641416549682617 1.30359041690826416016 -1.50316274166107177734 -0.29030686616897577457 0.48077926039695739746
-0.36589908599853510074 0.08179518580436699604 -0.93691736459732055664 -1.16218149662017822266 -1.00098609924316406250 -1.59583663940429687500 -0.98295539617538441046 -0.44946837425231928043 -1.31782424449920632092 0.64880156517028808594 0.79447728395462036133
0.79787772893905639648 0.39732924103736877441 -0.39762526750564569644 -0.58024847507476806641 0.97871941328048717157 -0.95952004194259643555 -0.66971832513809204102 -1.15374612808227539062 -0.93179720640182495117 0.02822357974946489850 -1.15454864501953125000
-0.08584683388471600618 -0.76536566019058227539 -0.39496609568595880679 -0.89150911569595336914 -1.16306281089782714844 -0.45961800217628479004 -0.46753931045532221011 1.46755123138427712171 0.97780787944793701172 0.44739770889282221011 0.28703010082244867496
-0.40532344579696649722 -0.53540492057800292969 0.97555142641067504883 0.39747613668441772461 0.07538493722677229447 -1.14434659481048583984 -0.17547968029975891113 -1.47116613388061523438 -0.15280789136886591129 -1.37622594833374023438 0.76605600118637084961
-0.60818833112716674805 -0.05694902688264839863 -0.59829920530319213867 -0.04785680025815960276 1.40178155899047829358 1.19759535789489768298 -1.41382288932800292969 0.57387322187423706055 0.68773978948593139648 -0.16763381659984588623 1.36392259597778320312
-1.13619625568389892578 -1.04580438137054443359 -1.20334088802337646484 -0.68132489919662475586 -1.38399124145507790296 -0.77777045965194702148 -0.45251533389091491699 -0.51847553253173828125 -1.35775220394134521484 -0.25181055068969721011 0.28736919164657592773
-1.18466770648956298828 -0.83600574731826782227 -1.00060486793518088611 -1.69415760040283203125 1.59065341949462890625 1.01216363906860351562 0.34517392516136169434 -0.55144011974334716797 -1.32221472263336181641 -0.94005626440048217773 0.53110259771347045898
0.13248619437217709627 0.48754620552062988281 -0.24141032993793479222 -0.25063028931617731265 1.55216550827026367188 -1.45258343219757080078 -1.50009834766387939453 -1.04351246356964111328 0.78777593374252319336 -0.86758553981781005859 -0.01190433464944360038
-1.19860744476318359375 -1.26183402538299560547 -0.87493103742599487305 -1.02673256397247314453 0.65553897619247436523 0.82398039102554321289 -1.79693949222564697266 -0.30037674307823181152 -0.09851308166980740633 -1.00882160663604736328 -0.04104489833116529984
-0.09558618068695060033 -0.29138103127479547672 -0.06484103947877879748 0.19348618388175958804 -1.33040213584899902344 -0.65546166896820068359 1.07999086380004882812 1.22290563583374023438 -0.85975760221481323242 -0.65000599622726440430 0.64382845163345336914
1.70453929901123046875 1.56488668918609619141 2.26835727691650390625 1.61440753936767578125 -0.77984309196472167969 -0.69742929935455322266 0.27510762214660638980 -0.89712166786193847656 0.06637459248304360127 -0.95346111059188842773 1.15579056739807128906
1.82603669166564919202 1.52892553806304909436 0.66884249448776245117 -0.52873843908309936523 -1.00483071804046630859 0.12347649782896040482 -1.10884845256805419922 1.71752357482910156250 -0.27449163794517511539 0.82159101963043212891 0.36716169118881220035
-1.01283049583435058594 -1.63896107673645019531 -0.75064450502395629883 -0.76596558094024658203 0.98781090974807739258 1.61943972110748291016 0.39745402336120599918 -1.57932925224304199219 -0.41638606786727899722 0.13802859187126159668 -0.40033972263336181641
0.52193635702133178711 0.18265473842620849609 1.08055341243743896484 0.57719522714614868164 -0.36346060037612909488 0.43039673566818237305 0.30258041620254511050 0.47465822100639337711 -1.09994828701019287109 1.45570516586303710938 -0.38549602031707758121
-0.84484606981277465820 -1.49776613712310791016 -0.20662713050842279605 0.94203066825866699219 1.36157596111297607422 1.73346066474914550781 1.26783406734466552734 0.78689002990722656250 -0.91102409362792957648 0.51141536235809326172 0.43215236067771911621
0.04997665807604789734 0.97486931085586558954 -0.96750634908676158563 -0.98232805728912364618 1.68854534626007080078 -1.13577449321746848376 -1.59719014167785644531 0.96647077798843383789 0.59534174203872680664 1.28606820106506369861 -0.56081110239028930664
-0.61714798212051391602 -0.72613781690597534180 -1.06041729450225830078 -0.93826746940612804071 -1.21076214313507080078 -0.59364157915115356445 -1.48669707775115966797 1.75074923038482688220 -0.33510890603065490723 -0.00900576077401630051 0.44655516743659967593
-1.29617714881896950452 -0.76349151134490966797 -0.34354642033576959781 1.23621535301208496094 -1.05645787715911887439 -0.15871354937553400211 -0.30386966466903680972 1.78894674777984619141 -1.55004477500915527344 0.46796011924743652344 0.60267037153244018555
0.82182604074478149414 1.69209897518157958984 2.33837318420410156250 1.09384214878082275391 0.84427130222320556641 -0.05676751956343650124 -1.13100290298461914062 -0.80754286050796508789 -0.23219223320484161377 0.82814872264862060547 -0.24273848533630371094
-0.92227447032928477899 -0.78764587640762329102 -0.40263140201568597965 1.51121044158935569079 0.53620618581771850586 -0.78557115793228149414 0.98318380117416381836 -0.01539448369294399953 -1.00878715515136718750 -1.63868498802185058594 0.88964325189590454102
1.78822755813598632812 1.45463919639587402344 -0.90215474367141723633 -1.57448375225067138672 0.90740644931793201788 -1.29053676128387428967 0.31064051389694208316 0.93656152486801158563 0.45324578881263727359 1.65599465370178222656 0.83191204071044921875
0.56860250234603881836 0.69167971611022949219 0.94843965768814075812 0.88871103525161743164 0.83793497085571289062 -1.41583693027496337891 -0.13616020977497100830 -1.16412305831909179688 -0.33940511941909790039 1.47149264812469482422 -0.99676889181137084961
0.92219364643096923828 1.41456699371337890625 -0.81441521644592285156 -1.07478475570678710938 -0.46572723984718322754 0.25480839610099792480 -1.44696784019470192639 1.01974749565124511719 0.37598541378974909000 0.68737143278121948242 -1.53178584575653076172
-1.10135710239410400391 -1.38021516799926757812 -0.21925444900989529695 1.08423817157745361328 -1.45295464992523193359 -0.44399049878120422363 -0.28616884350776672363 1.74695241451263449939 -1.63851737976074218750 -1.02274024486541770251 0.09938305616378780016
0.61642324924468994141 0.92268246412277221680 0.87997436523437500000 0.46488973498344421387 1.09384357929229736328 0.89304035902023315430 -0.14506101608276358861 1.10710787773132324219 0.98751884698867797852 -1.01080763339996337891 -1.32903087139129638672
0.43745630979537958316 0.41305416822433471680 -0.60064476728439331055 -1.17898392677307128906 -1.67550110816955566406 1.44888460636138916016 0.58629494905471801758 -1.36815333366394042969 1.49540865421295166016 -0.59619545936584472656 -1.32770645618438720703
0.61142611503601074219 0.70105344057083129883 1.10689294338226318359 0.64148175716400146484 -0.30375167727470397949 -0.34623646736145019531 0.27593228220939630679 0.49865365028381347656 0.19031044840812680330 0.17159317433834070377 -1.42155110836029030530
-0.85245728492736816406 -0.58102756738662719727 -1.12347364425659179688 -0.49631336331367492676 0.93080747127532958984 0.14437651634216300267 -1.64925479888916015625 0.60156679153442382812 -1.54476380348205566406 0.57547771930694580078 1.19078910350799560547
0.85405623912811279297 0.68452316522598266602 1.08062314987182617188 0.58451038599014282227 1.35269260406494140625 0.22057411074638361148 -1.78099536895751953125 -0.84485614299774169922 1.21191704273223876953 -0.92925554513931285516 -1.53159785270690917969
-0.80272996425628662109 -1.16313874721527099609 -1.17252492904663085938 -1.37012612819671630859 -0.59714639186859130859 -0.12964875996112820711 0.64249455928802490234 -0.66358983516693115234 0.99143069982528675421 -1.28590214252471923828 -0.02604379691183560108
0.59548377990722656250 0.17132115364074698705 -0.95146089792251598016 -1.63673186302185058594 0.18584692478179928865 1.48865044116973876953 1.66627871990203857422 -1.32801651954650878906 1.44057106971740722656 1.00725269317626953125 -0.29948750138282770328
-1.14879786968231201172 -1.55053293704986550061 -1.88454055786132790296 1.02837347984313964844 -1.64223086833953857422 0.39718428254127502441 -0.82924240827560424805 0.72067022323608398438 -0.17101201415061950684 -1.59080505371093750000 0.97685533761978160516
-2.06829142570495605469 -1.32401597499847389905 -0.01950213871896259998 1.66926062107086181641 1.66058790683746337891 1.40025615692138671875 0.40113776922225952148 -0.47634035348892211914 1.62265121936798095703 0.38146692514419550113 0.48384690284728998355
-0.29876047372817987613 -0.81583100557327270508 -0.24660198390483850650 -0.21749991178512570467 -1.00914895534515380859 -0.09355391561985010318 -1.26583719253540039062 0.66890913248062133789 0.43026480078697199039 0.09912473708391189575 0.32013732194900512695
0.10854683816432950105 -0.91715931892395019531 -0.12827071547508239746 0.29649406671524047852 -0.24346509575843811035 -1.33759391307830810547 1.40391135215759277344 -1.08652794361114501953 -1.10454070568084716797 1.12542140483856201172 0.75406801700592041016
-1.40234780311584472656 -0.95939409732818603516 -0.17802554368972769994 1.36390376091003417969 1.42078053951263449939 1.46734297275543190686 -0.33701628446578979492 -0.39056396484375000000 -1.60010778903961181641 0.56537073850631713867 1.09722387790679909436
-0.13474448025226590242 -0.73887157440185546875 0.10734002292156219482 0.59359812736511230469 0.23297840356826779451 0.56998258829116821289 1.72715437412261962891 0.11578927189111709595 0.76026821136474609375 -0.52681338787078857422 0.92082834243774402960
-1.70334720611572287829 -1.10778129100799560547 -0.69730907678604125977 -0.42407557368278497867 -1.40919792652130126953 -0.97119045257568359375 0.44373315572738647461 1.13890540599822998047 -0.53402048349380493164 -1.15782439708709716797 -0.43823099136352539062
0.03680914640426630191 0.03833765164017669674 1.11339592933654807361 1.40173494815826416016 -0.83877146244049072266 1.55902135372161887439 -0.00771334907039999962 0.62577533721923828125 -1.46891200542449951172 0.70616042613983154297 0.78004348278045654297
0.91389268636703480109 0.58096432685852050781 -0.81556737422943115234 -1.16894519329071044922 -0.19751158356666559390 1.42443072795867919922 0.74924826622009277344 0.21779166162013999242 0.87762951850891113281 -0.93665462732315063477 -1.89612603187561035156
-0.32724899053573608398 -0.34303280711174011230 -1.04883027076721191406 -0.47531166672706598453 0.08329171687364569920 -0.76922172307968139648 -0.49568650126457208804 -0.55061215162277221680 0.51843667030334472656 1.21437776088714599609 1.38700604438781738281
0.26999840140342712402 -0.40600576996803278140 -0.35909536480903619937 -0.34484305977821350098 0.09330699592828750610 -0.58874803781509399414 -1.59374952316284179688 1.57020998001098632812 1.05631816387176513672 0.16142703592777249422 0.73917001485824584961
-1.12004172801971435547 -1.56107532978057861328 -1.48525965213775634766 -1.42739033699035644531 -0.06913047283887860384 -0.08553761988878250122 -0.55101835727691650391 1.26169097423553489001 0.80686986446380615234 -0.70749884843826293945 -0.15389777719974509496
-0.46856158971786499023 0.26129120588302612305 1.14779198169708229749 1.10205161571502685547 0.72408187389373779297 1.16493606567382790296 -0.37381350994110107422 -0.20307575166225430574 -0.57186114788055419922 0.13266564905643460359 1.29473876953125000000
0.96608793735504161493 1.47282958030700683594 -0.14629350602626800537 -0.90799599885940562860 0.33066532015800470523 -0.16304470598697659578 0.46450904011726379395 0.35792392492294311523 1.62770295143127441406 -0.39556381106376647949 -1.33472168445587158203
-1.04143571853637695312 -1.13183736801147460938 -1.01633203029632568359 -0.78745025396347045898 1.08495962619781494141 0.87816423177719116211 -1.43805396556854248047 -1.55863833427429199219 -1.03224885463714599609 1.16188740730285644531 0.24230518937110900879
0.74375355243682861328 1.25775122642517089844 0.38532963395118707828 -0.63196533918380737305 1.47963106632232688220 -0.45457318425178527832 -0.50152426958084106445 0.65199077129364013672 0.58869332075119018555 1.14868545532226562500 -1.63521087169647216797
-0.74122303724288940430 -1.13860440254211447986 -0.58640301227569580078 1.13487565517425537109 0.71203804016113281250 0.59270662069320678711 -1.53431153297424316406 -1.08022975921630859375 1.05523848533630371094 1.58593368530273437500 0.91624087095260620117
-0.56731683015823364258 -0.65429282188415527344 -1.34494423866271950452 0.83687436580657958984 -0.40752694010734558105 -0.84124183654785156250 0.17485950887203211002 -1.26105034351348876953 0.69818055629730224609 -0.89329892396926879883 1.51073837280273437500
-0.49001696705818170718 -1.31154835224151589124 -0.99385815858840942383 -0.72463083267211914062 -1.34877920150756835938 -0.95962238311767578125 -1.10996663570404030530 -1.52616643905639648438 -0.21474872529506680574 1.50576555728912353516 -0.16338796913623809814
0.59149330854415893555 1.00642693042755126953 -0.69835364818572998047 -1.38531446456909179688 0.65705358982086181641 -1.57756304740905761719 1.11342024803161621094 -0.88376861810684204102 -0.64624756574630737305 -0.84154546260833740234 -1.85802209377288796155
0.60694974660873413086 0.35579782724380487613 0.65786159038543701172 0.01535674463957539988 -0.92292237281799316406 0.34043523669242858887 -0.67086428403854370117 -1.32115364074707031250 -0.68109309673309326172 0.79846644401550292969 -1.12959504127502441406
0.12704628705978390779 -0.47304713726043701172 0.40901324152946472168 1.56716859340667724609 0.55354964733123779297 1.17032945156097389905 -1.68150138854980490954 -1.55164194107055664062 -1.26574778556823730469 -0.83205300569534301758 1.48424363136291503906
0.66821974515914916992 1.40795660018920898438 2.78600192070007279810 1.68413758277893088611 0.85819482803344726562 -0.82486498355865478516 0.62893044948577880859 -1.06610202789306640625 1.17528891563415527344 0.65035003423690795898 -0.39751803874969482422
-0.87512087821960449219 -0.30450192093849182129 0.00207996880635610013 0.34275433421134948730 0.75649976730346679688 -1.13923990726470969470 -1.35854482650756835938 0.48421147465705871582 -1.36705195903778076172 -1.64587008953094482422 1.18950474262237571033
-0.98426800966262817383 -1.51437616348266601562 -1.37878346443176269531 -1.22536301612854003906 -0.59056848287582397461 -1.59073877334594726562 0.57392561435699462891 0.10063896328210830688 -0.02783212810754770103 1.34621524810791015625 -0.05761300027370450105
0.12571904063224789705 1.14284431934356689453 1.34719371795654296875 0.60836023092269897461 -0.26055324077606201172 -0.46010708808898920230 0.10918215662240980668 1.08869946002960205078 -1.55178236961364768298 0.44135063886642450504 -1.64228343963623046875
-0.26769730448722839355 -0.20141713321208951082 0.12519037723541259766 0.14670948684215540103 0.97163772583007801398 0.76529908180236816406 -0.68363529443740844727 -1.03513860702514648438 -0.84436666965484619141 -0.25811243057250971011 1.19621229171752929688
0.61126333475112915039 1.58249545097351074219 3.16858673095703125000 1.70180785655975341797 0.46126577258110040836 -0.80235189199447631836 -1.48623609542846679688 1.37855875492095969470 -0.45425015687942499332 -0.52032303810119628906 -0.21481427550315851382
1.87804996967315673828 1.75203120708465576172 0.53065347671508789062 -0.24247215688228598851 1.11349511146545410156 -0.82155281305313110352 -0.09585020691156380390 1.43066453933715820312 -0.64029628038406372070 -1.26998794078826904297 0.82716715335845947266
2.07200074195861816406 1.49056386947631835938 -0.50037521123886108398 -0.77264350652694702148 -0.27496170997619628906 -1.47446405887603759766 -1.39494395256042480469 -1.01224672794342041016 -1.09171330928802490234 1.09058475494384765625 0.79305487871170043945
-0.39765998721122741699 -0.33811095356941217593 0.71896642446517944336 1.62573325634002685547 0.74894285202026367188 0.09452456980943679810 -1.37936556339263916016 -0.81014776229858398438 1.39193928241729736328 -0.55904352664947509766 1.49882459640502929688
-0.89520418643951416016 -1.30117082595825195312 -0.65587836503982543945 -1.55904805660247802734 -1.19583475589752197266 -1.38425874710083007812 0.06665824353694910220 0.62842726707458496094 1.21057415008544921875 -1.33411586284637428967 -0.93939393758773803711
0.05798930674791329815 1.05254495143890380859 -1.45699310302734375000 -1.66580998897552490234 -1.27594649791717529297 0.19079206883907309789 1.26663291454315207751 -0.49657374620437622070 1.18865668773651123047 -0.33590269088745111636 -1.27911341190338112561
0.94513022899627685547 1.60829329490661621094 0.67825949192047119141 0.03960428014397619767 1.01560044288635231702 -0.78041642904281616211 0.12872642278671259097 -1.18244349956512428967 -1.03373920917511008533 -1.54650330543518088611 -1.03034210205078125000
-0.08242051303386679906 -0.22603441774845120515 -0.81892532110214233398 -0.96931421756744384766 -1.07095015048980712891 -1.57588112354278564453 -0.24636813998222351074 1.00604164600372314453 -0.63887488842010498047 -0.52613031864166259766 0.62125957012176513672
0.19201047718524930086 0.95923352241516124383 0.14038252830505371094 -1.13814163208007790296 1.12193441390991210938 -1.60005044937133789062 0.56119930744171142578 -1.16351556777954101562 -0.86461406946182250977 -1.35080385208129882812 -1.32027268409729003906
-0.77575570344924926758 -0.35490784049034118652 -1.14043748378753662109 -1.35895526409149169922 -0.29322478175163269043 -0.35744041204452509097 0.64286619424819946289 0.99151533842086803094 0.77685791254043579102 0.36986130475997919254 0.62265366315841674805
