-1.02915155887603759766 -0.50204992294311523438 -1.29879856109619140625 1.45805764198303222656 1.47740530967712402344 1.93728947639465309827
1.53895401954650878906 1.13438332080841064453 1.23759365081787109375 1.01787555217742919922 -0.59046506881713867188 0.40044438838958740234
-0.63442701101303100586 -0.71049600839614868164 0.25242060422897338867 0.79295039176940917969 1.51824307441711447986 1.22972416877746582031
-0.57612913846969604492 -0.68963295221328735352 -0.48489782214164728336 0.17866460978984829988 -0.29438069462776178531 0.82653200626373291016
1.01049113273620605469 1.41020417213439941406 -0.32194873690605158023 -1.50213289260864257812 -1.09513938426971435547 -1.61515545845031738281
-0.85009562969207763672 -1.59631001949310302734 0.81698721647262573242 0.51502633094787597656 0.28706812858581537418 0.04071542993187900195
1.72828054428100608142 1.10193216800689697266 0.69000756740570068359 -0.61521881818771362305 0.86283832788467407227 0.00728354090824720034
-0.69621193408966064453 -1.53697872161865234375 1.12874603271484375000 1.36084449291229248047 0.05329371988773339702 0.91660153865814197882
0.55353403091430664062 -0.30392053723335260562 1.49945616722106911389 -1.45294594764709472656 -0.82362622022628784180 0.39039918780326837711
-1.46418094635009765625 -1.58986818790435791016 -0.10144951194524759464 -0.71664398908615112305 0.92028713226318359375 -0.32569926977157592773
-1.56067657470703125000 -1.59798085689544677734 -0.78716278076171875000 -0.01277691125869749936 1.19176745414733886719 -0.26556214690208429507
-1.71864712238311767578 -1.32506275177001953125 -1.20897769927978515625 0.22127875685691830721 0.93870431184768676758 0.38907551765441888980
1.62834191322326660156 1.24917471408843994141 1.48381292819976806641 -0.01816459186375140103 0.71040457487106323242 0.72481012344360351562
-1.15217840671539306641 -1.38240170478820800781 0.58717662096023559570 -0.67606210708618164062 1.29811775684356689453 -0.24289689958095550537
-0.70162409543991088867 -0.74644428491592407227 -0.26248899102210998535 -0.07272414863109580296 -1.07214355468750000000 0.31897625327110290527
0.18969134986400598697 -0.69635009765625000000 1.52674913406372070312 0.87972718477249145508 -0.16741202771663660220 1.87753283977508522717
0.61656206846237182617 0.74292540550231933594 -0.66630184650421142578 1.20406174659729003906 -1.36871385574340820312 -1.47963821887969970703
0.60791695117950439453 -0.04562988132238379735 1.37818515300750710217 -0.67249703407287597656 -0.32241487503051757812 -0.13233512639999389648
-0.64067542552947998047 -1.16445863246917724609 0.45067438483238220215 0.08296100050210949983 0.90806287527084361688 0.51972126960754394531
-1.53726685047149658203 -0.97794026136398315430 -1.31624150276184082031 -0.76671063899993896484 -0.45041549205780029297 0.05042494460940360329
0.80752021074295043945 1.34769272804260231702 -0.16433708369731900301 -0.18897841870784759521 -1.67743134498596191406 -1.45516407489776589124
-1.31074047088623046875 -0.87652760744094848633 -1.61124765872955322266 -0.78302073478698730469 -1.40829920768737792969 0.22915141284465789795
0.67338019609451293945 0.79837417602539062500 -0.12298330664634700427 0.04519736021757120303 -0.34252700209617609195 -1.83851742744445800781
0.17783838510513300113 0.49070087075233459473 0.02607399784028530121 1.43256330490112304688 -0.69154775142669677734 -0.27056786417961120605
1.96369647979736350329 1.55691361427307128906 1.39447855949401855469 1.72558307647705078125 0.44804149866104120425 2.30387091636657714844
-0.37522441148757929019 -0.65862518548965454102 0.70814657211303710938 0.16233606636524200439 1.62765026092529296875 1.33992505073547363281
-1.40762877464294433594 -1.25064718723297119141 -0.66847473382949829102 0.75774657726287841797 -0.10993184894323340672 0.30058151483535761050
-0.53892105817794799805 0.34499621391296381168 -1.51894164085388183594 -0.52029293775558471680 -0.79255086183547973633 0.92563229799270640985
-2.10226774215698242188 -1.49832820892333984375 -1.18808174133300781250 -1.20407748222351074219 -0.68882882595062255859 -0.79598462581634521484
0.80009073019027709961 0.19231055676937100496 0.67176127433776855469 0.60700368881225585938 0.26008582115173339844 -0.41954705119132990054
-0.26476854085922241211 -0.42058604955673217773 0.32638993859291071109 -0.30437055230140680484 -0.98165923357009876593 0.52636021375656127930
-0.18609106540679928865 -0.90254282951354980469 1.04872429370880126953 1.24889302253723144531 -1.62712371349334716797 0.96323692798614501953
-0.55140930414199829102 -0.77862685918807983398 1.09042084217071510999 -0.91505128145217895508 0.65588462352752685547 0.80732369422912597656
0.33109658956527709961 0.74659746885299682617 -0.48670509457588190250 1.36138284206390380859 1.64747714996337890625 -0.17297491431236258763
1.82783544063568070825 1.75610148906707763672 0.45067772269248962402 -0.33956575393676757812 0.59417170286178588867 0.74048703908920288086
0.13190601766109461002 0.05190469324588770084 0.32383304834365839175 -0.58793622255325317383 -0.65483546257019042969 -0.00331283127889030020
1.40796995162963889392 1.53581607341766357422 0.11044037342071530428 -1.23603522777557350842 0.98846274614334117548 0.01477311830967660035
-0.61068385839462280273 -1.44167423248291015625 1.55328524112701416016 -0.14173111319541931152 1.16425788402557350842 0.79254472255706787109
0.58325237035751342773 -0.07061599195003509521 1.59990572929382324219 -1.13746178150177001953 0.36010015010833740234 0.47140264511108398438
0.14812274277210230045 0.06019141152501100017 0.01925040222704409859 0.56478482484817504883 0.04057263955473899841 0.44202679395675659180
0.60248029232025146484 0.76940762996673583984 -0.21661655604839319400 -1.56542599201202392578 1.04088151454925537109 -2.11282229423522904810
0.21388289332389828767 0.38137558102607721500 -0.28314954042434692383 -1.68414211273193359375 1.46481215953826904297 -0.72783887386322021484
-0.47290149331092828922 -0.17518633604049679842 -0.90699619054794322626 -0.83839422464370727539 -0.58984780311584472656 0.86085647344589233398
-0.49693825840950012207 0.07993231713771820068 -1.70052957534790039062 0.33502703905105590820 1.21965551376342751233 1.77562367916107177734
-0.76235795021057128906 -0.83606570959091186523 -0.09848966449499130249 0.59978580474853515625 -1.37824118137359619141 0.60263890027999877930
0.08802481740713119507 -0.77656465768814086914 1.43564558029174804688 -0.77561336755752563477 -0.92977505922317504883 0.80016601085662841797
-0.88532876968383789062 -1.43077969551086447986 1.21254038810729980469 -1.42407298088073730469 0.52358567714691162109 -0.08401203900575629491
-1.99409055709838889392 -1.41830968856811523438 -1.14243412017822287829 1.23387861251831032483 1.00572156906127929688 0.46880912780761718750
-0.76654922962188720703 -0.76542502641677856445 -0.40702280402183532715 1.27792644500732421875 0.02069813013076780145 1.18445229530334472656
-0.00387456198222929996 -0.31131827831268310547 0.64377969503402709961 1.59836816787719726562 0.31647700071334838867 1.45982062816619873047
-0.46671801805496210269 -1.33632516860961914062 1.64245760440826416016 0.82976156473159790039 -1.74141597747802712171 0.79568839073181152344
0.46658697724342340640 1.55329585075378417969 -1.40602338314056396484 0.83756732940673828125 -0.06545616686344139790 -1.12602090835571289062
1.14945614337921142578 0.83569300174713134766 1.00366747379302978516 -0.76418983936309814453 0.66535347700119018555 -1.77809047698974609375
-0.29540178179740900211 -0.03199642896652220292 -0.54048794507980346680 -1.65718734264373779297 -1.71687424182891845703 -0.20336024463176718968
0.72942429780960083008 0.08943142741918559679 1.54268395900726318359 -0.08130475133657449893 -1.35651576519012428967 -0.29957759380340570621
-2.00668072700500488281 -1.62476575374603271484 -1.19666969776153564453 1.52414941787719726562 -0.97314971685409557001 0.20535126328468319978
-0.07489494234323500199 0.61283588409423828125 -1.30224263668060302734 1.58646762371063232422 -1.62091863155364990234 0.24149030447006220035
1.17878925800323486328 1.45224964618682861328 -0.75646221637725830078 -1.30518436431884765625 -1.74031865596771240234 -1.27285289764404296875
0.34289580583572387695 -0.20376023650169369783 0.88019710779190063477 0.25738355517387390137 -1.11239433288574218750 0.76736050844192504883
0.70983338356018066406 1.22889876365661621094 -1.18651247024536110608 -1.18392074108123779297 0.15655846893787381258 -2.04477691650390625000
-0.19508470594882959537 -0.75665253400802612305 1.50708055496215820312 -0.51540392637252807617 0.37594395875930780582 1.21824026107788085938
-0.84819924831390380859 -1.33583307266235351562 0.08580438047647470645 1.65454328060150168689 -0.80707079172134399414 0.46270322799682611636
0.05800015851855269688 -0.70757788419723510742 0.76995706558227539062 -0.39130428433418268375 -0.46780005097389221191 0.74367350339889526367
0.11017586290836330065 0.52494585514068603516 -1.24462270736694335938 -1.46005189418792724609 -0.56653743982315063477 -1.06766772270202636719
0.27347642183303827457 0.13042810559272760562 0.44832643866539001465 -0.36664265394210809879 -1.33061897754669189453 -0.50385844707489013672
-1.69961285591125488281 -1.33738338947296142578 -1.31815695762634277344 0.99439686536788940430 -1.15140187740325927734 0.25886982679367059879
0.57875025272369384766 0.30325442552566528320 0.93921858072280883789 0.08637065440416330508 1.53112304210662841797 -0.16467532515525809544
1.35122072696685791016 0.53926515579223632812 1.14901065826416015625 1.14035356044769287109 1.35445749759674072266 -1.03213167190551757812
-0.86456626653671264648 -0.37932571768760681152 -0.73872643709182739258 -0.36231312155723571777 0.20287437736988059300 0.88805872201919555664
-0.39249840378761291504 0.07396023720502850618 -0.80516487360000610352 -0.25848695635795587711 0.44952884316444391422 0.93169599771499644891
0.55799692869186401367 1.27046763896942138672 -1.22523951530456542969 1.21352303028106689453 1.41836345195770263672 -0.74629276990890502930
-0.30678635835647577457 -0.36303025484085077457 0.21531264483928680420 -0.00040969598921939998 0.09937345236539839310 0.99154078960418701172
0.94008839130401600226 0.73411768674850463867 0.16268663108348840884 0.49507513642311090640 0.07374276965856549348 -1.51515257358551047595
0.42061948776245111636 0.20892071723937979955 0.63607019186019897461 1.56222772598266601562 1.12870705127716064453 0.63699209690093994141
-2.02093839645385742188 -1.27448630332946777344 -1.63536763191223144531 -0.67787933349609375000 -0.68731898069381713867 -0.26053196191787719727
0.96000421047210682257 1.43896293640136718750 -0.65342450141906738281 -1.17631435394287109375 -0.02514008246362199953 -1.15611946582794189453
0.98754918575286876337 0.51815026998519897461 1.20490193367004394531 -0.28126838803291320801 1.29998266696929909436 -1.26203954219818115234
-0.38472020626068109683 -0.56459236145019531250 0.62361687421798706055 1.56723701953887939453 1.27318918704986550061 1.63030755519866943359
-0.24061256647109979800 0.93243384361267078742 -1.67081761360168457031 0.00418439693748950004 -0.71351879835128784180 0.25342345237731928043
0.97612231969833362921 0.89332425594329833984 0.38905864953994750977 -0.89537024497985839844 0.56400203704833984375 -1.95676243305206298828
1.06829166412353515625 1.00441849231719970703 0.23599226772785181216 0.51960945129394531250 0.20299631357192990389 -1.12630224227905273438
-1.43250620365142822266 -1.18957078456878662109 -0.25170558691024780273 -0.84897094964981079102 0.14521202445030209627 -0.36465910077095031738
0.00086404249304900004 -0.14099632203578948975 0.34673798084259027652 -1.59588277339935302734 -1.60466074943542480469 -0.23305115103721618652
-0.05107423663139339792 -0.55254530906677246094 0.83248490095138549805 1.65559244155883789062 0.01225129514932630018 1.89693975448608398438
-0.85343313217163085938 -1.18414604663848876953 0.33824700117111200504 1.25905716419219970703 1.17026281356811523438 1.12231123447418190686
0.03240275382995599918 0.75080007314682006836 -0.98535734415054321289 0.97228866815567016602 0.84986144304275512695 -0.00500345462933180028
0.44771158695220947266 0.36738285422325128726 -0.05937961861491199839 -0.12203361093997949771 -0.64574319124221801758 -0.79800587892532348633
2.20062851905822753906 1.73302805423736550061 1.60423934459686279297 0.02654224261641499952 -1.76173639297485351562 0.48161813616752618961
1.42033922672271728516 1.01525235176086447986 1.18086564540863037109 -1.37140929698944091797 1.68574571609497070312 -1.05086743831634521484
-1.05050003528594970703 -0.67074227333068847656 -1.30436682701110839844 -1.20268952846527099609 0.30695024132728571109 0.41729885339736938477
0.74749106168746948242 0.24689459800720209293 1.09542369842529296875 -1.50293147563934326172 0.33837375044822687320 -1.27147829532623291016
0.67755162715911865234 0.92395395040512084961 -0.26465359330177301578 1.14157080650329589844 0.19395673274993890933 -1.31303584575653076172
1.91025662422180153577 1.08013868331909179688 1.67598640918731689453 0.84837096929550170898 0.87501567602157592773 1.83589076995849609375
-1.12050604820251464844 -1.66697621345520019531 1.23758137226104736328 0.53672325611114501953 0.14912821352481839265 0.18643361330032348633
-0.69331836700439453125 -0.87226051092147827148 0.10108932852745050601 1.72735321521759033203 0.13917756080627438631 1.06263971328735351562
0.08944377303123469958 -0.26019269227981567383 1.23426234722137428967 0.04924868419766419841 0.12881575524806970767 1.27171039581298850329
-0.98031020164489757196 -0.19666649401187891177 -1.68230700492858886719 1.23915028572082519531 -1.60449302196502685547 1.71607542037963889392
0.95821028947830200195 0.87472218275070190430 0.24049441516399380769 -0.94641923904418956415 -1.55579328536987304688 -2.68987154960632324219
-1.29931497573852539062 -1.44449973106384277344 0.53244906663894653320 0.11019592732191080264 0.61016434431076049805 -0.12300849705934520373
0.35960447788238519840 0.85152137279510498047 -0.97859442234039317743 0.05147200077772139809 0.09332256764173499364 -1.49727880954742431641
0.37153071165084838867 -0.51772797107696533203 1.59281659126281738281 0.72558331489562988281 1.46851921081542968750 2.24001669883728027344
-0.80253636837005615234 -1.22009408473968505859 0.07403343915939329667 1.32579040527343750000 1.62198328971862792969 1.03087425231933593750
0.79998791217803955078 0.59346997737884521484 0.31268471479415888004 -0.73912900686264038086 -1.52984988689422607422 -2.02105522155761718750
-1.55647122859954833984 -1.46137976646423339844 -0.41696864366531372070 1.21816062927246093750 -1.25884914398193359375 -0.05464495718479150249
1.14535081386566162109 1.31075131893157958984 0.12681142985820770264 1.67038357257843017578 -1.75812172889709472656 -0.46955251693725580386
0.30826762318611139468 -0.27158203721046447754 1.52149546146392822266 0.17094299197196960449 -0.63881438970565795898 1.12795388698577880859
-0.12726421654224390201 0.15604908764362329654 -0.50228810310363769531 -0.61523503065109252930 -0.83577597141265869141 0.00199617189355190015
-0.81224626302719116211 -0.55653274059295654297 -0.59134232997894287109 -0.20528383553028101138 0.19938875734806060791 0.73325449228286743164
0.73484188318252563477 0.97435963153839122430 0.01723600924015039962 -0.84416061639785766602 -0.52783352136611938477 -2.24038243293762207031
0.17900542914867401123 0.81489908695220947266 -1.33409082889556884766 -1.00348794460296630859 -0.33001443743705749512 -1.50228834152221679688
-0.95679205656051635742 -0.86354011297225952148 0.13809792697429648656 0.21879287064075469971 1.14381396770477294922 0.60689949989318847656
1.21666455268859863281 0.81926405429840087891 0.63173687458038330078 -0.83880013227462768555 0.04165812209248540010 -1.91214060783386230469
-1.61065459251403808594 -1.37017953395843505859 -0.24577172100543970279 0.35051524639129638672 0.33214575052261352539 0.24545438587665549535
2.17385292053222656250 1.77103388309478759766 1.00212514400482177734 -0.51870363950729370117 1.36430394649505615234 0.55380338430404663086
-1.40648186206817649158 -1.18409097194671630859 -0.76577484607696533203 -0.38029119372367858887 -0.28330591320991510562 -0.22741571068763730135
1.47890794277191162109 1.67082107067108154297 0.47907099127769470215 0.43957373499870300293 0.40846627950668329410 1.07602226734161376953
0.20233422517776489258 0.14721031486988059300 -0.21544225513935089111 -0.18824680149555200748 -1.20024085044860839844 -0.07555266469717020206
-1.37130892276763916016 -1.72105884552001953125 0.36407646536827087402 -0.52688694000244140625 -1.50670540332794189453 -0.68925905227661132812
-1.05994164943695090564 -0.98252254724502563477 0.23620031774044031314 -0.52081358432769775391 1.50682258605957031250 0.28139898180961608887
0.77821582555770874023 1.15131270885467529297 -0.68360310792922973633 -1.06612682342529296875 0.20926040410995480623 -2.11478638648986816406
0.99652028083801280633 0.54933375120162963867 1.61875021457672119141 -0.50390285253524780273 1.22367835044860839844 -0.99838632345199584961
0.50633960962295532227 0.37699291110038757324 0.32986885309219360352 0.94285601377487182617 -1.40726554393768310547 -0.83658093214035034180
0.14293229579925528783 0.26450559496879577637 0.11025498807430260395 -1.47144377231597900391 -0.85268419981002807617 -0.67564821243286132812
0.46197128295898437500 0.52529615163803100586 -0.02273892425000659939 -0.50487470626831054688 -0.91434526443481445312 -1.36237347126007080078
-1.51068568229675292969 -1.63823735713958740234 0.12908369302749631014 1.11678373813629150391 0.84931075572967529297 -0.02240411192178719951
-0.02194947190582750146 -0.44982200860977167300 0.68754112720489501953 -1.71182942390441894531 -0.18227593600749969482 0.39940670132637018375
-0.35230496525764459781 -1.25818073749542236328 1.52088165283203125000 -0.82067984342575073242 -1.37001585960388183594 0.26448214054107660465
-0.00528636062517760016 -1.08721494674682617188 1.40793538093566894531 1.50381541252136230469 0.78555810451507568359 1.80216431617736794202
0.35473054647445678711 0.89462131261825561523 -0.81504952907562255859 -1.60595667362213112561 0.50981926918029785156 -1.94906437397003196033
-1.99419105052947998047 -1.28317236900329589844 -1.49067604541778564453 1.32524085044860839844 -0.73439478874206542969 0.70361745357513427734
-0.93823778629302978516 -0.73484009504318237305 -0.45850285887718200684 1.62586224079132080078 1.64719176292419433594 1.53792190551757790296
0.85017406940460205078 0.14989022910594940186 1.49488925933837890625 1.43668091297149658203 0.59077751636505126953 0.31583291292190551758
-0.29610845446586608887 -0.35318630933761591129 0.27503702044486999512 0.91927021741867076532 -0.02046181634068480054 1.29328966140747070312
-1.03810703754425048828 -0.92036217451095581055 0.41462296247482299805 -1.37161695957183837891 -1.18307745456695556641 -0.55737686157226562500
0.56001478433609008789 -0.04453595727682110178 1.11333894729614257812 -0.53530693054199218750 0.64261943101882934570 0.35704469680786127261
1.05178928375244140625 1.04756259918212890625 0.11445645242929450291 1.20886695384979248047 0.28092414140701288394 -0.99357140064239501953
1.35876452922821044922 0.84253692626953125000 1.05918562412261962891 1.11198067665100097656 0.13736289739608759097 -0.52783882617950439453
0.39485329389572138004 0.97693121433258056641 -0.94395917654037475586 -0.38488379120826721191 -0.89991688728332519531 -1.59000384807586669922
-0.12645545601844779271 -0.49658453464508051090 0.93271142244339000360 0.45302936434745788574 -0.23852252960205069798 1.32468545436859130859
0.76371604204177856445 -0.14146216213703149966 1.45239400863647460938 0.96487009525299083368 1.45858728885650634766 1.32304656505584716797
1.62965786457061767578 1.44484829902648925781 0.45564851164817810059 0.31111580133438110352 -0.62788283824920654297 0.58967310190200805664
-1.14326953887939430921 -0.54931765794754028320 -1.13701319694519042969 -1.50833773612976074219 0.99782943725585937500 0.65423095226287841797
0.80028378963470458984 0.15386852622032159976 1.54529082775115966797 0.33881098031997680664 0.14109149575233459473 -0.01266941241919990017
0.82193619012832641602 1.03507184982299804688 -0.78217393159866333008 1.39234054088592529297 1.67687404155731201172 -1.23853051662445090564
0.78706032037734985352 0.78111171722412109375 -0.17539739608764640111 -1.48183298110961914062 -0.48916342854499811343 -2.34745931625366210938
-0.82168972492218017578 -0.56303483247756958008 -1.01847767829895019531 0.46688318252563471011 0.25037255883216857910 1.01580834388732910156
-0.41873419284820551090 -0.40893667936325067691 0.17552445828914639558 -1.72159969806671142578 0.16477744281291958894 0.25790995359420770816
-0.26003876328468322754 -0.65772891044616699219 0.77186650037765502930 0.51662528514862060547 0.91995769739151000977 1.43502199649810791016
-0.36698135733604431152 0.04797435924410820007 -0.62955528497695922852 -0.61232310533523559570 0.52829915285110473633 0.69363844394683837891
0.32108533382415771484 0.13916580379009241275 0.63900244235992431641 1.23799037933349609375 -0.75201892852783203125 0.19379229843616480045
0.52152281999588012695 0.05433554574847219987 1.08375895023345969470 -0.34329438209533691406 -1.27974009513854980469 -0.23056846857070920076
-1.05647611618041992188 -1.62845695018768310547 1.22519814968109130859 -0.50094854831695556641 1.10307300090789794922 -0.03856577351689329664
0.40286180377006530762 0.33984968066215509586 0.30034658312797540836 1.62510764598846435547 1.23556888103485107422 0.22074404358863830566
0.78309255838394165039 1.16869747638702392578 -0.08594013750553129716 -0.48979750275611877441 0.84779834747314453125 -1.72128129005432128906
0.28613498806953430176 0.58170533180236816406 -0.55508911609649658203 -0.93136972188949584961 -0.21704478561878198795 -1.27297830581665039062
-0.80097085237503051758 -0.29951155185699457340 -1.02902674674987792969 0.10516277700662610139 0.74401199817657470703 1.09182083606719970703
0.33234971761703491211 0.95193719863891601562 -1.38241505622863769531 0.18799641728401181306 1.58811736106872558594 -0.80472326278686523438
-0.45152902603149408511 -0.71674656867980957031 0.08340255171060559358 -1.04097044467926047595 -0.21644364297389981355 0.19196033477783200349
1.34970724582672119141 1.64926731586456298828 0.02335941977798930078 0.72094434499740600586 1.33561515808105490954 0.99283218383789062500
-1.36508429050445556641 -1.49445831775665283203 0.39782413840293878726 -1.69335711002349831311 1.34810757637023925781 -0.59841585159301757812
0.33079159259796142578 1.06413161754608154297 -1.50935935974121093750 0.80665290355682373047 -1.09016072750091552734 -1.06354689598083496094
-1.23657691478729248047 -1.57591176033020019531 0.26750662922859191895 -0.94296818971633922235 0.95634728670120239258 -0.65093189477920532227
-0.85148692131042480469 -1.29436624050140380859 0.87769067287445068359 -1.00725913047790527344 0.48219829797744750977 -0.13263183832168579102
0.18769274652004239168 0.05663548782467840020 -0.41821464896202087402 -0.82112741470336914062 0.95030277967453002930 0.18488310277462000064
0.16075719892978659886 -0.13265742361545559969 -0.02948147058486930150 0.68680208921432495117 -0.26453149318695068359 0.78506028652191162109
1.30116355419158935547 0.57408982515335083008 1.66558384895324707031 1.64270782470703125000 -0.64145857095718383789 -0.61899554729461669922
0.64180314540863037109 0.30674973130226129703 1.14501655101776123047 0.32995653152465820312 0.99572730064392078742 -0.19333112239837640933
1.61358463764190673828 1.64599764347076416016 0.36840891838073730469 -0.04126121476292610168 0.08683607727289199829 0.88522970676422119141
0.33643102645874017886 1.18493914604186989514 -1.70767486095428489001 -1.10172164440155029297 0.38160085678100580386 -1.46933650970458984375
0.91211092472076416016 1.65888798236846923828 -1.40447831153869628906 -0.95930022001266479492 0.52017766237258911133 -0.18884417414665219392
1.04814124107360839844 0.74000626802444458008 0.62042343616485595703 1.61861574649810791016 -0.84293562173843383789 -1.22780621051788330078
-1.52972924709320090564 -1.58939695358276367188 -0.39415380358695978336 0.39265835285186767578 1.24087834358215309827 -0.22004589438438409976
-0.05736579746007910291 0.63827359676361083984 -1.17227733135223410876 -0.42546784877777099609 0.71903467178344726562 -0.23340816795825949925
-1.32251095771789550781 -1.28472018241882324219 -0.55078411102294921875 0.34521168470382690430 0.94467294216155994757 0.36369127035140991211
0.49619296193122858218 -0.59390807151794433594 1.61204397678375244141 -1.32214438915252685547 1.66973125934600830078 1.32024621963500976562
0.21445707976818079166 0.76713174581527709961 -0.70298075675964355469 1.57514345645904541016 1.12179529666900634766 -0.04208925366401670282
-1.23030495643615722656 -0.96542572975158680304 -0.67056864500045776367 -0.68159699440002441406 -1.76008737087249755859 -0.19940918684005728978
0.62899363040924072266 0.39845061302185058594 0.82333362102508544922 -0.94369983673095703125 -0.16845521330833429507 -1.26262450218200683594
1.11963915824890136719 0.86605119705200195312 1.26345634460449218750 1.01045215129852294922 -1.53821015357971191406 -1.04495751857757568359
-0.66000014543533325195 -1.43130540847778320312 1.05411469936370849609 0.96939438581466674805 0.86951345205307006836 0.36581015586853027344
0.06638851016759869661 0.96511119604110717773 -1.45738995075225830078 -1.72329938411712646484 -0.41906550526618957520 -1.68413722515106201172
-0.33791139721870422363 -0.76317989826202392578 0.96939909458160400391 1.65435361862182617188 -1.62069547176361083984 1.50378775596618630139
-1.04642355442047119141 -0.09873716533184050126 -1.73874425888061523438 -0.50739628076553344727 1.50884580612182617188 1.34431445598602294922
0.53639799356460571289 0.35167270898818969727 0.30794841051101679019 1.73713600635528564453 -1.25846958160400390625 -0.13458515703678131104
0.18322938680648800935 0.78646183013916015625 -1.26531946659088112561 1.45334088802337646484 0.26723989844322199039 -0.20445324480533599854
-1.17862951755523681641 -0.50659918785095214844 -1.05466437339782714844 0.78803086280822753906 0.67679762840270996094 1.19382154941558837891
0.43817490339279169254 0.56708741188049316406 -0.06707116216421120380 -1.26086485385894775391 1.41489636898040749280 -1.27487945556640625000
-0.56836801767349243164 -0.36228492856025690250 -0.83059704303741455078 -0.02819258160889140039 -1.78308820724487304688 0.25717300176620477847
0.82133513689041137695 0.21345755457878110017 1.41282248497009277344 -0.36928945779800409488 -0.66148316860198974609 -0.92092263698577880859
0.18154408037662500552 0.27830165624618530273 -0.26633226871490478516 0.75614178180694580078 -1.43385422229766845703 0.11976704746484749531
0.61032873392105102539 0.78975754976272583008 -0.96813488006591796875 0.48288482427597040347 0.87007850408554077148 -1.11243689060211181641
0.13735944032669059056 -0.07975752651691429829 0.39734834432601928711 0.84665614366531372070 0.10732903331518170442 0.85618180036544799805
-0.19876979291439050845 -1.14784157276153564453 1.68785035610198952405 1.60367453098297119141 -0.37723171710968017578 1.63047099113464355469
-1.39250874519348144531 -1.40480852127075195312 -0.32851409912109369449 -1.15535891056060791016 -0.14416134357452389803 -0.71936130523681640625
0.01081204321235409993 -0.14513787627220151033 0.36030402779579162598 -1.13541734218597389905 0.33789214491844177246 0.52182233333587646484
-0.02008338645100590097 0.01570053957402699901 -0.08460714668035500263 0.08433090895414349641 0.43152913451194757632 0.52874022722244262695
0.07399944216012950549 1.00253534317016601562 -1.73197352886199951172 0.74114948511123657227 -0.66238325834274291992 -0.70900756120681762695
1.97994863986968994141 1.09028482437133789062 1.64960551261901855469 1.27846109867095969470 1.21824955940246582031 1.80484294891357444079
1.03042840957641601562 0.81735044717788696289 0.37580227851867670230 -0.11215645819902420044 1.33934831619262695312 -1.81817758083343505859
-0.10104616731405249852 -0.25945153832435607910 -0.14539216458797449283 1.48102474212646484375 -1.25029623508453369141 1.11085677146911621094
0.38192084431648248843 0.48279911279678339175 -0.29331982135772699527 -1.17138135433197021484 -0.78316104412078857422 -1.50049376487731911389
-1.00571155548095703125 -1.28189146518707275391 0.53840118646621704102 -1.61780405044555664062 -1.04370784759521484375 -0.83810460567474365234
-0.23347219824790949039 -0.45780408382415771484 0.69959813356399536133 -0.22644798457622519749 -0.61132901906967163086 0.98469454050064075812
-0.54676234722137451172 0.02473332919180390096 -1.28876495361328125000 -1.27239596843719482422 -1.77223682403564430921 0.61284148693084716797
1.25018084049224831311 1.21329319477081298828 1.05903589725494384766 -0.86782336235046386719 0.35261988639831537418 -0.92015874385833740234
-0.63069695234298706055 -0.85255712270736694336 0.30073833465576171875 1.53976285457611083984 0.58560365438461303711 1.28734195232391357422
0.52150452136993408203 0.76846408843994140625 0.04834147542715069856 0.16403545439243311099 -1.43989574909210205078 -1.73222506046295166016
-0.67058724164962768555 0.06827899813652030248 -1.72808444499969482422 -0.33062726259231567383 0.40353274345397949219 1.28794097900390625000
-0.08079676330089559377 0.46659740805625909976 -0.94789314270019520148 1.56494796276092529297 -0.73269271850585937500 0.72574096918106079102
1.46319675445556640625 1.40439820289611816406 0.48391786217689508609 -1.27848172187805175781 1.07323575019836447986 0.34063550829887390137
-1.32889091968536376953 -0.48024117946624750308 -1.79679954051971435547 -0.54629904031753540039 1.56586754322052001953 1.52891945838928222656
-2.15450072288513183594 -1.62019169330596923828 -1.34762322902679443359 0.26893553137779230289 -0.62329846620559692383 -0.30495551228523248843
-0.37143543362617492676 0.51716119050979614258 -1.46276593208313010486 1.71172559261322021484 0.98165559768676757812 1.68856418132781982422
1.05030155181884765625 1.33268117904663085938 -0.36383149027824401855 -0.77665990591049194336 0.08792328834533690018 -1.30607342720031738281
-2.06703782081604003906 -1.69180274009704589844 -1.69801950454711914062 1.32714784145355224609 0.98751449584960937500 1.11437344551086447986
-0.72570282220840454102 -0.62341284751892089844 -0.47388625144958490543 1.34138989448547363281 -0.22575028240680689029 1.39030694961547829358
1.63844144344329833984 1.23592782020568847656 1.47800970077514648438 -0.91903424263000477179 1.48024702072143554688 0.70624208450317382812
1.08520793914794921875 1.05539011955261230469 0.48411327600479120425 -1.04361879825592041016 -0.80475032329559326172 -1.86854040622711203845
1.41147637367248535156 0.37944042682647699527 1.43119335174560569079 -0.86453366279602050781 -0.94817376136779796258 -1.97603607177734397204
-1.27161026000976562500 -1.32039415836334250720 -0.51165014505386352539 -1.15674626827239990234 -1.47619783878326416016 -0.92777645587921142578
2.00160193443298339844 1.55293059349060058594 1.43515169620513916016 0.79377764463424682617 0.08904682099819180574 1.89129662513732910156
-0.56917858123779296875 0.16743630170822140779 -1.68204343318939208984 -0.67296010255813598633 -0.33274242281913757324 1.20536470413208007812
-0.48380559682846069336 -0.71771985292434692383 0.57101285457611083984 -1.45929992198944091797 -0.34880095720291137695 0.05431740358471869728
-0.88959878683090209961 -1.08948850631713889392 0.07189034670591350207 0.86109733581542968750 -0.65246313810348510742 0.47031128406524658203
0.12119531631469719624 -0.52702486515045166016 1.06005072593688964844 -1.04257738590240478516 -1.35975515842437744141 0.53684920072555541992
0.12439049035310739688 0.29619449377059930972 -0.56631964445114135742 0.62166094779968261719 0.46814903616905212402 0.44898125529289240054
0.22890943288803100586 0.44871151447296142578 -0.69617325067520141602 -1.49353265762329101562 -0.40499055385589599609 -1.03912794589996337891
-0.63107544183731079102 -0.18312905728816980533 -1.07036936283111550061 -0.52843701839447021484 1.23173940181732177734 1.05826067924499511719
-0.27164980769157409668 -0.08619295805692669954 -0.64170783758163452148 -0.76530939340591430664 -0.41423392295837402344 0.44079875946044921875
-0.08305308967828750610 -0.65025818347930908203 1.28692209720611550061 -1.61665391921997070312 0.11749570071697229556 0.73795080184936523438
1.08335435390472389905 1.17037510871887207031 0.37988448143005371094 1.58413076400756835938 1.34820103645324707031 -0.37704229354858398438
0.66534960269927978516 -0.22405090928077689427 1.56144344806671142578 -0.20757782459259030428 -0.80300837755203247070 0.51069796085357666016
-1.64482998847961447986 -1.05513894557952880859 -1.46539175510406494141 -0.65961951017379760742 0.84135776758193969727 0.23538337647914880923
1.12996888160705566406 1.71785271167755126953 -1.40588974952697753906 0.27169141173362731934 -0.80232626199722290039 0.83444392681121826172
0.22217555344104761295 0.86769729852676391602 -1.60015964508056640625 1.30044841766357421875 0.07272057980298990421 -0.31875669956207269840
-0.25505164265632629395 -0.61775016784667968750 0.35547605156898498535 0.83819252252578735352 -0.98375934362411499023 1.07487380504608154297
0.30296272039413452148 1.37857282161712646484 -1.58848428726196289062 1.11922454833984375000 -1.35138845443725608142 -1.22756445407867431641
-0.99580305814743041992 -1.17713141441345192639 0.33335110545158380679 0.29424327611923217773 1.24719274044036887439 0.50244367122650146484
0.14189800620079040527 0.04899574816226950208 0.01168237999081610072 1.20767402648925781250 1.36282300949096679688 1.17869734764099121094
-0.51631146669387817383 -1.15504133701324462891 1.33750605583190917969 -0.70414870977401733398 -0.18300284445285788792 0.15170140564441680908
-0.99987566471099842413 -1.18271124362945556641 0.15028740465641018953 1.25584566593170166016 -0.39270061254501342773 0.35963580012321472168
0.22850531339645380191 0.20388646423816680908 0.45972782373428339175 -0.40502005815505981445 0.01670493744313709950 0.04783497750759119899
1.32880139350891113281 1.01813769340515136719 0.55624651908874511719 1.02254104614257790296 1.47876155376434326172 -0.51078546047210693359
-0.81634956598281860352 -0.67177808284759521484 -0.49414971470832819156 0.13368816673755640201 0.64718526601791381836 0.91883456707000721320
-0.47084102034568781070 -0.50396883487701416016 -0.42555606365203857422 -0.17670290172100058812 -0.03012874349951739916 0.95273524522781360968
0.68324065208435058594 0.83969634771347045898 0.02997518330812450060 0.09945689886808389835 1.68890905380249023438 -1.60093438625335693359
0.37242022156715387515 0.45342367887496948242 -0.21089145541191101074 -1.23380744457244873047 0.50876545906066894531 -1.29971599578857421875
-1.39270341396331809314 -1.59146082401275634766 -0.36088830232620239258 0.71453452110290527344 0.57129222154617309570 0.15670104324817649144
0.32229447364807128906 0.63843894004821777344 -0.60491955280303955078 0.73213458061218261719 -0.02876363135874270005 -0.48924449086189270020
1.43815195560455322266 1.76187252998352050781 -0.08512797951698300447 -1.19480514526367209704 -0.60498535633087158203 0.11603880673646919941
-0.31180521845817560367 -1.12304043769836447986 1.66017317771911621094 -1.07536351680755615234 0.38208460807800287418 0.74220174551010131836
2.20601439476013183594 1.74359869956970192639 1.62522339820861816406 -1.24764335155487060547 -1.44333505630493164062 -0.17371097207069388646
-1.16865432262420632092 -1.71556615829467751233 1.30585587024688720703 -0.70075458288192749023 -0.43285331130027770996 -0.24678504467010489720
0.83793008327484130859 1.74889445304870605469 -1.65518689155578591077 -0.16645939648151389378 0.34445780515670770816 0.28790414333343500308
1.10373330116271950452 1.02777385711669921875 0.44177260994911188297 1.73889648914337158203 1.55329895019531250000 -0.60213595628738403320
-0.60929828882217407227 -0.03796387091279029846 -1.51011085510253906250 -0.61998736858367919922 -0.14887169003486630525 0.92235970497131358758
0.79611700773239135742 0.48777642846107477359 1.46461522579193115234 0.70444554090499877930 -0.70424616336822509766 -0.94879150390625000000
-2.12550449371337890625 -1.46217000484466552734 -1.64514243602752685547 -0.60853451490402221680 1.36802732944488525391 0.03318030387163160150
0.23402799665927878636 1.16252398490905761719 -1.81192100048065207751 0.79703187942504882812 -0.26370936632156372070 -0.77531534433364868164
0.38207074999809259586 -0.54745370149612426758 1.39851808547973632812 -1.14825928211212158203 -1.75902438163757324219 0.65963488817214965820
1.66975569725036621094 1.40246295928955078125 1.47449767589569091797 0.26026076078414911441 -0.40997460484504699707 1.10793924331665039062
1.56438791751861550061 0.70188021659851074219 1.41894841194152832031 1.12077534198761008533 0.92948037385940562860 -0.52731692790985107422
-1.32289755344390869141 -0.94432228803634643555 -0.64747768640518188477 -0.21474550664424890689 -1.29437482357025168689 -0.20980489253997799959
-0.76913756132125854492 -0.98547476530075084344 0.45869040489196777344 0.20191845297813409976 1.53260982036590576172 0.91122865676879882812
0.54828673601150512695 1.15600728988647460938 -1.17886686325073242188 1.43026041984558105469 1.33159446716308593750 -0.70335131883621215820
2.12904357910156250000 1.47167170047760009766 1.59762477874755859375 0.35348239541053771973 -1.37029075622558593750 1.29683279991149902344
1.47767543792724609375 1.58253812789916992188 0.09152393043041219534 1.03081095218658447266 -0.73475062847137451172 0.86829990148544311523
-1.58926415443420410156 -0.93955790996551524774 -1.39071321487426757812 -1.09090518951416015625 1.54929769039154030530 -0.05901755765080449884
0.40427440404891967773 0.36127677559852600098 -0.45376306772232050113 1.14088714122772216797 -1.76326990127563476562 -0.39600965380668640137
-1.42581927776336669922 -1.42775738239288330078 -0.64998662471771240234 -0.83608764410018920898 -0.27990669012069702148 -0.32280251383781427554
-0.24817189574241629857 0.00634049717336889959 -0.78131204843521118164 1.23526334762573242188 -0.31301170587539667300 1.25123631954193115234
1.81454575061798095703 1.17479181289672829358 1.46704947948455810547 1.00937235355377197266 -1.01395916938781738281 1.03519952297210693359
-0.54598474502563476562 -0.77887427806854248047 0.08224222809076299490 0.64172315597534179688 1.22972631454467751233 1.28155255317688010486
-1.70422971248626708984 -1.46787881851196289062 -0.54903244972229003906 -1.42121362686157248767 -0.50198829174041748047 -1.06322646141052246094
-0.02764471992850299834 0.53781259059906005859 -1.20033013820648193359 0.39590919017791748047 -1.68175077438354492188 -0.13309298455715179443
0.79761916399002075195 0.34026712179183959961 0.84740638732910156250 -1.24586224555969238281 1.62506270408630371094 -1.27543151378631591797
-0.84369295835494995117 -0.08530628681182859940 -1.34582090377807617188 1.30646717548370361328 -0.95541757345199584961 1.65721654891967751233
-0.75706183910369873047 -1.34259402751922607422 0.68091219663619995117 0.03555547818541519856 -0.11715065687894819779 0.38647386431694030762
-0.32049882411956781558 -0.33894976973533630371 -0.08188527077436440205 0.67800354957580566406 -0.30792525410652160645 1.22091794013977050781
-0.00216663861647239985 0.06985249370336529817 -0.56012898683547973633 0.94822323322296142578 -1.67208707332611083984 0.57646203041076660156
-0.87936025857925415039 -0.80491900444030761719 -0.23456956446170801334 -0.29040089249610900879 0.51209139823913574219 0.48693546652793878726
0.23429480195045471191 -0.54195427894592285156 0.82773852348327636719 -1.16657185554504394531 -1.26498508453369140625 0.36346831917762750797
0.95632219314575195312 0.74318033456802368164 0.33663001656532287598 -1.27894032001495361328 -0.76602399349212646484 -2.64252018928527832031
0.49895563721656799316 0.31265321373939508609 0.02508096769452089828 0.81622767448425292969 -0.05657643452286720276 -0.52611356973648071289
1.60142755508422829358 1.16908466815948486328 1.19057404994964599609 -0.17053396999835959691 -0.95375692844390880243 -0.21937277913093561343
0.82963818311691284180 1.49281609058380126953 -1.03631830215454101562 0.24647212028503409642 -1.57106721401214599609 -1.02748894691467285156
-0.71899527311325073242 -1.15912139415740966797 0.64104175567626953125 -0.15732149779796600342 -0.62504094839096069336 0.16762232780456540193
1.05291032791137695312 0.73541682958602905273 1.17689633369445800781 -1.41235554218292236328 -1.03989589214324951172 -2.09342908859252929688
0.36396038532257080078 0.43241530656814569644 0.10703728348016730565 -0.27679777145385742188 -1.72440588474273681641 -1.35022032260894775391
-0.04046947881579390088 0.47275862097740167789 -1.20385181903839111328 0.68614000082015991211 -1.28005850315093994141 0.03575823828577989749
0.84925693273544311523 1.40054559707641601562 -0.53675675392150878906 0.69054162502288818359 -0.09740622341632840242 -0.96123552322387695312
1.47674334049224831311 1.57582485675811767578 -0.03779329359531399812 -1.41175305843353271484 0.21723620593547821045 -0.04131432250142089840
1.18091142177581809314 0.42127424478530878238 1.27680230140686035156 -0.41479873657226562500 1.22629535198211669922 -1.25454735755920410156
0.17037804424762720279 0.73933631181716918945 -0.69658982753753662109 -1.03497612476348876953 0.62210255861282348633 -1.20136404037475608142
-0.37670370936393737793 -1.27027165889739990234 1.67898452281951904297 -1.11633789539337158203 -1.56326711177825927734 0.11458873748779289936
1.48157072067260742188 0.77896130084991455078 1.58034539222717285156 -0.75976282358169555664 1.45685005187988281250 -0.99090474843978881836
-0.41557604074478149414 -0.09766736626625059647 -0.38843113183975219727 0.59581440687179565430 -1.29163014888763449939 0.78261977434158325195
-1.26821827888488769531 -0.94277662038803100586 -1.41457116603851318359 -0.00315573578700419988 1.23943293094635009766 0.89833307266235351562
1.20089173316955566406 0.90255737304687500000 1.54673039913177490234 -0.30073568224906921387 0.03340657055377960205 -0.99995815753936756476
-0.85902363061904907227 -0.55778431892395019531 -0.82985913753509521484 0.81268930435180664062 -0.84947115182876586914 1.19905114173889160156
0.74803167581558227539 1.13374650478363037109 -0.59965485334396362305 -0.39729022979736328125 1.54774332046508789062 -1.51241385936737060547
0.06128188595175740327 -0.86565816402435302734 1.46480190753936767578 -1.55376827716827392578 -0.20134954154491419009 0.68624722957611083984
0.20488631725311279297 0.56926548480987548828 -1.05266666412353515625 -1.32260274887084960938 1.23621547222137428967 -1.01703894138336181641
1.16627800464630126953 1.48807311058044433594 -0.09378502517938609728 -1.11683845520019509046 -0.88650441169738769531 -0.84263122081756591797
1.86359524726867675781 1.23781931400299072266 1.45634543895721435547 1.66142606735229492188 -1.07531642913818359375 1.63543498516082763672
-1.21297466754913330078 -0.76004171371459960938 -0.89277929067611694336 1.55244123935699462891 0.04668556526303289933 1.14203715324401855469
-0.94586765766143798828 -1.24999451637268088611 0.67345172166824340820 0.54637759923934936523 -1.35755062103271484375 0.18729236721992489900
-2.03373908996582031250 -1.05135500431060791016 -1.82097041606903076172 -1.50224065780639648438 0.98233664035797119141 -0.06206065788865079702
0.12779642641544339265 0.39855119585990900211 -0.25604513287544250488 -1.12045633792877197266 -0.35689452290534967593 -0.80307596921920776367
-0.61290043592453002930 -0.94407635927200317383 0.20952856540679928865 0.84026342630386352539 -0.18177039921283719148 0.68865698575973510742
-1.55828821659088112561 -1.42945897579193115234 -0.23573821783065790347 -0.87452727556228637695 1.55058574676513671875 -0.26671183109283447266
1.34856235980987571033 1.36221778392791770251 -0.39929118752479547672 -1.55126667022705078125 -0.22091209888458249178 -0.78614300489425659180
-0.97154092788696277960 -0.26566004753112787418 -1.78558242321014404297 -1.70009922981262207031 -1.53898513317108154297 0.41591280698776239566
-1.65520715713500976562 -1.38802814483642578125 -1.28434121608734130859 0.59888333082199096680 0.39686685800552368164 0.35862898826599121094
-0.40139585733413690738 0.64517849683761596680 -1.04990613460540749280 0.98537641763687122687 -1.50470423698425292969 0.32875615358352661133
-1.84932029247283957751 -1.64993989467620849609 -1.01995694637298583984 1.44459676742553710938 -1.70503866672515869141 0.04097801819443699922
0.42734199762344360352 1.17355024814605712891 -1.49230957031250000000 -0.42945721745491027832 -0.34211862087249750308 -1.85834550857543967517
0.08789864182472220677 -0.42348900437355041504 1.02669692039489768298 1.34447252750396728516 0.52336978912353515625 1.61340653896331809314
0.98843240737915039062 0.87351691722869873047 0.72675317525863647461 -0.96073108911514282227 1.01228094100952170642 -1.84179115295410156250
-1.14242160320281982422 -0.81427454948425292969 -0.72135853767395019531 1.29359447956085205078 -0.67558163404464721680 0.64622408151626586914
1.85435903072357199939 1.56103384494781494141 1.14099097251892089844 -1.07635354995727539062 -0.28604030609130859375 0.66451740264892578125
0.30220544338226318359 0.50397706031799316406 0.06731816381216039480 1.24163877964019775391 0.35729032754898071289 -0.28871780633926391602
-0.75494641065597534180 -1.12615513801574707031 0.96491265296936035156 0.06637942790985100483 1.08609116077423095703 0.72175359725952148438
-1.27887570858001708984 -1.09697735309600830078 -0.76475757360458374023 -1.59374034404754638672 0.90980178117752075195 -0.49536654353141779117
0.67072862386703491211 1.44805133342742919922 -1.37855505943298339844 -0.50146794319152832031 -1.61326265335083007812 -1.58465766906738281250
1.06604313850402832031 0.72614240646362304688 0.52011859416961669922 -0.02221337333321569962 0.83180725574493408203 -1.79665958881378151624
0.71082651615142822266 0.52260798215866088867 0.05408592894673339840 -1.58293175697326660156 -1.39069378376007080078 -2.31895017623901367188
0.80350190401077270508 0.33446449041366571597 1.24323415756225608142 -0.54187917709350585938 0.31815919280052179507 -0.79502493143081665039
0.49862042069435119629 -0.17522498965263361148 1.30030107498168967517 1.56033146381378151624 -1.74859595298767089844 0.75549376010894775391
-0.13059362769126889314 0.19128116965293878726 -0.69153857231140136719 1.39357674121856689453 -0.30072796344757080078 0.98677283525466918945
-0.22801901400089261140 0.42715114355087280273 -1.73461639881134033203 -0.33084818720817560367 -1.52400314807891845703 0.51596963405609130859
1.37935447692871093750 1.16162228584289550781 0.62756544351577758789 -0.60061466693878173828 1.48317146301269509046 -0.50241959095001220703
-0.26503822207450861148 -0.04467206075787540087 -1.17929518222808837891 0.42418056726455688477 0.44269406795501708984 1.41274869441986083984
1.24349665641784690173 1.28931462764739990234 0.58743375539779663086 -1.27147781848907470703 1.14649343490600608142 -0.63293766975402832031
-1.03075397014617919922 -1.52482235431671142578 0.63395667076110839844 -1.67462694644927978516 0.90440094470977783203 -0.68868148326873779297
1.11212778091430664062 1.69490718841552712171 -1.28835594654083229749 -0.78982764482498168945 1.06579184532165527344 0.34058144688606262207
-1.33176314830780029297 -1.03286409378051757812 -1.20250606536865234375 -0.38927021622657770328 -0.30191260576248168945 -0.03032654337584969953
1.16548240184783935547 0.37573534250259399414 1.42616784572601318359 -0.23814898729324340820 -1.30398035049438476562 -1.44179868698120117188
-1.05572497844696044922 -0.85318326950073242188 -0.69317549467086791992 -1.24448382854461669922 -0.56321722269058227539 -0.18842737376689910889
1.23460602760314941406 1.14260017871856689453 1.00672805309295632092 0.64021837711334228516 -0.96514630317687999383 -0.88895928859710693359
0.13107779622077939119 0.32892900705337518863 -0.82715874910354614258 -0.16155715286731719971 -0.93545693159103404657 -0.12971700727939600162
-0.28609845042228698730 -1.10258102416992209704 1.68635487556457519531 -1.21693515777587890625 -0.05221968516707419655 0.63238799571990966797
-0.57714343070983886719 -0.27995753288269037418 -0.71927559375762939453 -0.05679802969098089738 1.50837230682373046875 1.57944095134735107422
0.92917805910110484735 0.81966763734817504883 1.05637550354003906250 -1.46233844757080078125 0.62706798315048217773 -1.77225375175476074219
-1.55947017669677712171 -0.86984586715698242188 -1.75804960727691650391 -0.77685600519180297852 0.31797686219215387515 0.45408222079277038574
0.84632146358489990234 0.93563866615295399054 -0.42010232806205749512 1.10416436195373535156 -0.11046844720840449938 -1.34248435497283935547
0.93618363142013560907 1.36875915527343750000 -0.49391275644302368164 -0.66465300321578979492 -0.34989112615585321597 -1.53448045253753662109
-0.84676265716552734375 -0.84991300106048583984 -0.69207489490509033203 -0.73057389259338378906 1.65189445018768310547 0.49554598331451410465
1.02364909648895263672 1.51527798175811767578 -1.05300736427307128906 -1.34667050838470458984 -0.29856553673744201660 -0.86493754386901855469
-0.97778278589248657227 -0.77012938261032104492 -0.19896928966045379639 -0.46144673228263849429 -1.12972640991210937500 0.05315621569752689707
0.00395208410918710014 -0.46714609861373901367 0.52355420589447021484 1.36004412174224831311 0.60766732692718505859 1.67955434322357177734
0.13493591547012329102 -0.08028431236743920063 0.34843155741691589355 1.63145315647125244141 1.09160828590393088611 1.16777718067169189453
-1.56286990642547607422 -1.61388504505157470703 -0.66632467508316040039 0.62931990623474121094 -0.35130819678306579590 0.07644867151975630326
0.44582086801528930664 0.21516868472099298648 0.57933968305587768555 1.65131175518035888672 0.53008025884628295898 0.75259453058242797852
-1.09430932998657248767 -0.47907766699790949039 -1.22187006473541259766 0.98378264904022216797 1.62367498874664306641 1.55075347423553489001
-1.64235794544219970703 -0.85441404581069946289 -1.61919975280761718750 1.07258415222167968750 -0.14239378273487091064 0.96692484617233276367
-1.92554318904876708984 -1.53104352951049804688 -1.36069643497467041016 -1.46404969692230224609 0.75986152887344360352 -0.53206390142440795898
-0.73806965351104736328 -0.41422191262245178223 -1.16581273078918457031 0.05143541470170019669 0.50532442331314086914 1.24100136756896950452
-1.01705253124237060547 -1.67443764209747314453 1.03850650787353515625 0.55040872097015380859 0.77127420902252197266 0.54854023456573486328
-0.23406009376049038972 0.66805613040924072266 -1.46375584602355957031 0.27473083138465881348 -0.22585700452327719945 0.56536048650741577148
1.25825047492980957031 1.16042900085449218750 0.37524026632308959961 0.54336947202682495117 1.44668459892272949219 -0.34364122152328491211
-1.06370234489440917969 -0.58502495288848876953 -1.12943947315216064453 0.03556429222226140108 -0.57728433609008789062 0.63594627380371093750
-1.78249704837799072266 -1.09907376766204833984 -1.20485353469848632812 0.04007370024919509888 -0.44577240943908691406 -0.11877273023128509521
0.09495713561773300171 0.80239748954772949219 -0.93474555015563964844 0.47720164060592651367 1.21595466136932350842 -0.38530665636062622070
-0.50743973255157470703 -1.30771839618682861328 1.00590324401855490954 -0.08111033588647839632 0.23110930621623990144 0.22465172410011288728
1.04785132408142089844 0.10250800848007199373 1.62878251075744628906 0.95920711755752563477 -0.67814505100250244141 -0.08954928815364829320
0.99791854619979858398 1.40656232833862304688 -0.05697133019566529705 1.63875162601470969470 -1.40083062648773193359 -0.25775471329689020328
-1.59917950630188010486 -1.58818459510803222656 0.00591831747442479999 0.68651342391967773438 1.06420147418975830078 0.19303281605243680086
0.49918830394744867496 -0.06857683509588240189 1.30752837657928489001 -0.99457174539566040039 0.04436656460165969845 0.34767830371856689453
-1.09205162525177001953 -0.36395123600959777832 -1.06962239742279030530 -1.18173015117645263672 -0.73232030868530273438 0.12292449176311490144
0.30899634957313537598 0.46991318464279169254 -0.74871999025344848633 -0.38188168406486511230 -0.59461665153503417969 -0.78908109664916992188
1.14671075344085693359 1.28863203525543190686 -0.57118463516235351562 -1.64778661727905273438 -0.37376257777214050293 -1.68014907836914062500
-0.65631061792373657227 -0.95501601696014404297 0.67452317476272583008 -1.49354112148284912109 -1.00347614288330078125 -0.47681793570518488101
-0.90234458446502685547 -1.36859261989593505859 0.72577029466629028320 -0.94658946990966796875 0.82452601194381713867 0.01397045329213139966
0.57636111974716186523 1.52958619594573952405 -0.86115992069244384766 -1.54405570030212402344 -0.66231507062911987305 -2.30358076095581054688
