-0.52207660675048828125 0.08947055786848059911 0.09438451379537579622 -0.28339597582817077637 1.41715574264526367188 1.43918645381927490234 0.80136770009994506836 -0.19411441683769220523 1.33015394210815429688 0.70496517419815063477 1.13876879215240478516
-0.88752681016921997070 -0.31196919083595270328 0.22405432164669031314 0.57560563087463378906 -1.22082400321960449219 -1.80578231811523437500 0.14053796231746670808 1.35126936435699462891 -0.29689103364944458008 0.35535603761672968082 0.66595155000686645508
-0.33460924029350280762 -0.06706525385379789872 0.09373486042022699527 -0.55133944749832153320 -1.17053472995758056641 1.40291810035705566406 1.17174482345581032483 0.80371731519699096680 -0.84576332569122314453 -1.63876640796661376953 0.09687500447034830264
-0.80376106500625610352 -1.25216424465179443359 -0.77078706026077270508 -0.09459535032510750507 1.00114881992340087891 -1.10838055610656738281 0.95077353715896595343 0.88993602991104125977 -1.57555651664733886719 1.16259574890136718750 0.52759277820587158203
0.83843684196472167969 0.02180532924830910074 -0.11806295812129970202 -0.41396406292915338687 1.85874629020690873560 -1.60514461994171142578 0.67980051040649414062 -1.36588943004608154297 -1.09013092517852783203 -1.43330788612365722656 -0.04647552222013470041
-0.15789793431758880615 0.52853405475616455078 0.20873229205608359593 -0.29577359557151788882 0.92707985639572143555 -1.31223285198211669922 -1.45717728137969970703 -0.10750597715377800678 0.39952158927917480469 1.23093807697296142578 -0.14058655500411978978
-1.10521090030670166016 -1.52829539775848410876 -0.80157011747360229492 0.23615640401840209961 -1.24616575241088889392 -1.17782378196716308594 -1.35193884372711181641 -0.55980956554412841797 -0.41660866141319269351 0.14050751924514770508 -0.06334059685468669543
0.03271834552288049869 -0.70908749103546142578 -0.14167669415473929662 1.66200125217437744141 -1.14544546604156494141 -0.29972144961357111148 -0.59127384424209594727 1.61759674549102783203 0.59537059068679809570 1.53196525573730490954 1.53648304939270019531
0.03383003547787660076 -0.26418671011924738101 -0.35580539703369140625 -0.34931504726409912109 1.56053531169891357422 1.48259675502777099609 0.94259756803512562140 -0.34081685543060302734 0.44937118887901300601 0.39891055226325988770 1.61619126796722389905
2.37734818458557173315 1.90776896476745605469 -0.61392927169799804688 -1.50466477870941162109 -1.05391371250152610095 0.54903566837310791016 1.41338348388671875000 1.01797688007354736328 0.20307056605815879124 -1.08368110656738281250 -0.95431751012802124023
-0.06520311534404750475 0.19609257578849789705 -0.39865019917488098145 -0.67442232370376586914 1.57705152034759521484 0.86067765951156616211 0.06951918452978129992 -1.33849382400512695312 1.67884981632232688220 1.56827902793884277344 0.71207135915756225586
1.40444624423980712891 1.18067479133605957031 -0.37529748678207397461 -1.09197950363159179688 -0.11657328158617019653 -0.12508310377597808838 1.32227408885955810547 -1.25054740905761718750 -1.05116415023803710938 0.63490772247314453125 -1.69726014137268088611
0.04784743860363960266 0.42334961891174310855 -0.77204364538192749023 -1.55282735824584960938 -1.34192109107971191406 1.25933039188385009766 0.16701866686344141177 -1.11468005180358886719 -0.35055840015411371402 0.92451894283294677734 -0.82955974340438842773
0.14015175402164459229 0.18690367043018341064 -0.25254198908805841617 -0.45797115564346307925 -1.14620709419250488281 -1.76326930522918701172 -0.90824574232101440430 1.26043605804443359375 -1.29205441474914550781 0.58016729354858398438 -0.03744040429592129793
-1.20846736431121848376 -0.42483106255531311035 -0.85047847032546997070 -1.10687196254730224609 -0.40610513091087341309 -0.85069417953491210938 0.39828398823738098145 0.32817119359970092773 0.13208313286304471101 -1.50773644447326660156 0.48559746146202087402
0.00004861744673689827 0.32340615987777709961 -0.07099753618240349506 0.75971549749374389648 -0.52119678258895874023 -0.63500171899795532227 -1.45715594291686989514 0.49945840239524841309 -0.89429807662963867188 -1.10898375511169433594 0.48860293626785278320
1.25820791721343994141 1.53978610038757324219 0.44365197420120239258 -0.32994094491004938297 -1.55263352394104003906 0.61526489257812500000 1.36625897884368896484 1.15738534927368164062 -0.71640741825103759766 -0.37042337656021118164 -1.21684765815734863281
-1.52399826049804687500 -1.42591524124145507812 -0.37681406736373901367 0.85779869556427001953 -1.10661852359771728516 0.99045157432556163446 0.76426756381988525391 -1.52778410911560058594 0.36530458927154541016 0.14362798631191250887 -0.13267926871776580811
-0.10266996175050729923 0.04529904946684829709 -0.52714425325393676758 -1.48552978038787841797 -0.74547457695007324219 0.27750816941261291504 -1.31607246398925781250 -0.80540651082992553711 -1.08481347560882568359 0.37968051433563232422 0.12774460017681119051
-0.69529807567596435547 -1.48338115215301513672 -1.48402917385101318359 1.20127713680267311780 0.55018132925033569336 0.38135462999343872070 1.25360012054443359375 -0.73640102148056030273 -1.46947741508483886719 0.70082598924636840820 1.29064941406250000000
0.17111054062843319978 0.39825102686882019043 1.22661006450653076172 0.60634571313858032227 0.94106572866439819336 -0.09557963907718650121 0.38276204466819757632 1.21081638336181640625 -1.38997054100036621094 1.43983995914459250720 0.11390797048807140002
1.27959120273590087891 1.05265092849731445312 2.29274964332580566406 1.22866940498352050781 1.68966007232666015625 0.78848630189895629883 0.47549632191658020020 -0.86838710308074951172 1.64731764793395996094 0.25085467100143432617 -1.05723679065704367908
-0.63481652736663818359 -0.95859992504119884149 0.00730534223839640010 1.42187452316284179688 -0.62700712680816650391 0.84200364351272583008 1.21094441413879394531 -0.57657641172409057617 1.76481354236602783203 -0.27602562308311462402 1.07671391963958740234
0.74949890375137329102 1.02228009700775168689 1.58317947387695312500 0.37730360031127929688 1.19443082809448242188 -0.42246794700622558594 -1.36663424968719482422 -1.59345424175262428967 -0.26561680436134338379 -0.97237557172775279657 -1.99363744258880637439
-0.57977896928787231445 -1.24306094646453857422 -0.24576531350612640381 -0.90020745992660522461 -0.23026226460933679752 -1.20831298828125000000 0.01609120517969130082 1.03557074069976806641 -1.16892135143280029297 -1.38454210758209250720 0.16111567616462699193
-1.25125467777252197266 -1.12886297702789306641 -1.25245511531829833984 -1.63524115085601806641 0.25910931825637817383 -0.83490645885467529297 0.20446723699569699373 -0.99922829866409301758 -0.66536784172058105469 -0.81152433156967163086 -0.32700267434120178223
0.00393977854400869975 0.40092226862907409668 -0.17672978341579428929 -1.31522798538208007812 -1.25874876976013183594 -1.21284985542297363281 -1.56593775749206542969 1.01072990894317649158 0.50322979688644409180 1.33319854736328125000 -0.62172234058380126953
0.68567126989364624023 -0.08946207165718070287 -0.21346583962440490723 -1.10253775119781494141 1.86636137962341308594 0.44815912842750549316 -0.21592065691947928685 -0.59791320562362670898 1.55553591251373291016 1.02864062786102294922 -0.04602542519569390034
-0.52471625804901123047 0.06288197636604299368 -0.77071762084960937500 -0.64973944425582885742 -0.43780982494354248047 -1.66731381416320800781 -0.16174644231796259097 -1.67895030975341796875 -0.78371739387512207031 -0.95507818460464477539 0.70565754175186157227
1.38518130779266357422 1.27976655960083007812 0.19594876468181610107 -0.86189913749694824219 -0.34910771250724792480 0.58466893434524536133 -0.40018501877784729004 -0.46775090694427490234 -0.93966448307037364618 0.19044038653373709935 -1.38668012619018554688
-0.25536158680915832520 0.44897127151489257812 1.63141655921936035156 0.53184819221496582031 0.85234308242797851562 0.72331196069717407227 -0.00111924228258430004 0.94290500879287719727 -0.68156623840332031250 -0.88566571474075317383 0.31930375099182128906
1.90776157379150390625 1.63784718513488769531 0.54200094938278198242 -0.33162999153137201480 0.68608087301254272461 1.26254248619079589844 0.66154962778091430664 1.42159330844879150391 -1.50766670703887939453 -0.17569530010223388672 0.86856245994567871094
1.98145937919616699219 1.81002831459045410156 -1.65970683097839355469 -1.57377815246582031250 -0.60579854249954223633 -0.50528454780578613281 -1.05180537700653076172 -1.10912454128265380859 0.62586456537246704102 -0.46524369716644281558 1.27816665172576904297
-0.46854284405708307437 -0.26334738731384277344 0.40275630354881281070 0.98688298463821400031 -0.19436287879943839330 0.89931720495223999023 1.14908540248870849609 0.42015722393989557437 1.39830744266510009766 -0.54944592714309692383 1.44088780879974365234
0.29203391075134277344 0.37906590104103088379 1.42161512374877929688 0.82354909181594848633 0.41804707050323480777 1.09454607963561989514 0.11397598683834070377 0.85625803470611572266 -1.09720933437347389905 -1.27863812446594238281 -0.21658144891262048892
-1.34003722667694091797 -0.55950838327407836914 0.10700026899576180195 0.21034981310367578677 -0.81100839376449584961 -1.26880455017089843750 1.37320291996002197266 -0.46887668967247009277 -0.16298368573188778963 1.16140294075012207031 -0.11551628261804580688
1.74426126480102539062 1.45846498012542724609 -1.28348493576049804688 -1.51441383361816406250 0.29438647627830499820 -0.67878705263137817383 0.58064210414886474609 -1.29217219352722167969 0.69929093122482299805 0.45116794109344482422 0.44727870821952819824
-1.45522987842559792249 -1.58364093303680419922 -0.50755649805068969727 1.20195674896240234375 0.65492409467697143555 -0.87606948614120483398 -0.23202927410602569580 -1.45579934120178222656 0.76367706060409545898 1.30983126163482688220 0.48904988169670099429
0.89467287063598632812 1.21777617931365966797 2.58820867538452104029 1.87077152729034401624 1.20247030258178710938 -1.43946707248687744141 0.41337558627128601074 -1.07315754890441894531 0.16344994306564331055 1.46640789508819580078 -0.88327127695083618164
0.97054904699325561523 1.53851735591888449939 1.10772955417633056641 0.73134535551071166992 -0.05308217555284500122 1.49872481822967529297 -1.58376312255859375000 -1.00405085086822509766 -0.35365751385688781738 -1.72550964355468750000 -1.09443414211273193359
-0.61984395980834960938 0.27378231287002557925 -0.30941882729530328922 -0.26293918490409851074 -0.80092352628707885742 -0.47349140048027038574 -0.59511291980743408203 1.10543680191040039062 -1.08790481090545632092 -0.84037357568740844727 0.89674109220504760742
-1.42405760288238525391 -0.88425946235656738281 0.01158771198242899980 -0.76564395427703857422 -1.08478844165802001953 -1.31179988384246848376 1.12369930744171142578 -1.61710751056671142578 0.04013412445783610255 1.05754554271697998047 -0.30195808410644531250
0.21882909536361688785 0.29682776331901550293 -0.48445737361907958984 -0.83868569135665893555 0.20054240524768829346 -0.31522101163864130191 1.58824825286865234375 -0.36162811517715448550 -0.67633533477783203125 -1.38575065135955810547 -0.40699124336242670230
0.04784312844276419896 -0.50612479448318481445 -0.03995962440967559814 1.43853282928466796875 0.02510019950568670097 0.21493093669414520264 0.77268576622009277344 -0.17309889197349540013 0.67365121841430664062 -1.30406355857849121094 1.61507833003997802734
-0.96021592617034923212 -1.26940715312957763672 -1.39095830917358398438 -0.45533633232116699219 -0.87943577766418457031 1.13001561164855957031 -1.38261687755584716797 0.94147634506225597040 -0.28934788703918451480 1.47581434249877929688 0.23361787199974060059
0.46534761786460870914 0.52396100759506225586 1.44056618213653564453 0.94460779428482055664 -0.97109633684158325195 -0.74583643674850463867 0.90779709815979003906 -0.24075816571712491121 -0.99128967523574840204 -0.29623937606811517886 -1.15088558197021484375
0.77591001987457275391 0.68837487697601318359 2.40621352195739701685 1.54876208305358886719 -0.03997286036610599863 -0.34294894337654108218 -1.73166310787200927734 -0.72677129507064819336 0.76624256372451782227 -0.73202222585678100586 -1.35182607173919677734
1.37195014953613281250 1.81488740444183327405 -0.12748618423938751221 -0.85239273309707641602 -0.51508009433746337891 1.53934466838836669922 -1.15020024776458740234 -0.85771882534027099609 0.90094983577728282587 0.86394566297531127930 -0.00868768710643049932
-1.58843505382537841797 -1.32080125808715820312 -0.44380763173103332520 0.31482043862342828922 -0.59300690889358520508 -1.75424313545227050781 -1.09919238090515136719 0.75069403648376464844 -1.23021984100341796875 -0.45241257548332208804 -0.01907848753035059838
0.53115940093994140625 1.08332359790802001953 -0.84045892953872680664 -0.96780085563659679071 -0.11937561631202689427 0.32041403651237487793 0.68963783979415893555 -0.74815225601196289062 -1.53593528270721435547 1.39234590530395507812 -2.16717863082885742188
0.51927542686462402344 -0.09743985533714290270 -0.50856417417526245117 -1.45479702949523925781 1.33235895633697509766 0.97173368930816639288 -0.21199277043342590332 -0.05089001730084410230 -0.02880908176302909851 -1.49626076221466064453 0.25033956766128540039
-2.08001756668090820312 -1.61630022525787353516 -0.93047374486923217773 0.97656148672103881836 -0.25440546870231628418 1.35597562789916992188 -1.66437518596649169922 0.56408882141113281250 0.74037885665893554688 -1.28339815139770507812 0.39227506518363952637
0.69702649116516113281 1.80390751361846879419 3.18560361862182617188 1.25392794609069824219 1.04512155055999755859 1.48769700527191162109 0.31425234675407409668 0.70154577493667602539 -0.89760816097259521484 -0.38897421956062311343 -0.52168357372283935547
1.48451519012451149671 1.35511565208435058594 0.87852805852890014648 0.74792402982711791992 -1.22104144096374511719 0.94670468568801879883 1.29848361015319824219 -0.34588244557380670718 0.95878982543945323602 -0.65525507926940917969 -0.85370355844497680664
0.28596559166908258609 0.32735508680343627930 0.37471744418144220523 0.33037549257278442383 -0.08656201511621469669 0.57140833139419555664 -0.93617075681686401367 0.08311585336923589529 1.08499443531036376953 -1.01456010341644287109 -0.45965078473091119937
-1.50188016891479492188 -1.08204495906829833984 -0.99018895626068115234 0.16155382990837088841 -1.42534410953521728516 -1.58929800987243630139 -1.68846440315246582031 1.66297805309295632092 0.09546647965908050537 1.00919353961944580078 0.18289801478385919742
-0.61049747467041015625 -0.48635563254356378726 -0.07367267459630960635 0.49712628126144409180 1.77153134346008300781 -0.77710807323455810547 0.46425595879554748535 1.17189812660217285156 -0.34335672855377197266 -1.33713424205780029297 1.49740672111511230469
0.00077916140435260002 -0.25237265229225158691 1.04319894313812255859 0.95292091369628917352 1.55912685394287109375 -0.80020982027053833008 0.31728056073188781738 1.64655816555023193359 1.53038239479064941406 0.45321026444435119629 1.35674059391021728516
-1.04812395572662353516 -1.29342365264892578125 -0.57270896434783935547 -0.27372649312019348145 -1.17547130584716796875 -0.35286670923233032227 -1.33554816246032714844 -0.32260206341743469238 1.10213756561279296875 0.99434101581573475226 -0.09523054212331770463
0.97692072391509998663 1.54919767379760742188 -0.26907083392143249512 -1.30006885528564430921 1.15009784698486328125 0.92206013202667236328 0.24973797798156729955 0.63760477304458618164 0.77735280990600585938 -1.25242936611175537109 -1.24632155895233154297
-0.40794521570205688477 -1.05185890197753906250 -0.41234865784645080566 -0.70098787546157836914 0.76448225975036621094 -0.21228471398353571109 0.54715305566787719727 1.56139266490936279297 -0.48578798770904541016 1.04611217975616455078 0.54513341188430786133
0.71939957141876220703 0.69972807168960571289 -0.48932272195816040039 -1.34872496128082275391 1.74595165252685569079 0.13887810707092279605 1.14572286605834960938 0.66037184000015258789 -0.39719116687774658203 -0.99331694841384876593 -1.67200088500976562500
-0.50538533926010131836 0.07693511247634879369 -0.00158890092279759991 -0.11567612737417219682 1.10844564437866210938 -1.43935871124267578125 -0.91976588964462280273 -1.10506606101989768298 -0.10045930743217459935 -0.27259343862533569336 0.95010757446289062500
-0.18985410034656519107 -0.96592146158218383789 -1.14569211006164550781 -0.38499647378921508789 -0.91930317878723144531 0.36959964036941528320 1.09521222114563010486 0.55656331777572631836 0.54862844944000244141 -1.66800129413604736328 0.67424172163009643555
-0.49533379077911371402 -0.79343265295028686523 -1.08278429508209250720 -0.60576027631759643555 1.65393304824829101562 -0.72810959815979003906 1.49607837200164794922 1.14196145534515380859 -1.01856005191802978516 0.38279333710670471191 1.36326575279235839844
-0.03091292642056939904 -0.35833770036697387695 -0.27295917272567749023 0.78392320871353149414 0.10626342147588729858 1.39677178859710693359 -1.08680772781372070312 1.68537855148315429688 1.60454404354095458984 0.81878936290740966797 1.11131250858306884766
-1.25870394706726074219 -0.67153376340866088867 -0.25732812285423278809 1.72014391422271728516 1.51417076587677001953 1.04401314258575439453 1.27861845493316650391 -0.66660815477371215820 -1.52267992496490478516 0.82055950164794921875 1.37087523937225341797
0.43499004840850830078 0.14413711428642270174 -0.17886002361774439029 -0.93401122093200683594 -1.30184912681579589844 -0.63231432437896728516 -0.61820089817047119141 0.79075449705123901367 0.00792562030255790015 -1.66873800754547119141 -0.57909488677978515625
-0.79325115680694580078 -0.05078283697366710314 0.48962929844856262207 1.59495556354522705078 0.68732523918151855469 0.09936216473579399799 -1.45438039302825927734 -0.24300405383110040836 1.22071969509124755859 0.83716988563537597656 1.58017945289611816406
-0.55927324295043945312 -0.84932863712310791016 0.72191083431243896484 1.12414574623107910156 -0.99129456281661998407 -0.91349321603775024414 -0.91656839847564697266 -0.34497922658920288086 -0.68776524066925048828 -0.84274506568908691406 0.65053135156631469727
-0.96139413118362437860 -1.09014952182769775391 -0.33276629447937011719 -0.40434202551841730289 0.64125919342041015625 0.48166990280151361636 -1.35696732997894287109 0.60539835691452026367 -1.54264795780181884766 0.59901267290115356445 0.42351660132408142090
2.29836606979370117188 1.82278883457183837891 1.76344728469848632812 0.40295964479446411133 -0.41393822431564331055 1.42423963546752929688 -0.39150324463844299316 -0.67217737436294555664 0.84522914886474609375 -1.18731844425201416016 0.24829705059528350830
-0.71668732166290283203 -0.76796209812164306641 -0.55017358064651489258 -0.51560693979263305664 -0.24194583296775809544 -0.57190889120101928711 0.94368726015090942383 1.52006125450134277344 0.59619516134262084961 0.42744338512420648746 0.77158224582672119141
0.49518907070159912109 0.79718577861785888672 -0.22241419553756711092 0.06431573629379269685 -1.26319420337677001953 -0.74098533391952514648 1.35645163059234619141 1.49675536155700683594 1.50711250305175781250 0.71984016895294189453 -1.96200895309448242188
-0.94056648015975963251 -1.51281225681304909436 -1.58761286735534690173 0.60271805524826049805 -0.67787581682205200195 0.72580444812774658203 1.22833907604217529297 -0.69924360513687133789 -0.98885053396224975586 -1.28170168399810791016 1.03757619857788085938
