1.63778674602508544922 1.20816874504089355469 0.58502888679504394531 -1.46218252182006835938 0.46077057719230651855 0.49275892972946161441 0.14790299534797660130 0.09367816150188440494 0.28435748815536499023 0.85686379671096801758 -0.85786342620849609375
0.60520803928375244141 1.14000034332275390625 0.34724771976470947266 -1.36433994770050048828 -0.65264987945556640625 0.76910758018493652344 0.93971484899520885126 1.40378224849700927734 -1.02472448348999023438 -1.56910192966461181641 -0.12920784950256339330
-1.40596866607666015625 -1.55766630172729492188 -1.65832555294036887439 -0.55162990093231201172 -0.68745338916778564453 -1.09385955333709716797 1.08935165405273437500 -0.37993291020393371582 0.13566990196704858951 0.11247126013040539827 -0.82836753129959106445
-0.46740111708641052246 -0.42740297317504877261 0.06927559524774550004 -0.66372275352478027344 1.26499295234680175781 0.55553764104843139648 -0.98936295509338378906 -0.26850220561027521304 -1.01329982280731201172 0.76583635807037353516 -0.59266006946563720703
0.22582900524139398746 -0.20364281535148620605 0.53622251749038696289 0.77991849184036254883 1.08812940120697021484 0.73084372282028198242 0.79840469360351562500 1.17738282680511474609 0.71490174531936645508 -0.60463243722915649414 0.86771398782730102539
-0.30484709143638610840 0.85176062583923339844 -1.55065286159515380859 -0.73853439092636108398 -1.06072342395782470703 -1.80117273330688476562 -0.21556261181831359863 0.89414978027343750000 -1.06399035453796408923 1.27331554889678955078 0.56549811363220214844
-0.33101823925971979312 0.56660574674606323242 0.93119835853576660156 1.52575314044952392578 -0.57362794876098632812 -1.37617063522338889392 -0.38339924812316888980 0.92259973287582397461 -1.14149427413940429688 -1.46636152267456032483 1.43662798404693603516
1.61076831817626953125 0.09638832509517669678 -1.42364978790283203125 -0.19225434958934781160 0.65990006923675537109 -1.26677298545837402344 0.23700520396232599429 1.73091554641723632812 0.23776935040950769595 -1.53694856166839599609 1.14079368114471435547
1.41750991344451904297 -0.33132645487785339355 -0.08951998502016060566 -0.42814788222312927246 -0.83251059055328369141 1.38371324539184570312 1.42080605030059792249 -0.28142106533050531558 -1.34547936916351318359 1.51371145248413085938 0.10604468733072279496
-1.13194334506988525391 0.46285197138786310367 -0.37632462382316589355 0.04996293410658830120 1.06857275962829589844 -1.49794983863830566406 0.08660873025655739521 -0.55804830789566040039 0.63893324136734008789 -1.48376727104186989514 -0.12064068764448160342
-1.35994875431060791016 -1.06591796875000000000 0.40233993530273437500 -1.54603445529937744141 0.39425525069236749820 1.27652335166931152344 -0.96090036630630482062 1.09937298297882080078 1.00636875629425048828 0.84063965082168579102 -2.00137877464294433594
-1.00699353218078591077 -0.60050195455551147461 1.55779981613159179688 -1.02440822124481201172 0.98257786035537719727 0.53557306528091430664 0.97953480482101440430 -1.63057005405426047595 -0.66545212268829345703 -0.29073205590248107910 -0.62637567520141601562
-1.07685124874114990234 0.32072293758392328433 0.12166862189769739322 -0.32527366280555719547 0.80098181962966918945 1.72683608531951904297 -0.43855115771293640137 -0.00603498052805659987 -0.38693544268608087711 0.34268927574157709293 -0.83091360330581665039
0.48847576975822448730 1.62079274654388449939 -0.80322086811065673828 -0.96649909019470203742 1.54738175868988037109 0.11029850691556930542 1.19989311695098876953 1.55868434906005859375 0.98382818698883056641 0.99240928888320922852 0.49207556247711181641
-0.92982292175292957648 -0.80109095573425292969 -0.00714469840750089989 -0.19497433304786679353 0.15846845507621759586 0.20857188105583190918 -0.73770159482955932617 -1.20629096031188964844 1.00506722927093505859 -1.43902885913848876953 -1.38255894184112571033
0.82691967487335205078 0.40679413080215448550 1.13565254211425781250 0.77492964267730712891 1.40252900123596191406 -0.74636006355285644531 1.00197196006774902344 -0.39502668380737299136 -1.63993024826049804688 0.29995849728584289551 1.88081133365631103516
0.91899847984313964844 0.08360323309898369526 1.56041800975799560547 0.30762165784835809879 0.63847190141677856445 1.31373393535613991467 -1.56967139244079589844 -0.10565993934869760684 1.16482806205749511719 -1.05642378330230712891 1.58850228786468505859
-1.25824916362762428967 1.13903415203094482422 -0.68205553293228149414 -0.68370395898818969727 1.39729440212249755859 0.22077682614326468724 -0.06173955649137490009 1.64730572700500488281 -1.56576752662658691406 -1.47209191322326660156 -0.77943050861358642578
0.43015503883361810855 -0.42288839817047119141 -1.08243906497955322266 -1.35825884342193603516 0.32794833183288568668 -0.04596063867211339776 -1.24338066577911376953 -0.82761663198471069336 1.26322412490844726562 0.51928901672363281250 -0.24312075972557059544
-1.63588726520538330078 -0.53834486007690429688 -1.47005724906921408923 0.04667653143405910143 0.86341786384582519531 -1.11330521106719970703 0.62389487028121948242 0.47968178987503051758 0.53996300697326660156 0.15261462330818170718 -0.59474778175354003906
-1.35567021369934082031 -0.11083687096834179964 -0.87852787971496582031 1.34454524517059326172 -0.34317028522491449527 -1.39903140068054199219 -0.59637016057968139648 -0.93893903493881236688 1.64838910102844238281 0.87647134065628051758 0.15218451619148248843
1.13669955730438232422 0.32324227690696710757 -0.13283288478851310033 0.03377844765782350017 1.07270133495330810547 0.78692573308944702148 -0.04151572287082670037 -0.83947938680648803711 1.35652172565460205078 1.00494933128356911389 1.20365142822265625000
-1.61129522323608398438 -0.48458805680274957828 -0.17931313812732690982 0.11106087267398830065 -1.12921297550201416016 -0.04581500962376589686 0.95293927192687999383 -1.68153047561645507812 -0.93470078706741321906 -0.11235830932855600528 -1.69876897335052490234
-0.92281764745712280273 1.28008949756622314453 -0.44707009196281427554 -1.22654938697814941406 -0.94216799736022960321 0.71274727582931518555 -0.72081393003463745117 -0.46925756335258478336 0.82185792922973632812 -1.46051204204559326172 -0.96275126934051524774
0.14728668332099909000 -0.51176881790161132812 1.66791117191314697266 0.92393887042999278680 0.68495249748229980469 1.54039669036865234375 -1.67140948772430419922 1.32385575771331809314 0.54355764389038085938 0.42512899637222290039 1.67312550544738769531
-0.28396266698837280273 -0.57026106119155883789 0.01372643839567889990 -1.03692305088043190686 0.44301706552505487613 -1.74411368370056152344 1.54020643234252929688 0.45951700210571289062 -0.65620732307434082031 -0.59459280967712402344 -1.01735496520996093750
1.68730485439300537109 -1.55826508998870849609 0.90914374589920043945 0.44117391109466552734 -0.26581674814224237613 0.60698109865188598633 -0.19037380814552298802 0.81253534555435180664 -0.32633504271507257632 0.87212997674942016602 -0.63765621185302734375
-1.38980209827423095703 -0.82607662677764892578 -0.34175136685371398926 -0.81671899557113647461 -0.40860655903816217593 -0.07838458567857739534 0.45364904403686517886 1.56823790073394775391 0.41600912809371948242 1.47334134578704833984 -1.59325551986694335938
-0.62487959861755371094 -0.89721387624740600586 -0.97877025604248035773 -0.64022946357727050781 0.69446921348571777344 -0.88446342945098876953 -1.27661168575286887439 1.46718597412109375000 1.05438017845153808594 -0.65687710046768188477 -0.53840839862823486328
-1.33448934555053710938 -1.75537395477294921875 -0.82932436466217041016 0.22560803592205039281 -0.06177920103073120117 0.07740628719329829821 -1.50363552570343017578 0.55900573730468750000 -1.16082394123077392578 -1.13343250751495361328 -1.21782290935516357422
-1.69374895095825195312 0.37994360923767089844 1.59819912910461447986 -1.05079555511474609375 -1.59496164321899391858 -0.81852072477340698242 1.65005493164062500000 0.38613334298133850098 -1.14867007732391357422 -0.92935490608215320929 -1.66384315490722656250
0.72683340311050415039 1.11202824115753151624 -0.03083951026201239842 0.28896182775497430972 0.25291904807090759277 1.45380115509033203125 -0.26677650213241571597 -1.59166324138641357422 1.28978252410888671875 1.65600919723510742188 1.23735964298248291016
0.85925513505935668945 0.99949854612350463867 -1.03617584705352783203 -1.09321415424346923828 1.56146645545959472656 0.78349035978317260742 -1.78500366210937500000 -0.86026978492736816406 -0.90839731693267822266 -0.68838202953338623047 0.96901166439056396484
0.17077851295471188631 0.03133462369441979839 0.16163739562034601382 0.22126050293445578832 1.40722107887268088611 -0.35802692174911499023 -0.53911387920379638672 0.29579424858093261719 -1.24471890926361083984 1.10895788669586181641 0.77583891153335571289
-1.36196112632751464844 -1.11478006839752197266 1.11885952949523925781 -0.86378401517868041992 -0.96709758043289184570 -0.20488540828227991275 -1.80347490310668923108 -0.14287084341049188785 1.50101995468139648438 -1.66879367828369140625 -1.72414278984069824219
0.71551185846328735352 -0.21227897703647610750 1.41438055038452170642 0.84473335742950439453 0.74267941713333129883 0.26726409792900079898 -1.51037299633026123047 0.81034296751022338867 0.30082204937934869937 -1.61643064022064208984 1.53111755847930908203
-1.60835599899291992188 -0.22022531926631919164 -0.56152391433715820312 1.50497245788574218750 0.68414819240570068359 1.53176522254943847656 -1.62934005260467529297 0.68092495203018188477 -0.02746159583330149909 -1.08571815490722656250 -0.39522975683212280273
0.72288882732391357422 -1.20010006427764892578 -0.23017905652523040771 0.49222114682197570801 -1.81397187709808349609 1.50151515007019042969 1.53144502639770507812 -1.31487977504730224609 1.19809746742248535156 -0.73537266254425048828 -0.84165483713150024414
-0.33306252956390380859 1.47640323638916015625 1.33175182342529296875 -0.89088344573974609375 -0.20767070353031150121 -1.63176763057708740234 1.36361193656921408923 0.13786146044731140137 0.74139636754989624023 0.50894999504089355469 0.56202417612075805664
-0.66409146785736083984 -0.93642216920852661133 1.35381138324737571033 -1.57087266445159912109 -0.72220468521118164062 -0.00423256168141959970 -0.45521613955497741699 0.46863964200019830875 -0.50496524572372436523 0.19985313713550559300 -1.54033350944519042969
0.34216892719268798828 0.31499296426773071289 0.93297177553176879883 1.03829789161682128906 -1.19901144504547119141 1.49860537052154541016 1.43612551689147949219 1.32348787784576416016 0.55008131265640258789 0.87451368570327758789 0.73144984245300292969
0.02265843003988260093 1.13165509700775168689 -0.27354750037193298340 0.54116219282150268555 1.48994123935699462891 0.46899926662445068359 -0.09846510738134379992 -1.64099013805389404297 0.43524393439292907715 -1.18939983844757080078 1.33244729042053222656
0.11478219926357259573 1.06482601165771484375 -0.17294238507747650146 1.53577125072479248047 1.47946274280548095703 0.94726806879043579102 -1.28352546691894509046 -0.14384359121322629060 1.32896399497985839844 -0.65341579914093017578 1.49830174446105957031
0.99560391902923583984 -0.85621803998947143555 0.09672640264034269852 0.74989044666290283203 0.02073982357978820107 1.72400295734405517578 0.63411736488342285156 0.77138721942901611328 -1.34231925010681152344 -1.18878495693206809314 0.28251641988754272461
-0.10915376245975490221 1.36943364143371582031 0.30744150280952448062 0.18677759170532221011 1.08698320388793967517 -1.43360364437103271484 1.61902117729186989514 1.76098954677581809314 -1.12403368949890136719 0.36650079488754272461 1.04657793045043967517
-0.01306002028286449949 -1.60818147659301757812 -0.76149052381515502930 -0.42917206883430480957 -0.62011212110519409180 1.00860702991485595703 -0.06796485930681220311 -0.81693720817565917969 1.43626785278320312500 -0.95690500736236561163 -1.66900956630706809314
-1.06350982189178489001 -1.47848165035247802734 -1.61387753486633300781 -0.29302647709846491031 0.40205463767051691226 -0.56965988874435424805 -1.05752253532409690173 -0.14448040723800659180 -1.07038724422454833984 0.30949124693870538882 -0.47192516922950739078
0.33655458688735961914 -0.90082287788391124383 1.19899165630340576172 -0.45010226964950561523 -1.71210753917694091797 -0.21957126259803769197 1.39796304702758789062 -1.53288745880126953125 1.50505304336547829358 -0.19784790277481079102 -0.52317881584167480469
0.99781554937362682001 0.21736598014831540193 1.07098555564880371094 -1.55440700054168701172 -1.62225139141082763672 1.28305065631866455078 -0.36522057652473449707 -1.70673191547393798828 0.18243715167045590486 1.42966389656066894531 -0.36568406224250787906
0.55790835618972778320 0.20641018450260159578 0.60275119543075561523 1.14552617073059082031 0.79957574605941772461 -1.17745685577392578125 -1.17792165279388449939 -1.50467300415039062500 0.90547156333923339844 -1.64294505119323730469 1.67587113380432128906
-0.54182040691375732422 -1.20299744606018088611 -0.77594882249832153320 0.76232910156250000000 -0.90388518571853637695 -1.13586843013763449939 -1.41787469387054443359 1.71696245670318603516 0.13486619293689719457 1.51205742359161376953 -0.64104449748992919922
-1.67791652679443359375 0.13121248781681060791 -0.16247461736202239990 1.48552405834197998047 1.44595050811767578125 0.16254915297031399812 1.40088915824890136719 0.11954250931739800190 -0.73373538255691528320 -0.34369361400604248047 0.06590034067630759496
-1.07529199123382568359 -0.56756615638732910156 1.62628710269927978516 0.10722836107015609741 -1.49614310264587402344 -0.58614701032638549805 -1.50834190845489501953 -1.61232578754425048828 -1.56019115447998046875 -1.23379385471343994141 -0.17077328264713279027
0.76881492137908935547 1.05786371231079101562 -0.71663135290145874023 -0.23941403627395629883 -0.93021416664123535156 -1.10338354110717751233 0.38557821512222290039 -1.23492741584777832031 1.43700015544891357422 -1.59677207469940207751 0.44278895854949951172
-0.73549419641494750977 -0.50285333395004272461 -1.20860135555267311780 0.97009032964706420898 0.17608754336833951082 -0.72212827205657958984 -1.04334867000579833984 1.42129099369049072266 -0.02524626068770879916 0.50567215681076049805 0.51189517974853515625
-0.33993929624557489566 0.60913383960723876953 0.84997326135635375977 0.27432921528816217593 0.73398214578628540039 -1.30419027805328369141 -0.98210632801055919305 -0.63088244199752807617 -1.55186343193054199219 1.55220305919647216797 0.93491065502166759149
1.24650096893310569079 0.07586555182933800434 -1.08667123317718505859 0.26480427384376520328 -0.71399068832397460938 0.08065759390592569522 -0.16300350427627560701 -0.22334516048431390933 -1.14236760139465309827 -1.36139690876007080078 1.04551959037780761719
-0.68484580516815185547 1.28078389167785644531 0.47042515873908991031 0.88516217470169067383 0.07280187308788299561 1.03588855266571044922 -1.15446019172668457031 0.79906660318374633789 1.13829326629638671875 -1.67184042930603049548 0.91845691204071044922
-0.59448039531707763672 -1.32242548465728759766 0.48045688867568969727 1.63183987140655517578 0.50548565387725830078 -0.33361157774925231934 -0.81672674417495727539 1.03655707836151123047 0.59396457672119140625 0.67312991619110107422 -0.00631780643016090042
1.65958595275878906250 -0.65525633096694946289 -0.17234733700752249974 -1.34069418907165527344 -1.16045594215393088611 0.10261510312557220459 0.12726168334484100342 -0.71297538280487060547 1.25776064395904541016 0.45413604378700250797 -1.07351493835449218750
1.55469322204589843750 -1.64564645290374755859 1.57062983512878417969 0.90622735023498535156 -1.33526825904846191406 0.32964190840721130371 0.71699583530426025391 -0.17092216014862060547 -0.29553079605102539062 -0.06436295062303540315 -0.10874117910861960667
1.29862344264984130859 -1.75405824184417724609 0.05938920378684989926 -0.38563492894172668457 0.29071173071861261539 -1.64004874229431152344 -0.71766281127929687500 0.19761778414249420166 0.71044719219207763672 0.00051233090925959998 -1.47127103805541992188
-0.51466697454452514648 0.77993988990783691406 -0.68103748559951782227 -0.51790767908096313477 0.98658502101898204462 -1.45124614238738991467 -1.67595374584197998047 0.73194062709808349609 -1.21774995326995849609 -1.13099908828735351562 0.39441224932670587711
-0.75940084457397460938 0.84390050172805786133 0.35168629884719848633 0.94602638483047485352 -0.83688527345657348633 1.33526098728179909436 0.89091002941131591797 1.70976138114929199219 0.90680652856826782227 -0.84217697381973266602 0.02390183135867110162
-1.04779374599456809314 -0.89769196510314941406 1.14174664020538330078 1.64481282234191894531 -0.41673099994659418277 1.60104084014892578125 -1.53431189060211181641 0.62059205770492553711 0.31383651494979858398 1.24717807769775390625 0.09025079756975169787
-0.90818184614181518555 -1.69592607021331809314 -1.50223255157470703125 1.42688155174255371094 -1.26272296905517578125 -1.31951117515563964844 -0.55991959571838378906 -0.95534169673919677734 -1.67150318622589111328 -0.55360031127929687500 0.13098238408565521240
0.64695745706558227539 1.10296881198883056641 -1.65704560279846191406 0.87700051069259643555 -1.32658803462982177734 -1.27205920219421408923 0.50311750173568725586 1.47466087341308593750 0.85789358615875244141 0.08418726921081540193 1.66356265544891357422
-1.61454880237579367908 -0.07442636042833319920 0.85242748260498046875 1.72527480125427246094 -1.42987334728240966797 -1.30491614341735839844 1.33477187156677246094 -0.17911775410175320711 0.84946650266647338867 -0.57256400585174560547 -0.46291366219520568848
0.02241695299744600120 -0.22657172381877899170 0.36288902163505548648 0.00834654457867139987 -0.89215797185897827148 -0.56008273363113403320 -0.85677117109298706055 0.22311317920684808902 1.01965367794036887439 -0.41020712256431579590 0.12735621631145468968
0.91205179691314697266 -0.93277376890182495117 0.78093832731246948242 -1.04388535022735595703 -1.27996563911438010486 -0.21349468827247619629 0.66361314058303833008 0.31103557348251342773 0.34859344363212579898 -0.01601119525730609894 -1.03350114822387695312
-0.10016824305057520084 1.42097461223602294922 1.18050611019134521484 -0.66407001018524169922 -0.07995619624853129992 0.21944639086723319310 -1.53643083572387695312 0.17692206799983969945 -1.44417393207550048828 0.94519174098968516962 0.90771937370300281867
-1.08853375911712646484 -0.09980227053165430240 -1.03293418884277343750 -1.01432240009307861328 0.35871249437332147769 -1.55505430698394775391 1.38841629028320312500 1.02943885326385498047 -0.66046088933944702148 0.20700564980506888646 -0.99147278070449840204
-1.50447952747344970703 1.55924534797668457031 -1.73572409152984619141 -0.12222052365541449803 0.40671071410179138184 -0.48608976602554321289 1.52560663223266601562 0.19808518886566159334 1.27822828292846679688 -0.26072725653648370914 0.09503658115863800049
0.36388137936592102051 1.68277335166931152344 -0.76793724298477172852 1.59132385253906250000 -0.30068358778953552246 -1.38864326477050781250 1.24365997314453125000 -1.37143361568450927734 0.68167686462402343750 1.67469596862792968750 1.58755135536193847656
0.27765005826950067691 -0.85477375984191894531 1.06349980831146240234 0.96570742130279541016 0.33932957053184509277 0.29912701249122619629 0.12261843681335439504 0.55481833219528198242 0.61994177103042602539 1.44166934490203857422 0.39031237363815307617
0.13160814344882959537 -1.24242103099822998047 -1.58170616626739501953 -0.96621084213256835938 0.51109349727630615234 -1.53922414779663085938 -0.84073203802108764648 0.75757265090942382812 -1.30720078945159912109 1.68873548507690429688 -0.74925512075424194336
1.35616648197174072266 0.82911056280136108398 0.34853667020797729492 -0.77280670404434204102 -1.74652767181396484375 1.39747810363769509046 1.32113134860992431641 0.08896604925394049901 -1.71429836750030517578 1.47682023048400878906 -0.82689797878265380859
-1.06269168853759765625 0.43380907177925109863 -0.18052674829959869385 0.00553209241479630034 0.57075899839401245117 -0.17179171741008750218 -0.21985019743442529849 0.41896027326583862305 1.11313247680664062500 -1.30782723426818847656 -0.14329999685287470035
-1.36433684825897216797 -0.74577057361602783203 0.38355931639671320132 -0.63574928045272827148 -1.66680371761322021484 0.01191987842321389976 -1.61319684982299804688 -1.30692601203918457031 0.85982602834701538086 -0.29805377125740051270 -2.22280716896057173315
-0.03472694754600520045 0.34832754731178278140 0.08212729543447490343 1.23899173736572287829 0.96146053075790405273 -0.00043971286504520000 -0.24580891430377960205 -0.79059171676635742188 -0.73987537622451782227 -0.20280525088310238924 1.22289311885833740234
-0.44486120343208307437 -0.35576674342155450992 -0.90527492761611938477 0.59480315446853637695 1.64100468158721923828 -1.61148679256439208984 0.83560317754745483398 -0.87246346473693847656 -1.52876138687133789062 0.41788679361343378238 0.19780339300632471256
0.24535438418388361148 0.53481328487396240234 -0.18426331877708429507 1.12156915664672829358 -1.13977527618408203125 0.60907381772994995117 -0.16013868153095239810 0.61754375696182250977 0.94181549549102783203 1.14331781864166259766 0.75163155794143676758
0.59160572290420532227 -1.08542835712432861328 -0.12508213520050048828 1.75115430355072021484 -0.10206227749586099796 -0.26129874587059020996 1.16863644123077392578 0.52432644367218017578 -1.40635228157043457031 -0.45645928382873529605 0.30301329493522638492
1.56789040565490722656 -0.47001814842224121094 0.85667783021926879883 1.51248514652252197266 1.39728045463561989514 0.84405839443206787109 -0.07157324254512779926 -1.21782946586608886719 0.74140602350234985352 -0.02653962187469000034 1.84328484535217285156
0.42491248250007629395 -0.47348335385322570801 1.47796285152435302734 -1.22531878948211669922 0.93624079227447520868 0.41583424806594848633 -1.17859649658203125000 0.59141337871551513672 1.53968095779418967517 -0.99531996250152598993 -0.05713744089007369992
-0.91428250074386596680 1.64946854114532470703 0.45496693253517150879 1.52197051048278808594 -0.17471705377101889867 1.54270052909851074219 1.16393125057220458984 1.28278696537017822266 0.29106873273849487305 1.59603571891784690173 0.90771424770355224609
0.83489120006561279297 0.34660893678665161133 -0.73033255338668823242 -0.41657522320747369937 0.15375334024429321289 0.48294305801391601562 0.66803508996963500977 1.57731115818023681641 -1.71136522293090820312 0.44666764140129089355 0.56113195419311523438
-0.96012175083160400391 1.29668211936950683594 0.55884659290313720703 1.40539216995239257812 -0.74774938821792602539 0.60045886039733886719 -0.26532110571861261539 -0.49461266398429870605 -1.04085636138916015625 0.80153888463973999023 0.47990411520004272461
0.54204690456390380859 0.76407861709594726562 -0.29437741637229919434 1.72106444835662841797 0.17696698009967801180 1.55561304092407248767 -0.61613655090332031250 -0.90378814935684204102 1.08235538005828857422 -0.14612692594528189916 1.68290162086486816406
-0.79098945856094360352 0.86561286449432373047 -0.27687919139862060547 0.27928799390792841129 -0.35169643163681030273 0.43214797973632812500 0.72515618801116943359 1.75605833530426047595 -0.92162197828292835577 -0.02671186253428450147 0.01679435744881629944
0.29683658480644220523 0.54086971282958984375 -1.44638347625732421875 1.09725368022918701172 -0.40201282501220697574 -0.50332468748092651367 0.47908639907836908511 -0.63968956470489501953 1.21294188499450683594 -1.33433079719543457031 1.60818457603454589844
-0.71546047925949096680 -0.79255628585815429688 -0.82812279462814331055 -1.32419562339782714844 -0.84298902750015258789 0.09939081221818919787 0.13305979967117309570 0.68894928693771362305 -0.02866446040570730033 1.45005381107330322266 -1.97035455703735329358
0.18420423567295068912 0.77417218685150146484 1.33462095260620117188 -0.44697499275207519531 0.51257777214050292969 -0.92019683122634876593 1.12555074691772460938 -0.25386503338813781738 -1.63428843021392822266 -0.83746147155761718750 1.12428140640258789062
-0.90602201223373401984 1.09415125846862792969 -0.19819022715091699771 0.44200736284255981445 0.35831972956657409668 0.96013605594634998663 -0.97341430187225341797 0.05119090154767030193 0.63505607843399047852 -0.28035810589790338687 -0.26582032442092889957
-1.62282884120941162109 -1.71432936191558837891 -0.14264112710952758789 0.33252772688865661621 -0.31689661741256708316 -1.49844253063201904297 0.22325539588928219881 0.71006649732589721680 1.49709630012512207031 -1.75996470451354980469 -1.10255670547485351562
0.89409571886062622070 1.57089972496032714844 -0.27382063865661621094 -0.81530261039733886719 1.59293675422668457031 -0.02205025032162660076 -0.38228994607925409488 1.30781078338623046875 1.00943672657012939453 1.42592537403106689453 -0.22339613735675808992
0.18798674643039700594 -0.98367774486541759149 0.51505726575851440430 -1.33842909336090087891 -1.30453658103942871094 0.87950271368026733398 0.11904525756835930561 1.25115549564361550061 0.33893430233001708984 -0.51094198226928710938 -1.33912241458892822266
-0.16820044815540310945 -0.61975312232971191406 1.20891201496124289783 -0.81537932157516479492 0.59683626890182495117 0.23052546381950370091 1.08798110485076904297 1.55100095272064208984 -0.91242367029190063477 1.72353184223175048828 -0.77897471189498901367
-0.15004971623420709781 -0.99692106246948242188 1.59278047084808349609 -0.32588881254196161441 -1.34843015670776367188 0.21545608341693869847 1.38784921169281005859 -0.86797618865966796875 0.15383921563625330142 1.14692330360412597656 -0.40559405088424682617
0.46337988972663879395 -0.99087911844253540039 1.47124505043029807361 -0.76844602823257446289 0.92250579595565795898 -1.43059051036834716797 -0.76955145597457885742 0.22596801817417139224 -0.40492463111877441406 0.22237883508205411043 0.10096307098865499319
-1.24759268760681152344 0.17250311374664301090 0.30101487040519708804 1.69709277153015136719 1.12011992931365966797 1.15796065330505371094 1.12835109233856201172 -0.31458538770675659180 1.14184951782226562500 0.54492324590682983398 0.12074056267738339510
-1.05875384807586669922 -1.33748579025268554688 -0.85726821422576904297 -0.33633211255073547363 1.39246213436126708984 0.70047527551651000977 1.63186335563659690173 -0.47814974188804620914 -0.06818059831857679887 0.27112022042274469547 -0.60679966211318969727
0.87024068832397460938 -0.72989398241043090820 -0.72811144590377807617 -0.27127873897552490234 0.29956448078155517578 0.05893978103995319712 1.40072691440582275391 0.40390190482139587402 -1.15886747837066650391 -0.07122519612312309956 0.25192260742187500000
-0.06131320819258689880 0.71179783344268798828 0.63676166534423828125 0.23354214429855341129 -0.99912720918655395508 -0.98204833269119262695 -0.43798694014549249820 0.87711954116821289062 -1.63681912422180175781 0.39363071322441101074 0.78686761856079101562
-0.69226282835006713867 -0.76399695873260498047 0.07910624146461479878 -1.29636025428771950452 -1.31315386295318603516 0.71079617738723754883 1.31196534633636474609 0.65302193164825439453 1.36864113807678222656 0.24523575603961939029 -2.26697492599487304688
-0.73797541856765747070 -1.73515152931213378906 -0.22353166341781610660 0.28459179401397699527 -1.26130843162536621094 0.46324375271797180176 1.53809928894042968750 -1.34373104572296142578 -0.91602981090545643195 -0.04125477001070970012 -1.65153622627258300781
1.37565243244171142578 0.10971970856189719457 -0.05573446676135059702 1.69118833541870117188 1.07094264030456542969 -1.27442073822021484375 -1.42256748676300048828 -1.66346263885498046875 0.03361356630921359667 1.69092667102813720703 1.82255434989929199219
-0.36868640780448908023 -1.04654669761657714844 1.47588825225830078125 0.26549279689788818359 -0.64763319492340087891 -1.05454647541046142578 0.36659830808639520816 -0.03422184661030760328 0.80289405584335327148 -0.00566367106512179978 -0.08816879242658609561
0.25768581032752990723 -1.34799671173095703125 0.53061437606811523438 -0.67108255624771118164 1.27098262310028076172 0.45704978704452509097 -0.60816335678100585938 1.34411144256591796875 0.24870324134826660156 -1.65972983837127685547 -1.13768541812896728516
0.04068725928664199826 0.22113732993602749910 -0.24081332981586450748 -0.50305420160293579102 -0.04771828651428219881 1.01069355010986328125 -0.42905858159065241031 0.37874031066894531250 -0.84755551815032958984 -0.08114941418170920628 0.14497515559196469392
1.39720964431762695312 0.80575180053710937500 -1.49758279323577880859 -0.74263375997543334961 1.48673284053802490234 0.36759963631629938297 0.26587808132171630859 1.26131439208984375000 0.23637533187866210938 -0.15360237658023828677 1.04694545269012428967
1.00776124000549316406 -1.49539232254028320312 0.18718318641185760498 -1.49418604373931884766 -1.03037238121032714844 -0.84976619482040405273 0.28823906183242797852 1.11111354827880859375 1.26977980136871337891 -0.73193311691284179688 -2.65740442276000976562
0.23853535950183860082 -1.75602471828460693359 0.64113849401473999023 1.59835743904113769531 -1.85641920566558837891 -1.17774474620819091797 -0.14450328052043909244 -0.66665613651275634766 0.63714247941970825195 0.65756887197494506836 -1.07140433788299560547
0.34113302826881408691 -0.29027286171913141422 -0.69443595409393310547 0.99797540903091441766 0.29727718234062189273 1.58264756202697753906 -1.41334450244903564453 0.60320991277694702148 -0.92058503627777099609 0.51348251104354858398 0.49529829621315002441
-1.29383897781372070312 -1.11712944507598876953 -0.05855192244052880024 1.37390971183776855469 0.92709171772003162726 0.53613650798797607422 1.35113072395324707031 -1.44526600837707519531 0.45240658521652221680 -0.34468477964401239566 -0.28204017877578729800
-0.56318646669387817383 -0.64025205373764038086 -0.35340937972068781070 0.56942695379257202148 1.27025389671325683594 -1.52765381336212158203 -0.81216400861740112305 1.40490293502807617188 1.03766584396362304688 -1.68876373767852783203 -0.13372233510017389468
-0.89233732223510742188 1.67846524715423583984 -1.16536903381347656250 -0.59210497140884399414 1.20260250568389892578 0.31573131680488580875 1.32079350948333740234 -1.40786731243133544922 1.12366807460784912109 1.32075178623199462891 0.51960223913192749023
-0.11823990941047660130 -0.19858138263225549869 0.43505167961120599918 0.78746408224105834961 1.16813743114471435547 -0.02827484533190719948 1.54926753044128417969 -1.47923219203948952405 1.69767034053802490234 0.44403743743896478824 0.47926270961761469058
-1.09699237346649169922 -0.33198377490043640137 0.51226305961608886719 -1.20311188697814941406 -0.47679939866065979004 0.28168311715126037598 -0.86716407537460327148 1.26672863960266113281 0.32491677999496459961 -1.40552866458892822266 -1.75899076461791992188
0.49455544352531427554 1.16955685615539550781 -1.71483385562896728516 0.06191827356815329808 0.04480365663766860268 1.70995104312896728516 -0.57025772333145141602 -0.08043950051069259644 -1.32155990600585937500 1.42896044254302978516 1.51600313186645507812
1.64869689941406250000 1.59638047218322753906 1.19011449813842751233 0.48451313376426691226 -0.43225032091140741519 -0.14577038586139678955 0.41691067814826959781 1.35740280151367209704 -0.78336858749389648438 -0.74189829826354980469 -0.01621957309544079864
0.89797121286392211914 -0.31406849622726440430 -1.23012578487396240234 -0.98780494928359996454 1.07664954662322998047 -0.36754143238067621402 1.46137881278991699219 0.95768302679061878546 -0.13456691801548001375 -1.44968211650848410876 0.63624614477157592773
-0.51658684015274047852 1.39765429496765136719 -1.08547580242156982422 1.58889985084533691406 0.49018657207489008121 -1.55172622203826904297 0.28089755773544311523 1.59015524387359619141 1.44594883918762207031 1.21603548526763916016 1.82590091228485107422
-0.83402532339096069336 -0.48932743072509760074 1.01364779472351074219 -0.34764987230300897769 0.68115353584289550781 0.17474099993705749512 0.80751276016235351562 0.25615048408508300781 0.28225743770599359683 -0.12511759996414179019 -0.37440431118011469058
1.66147518157958984375 -1.41661190986633300781 -1.60196089744567871094 -0.33287760615348810367 -0.20828203856945029515 0.13051256537437438965 0.52322959899902343750 0.23606051504611968994 -1.25079536437988281250 1.23951280117034912109 -0.49008533358573908023
-0.58883869647979736328 1.12485349178314208984 -1.61076295375823952405 1.17198443412780761719 0.73686796426773071289 0.43056064844131469727 -0.74695712327957153320 -0.63527387380599975586 -0.23346252739429471101 1.59276354312896728516 1.65573585033416770251
-0.40671795606613159180 -0.69744640588760375977 0.27620142698287958316 0.52458262443542480469 -0.39418378472328180484 -1.16511344909667968750 -1.39028835296630859375 -1.59607946872711181641 0.24280689656734461002 -0.07904980331659310078 -0.42405888438224792480
-0.63516414165496826172 -0.56829494237899780273 -1.43877148628234863281 1.01059746742248535156 -0.65221410989761352539 1.65055489540100097656 1.01604735851287841797 0.71293193101882934570 0.67998582124710083008 -0.71133363246917724609 0.15552626550197601318
-0.88131636381149291992 -0.59293413162231445312 0.03988456726074209729 1.75609731674194335938 0.51114225387573242188 0.67166060209274291992 -0.38889035582542419434 1.01088511943817138672 1.26567840576171875000 -1.75062847137451149671 0.59440892934799194336
-1.47290205955505371094 1.50534415245056152344 1.36283719539642311780 -0.12388355284929269962 -0.00346264778636389990 0.34303295612335199527 -1.35934317111968994141 -1.44846487045288085938 -1.73137700557708740234 1.57952725887298583984 -0.25065445899963378906
-1.24317407608032248767 -1.34579896926879882812 -0.98031795024871837274 0.22887910902500149812 0.34280657768249511719 -1.14222204685211181641 -1.60851061344146728516 -0.94361549615859996454 0.23166111111640930176 -1.09485673904418967517 -0.84522330760955810547
-0.14735957980155939273 1.61293768882751464844 -0.79873585700988769531 -0.92334544658660877570 -1.87986099720001198499 -1.57466077804565429688 1.37798082828521728516 0.13648508489131919164 0.95014941692352294922 -1.20326030254363991467 -0.25400778651237487793
-0.75814670324325561523 0.13510562479495999422 1.53112554550170898438 -1.14428925514221191406 0.69301378726959228516 1.11835110187530517578 -0.99068552255630482062 0.43579459190368652344 0.63282722234725952148 -0.22430537641048428621 0.17681123316287988834
-1.57641077041625976562 1.13896274566650390625 -1.13207411766052246094 -0.89213323593139648438 1.42499792575836181641 -1.37850463390350341797 0.20523528754711151123 -1.47484731674194335938 -1.44912993907928489001 0.77467262744903564453 -1.23384594917297363281
1.37974691390991210938 1.47600090503692649158 0.04657605662941929903 0.44502279162406921387 1.64845228195190429688 1.06400382518768310547 0.11729090660810470581 -0.65219062566757202148 -1.42712485790252685547 0.14617621898651120271 0.42368757724761957340
1.54478657245636008533 -1.61256730556488037109 -0.76154857873916625977 -0.83894652128219604492 1.20638704299926757812 -0.39199915528297418765 -0.45296728610992431641 1.40092194080352783203 -1.64486861228942871094 -0.16381637752056119051 -1.45229434967041015625
0.38580194115638727359 0.38537144660949701480 -1.78601288795471191406 -0.46728342771530151367 1.24589681625366210938 0.35793253779411310367 -1.45247316360473632812 0.32719615101814270020 -1.51547741889953591077 1.32750201225280761719 1.10446655750274658203
-0.05458779260516159748 1.39318764209747314453 -0.64076596498489379883 0.64707863330841064453 0.46858236193656921387 1.25197076797485351562 1.08543014526367209704 -1.29687762260436989514 0.66366612911224365234 -0.34467241168022150211 1.26068639755249023438
1.32783603668212890625 -0.71156156063079833984 -0.99243110418319702148 -0.19231331348419189453 -1.08399510383605957031 0.79097890853881835938 -0.12592336535453790836 -1.35092294216156005859 -0.48748907446861261539 0.31722405552864069156 -0.09508886188268660111
0.66049844026565551758 -0.15191857516765588931 0.91509729623794555664 -0.92741715908050537109 -0.10286132991313930163 0.12956264615058898926 -0.83867079019546508789 -0.58298462629318237305 0.50727999210357666016 -0.61322897672653198242 0.43756544589996337891
0.12508824467658991031 0.64040631055831909180 0.18601101636886591129 1.21354258060455322266 1.64205944538116455078 -0.43934854865074157715 -0.33393177390098571777 0.07945660501718519730 0.54575169086456298828 -0.07531168311834329776 1.80042660236358642578
0.44634070992469787598 1.51532936096191406250 1.03643035888671875000 -1.43287193775177001953 -1.69790494441986083984 1.36662817001342751233 1.03793191909790039062 -0.10021436959505079789 -0.98280274868011474609 0.35617214441299438477 -0.36673367023468017578
-1.21417844295501708984 -1.72420585155487060547 -0.67424970865249633789 1.73279500007629394531 0.76470011472702026367 1.28641605377197287829 0.49074897170066827945 1.16093182563781738281 1.08719730377197287829 -0.51326102018356323242 -0.30535989999771118164
-1.68518519401550292969 0.79305064678192138672 0.97477048635482799188 1.64595842361450195312 -0.71191936731338500977 -0.65462923049926757812 1.45098304748535156250 -1.22944629192352294922 -0.76037555932998657227 0.62997579574584960938 -0.27285915613174438477
-1.61175835132598876953 1.26527190208435058594 1.62730753421783447266 0.88341373205184936523 -0.11996976286172859882 -0.70989978313446044922 -1.56067168712615966797 1.01424372196197509766 1.50376057624816894531 0.26641216874122619629 0.10878712683916090531
-0.86338472366333007812 0.45515272021293640137 -1.35948431491851806641 1.01693344116210937500 -1.13995218276977539062 -0.57589441537857055664 -0.46491467952728271484 -0.82939016819000244141 0.74607300758361816406 -1.71744203567504882812 0.60711878538131713867
0.44618475437164301090 -0.79690700769424438477 1.17173981666564941406 -1.44266963005065917969 1.36350512504577636719 0.13531699776649469547 0.77930635213851928711 0.98011696338653564453 0.42209959030151361636 -0.47482404112815851382 -0.12005744129419319843
-1.73567712306976318359 1.65781915187835693359 -0.37605580687522888184 -1.05064141750335693359 1.21294915676116943359 -1.31370985507965087891 -0.04478724300861350316 -0.52736318111419677734 1.17058932781219482422 -1.57982325553894042969 -1.77453184127807617188
-0.13019983470439910889 -0.91080999374389637335 1.08839869499206542969 -1.35757780075073242188 0.14194391667842859439 0.85127496719360351562 1.18890094757080078125 0.64030903577804565430 0.86468058824539184570 1.59804773330688476562 -0.88379782438278198242
1.01404941082000710217 -0.64351886510848999023 -1.11673533916473410876 -1.33851075172424316406 0.42925283312797540836 -1.23900413513183593750 1.01343512535095192639 0.17910312116146079320 -0.10090491920709609985 0.47606512904167169742 -0.38258093595504760742
0.85185521841049194336 -1.43092405796051047595 0.50751698017120361328 -0.67243093252182006836 -0.37478467822074890137 1.26082324981689430921 -0.21210648119449609927 -0.07746867835521689671 -1.07742524147033691406 -0.57127934694290161133 -1.46068787574768088611
1.15674018859863281250 -1.18880105018615722656 0.11550872027873990144 0.60066121816635131836 0.37226653099060058594 1.34051597118377685547 0.06008181720972059769 0.82043075561523437500 0.44900858402252197266 -0.60330855846405029297 -0.32612699270248407535
-0.56126266717910766602 -1.60644447803497314453 0.60946857929229736328 -0.36018252372741699219 -0.44655111432075500488 -0.07097345590591430664 -0.53458082675933837891 -0.51307302713394165039 1.63719606399536110608 -1.76013243198394775391 -1.25498139858245849609
1.12876844406127929688 0.46928831934928888492 0.41451478004455560855 1.06062674522399902344 0.62018245458602905273 0.66785955429077148438 0.17537024617195129395 -1.08775138854980490954 -1.12547492980957031250 0.87272441387176513672 1.38157856464386008533
0.26240736246109008789 0.90264463424682617188 0.72244203090667724609 -1.52575147151947021484 -1.66382944583892822266 -0.92411965131759643555 -1.44525945186614990234 -0.77160888910293579102 1.45574629306793190686 -1.70529139041900634766 -0.48019152879714960269
0.20523671805858609285 1.03825461864471435547 1.32719182968139648438 0.83228260278701782227 -1.39802038669586181641 -1.67948424816131591797 0.02620339579880229947 -1.39352631568908691406 -1.28928613662719726562 0.61807805299758911133 1.71360576152801513672
-0.08654401451349250096 -0.40398147702217102051 -0.20729540288448330965 0.13159030675888058748 1.38453519344329833984 -1.23574531078338623047 0.84792661666870117188 1.33145976066589355469 -0.62424397468566894531 -0.46323877573013300113 0.64295721054077148438
1.74836993217468261719 -1.07501864433288552014 1.66845715045928955078 -1.23212897777557350842 -0.21412570774555200748 1.58218193054199218750 -0.75369364023208618164 1.48191106319427490234 -0.05879466980695720324 -0.90706592798233043329 -0.07765961438417430529
-1.53253078460693359375 -0.82802325487136840820 -0.08133170753717419710 -0.56364572048187255859 0.35844013094902038574 1.34656310081481911389 -1.10534214973449707031 -0.55038499832153320312 -1.25571858882904030530 1.37730324268341064453 -1.60086131095886230469
-1.55255138874053955078 1.15440762042999289783 -0.52240711450576782227 -1.39816892147064208984 0.08399885892868040604 -1.13629114627838112561 -1.34397363662719726562 0.88470792770385742188 -0.08119495213031760472 -0.18418271839618680086 -1.59114694595336914062
-1.22111749649047829358 -0.42288699746131891422 -1.37668454647064208984 1.00672125816345192639 -1.34774315357208229749 0.59724140167236328125 1.62651944160461447986 0.81600588560104370117 -1.27807259559631369861 -0.97078728675842285156 -0.22466461360454559326
1.65027320384979248047 0.00171438639517869991 0.31479373574256891422 0.71537274122238159180 1.27250111103057861328 -0.43601661920547479800 0.51670032739639282227 -1.15861368179321289062 0.69186067581176757812 1.01533305644988991467 1.47377443313598632812
-0.85993808507919311523 -1.01096761226654030530 -1.65235686302185058594 -0.42044651508331298828 0.82575148344039916992 0.73096662759780883789 -0.63946294784545898438 -0.75311076641082763672 1.23145365715026855469 -0.30805999040603637695 -0.38664644956588739566
-1.48852479457855224609 1.02420663833618164062 -0.67795598506927490234 1.45809316635131835938 -0.19442099332809439916 -0.46438884735107421875 -0.29848465323448181152 -0.73239159584045410156 0.37163451313972467593 -1.68673753738403320312 0.02030843123793599908
-0.18566466867923731021 0.54163372516632080078 -0.44081068038940429688 -0.32430657744407648257 -0.38022020459175109863 -0.29952782392501831055 1.31624317169189430921 -0.69641685485839843750 -1.00468695163726806641 -0.19271339476108551025 0.05655569955706590130
1.17088115215301513672 -1.30228722095489501953 -1.62498772144317649158 -1.42226731777191162109 -1.32558727264404296875 1.46026873588561989514 0.16826379299163810033 1.13049864768981911389 -0.72691810131072998047 -0.32458564639091491699 -1.11773896217346191406
0.17204530537128440160 -0.30260503292083740234 1.37761592864990234375 1.13712561130523681641 -0.76669138669967651367 -0.60982638597488403320 -0.01868019066751000143 -0.63726234436035156250 -0.30219298601150512695 -0.85059165954589843750 1.16485404968261718750
0.15850122272968289461 -0.67803043127059936523 1.34116959571838378906 -0.73612791299819946289 -1.14029014110565207751 -0.40981918573379511050 0.67510122060775756836 -1.58446288108825683594 1.35745441913604736328 -1.15948545932769775391 -0.35690277814865112305
-0.08471246808767310399 -1.47826862335205078125 -0.97591179609298717157 -1.53714740276336669922 -1.68369066715240478516 1.37973237037658691406 -0.12241683900356289949 -0.98563593626022338867 0.52773469686508178711 -1.23146057128906250000 -2.28484296798706054688
-1.20286524295806884766 1.59866821765899658203 0.74285095930099487305 -1.46392285823822021484 0.57105475664138793945 -0.15929129719734189119 1.63288760185241699219 -0.34435576200485229492 -0.06415542960166929765 -0.70015120506286621094 -1.04350304603576660156
-0.38351163268089288882 1.65999233722686767578 1.00596797466278076172 -1.49754834175109863281 0.72343003749847412109 0.75749891996383666992 0.61696666479110717773 0.31729093194007867984 0.21534037590026849918 -1.22410428524017311780 -0.20246344804763791170
1.01788735389709472656 1.58484578132629394531 1.59842669963836669922 -1.37366414070129394531 1.08619523048400878906 0.47427520155906677246 -0.20316419005393979158 1.24040150642395019531 0.49152663350105280093 -1.60710275173187255859 0.25355705618858337402
-1.14717936515808105469 -0.55824214220046997070 1.68545830249786376953 0.79072105884552001953 -1.66141259670257568359 -0.95601135492324840204 -0.67487794160842895508 -1.24587559700012207031 -0.10165210813283920288 1.49897110462188720703 0.18303163349628440160
1.54028856754302978516 1.42145550251007080078 -0.28849363327026361636 -0.11526895314455029573 1.64939534664154030530 -1.77014362812042236328 -0.98620671033859241827 -0.01776276528835290039 -1.13623714447021484375 0.44262471795082092285 0.02410579845309249875
-0.79785197973251342773 -1.17904770374298095703 -0.07785574346780770039 0.85859137773513793945 -0.61249583959579467773 1.28385114669799804688 -0.82749712467193603516 0.31287443637847900391 -0.96099752187728881836 -1.61921632289886474609 -0.62804073095321655273
0.69540739059448242188 -0.00610155705362550038 -1.56214845180511474609 -0.13983058929443359375 -0.09369042515754699707 -0.71335220336914062500 -0.01293144468218079997 -1.09300649166107177734 -1.16477012634277343750 -0.14774002134799948949 1.09525120258331298828
1.48989236354827880859 0.37829971313476562500 1.26624310016632080078 1.01814568042755126953 -1.78059804439544677734 -0.78485065698623657227 1.24516618251800537109 0.25745069980621337891 1.24153625965118408203 -0.58297955989837646484 1.33964920043945312500
0.84686958789825439453 -1.28591477870941162109 -0.12055034935474390201 0.53239077329635620117 1.19919276237487792969 0.44680607318878168277 -1.27876961231231689453 -1.55407404899597167969 -1.54554295539855957031 1.36355984210968017578 -0.10460767894983290238
1.64216840267181396484 0.66345506906509399414 -1.59929943084716796875 -0.96511644124984741211 -1.66377604007720969470 -0.14243759214878079500 -0.18017080426216119937 -1.20795953273773193359 0.62005287408828735352 0.40013170242309570312 -0.07093695551156989354
1.37646543979644775391 1.45849752426147460938 0.24320828914642331209 -1.48877835273742675781 -1.72238504886627197266 1.03299903869628906250 0.59046304225921630859 -0.93079334497451782227 -0.12151894718408580431 0.70629972219467163086 -1.44647490978240966797
0.93762618303298961298 -0.18381832540035239476 1.62136805057525634766 0.47853344678878778629 -0.39104440808296198062 0.76251631975173950195 1.09196591377258300781 0.07902728766202919697 -1.27053344249725341797 -1.11180126667022705078 1.33919978141784690173
-0.67606234550476074219 1.68732964992523193359 1.17702364921569824219 0.58574640750885009766 1.54540383815765380859 -0.53633290529251098633 1.30321788787841796875 1.13936173915863037109 -0.05072591453790659816 -0.57269626855850219727 1.62542974948883056641
-1.49170565605163552014 0.71337240934371948242 -0.36356917023658752441 -0.21759332716464990787 0.60592764616012573242 -1.09684646129608154297 -0.86775863170623779297 -0.92284709215164184570 0.21518574655055999756 -0.63357549905776977539 -1.06023705005645751953
0.33194845914840698242 -0.27127897739410400391 -1.34626829624176047595 1.59688079357147216797 1.34271800518035888672 -0.72349864244461059570 -0.53716981410980224609 0.22330287098884579744 0.24506284296512600984 1.52020430564880371094 1.94362211227416992188
-0.90760576725006103516 0.13793553411960599031 -0.95909756422042835577 -0.58446919918060302734 0.96701991558074962274 0.04606321826577180339 -0.95825856924056995734 -1.54174852371215820312 0.45397108793258661441 0.68572658300399780273 -0.33889463543891901187
0.93567347526550281867 -0.31319215893745422363 -0.48749032616615289859 -1.33387053012847900391 -0.26568233966827392578 1.05585610866546630859 1.15852618217468261719 0.44634971022605890445 -0.35254132747650140933 -0.65473616123199462891 -0.48271718621253967285
1.35352444648742675781 -0.14277291297912589330 -1.05720520019531250000 1.60956370830535888672 -1.28053617477416992188 1.53042018413543701172 1.58682775497436523438 -1.52272820472717285156 1.45230555534362792969 -1.67696964740753151624 1.53206932544708229749
