0.90895390510559082031 0.94971686601638805048 0.72489303350448608398 -0.65581929683685302734 -0.21329741179943079166 -1.71151232719421408923 -0.64546304941177368164 0.70844489336013793945 -1.26035022735595703125 1.41137027740478515625 -1.88088655471801757812
1.14101314544677712171 0.53292030096054077148 1.08090853691101074219 -0.25613042712211608887 1.58319759368896484375 0.97193902730941761359 -0.08007241040468210391 1.56065154075622558594 -0.56496793031692504883 -0.02950758486986159931 -1.43926692008972167969
0.72654008865356445312 0.05942117422819129940 1.21729588508605957031 -0.18739771842956540193 -0.67508602142333984375 1.01566135883331298828 1.11214661598205566406 -1.18403160572052001953 0.05946753174066540110 -0.70632261037826538086 -0.58740538358688354492
-1.90377342700958229749 -1.81341850757598876953 -0.92826914787292480469 0.99372017383575439453 1.06208384037017822266 0.00955391861498349967 -0.39077526330947870425 0.36018911004066467285 0.75985676050186157227 -0.83894938230514526367 0.24715827405452719945
-0.74325060844421386719 -1.60554504394531250000 1.65503847599029541016 0.73599684238433837891 -0.77018427848815917969 -1.65766155719757080078 0.26993358135223388672 0.06426814198493950581 0.77743238210678100586 0.96157944202423095703 0.67025685310363769531
-1.78023564815521240234 -1.45207262039184570312 -1.42866480350494384766 1.24911439418792724609 -1.34888803958892822266 1.66047644615173339844 1.49289262294769287109 -0.91163545846939075812 0.65769964456558227539 0.59029209613800048828 0.28444039821624750308
1.02354097366333007812 1.23912978172302246094 -0.32361629605293268375 0.94186490774154663086 0.21903041005134579744 0.99129933118820201532 1.65866494178771950452 -1.66557085514068603516 -0.70914584398269653320 1.55345129966735839844 -0.47921317815780639648
1.32790267467498779297 0.92192357778549205438 1.09305214881896950452 -1.59253036975860595703 0.06345805525779719958 -1.21508646011352539062 -1.74814915657043457031 0.53360420465469360352 -0.46510303020477289371 1.51813113689422607422 -1.23522889614105224609
1.17620122432708740234 1.45365881919860839844 -0.06409092992544170031 -0.25799921154975891113 1.24512219429016113281 -0.72890281677246093750 -1.48901963233947753906 0.07801613956689830431 -0.53571850061416625977 -1.54913759231567382812 0.33520370721817011050
-0.15733209252357480135 0.08136431127786629414 -0.93456357717514038086 -1.50586450099945090564 1.25315654277801513672 -0.58382004499435424805 -1.21673214435577392578 -1.36850965023040749280 0.75747507810592651367 -0.25325357913970947266 -0.10546583682298660278
-0.22184255719184869937 -0.91824024915695201532 1.55314350128173850329 -0.41303047537803649902 -0.90290331840515136719 -0.34018912911415100098 -1.53918766975402832031 -0.93877893686294555664 -1.42027854919433593750 1.68578076362609863281 0.91063290834426879883
-0.43934741616249078922 -0.16345636546611780338 -0.54541552066802978516 1.42576861381530761719 -0.62616360187530517578 -1.27358329296112060547 -1.43252575397491455078 -0.79345631599426269531 -0.95960801839828480109 0.89843416213989257812 1.11861610412597656250
1.50078690052032470703 0.88936334848403930664 1.63069355487823486328 0.79456335306167602539 -0.78774082660675048828 -0.26542949676513671875 0.92243432998657237665 1.25788223743438720703 1.52797484397888183594 -0.10992620140314099397 0.02717168629169459948
-0.92494064569473277704 -1.56800127029418967517 1.00799190998077392578 -0.73710674047470092773 1.01140785217285156250 0.64159029722213745117 0.55067849159240722656 -0.83698689937591552734 0.43314373493194580078 -1.23089718818664550781 -0.22854529321193689517
-0.00696190167218439966 -0.36755666136741638184 0.92283678054809559210 -0.63087677955627441406 -0.74510854482650756836 -1.12825405597686767578 -1.26079559326171875000 -0.75080722570419311523 0.84512895345687866211 -0.73917901515960693359 0.45231339335441589355
1.56802225112915039062 1.16234171390533447266 1.28630566596984863281 -1.45528435707092285156 -0.14906269311904898900 0.21886390447616568822 0.11761783063411709871 0.15464048087596890535 0.00270728277973830006 -0.61675250530242919922 0.14928303658962249756
-0.73576122522354125977 -0.33702120184898370914 -0.72700530290603637695 -0.41554477810859680176 0.57614558935165405273 -0.12277051061391830444 1.46392810344696044922 -1.15401160717010498047 1.60649764537811279297 0.90230721235275279657 0.59421426057815551758
-0.94460666179656982422 -1.10474133491516113281 0.15648929774761199951 1.25741040706634521484 0.00126148248091340000 0.34655398130416870117 -0.16456300020217889957 1.62431740760803222656 1.49912738800048850329 -1.14567577838897705078 0.77150613069534301758
0.74911379814147949219 0.89186024665832519531 0.11840487271547310566 -0.00402211351320139968 -1.49413919448852539062 1.23904371261596679688 -1.77341270446777343750 1.49101829528808593750 -0.44926834106445312500 -0.76230001449584960938 -2.17237281799316406250
-0.96238631010055541992 -1.76843523979186989514 1.22403120994567871094 -1.62203884124755859375 -0.62373095750808715820 -1.52445065975189208984 -1.46479403972625710217 -0.07034499943256369847 -1.66890799999237060547 1.15405333042144775391 -0.76489663124084472656
-0.01277334708720440082 0.31839466094970697574 -1.57089865207672119141 0.67796623706817626953 1.40898716449737571033 0.13538613915443420410 1.22980964183807350842 -0.90688091516494762079 1.14740514755249023438 -1.76929485797882080078 0.92879867553710937500
-2.04831171035766601562 -1.75602662563323952405 -1.45739686489105224609 -1.28176414966583229749 1.66238784790039062500 -1.26907849311828591077 -1.49269342422485351562 -1.49755680561065673828 -0.95444011688232421875 1.13556134700775168689 -0.00882876198738809931
0.95787745714187622070 0.34188145399093627930 1.39103293418884277344 -0.64703613519668579102 0.68949300050735473633 -0.37178206443786621094 -0.33322051167488098145 1.41790163516998291016 -1.49652528762817382812 -0.13467377424240109529 -1.06790566444396950452
1.81135547161102294922 1.26937592029571510999 1.21755528450012207031 -1.22394335269927978516 0.63930821418762207031 0.66281694173812866211 0.40753963589668268375 -0.61383527517318725586 -1.04725217819213889392 -1.19473052024841308594 0.76087749004364013672
2.13860535621643066406 1.57883405685424804688 0.98619192838668823242 0.55558985471725463867 0.98463797569274902344 0.34082874655723571777 1.44982206821441650391 -0.77323555946350097656 1.64135360717773437500 0.51580798625946044922 0.48405006527900690250
1.96057844161987304688 1.47435796260833740234 1.66858124732971191406 -0.79491484165191650391 -1.03147494792938232422 1.26559007167816162109 -0.61691218614578247070 -1.23529028892517089844 -0.43264701962471008301 0.09672543406486509843 0.69555163383483886719
-1.31844258308410644531 -1.35886085033416770251 -0.37845456600189208984 -1.58649456501007080078 -0.44783547520637512207 1.18162631988525390625 0.31308132410049438477 0.18406288325786590576 0.81782066822052001953 -0.86374533176422119141 -0.95133763551712036133
-1.29186558723449707031 -1.31849682331085205078 -0.37789157032966608218 0.76733165979385375977 -1.41171836853027343750 -1.41560626029968261719 0.63201731443405151367 1.29075145721435569079 0.37449172139167780093 -1.29370522499084472656 0.06861070543527600374
-2.03555727005004882812 -1.49279153347015380859 -1.50367450714111328125 -0.84753435850143432617 0.12422589957714079423 -0.87116736173629760742 -0.88780975341796875000 -1.47055327892303489001 -0.64764696359634399414 -1.04077005386352539062 -0.24428878724575039949
0.12983992695808410645 0.99609696865081798212 -1.53583228588104248047 1.36031699180603049548 -0.14594064652919769287 0.63036495447158813477 1.08530318737030029297 -0.01550866663455960012 -0.11678443849086760087 0.46888139843940729312 -0.80551248788833618164
0.53120476007461547852 0.05776545405387870091 1.08156847953796408923 -1.01971733570098876953 0.83219265937805175781 -1.60162222385406494141 0.25531673431396478824 -1.51517689228057861328 -1.28323805332183837891 0.13841016590595239810 -0.69469004869461059570
1.27470064163208007812 1.27205419540405273438 0.25567904114723200015 -0.95674633979797363281 -0.92667651176452636719 -0.16073402762413019351 -0.84891486167907714844 -0.39315131306648248843 -0.16522742807865140047 0.11210664361715309834 -0.59485882520675659180
0.76890528202056884766 1.01735615730285644531 -0.17521947622299188785 0.66351705789566040039 -1.51921236515045166016 -1.06949627399444580078 0.21687065064907071199 -1.29372298717498779297 -0.38309776782989501953 1.44908142089843750000 -1.65924346446990966797
1.51757466793060302734 1.08075869083404541016 1.18669271469116210938 -0.96998530626296997070 -0.47891458868980407715 0.59213405847549438477 1.69889402389526367188 -0.44839364290237421207 -0.14793552458286279849 0.49170306324958801270 -0.27274569869041437320
0.64349228143692016602 0.88731873035430908203 0.59496569633483886719 1.62840950489044189453 0.48913720250129699707 1.04869616031646728516 0.42557394504547119141 0.66986334323883056641 -0.80969333648681640625 -0.13517095148563379459 -1.14819276332855224609
-0.14685530960559839420 -0.32203114032745361328 0.73591178655624389648 0.07667613029479980469 0.03601835668087000064 -1.62880837917327880859 -0.14988586306571960449 0.97125911712646484375 -0.29769349098205560855 -0.30590981245040888004 0.88296467065811157227
-0.06468805670738220215 -0.01138591486960639949 -0.20105056464672088623 1.40279185771942138672 0.40143895149230951480 0.01339902728796000045 0.58635854721069335938 -0.02333875186741350000 0.88661229610443115234 0.26098132133483881168 0.77491313219070434570
0.87711882591247558594 1.63882720470428489001 -0.58041995763778686523 -1.55883264541625976562 -1.56705832481384277344 1.11895298957824707031 0.89142608642578125000 -0.69412881135940551758 1.49237406253814697266 -0.70822376012802124023 -0.86436408758163452148
-0.93206608295440684930 -0.98321300745010375977 0.02680675312876699967 0.68754976987838745117 1.48356604576110839844 -0.71242123842239379883 0.71532022953033447266 1.67547154426574707031 0.82332730293273925781 -0.63967001438140869141 0.77325922250747680664
-0.92850953340530395508 -1.70880913734436035156 1.37844336032867431641 -0.27890107035636901855 1.58461880683898925781 0.21096321940422049779 -0.04899545386433599992 0.37273558974266052246 1.68553066253662109375 -1.15953719615936279297 0.37572160363197321109
-0.27097412943840021304 -0.16521435976028439607 0.33850401639938348941 0.84700542688369750977 1.21737051010131835938 -1.20992815494537353516 0.79777324199676513672 -0.14492127299308771304 0.72789466381072998047 -1.11143672466278076172 1.23821425437927246094
0.79846209287643432617 0.42626944184303278140 1.22200500965118408203 0.33330318331718439273 0.10389771312475200304 0.50055664777755737305 -1.61389350891113281250 0.24398447573184958714 -1.70962131023406982422 0.04000811278820030209 -1.01369619369506835938
-1.40330243110656738281 -1.77824258804321289062 0.03561656549572939784 -0.47537246346473688297 -0.08461325615644449405 1.70547199249267578125 0.92573529481887817383 -1.59191453456878662109 -0.90088140964508056641 -0.58360755443572998047 -0.65723162889480590820
-0.54175376892089843750 -0.07180181890726089478 -1.03198838233947753906 -0.12902837991714469212 -0.45253551006317138672 1.51190364360809326172 0.59270018339157104492 -1.04769718647003151624 -0.93445008993148803711 1.79186856746673583984 0.94229573011398315430
-0.51184803247451782227 0.06239921227097509904 -1.24996852874755859375 -1.38317716121673583984 1.49101531505584716797 -1.55771434307098410876 0.32187905907630920410 -0.60669243335723876953 0.02106376551091669949 -0.31216183304786682129 0.60238665342330932617
1.73116219043731689453 1.35910975933074951172 1.25147378444671630859 -1.39217364788055419922 -0.93325412273406982422 -0.35231423377990722656 -1.56296753883361816406 0.93324685096740722656 -1.10225892066955566406 -1.40144729614257790296 0.25557532906532287598
1.50363183021545410156 1.55416893959045410156 0.89942580461502075195 -1.11400604248046875000 -0.40174812078475952148 -1.78690290451049804688 -1.73414587974548339844 -1.07642590999603271484 -0.05024414509534830264 -1.15839564800262428967 0.23476335406303400211
-0.39114096760749811343 -0.02746489830315109945 -0.45545512437820429019 -0.19778279960155478734 -1.21358108520507790296 -0.03954326361417769692 0.64367836713790893555 0.06291480362415309557 -0.74526023864746093750 -0.47271540760993957520 0.03492026776075359690
1.17502307891845703125 1.65017163753509521484 -0.96044510602951038702 -0.68302077054977416992 1.09793114662170410156 -0.07988776266574859619 -0.73787552118301391602 -1.08402514457702636719 -1.44192945957183837891 0.27579554915428161621 0.86708337068557739258
1.49832653999328591077 1.01761925220489501953 1.32991516590118408203 -0.27757230401039117984 -1.32841968536376953125 -0.92604517936706542969 0.89900553226470947266 -0.40061464905738830566 0.78333896398544311523 0.02373079769313329868 -0.15138727426528930664
-0.10405048727989189838 0.18448692560195920076 -1.04531455039978049548 0.78449255228042602539 -0.25588282942771911621 -1.62834680080413818359 1.44702529907226562500 0.34088718891143798828 -0.41985023021697998047 -0.67520141601562500000 0.61399924755096435547
0.83931368589401245117 -0.02161909639835350033 1.62963223457336447986 -0.46160081028938287906 -1.26502645015716552734 -1.01266610622406005859 0.91496586799621582031 0.64347046613693237305 0.70099776983261108398 -0.01535348407924170058 -0.69522774219512939453
0.48818212747573852539 1.23329198360443115234 -1.66790866851806640625 1.10905385017395019531 1.40438985824584960938 -1.29438710212707519531 1.09326469898223876953 -0.01411810982972380030 -0.03144769370555870053 1.08550119400024391858 -0.25630557537078857422
-1.93177998065948486328 -1.67509996891021728516 -0.58455735445022583008 -0.16841472685337061099 0.82786262035369873047 0.04987274482846260071 -1.27685534954071044922 0.80049061775207519531 -0.72332835197448730469 -1.02896881103515625000 -0.22495613992214200105
0.10793393850326529759 0.72759592533111572266 -1.11309540271759033203 0.62226074934005737305 1.62350082397460937500 -0.23642888665199279785 1.21081745624542236328 -1.42521226406097389905 -1.34994685649871848376 1.54987883567810058594 -0.56839162111282348633
-1.63884639739990234375 -1.10084903240203857422 -1.66219532489776589124 -0.61256450414657592773 -1.56972599029541015625 0.44904753565788269043 -0.66472262144088745117 -0.09694501012563699893 1.17327153682708740234 0.26134872436523437500 -0.18552024662494659424
-0.28776848316192621402 0.02464571967720979861 -0.73022013902664184570 -0.35140299797058099918 1.40281546115875244141 -1.63033294677734375000 0.74532032012939453125 0.12806038558483121004 1.01526188850402832031 -1.63495028018951416016 0.82810747623443603516
-1.22470712661743164062 -0.89503079652786254883 -0.37931570410728449039 0.27390748262405389957 0.26566097140312189273 -0.04858446121215820312 -0.00536330509930839968 1.11951124668121337891 -1.35512745380401589124 1.08237087726593017578 0.30266851186752319336
-0.30799522995948791504 0.59567564725875854492 -1.39038133621215820312 -0.86541551351547241211 1.16142046451568603516 0.04227149486541739720 0.74512046575546264648 0.79037374258041381836 -1.56392312049865722656 1.22576594352722167969 0.11461388319730750340
-0.19252215325832358617 0.51951354742050170898 -1.53249907493591308594 1.26360440254211447986 1.55034399032592751233 0.44120812416076660156 -1.39156568050384521484 0.10579183697700500488 -1.57126390933990478516 0.81465733051300048828 0.67219167947769165039
-0.31007239222526550293 -0.72839349508285522461 0.61643826961517333984 1.16407775878906250000 1.23268520832061767578 -0.46420407295227050781 0.76633435487747192383 -0.70464009046554565430 -0.69650274515151977539 -0.01921322010457510165 1.33169806003570556641
-0.51889783143997192383 -0.35858100652694702148 0.01956808939576139966 1.00109529495239257812 -1.29148614406585693359 0.49193924665451049805 -1.06251668930053710938 -1.54951477050781250000 1.29387319087982177734 0.01288968138396739960 0.79200989007949829102
-0.26286816596984857730 0.20589794218540188875 -0.88613897562026977539 0.60359543561935424805 -1.66176974773406982422 0.78240370750427246094 1.06221222877502441406 0.58927178382873535156 -1.26972794532775878906 -0.09081328660249710083 0.26506707072257990054
-1.20170366764068603516 -1.70897161960601806641 0.62887674570083618164 -1.70571732521057128906 0.99792635440826416016 1.63308882713317871094 -0.07168736308813089542 0.37600302696228027344 -1.32069694995880126953 -1.21458613872528076172 -0.80190426111221313477
-0.68475186824798583984 0.29733625054359430484 -1.70823001861572287829 -1.70674824714660644531 1.54658293724060058594 1.30653357505798339844 0.08371803164482109760 1.18377780914306640625 0.10854285210371010517 -1.37278449535369873047 0.80308771133422851562
-0.82179594039916992188 -0.56408804655075073242 -0.79235965013504028320 -1.04674470424652099609 -0.98448377847671519891 0.73875761032104492188 -1.28795778751373291016 -0.98888516426086436883 1.32707703113555908203 -1.21823799610137939453 0.25757196545600891113
1.35310268402099609375 1.29339158535003662109 0.18923954665660849828 1.46202564239501953125 0.88320559263229370117 0.87010526657104492188 0.94768065214157104492 -1.23785805702209472656 -1.49167656898498535156 0.09397248923778529772 0.77994364500045776367
1.49112129211425781250 1.10037434101104736328 1.68532574176788330078 -1.45240509510040283203 -0.19348807632923120670 1.25842177867889404297 0.32361236214637750797 0.96790313720703125000 1.45990717411041259766 0.92541825771331798212 -0.05496669188141820039
-1.06896650791168190686 -1.55569243431091308594 0.22888584434986108951 0.81123197078704833984 0.72275191545486450195 -0.81561851501464843750 -0.13996200263500210847 -1.62455105781555175781 -0.02860523574054240140 0.46835345029830932617 -0.01418549194931979958
-1.54066383838653564453 -1.26603734493255615234 -1.01079845428466796875 1.18137001991271950452 -0.73067724704742431641 0.73300772905349731445 0.00224408390931779989 0.80219823122024536133 0.35958230495452880859 0.55043351650238037109 0.16051022708415979556
0.51813191175460815430 0.68676966428756713867 -0.30805280804634088687 1.06953835487365722656 1.31569015979766845703 -0.19447299838066101074 0.98808127641677856445 0.62433946132659912109 -0.01690228655934329985 -0.60346961021423339844 -1.09316802024841308594
0.90217620134353637695 0.80702292919158935547 -0.23536477982997888736 -0.11538769304752349854 -1.25464129447936989514 0.50930547714233398438 -0.09342195838689799914 0.43184909224510187320 -1.26213538646697998047 0.36065158247947687320 -1.96037006378173850329
0.26857626438140869141 -0.47365576028823852539 1.37673401832580566406 -1.42222583293914794922 0.90150547027587879523 0.14550179243087760228 1.19123315811157248767 1.09244310855865478516 1.20097374916076660156 -1.27518165111541770251 0.71416687965393066406
-0.51886540651321411133 -1.38430511951446510999 1.58771872520446777344 1.48701453208923339844 1.33369624614715576172 0.00287595577538009989 0.96188199520111083984 -0.56091201305389404297 1.25172603130340576172 0.80487710237503051758 1.50890541076660156250
-0.51214563846588134766 0.09327064454555510087 -1.61189663410186767578 -1.42799508571624755859 -1.64098143577575683594 0.24622519314289090242 -1.27260875701904296875 -1.71348118782043457031 -0.31300061941146850586 0.29519826173782348633 0.53919768333435058594
-0.81683808565139770508 -0.08564064651727669453 -1.76786041259765625000 0.78379696607589721680 1.11988461017608642578 1.49711978435516357422 0.80954664945602416992 0.48461499810218811035 -1.43362510204315207751 0.66358000040054321289 1.85633695125579833984
-0.05205479264259330052 0.00742494780570259957 0.26462075114250177554 0.82211971282958984375 -0.08552777022123329853 1.46996915340423583984 0.48205658793449401855 -0.27161136269569391422 0.50939178466796875000 1.74639868736267089844 0.61941611766815185547
-0.41845181584358209781 -1.11956238746643088611 1.29335117340087890625 0.47267070412635797672 0.89994704723358154297 -1.25509083271026589124 -1.13124501705169677734 1.51306605339050292969 1.55390572547912597656 1.13839769363403320312 0.96230518817901600226
-0.99671828746795643195 -0.66231089830398559570 -0.98085254430770885126 -1.46211886405944824219 0.35133090615272521973 0.93752062320709239618 0.82802563905715942383 -1.09431195259094238281 1.46088969707488991467 -0.63540279865264892578 0.23749460279941558838
1.33060979843139648438 0.96860653162002563477 0.90073645114898681641 0.53802496194839477539 -0.42687028646469110660 1.01173722743988037109 -0.03777966275811189822 -1.11684346199035644531 1.02267181873321510999 -1.46293306350708007812 -0.84463417530059814453
0.05006467178463930301 -0.51962196826934814453 1.02866530418395996094 0.37464204430580139160 -1.37119841575622558594 1.38848400115966796875 0.26592966914176940918 1.50809729099273681641 1.48957049846649169922 -0.02135778218507760132 0.86620116233825683594
-1.18193972110748291016 -0.51269775629043579102 -1.64193034172058105469 -1.74431085586547829358 0.66941916942596435547 -0.75219970941543579102 1.09531164169311523438 -0.08814330399036400532 -0.97260570526123035773 0.27256822586059570312 0.84733128547668457031
-1.30712234973907470703 -0.67925816774368286133 -1.20957911014556884766 -0.36005386710166931152 -0.67311644554138183594 1.15431797504425048828 -1.57561421394348144531 0.58542078733444213867 -0.28819844126701349429 0.41352611780166620425 0.39876997470855707340
0.27731207013130187988 -0.43155258893966669254 1.67646455764770507812 0.15711705386638641357 1.04731976985931396484 -0.90458297729492198602 -1.00009942054748535156 1.59764194488525390625 0.40338802337646478824 -0.34983509778976440430 1.12171804904937744141
-1.26153492927551269531 -1.29820179939270019531 -0.21917468309402460269 0.51871049404144287109 0.23646846413612360172 1.07360363006591796875 -0.35513749718666071109 0.57289862632751464844 0.70134496688842773438 1.15799903869628906250 0.06442691385745999422
0.39191398024559020996 1.13739740848541259766 -1.28249478340148925781 1.21974825859069824219 -1.20892548561096191406 -0.06166869029402730074 -1.54518461227416992188 1.11505985260009765625 1.10080254077911376953 1.26748287677764892578 -1.17439699172973632812
0.84911972284317016602 0.36361861228942871094 0.46698176860809320621 0.79476112127304077148 -0.10114470869302749634 -1.15184414386749289783 -1.46365356445312500000 0.30326929688453668765 0.36604997515678400211 -0.02548050507903090039 -1.13828980922698952405
1.06586408615112304688 1.31469237804412841797 -0.45199868083000177554 0.43413418531417841129 -1.01444005966186523438 -0.64677917957305908203 1.55545234680175781250 0.93443787097930919305 1.03255856037139892578 0.04262452200055120294 -0.49777799844741821289
0.62832945585250854492 0.56269884109497070312 0.15647327899932861328 -0.79717040061950683594 -0.03879707306623449842 1.54352748394012428967 0.10415367037057869648 0.57670140266418457031 1.14571487903594970703 1.27297711372375488281 -1.99152696132659912109
-0.19279186427593231201 -0.32150283455848688297 0.05051274225115769817 0.73884284496307373047 -0.28442806005477899722 0.13667774200439450349 -1.24050915241241455078 -1.52939784526824951172 -1.27000451087951660156 -1.40627384185791015625 0.89028394222259521484
1.48956477642059326172 1.42525136470794677734 -0.22907936573028558902 0.99826043844223022461 -0.93319469690322875977 1.04294764995574951172 -0.46740067005157470703 -1.64546310901641845703 -0.11206316947937010331 -0.08921861648559570312 1.21478426456451416016
0.57043290138244628906 1.37250840663909912109 -1.29641509056091308594 -1.55186676979064941406 0.40628173947334289551 0.72376430034637451172 1.25255668163299560547 -0.71684443950653076172 1.17144882678985595703 1.20019268989563010486 -1.56769526004791259766
1.48360574245452880859 1.58718073368072509766 0.75449907779693603516 1.17912435531616210938 1.59169578552246093750 0.60632985830307006836 -0.30161112546920770816 0.46541538834571838379 0.05031596124172209999 1.09782814979553222656 1.79228115081787109375
-0.04267988353967659687 0.73464262485504150391 -1.14333474636077880859 0.09368711709976189350 -1.26765143871307350842 0.40894669294357299805 0.39464977383613580875 -0.66796606779098510742 1.28683638572692871094 -0.70343554019927978516 -0.77950620651245117188
-0.41998183727264398746 -0.70199388265609741211 0.81284046173095703125 -0.03533575683832160252 1.39839863777160644531 0.50836521387100219727 -0.92236983776092518195 -1.55492997169494628906 -0.05855470895767209832 1.58756780624389648438 1.09107196331024169922
-0.47331175208091730289 -0.40275973081588739566 -0.29877349734306329898 1.54366695880889892578 1.01585578918457031250 -0.81131529808044433594 -0.31191223859786987305 -0.23823410272598261050 1.42619228363037109375 0.37842360138893127441 1.43249893188476562500
0.05951829627156249997 0.41465291380882257632 -1.00078153610229492188 -0.47925731539726257324 -1.64436030387878417969 -0.43199181556701660156 -0.16006432473659509830 -0.74020844697952270508 0.10403239727020259509 -0.27388778328895568848 -0.91074872016906738281
0.39580348134040832520 0.89410090446472167969 -0.81475967168807983398 -0.45703732967376708984 0.25062519311904907227 -0.75730013847351074219 -0.75996977090835571289 1.41386973857879638672 -0.62184524536132812500 0.59515231847763061523 -1.96479105949401833264
0.35672247409820551090 0.64011776447296142578 -0.28107082843780517578 -0.36992982029914850406 0.53976196050643920898 -0.44002866744995111636 -0.71323800086975097656 -0.81252896785736083984 0.40023523569107050113 -0.97726839780807495117 -1.84422445297241210938
-0.90618491172790516242 -1.24428904056549072266 0.03146309405565259759 -0.49808099865913391113 0.97130835056304920538 -0.25749725103378290347 1.28274273872375488281 0.43838298320770258121 0.76499468088150024414 0.53322100639343261719 0.06050927937030790155
1.29703557491302490234 0.48439705371856689453 1.35509574413299560547 1.52044665813446044922 -1.54739773273468017578 0.32532948255538940430 -1.42561817169189430921 1.03726673126220703125 1.60299265384674072266 -0.00888333842158309933 -0.83033692836761474609
-1.43676257133483886719 -1.30865919589996337891 -0.10942436009645460648 0.34480521082878107242 1.62625837326049804688 0.44066479802131647281 1.08498573303222656250 1.16339492797851562500 0.98566174507141124383 -1.57465839385986328125 0.29250830411911010742
-0.81753075122833251953 -0.97180724143981922492 0.04287784919142720308 1.23049890995025634766 0.88753354549407958984 -0.43262702226638788394 -1.53547334671020507812 1.73642671108245849609 1.39558851718902610095 -1.35439658164978049548 1.07613170146942138672
-0.50633454322814941406 -0.62376886606216430664 0.09502341598272319445 -0.42153498530387878418 0.59263235330581665039 0.20415255427360529117 0.04967506602406499688 -0.77892398834228515625 -1.48903167247772216797 -1.47174715995788552014 0.58411419391632080078
1.73335635662078857422 1.16537904739379882812 1.23661398887634277344 -0.34970963001251220703 -1.48386299610137939453 -0.49770268797874450684 0.13533769547939300537 0.93120986223220836298 1.59102034568786621094 -1.19937074184417724609 0.57639807462692260742
-0.35825392603874200992 -0.13296593725681299381 -0.34219592809677118472 0.65659850835800170898 -0.39876705408096307925 0.77197504043579101562 -0.81833797693252563477 1.26894032955169677734 -0.65551304817199707031 1.84002113342285200659 0.83128958940505981445
-1.40476727485656738281 -0.93865793943405162469 -1.64989674091339111328 0.32353144884109491519 -1.68561065196990966797 1.44378101825714111328 0.31883612275123590640 1.63080942630767822266 -0.74657881259918212891 -0.16201725602149960603 0.55101579427719116211
-0.42090216279029840640 -0.39306625723838800601 -0.56296849250793457031 1.51348316669464111328 -0.79026186466217041016 -0.24306416511535638980 -1.60672450065612792969 -0.57872778177261352539 -1.05621993541717529297 1.30117785930633544922 0.98650926351547241211
0.66177028417587280273 0.75931024551391601562 0.03536414355039590313 -0.63717746734619140625 0.85422283411026000977 1.45092713832855224609 -1.11471533775329589844 -0.67527204751968383789 -1.62321436405181884766 0.94515293836593639032 -1.85908961296081565173
-0.54021817445755004883 -1.19160485267639160156 1.39662122726440429688 -1.64296579360961914062 -0.94628286361694335938 -0.66049897670745849609 0.71545124053955078125 1.49337136745452880859 -0.30928426980972290039 -0.78921836614608764648 0.05350570380687710154
-0.66100805997848510742 -0.75245797634124755859 -0.50711172819137573242 -0.36179313063621520996 0.26461243629455560855 -0.02982222661375990083 -1.37463951110839843750 1.37218606472015380859 1.55627834796905517578 0.54783189296722412109 0.52080029249191284180
0.15732246637344360352 -0.08493188768625259399 0.97710168361663818359 1.05661261081695556641 -1.07454359531402610095 -0.03821887448430059953 0.06389831006526940083 0.65573680400848388672 1.20302093029022216797 -0.21650962531566619873 0.60206741094589233398
-0.26985636353492731265 -0.86978715658187866211 1.02155268192291259766 -1.33420717716217041016 -0.38062754273414611816 -1.61479270458221435547 0.05823759734630579860 0.06637675315141669530 -0.13125145435333249178 -0.09468549489974970035 0.28757715225219721011
1.14036715030670166016 1.38015377521514892578 0.21453851461410519685 0.92181247472763061523 -0.64821654558181762695 1.61887168884277343750 1.02588629722595192639 0.98039084672927856445 -1.18577575683593750000 1.62409889698028564453 0.16231659054756159000
-1.60280454158782958984 -1.57439088821411110608 -0.28218060731887817383 -1.64435279369354248047 -0.37370693683624267578 -0.18105261027812949437 1.62253665924072287829 0.34823715686798090152 -0.62480401992797851562 -0.80127322673797607422 -1.11213278770446777344
0.10479255765676490086 -0.77813351154327392578 1.63732397556304909436 1.63729381561279296875 1.62251782417297363281 -1.29375064373016357422 1.11103415489196777344 -0.20520274341106409244 0.41101080179214477539 1.74522101879119873047 2.33850908279418900904
-0.41048133373260498047 -0.11034876108169550113 -0.41020560264587402344 0.60438054800033569336 -1.06842505931854248047 1.16559100151061989514 -0.49689242243766779117 -0.50093883275985717773 -0.00551678892225019972 -0.39469495415687561035 0.68573915958404541016
-1.06608295440673850329 -0.15930445492267608643 -1.55451810359954833984 -0.94457280635833740234 -0.28326198458671569824 -1.20764565467834472656 -0.48331665992736810855 -1.18401587009429909436 0.87997823953628540039 -0.37002363801002502441 0.98610138893127441406
-1.29420804977416992188 -1.70253372192382790296 0.38874745368957519531 0.34668996930122369937 1.57114958763122558594 -1.30534625053405761719 -0.12045267969369879979 0.66765898466110229492 -0.50034922361373901367 0.74237841367721557617 0.07011158764362329654
1.40977370738983154297 1.13280737400054909436 1.58580052852630615234 -1.51465988159179687500 -1.71238529682159423828 1.00975894927978515625 -0.34183856844902038574 -0.30829223990440368652 0.63337117433547973633 -1.01821649074554443359 -0.61445152759552001953
0.85617327690124511719 0.91992670297622680664 1.10465860366821289062 -1.38045060634613037109 -0.14813196659088129215 1.32163965702056884766 0.98684078454971324579 1.36681079864501953125 0.31131333112716669254 -0.49326518177986139468 -2.10801148414611816406
0.89685750007629394531 1.50957870483398437500 -1.65006816387176513672 0.96415722370147705078 0.23406656086444849185 -0.09748432785272589940 -1.17341876029968261719 1.37450015544891357422 0.58956271409988403320 -1.65703535079956032483 0.66789972782135009766
-1.01006639003753662109 -1.19477176666259765625 0.19968309998512259740 -0.65588015317916870117 0.15858907997608179263 1.56262052059173583984 -1.27155196666717529297 0.80964642763137817383 -0.19344294071197509766 -1.42871487140655517578 -0.28676700592041010074
0.49908381700515741519 0.03743148967623709938 1.55951070785522460938 0.37634620070457458496 -0.68665748834609985352 0.12889961898326871004 -0.73346829414367675781 -1.55698931217193603516 -0.14266860485076898746 0.25011497735977167300 -0.09579863399267189716
-0.79891246557235717773 -1.34641265869140625000 0.51578509807586669922 -0.85535949468612670898 0.88249963521957397461 0.84647369384765625000 -1.62956976890563964844 1.60627353191375710217 0.26586559414863580875 -0.74631714820861816406 0.07247108966112129902
-0.77831137180328369141 -0.76586645841598510742 -0.06309016048908229479 1.63132739067077636719 1.30886816978454589844 -0.99213987588882435187 -1.55063223838806152344 -0.13164523243904110994 0.23384426534175870027 -1.36653840541839599609 1.48339045047760009766
-0.75672596693038940430 -0.56515955924987792969 0.20399856567382809724 1.29983544349670410156 -1.32628893852233886719 -0.36377722024917602539 -1.21517980098724365234 -0.31799888610839838199 -0.50339925289154052734 0.18919084966182708740 1.03368031978607177734
1.59909284114837646484 1.18637430667877197266 1.39636218547821044922 -1.51908326148986816406 -1.50266766548156738281 -1.40425276756286621094 1.11912775039672829358 0.21009209752082819156 0.87246304750442504883 0.81843525171279907227 -0.11572138965129849519
-0.53857028484344482422 -0.96872156858444202765 0.20361624658107749242 1.05350017547607421875 -0.22783724963665000218 0.22506082057952880859 0.42826613783836359195 1.38462269306182861328 -1.63692867755889892578 -0.44148963689804071597 0.83463323116302490234
-0.34544441103935241699 -0.39969521760940551758 -0.11237239092588420519 -0.42373839020729059390 1.07664716243743896484 -0.86162781715393066406 -0.21605287492275229710 -0.43804338574409479312 -1.41128015518188476562 -1.63301980495452880859 0.76512575149536132812
-0.52224993705749511719 -0.46584159135818481445 -0.04581768810749049792 0.35912805795669550113 1.25225234031677246094 1.19225227832794189453 1.41405165195465087891 -1.68090474605560302734 0.90765130519866943359 -0.71842092275619506836 1.35379803180694580078
1.31475996971130371094 1.06012439727783203125 1.05210065841674804688 1.09780979156494140625 1.63499605655670166016 -0.65537995100021362305 0.27162313461303710938 0.74048215150833129883 -1.10616850852966308594 1.29394161701202392578 0.17567600309848779849
0.75869041681289672852 1.36385905742645263672 -0.84504693746566772461 0.44304662942886352539 -1.12843799591064430921 0.79164445400238037109 0.55878233909606933594 -0.31740587949752807617 -1.33210444450378417969 0.45842996239662170410 -1.17617034912109375000
-1.79141318798065207751 -1.35717475414276123047 -1.05985760688781738281 -0.48902702331542968750 0.19571037590503689851 -0.35789969563484191895 1.28796279430389404297 -1.59179747104644775391 1.22610282897949218750 -1.69634902477264404297 -0.08224799484014509721
-0.66250342130661010742 -1.14787125587463378906 0.69272381067276000977 1.45043051242828369141 0.01230393163859840044 1.30142319202423095703 0.07725282758474349976 -0.51841604709625244141 -0.35728353261947631836 1.65192437171936035156 0.88135874271392822266
1.35599279403686523438 1.04912722110748291016 1.16676867008209250720 0.26859021186828607730 -1.03169941902160644531 1.57862913608551047595 -1.65368914604186989514 1.64893865585327170642 1.15578985214233398438 -0.49839389324188232422 -0.26948741078376770020
0.67106491327285766602 -0.40080052614212030582 1.67035984992980957031 1.12263524532318115234 -0.38489967584609979800 1.67556083202362060547 0.60057395696640014648 -1.48864793777465820312 1.53330755233764648438 1.32053661346435569079 1.15413737297058105469
-0.37664559483528131656 -1.06075358390808105469 0.98197501897811878546 -0.37507784366607660465 -0.46774607896804809570 -0.70504337549209594727 -0.24995017051696769017 0.41389760375022888184 1.14172828197479248047 -0.01688810810446729829 0.22477547824382779207
0.37381625175476068668 0.76741129159927368164 -0.49424615502357477359 -1.49100375175476074219 1.12953329086303710938 1.54970061779022216797 0.57346332073211669922 -1.24488294124603271484 0.17490604519844049625 -0.44343021512031549625 -1.68950605392456032483
1.86472463607788085938 1.05897569656372070312 1.61647295951843261719 0.48014825582504272461 1.30397760868072509766 -0.08137364685535429520 1.14355957508087158203 -0.11089023202657699585 -1.72902309894561767578 0.66213214397430419922 1.56490194797515869141
1.69762647151947021484 1.02741754055023193359 1.36566066741943359375 -0.65915501117706298828 1.37366914749145507812 -0.76048320531845092773 0.75579398870468139648 -1.24846398830413818359 0.60287773609161376953 -0.02122654393315310042 0.47148701548576349429
-1.06784200668334960938 -0.62633025646209716797 -1.22273194789886474609 -1.28895211219787597656 1.03084695339202880859 -1.70160198211669921875 1.02119934558868408203 -0.34664979577064508609 1.24044644832611083984 -1.45115780830383300781 0.39727777242660522461
1.01425635814666770251 1.02318072319030761719 0.19521345198154449463 0.36054679751396179199 -0.47018933296203607730 1.37084615230560302734 0.61878907680511474609 0.42055869102478027344 -1.64623773097991943359 0.87158828973770141602 -0.98410058021545399054
-0.17019499838352200594 -0.64527136087417602539 1.16820228099822998047 1.26195156574249289783 1.46143639087677001953 0.36320841312408447266 1.62983453273773193359 -0.24777631461620330811 0.04983712732791899941 0.67217147350311279297 1.88934624195098876953
1.19670903682708740234 0.88312959671020507812 0.65702885389328002930 -1.33103501796722389905 0.61470639705657958984 -1.77380490303039550781 0.70805007219314575195 -1.53173780441284179688 1.40292704105377197266 -1.58848345279693603516 -1.49572587013244628906
0.62430840730667114258 0.09110304713249199604 1.36205554008483886719 1.60212934017181396484 -0.71804052591323852539 -1.13971734046936035156 -0.61351501941680908203 -1.54953444004058837891 -1.22574722766876220703 -1.05089271068572998047 0.22710025310516349095
-0.33558201789855951480 -0.04070912301540369899 -0.99602437019348144531 -1.30203759670257568359 -0.49549865722656250000 -1.36927258968353271484 0.97549021244049083368 -0.92124229669570922852 -0.23534388840198511295 1.33953130245208740234 0.15681651234626770020
0.90253198146820079462 1.51216375827789306641 -1.11280834674835205078 -0.35777845978736877441 1.12690448760986328125 -0.34555006027221679688 -0.64071106910705566406 1.02343237400054909436 -1.62496495246887207031 1.22325789928436279297 0.19706192612648010254
-0.45371419191360468082 -0.28972065448760980777 -0.65783643722534179688 0.34488388895988458804 1.25697863101959250720 1.62566864490509033203 -1.04561352729797363281 0.34203770756721491031 -1.29067623615264892578 -1.07918310165405273438 1.21051526069641113281
0.40069824457168579102 1.00909459590911887439 -1.64339327812194824219 0.19218364357948300447 0.64663559198379516602 0.13471139967441558838 -0.31806933879852289371 1.48973715305328369141 -1.08381485939025878906 1.34466624259948730469 -0.99077785015106201172
0.28607887029647821597 0.71416282653808593750 -1.01686275005340576172 -1.38610494136810302734 0.94181472063064575195 1.35314631462097167969 -0.90389245748519897461 1.09881484508514404297 1.08442151546478271484 -1.74618196487426757812 -1.51670873165130615234
-0.76727473735809326172 -0.68605744838714599609 -0.44080376625061029605 1.53699374198913552014 0.73759764432907104492 -0.94560748338699340820 0.45787122845649719238 -1.39796531200408935547 -0.31285223364830011539 0.91357284784317016602 1.30576574802398681641
2.03896999359130859375 1.44560015201568603516 1.29833674430847167969 -1.34123396873474121094 1.08783352375030517578 1.18884253501892089844 -0.35970243811607360840 0.34878376126289367676 -0.27012753486633300781 -0.14560987055301660709 0.64927768707275390625
1.04731297492980957031 1.25633609294891357422 -0.05555060133337969691 1.49765348434448242188 -0.34416911005973810367 -0.63738399744033813477 -1.34235823154449462891 1.07279944419860839844 0.31925415992736810855 -0.12526240944862360172 -0.24369786679744720459
0.19738279283046719637 -0.59694504737854003906 1.09965753555297829358 1.33275270462036110608 -1.49556314945220969470 0.13992558419704428929 0.42880555987358087711 -0.39615347981452941895 -1.04848015308380126953 -0.71759516000747680664 1.18017804622650168689
-1.56452369689941406250 -1.46621537208557128906 -0.03503968194127080049 0.74848091602325439453 -0.74524104595184326172 0.75696802139282226562 -1.06482565402984619141 -0.72155398130416870117 1.62389254570007324219 0.66924399137496948242 -0.29805094003677368164
0.65849095582962036133 0.83731275796890258789 -0.13134634494781491365 -0.79034525156021118164 -0.50377738475799560547 1.07187545299530029297 1.40905189514160156250 0.57725584506988525391 0.39931434392929071597 -1.09019553661346435547 -2.06490731239318847656
-2.21363520622253417969 -1.65781772136688232422 -1.24907147884368896484 1.24505889415740966797 -1.64296019077301047595 1.13176524639129638672 -1.67834460735321044922 1.47114479541778564453 0.42365103960037231445 0.10035012662410730533 0.08167787641286849976
0.94215703010559082031 1.50126385688781738281 -0.81003117561340332031 -0.07402347773313519563 -0.01401099469512699994 0.35736638307571411133 1.41387140750885009766 1.20655894279479980469 1.15551352500915527344 1.34355378150939941406 -0.34704688191413879395
0.60099458694458007812 1.29361808300018310547 -1.06257092952728271484 -0.58923131227493286133 -1.63836395740509033203 -1.20375156402587890625 1.25450444221496582031 -1.63436853885650634766 0.59494680166244506836 -1.63197505474090576172 -1.70620656013488769531
-0.12067951261997220125 0.66856485605239868164 -1.47311007976531982422 0.83824706077575683594 0.00904464628547430038 1.48193228244781494141 -0.10261747241020199861 -0.87743824720382690430 0.96279996633529663086 -1.41924989223480224609 0.11642933636903760042
-0.04991625621914860117 -0.70185762643814086914 1.60230445861816406250 -1.34945857524871848376 1.22824287414550781250 -1.31082832813262939453 -0.53716945648193359375 -0.56123763322830200195 -1.18301689624786376953 -0.71691387891769409180 0.97126775979995716437
0.49487295746803278140 -0.64447736740112304688 1.69189441204071044922 -1.44544148445129394531 0.47059458494186401367 0.38594198226928710938 -0.45529043674468988590 -1.47628736495971679688 -0.50499236583709716797 -1.32153928279876708984 1.11282610893249511719
0.11870852857828140259 -0.38278710842132568359 0.86849278211593627930 0.69207656383514404297 -0.87726724147796630859 1.16439819335937500000 0.37519580125808710269 0.81942874193191528320 -1.71868395805358886719 -0.78315192461013793945 0.73879998922348022461
-0.38095533847808837891 -0.18443174660205841064 0.01705995202064509997 0.09113353490829459447 -0.72257590293884277344 0.45032855868339538574 0.46693238615989679507 1.63675165176391601562 0.79960620403289794922 -1.55295956134796142578 0.87690013647079467773
1.05983805656433105469 1.00582098960876464844 0.86143600940704345703 -0.95743030309677124023 1.68126285076141357422 -1.12619006633758544922 1.40771162509918190686 0.39717131853103637695 0.74170535802841186523 1.41431641578674316406 -1.42065787315368630139
1.53029096126556396484 1.41815030574798583984 0.54362392425537109375 0.04552549496293060299 -1.43623244762420632092 1.15667223930358886719 1.44042968750000000000 -0.59234386682510375977 -0.69964313507080078125 0.87373697757720947266 0.60182064771652221680
1.54567432403564430921 1.47377777099609375000 0.49364954233169550113 1.31078112125396728516 -0.14432811737060541324 -0.91358184814453125000 -1.42919814586639404297 0.79058754444122314453 -0.21879240870475769043 1.71179795265197753906 1.24841499328613281250
-0.38589623570442199707 -0.07515913248062129626 -0.64680618047714233398 0.74835819005966186523 1.26972544193267822266 -0.59202057123184204102 -0.79396271705627441406 -1.36525666713714599609 -0.21893650293350219727 1.22919261455535888672 1.29091858863830566406
-0.39635363221168518066 -0.87091726064682006836 0.86826646327972412109 -0.65520119667053222656 1.66631174087524391858 -0.26702940464019769840 -0.87934511899948120117 -0.55117708444595336914 0.85950440168380737305 1.54958963394165039062 0.83423459529876708984
0.47274395823478698730 0.79590743780136108398 -0.57788169384002685547 0.60710543394088745117 0.56345134973526000977 1.16616415977478049548 1.66855359077453591077 -0.30991521477699279785 1.16237425804138183594 -1.42990100383758544922 -1.35936152935028076172
-0.48847949504852289371 -0.65750831365585327148 0.00599149568006389962 -0.12542955577373499088 -0.27994576096534729004 0.12314280867576589407 -1.68024206161499023438 0.81414175033569335938 1.37531828880310058594 -1.64048814773559570312 0.48795834183692932129
1.15898585319519042969 0.54382550716400146484 1.57038176059722900391 0.66687041521072387695 -0.03497352078557010302 0.04744724929332729685 -1.03994154930114768298 -1.60430216789245605469 -1.18112397193908691406 -0.09111351519823070177 -1.02042412757873535156
-0.63831514120101928711 -0.85685616731643676758 0.06638775020837779650 -0.77755713462829589844 -1.48342704772949218750 0.16003982722759241275 0.88525301218032836914 -0.46091929078102111816 1.55295944213867209704 -1.02398824691772460938 -0.07767502218484870213
-0.42337864637374877930 -0.53468209505081176758 0.41590186953544611148 1.10307872295379638672 0.70923262834548950195 -0.04386287927627560007 -0.08307728171348570390 -0.76852744817733764648 1.15405416488647460938 1.19333302974700927734 1.38930642604827880859
1.90088903903961203845 1.62952971458435058594 1.69580221176147460938 0.02860166504979130137 -0.34156814217567438297 -1.49085474014282248767 -0.90329146385192882196 0.85167264938354492188 1.09079885482788085938 -0.86553752422332763672 1.07440948486328125000
-1.40102064609527610095 -0.94155865907669078485 -1.61568117141723632812 0.86922287940979003906 -1.26051044464111328125 -1.08994531631469726562 0.12700620293617240208 -0.88750874996185302734 0.93040567636489879266 -1.73531246185302712171 0.91013085842132557257
0.30611532926559448242 1.10693740844726562500 -1.75755715370178222656 0.33711937069892877750 1.16919910907745361328 1.66727614402770996094 -1.39399242401123046875 -0.62078732252120971680 -0.47835052013397211246 0.68962508440017700195 -0.92211675643920898438
0.71986949443817138672 1.67358398437500000000 -1.50077617168426513672 -0.66449779272079467773 1.45491588115692138672 -0.10049357265233989367 0.92974084615707397461 1.30315339565277099609 -1.35599350929260231702 0.94781136512756358758 0.08802378177642819490
1.14641761779785156250 0.81198042631149291992 0.96547496318817138672 -0.70659214258193969727 -0.79601734876632690430 -1.35575830936431884766 0.28721743822097778320 -1.24598348140716552734 0.77293282747268676758 1.40150094032287597656 -1.67584395408630371094
-1.10729801654815673828 -0.46470889449119567871 -1.17415356636047363281 0.74886512756347656250 1.32863044738769509046 -1.34449946880340576172 0.52733409404754638672 1.23569798469543457031 -1.53758776187896728516 -1.66418457031250000000 1.41782927513122558594
0.46213281154632568359 0.21163672208786010742 0.58938515186309814453 0.66939079761505126953 -0.19139376282691950015 -0.14337812364101409912 0.10199382901191710038 -1.37817013263702392578 1.44711136817932128906 -1.46029150485992431641 -0.47371307015419000797
-1.88877654075622558594 -1.70575976371765136719 -0.84241801500320434570 -0.88056373596191406250 0.60428196191787719727 1.16680264472961447986 0.35959833860397338867 -0.44771653413772577457 1.44072055816650390625 -0.98028725385665882452 -0.34208399057388300113
0.78339719772338867188 0.88164067268371582031 0.03829948604106900301 0.65213179588317871094 -1.60746800899505615234 1.03488075733184792249 1.17674255371093750000 0.46616286039352411441 -0.64562779664993286133 -0.52102500200271606445 -1.53055822849273681641
0.79727059602737426758 0.97523671388626098633 -0.53801989555358886719 1.33321917057037353516 -0.11177781224250790681 0.85875773429870605469 -1.07126963138580322266 -0.98423415422439575195 -0.40803015232086181641 0.73705476522445678711 -1.11863434314727783203
0.05724365264177320306 0.48881387710571289062 -0.75579297542572021484 0.64374399185180664062 -0.77317357063293457031 -0.07827485352754590120 -0.71570533514022827148 -1.21616625785827636719 -0.13171206414699548892 0.76702928543090820312 -0.71897101402282714844
-0.46509116888046259097 -0.46535778045654291324 0.15787948668003079500 1.08653593063354492188 1.49228954315185569079 -0.95711570978164683954 0.85272926092147827148 0.55548202991485595703 -1.23221886157989501953 0.48222547769546508789 1.40703272819519042969
-1.12553906440734863281 -0.68614625930786132812 -1.18562436103820800781 -0.07544764876365660233 -0.31066673994064331055 -1.12521564960479736328 -0.94045263528823841437 0.61314767599105834961 0.47404703497886657715 -0.06626702100038520116 0.52841043472290039062
1.37819886207580566406 0.91372722387313842773 1.17597901821136474609 -0.99141478538513183594 -0.68051630258560180664 0.32143431901931762695 -1.73402583599090576172 1.08648025989532470703 1.37824058532714843750 -0.71715211868286132812 -0.94879692792892456055
-0.90683656930923461914 -0.21733090281486511230 -1.55784630775451660156 -0.58570939302444458008 0.15855720639228820801 0.17862117290496820621 1.65686023235321044922 -0.43045532703399658203 0.44041290879249572754 0.60900795459747314453 0.99447560310363758429
0.39946901798248291016 1.29751706123352050781 -1.68187904357910156250 -1.72116756439208984375 1.17478787899017311780 -1.61131262779235839844 1.24983024597167968750 1.57969939708709716797 -0.21161149442195889558 1.74801683425903320312 -1.80839538574218750000
1.65084934234619140625 1.35210716724395751953 1.36650407314300537109 1.46080374717712402344 -0.31146141886711120605 -1.25444054603576660156 -0.22884869575500479955 0.09468173235654829545 -1.67477512359619140625 -0.65479099750518798828 1.58944571018218994141
0.07487075775861740112 0.05006027966737740253 -0.13690049946308130435 1.23850154876708984375 1.51364088058471679688 -1.53096270561218261719 1.73617434501647949219 -0.03204994276165960138 0.22503787279129019994 -1.15502023696899391858 0.76737862825393676758
-0.62596285343170166016 -0.21075943112373349275 -1.25289618968963623047 -1.34280431270599365234 -1.24349319934844970703 0.65714967250823974609 -0.03255180269479750199 -0.81089693307876586914 0.71605491638183593750 -1.66817784309387207031 0.33931404352188110352
-0.34215569496154779605 -0.47091501951217651367 -0.17841912806034079808 -1.17165815830230712891 -0.66314250230789184570 0.53875446319580078125 -0.58551239967346191406 1.74978315830230712891 -0.57422500848770141602 0.79180669784545898438 0.06722798943519589510
-1.51471197605133056641 -1.77051591873168967517 0.13323435187339779939 1.61423909664154030530 -0.23593844473361968994 0.35128447413444519043 -0.61407184600830078125 0.45453563332557678223 0.65059763193130493164 1.41190099716186523438 0.18535579741001129150
-0.46372181177139282227 -0.22444388270378110017 -1.24557447433471679688 1.23994565010070800781 1.24406611919403076172 -1.25224804878234863281 -1.65810704231262207031 0.43309691548347467593 -0.14391790330410000887 1.35664081573486328125 1.83059585094451904297
1.77636337280273437500 1.22399580478668190686 1.09063398838043190686 1.30100405216217041016 0.01904397457838050145 0.63745975494384765625 0.38269370794296259097 0.59781259298324584961 0.90683895349502563477 1.37830603122711181641 1.62231624126434326172
0.59003937244415283203 0.02920505590736860099 1.09630537033081032483 0.65370178222656250000 -0.14342588186264029759 1.66395139694213889392 -1.73389577865600608142 0.12251581996679300479 1.28472971916198730469 1.02358973026275634766 -0.00885419640690079945
0.54572796821594238281 0.18305233120918271150 0.81764990091323852539 -0.87291955947875976562 0.38724082708358759097 -0.12532128393650049381 -1.32284033298492431641 -0.22737742960453030672 0.92024242877960205078 -0.72750145196914672852 -1.07703220844268798828
-0.67473787069320678711 -0.63384050130844116211 -0.58692169189453125000 0.81042844057083129883 -0.55628746747970581055 0.75715434551239013672 -0.82124394178390502930 -1.40891075134277343750 -0.50703966617584228516 1.77559721469879150391 1.05939245223999023438
-0.76754087209701538086 -1.23752653598785400391 1.33292424678802490234 -0.81724059581756591797 -1.21763730049133300781 -1.50007188320159912109 -0.57822549343109130859 -1.36877882480621337891 1.67829835414886474609 -1.70724320411682128906 -0.06022071838378900005
-0.91388082504272460938 -0.90377694368362437860 -0.98165965080261241571 -0.58363032341003417969 0.99335777759552001953 0.73165690898895263672 0.06216149032115930034 -0.10038567334413520116 -0.07461589574813839998 1.03759944438934326172 0.52927929162979125977
-1.78474318981170632092 -1.65566694736480712891 -1.17672693729400634766 0.97111165523529041632 1.15228831768035888672 -0.71890014410018920898 -1.76415538787841796875 -0.38878136873245239258 -0.05969312414526929678 -1.77502846717834472656 0.39276543259620660953
0.70509028434753417969 1.10140705108642578125 -0.55804151296615600586 1.25317513942718505859 0.65502685308456420898 1.18406987190246582031 -0.16092221438884729556 -0.45575335621833801270 -0.80540668964385986328 0.79195022583007812500 -1.13638603687286376953
0.38751122355461120605 0.25140759348869318179 0.76412183046340942383 -1.24605894088745117188 0.34853121638298029117 -0.43563404679298400879 1.44062900543212890625 1.37565779685974121094 -0.04205405712127679996 -1.75078654289245605469 -0.92062902450561523438
1.22061634063720703125 0.21372680366039270572 1.52021539211273193359 -1.23664808273315429688 0.81660115718841552734 0.44653972983360290527 -0.40973886847496032715 -0.37947380542755121402 -0.83933460712432861328 -0.88431119918823242188 -1.42766082286834716797
-0.31005793809890741519 0.46764725446701049805 -1.15914285182952880859 0.42768877744674682617 1.44017732143402099609 -1.04235088825225830078 -1.34606766700744628906 -1.40425622463226318359 -0.43124580383300781250 0.07734692841768260607 0.64592462778091430664
0.87468695640563964844 0.60330873727798461914 0.59615600109100341797 -0.91799527406692504883 -1.06962275505065917969 -0.80512976646423339844 0.60366642475128173828 -0.60554403066635131836 0.26017525792121881656 0.83636307716369628906 -2.37213563919067382812
1.39580214023590087891 1.05927944183349609375 1.28747010231018088611 -1.32551527023315429688 -0.02734463475644580144 -0.46492695808410638980 -0.06288635730743399876 -0.18402543663978571109 1.41214931011199951172 0.60700231790542602539 -0.54756146669387817383
-0.68789267539978027344 -0.82509231567382812500 -0.26450002193450927734 -0.71389144659042358398 -0.79552435874938964844 -1.22979044914245605469 0.48050415515899658203 0.34440404176712030582 0.47793149948120111636 0.10364246368408200349 0.19452096521854400635
-0.37519741058349609375 0.32772850990295410156 -1.60747289657592751233 -0.55992251634597778320 -1.70734524726867675781 0.86671018600463867188 -1.05979073047637939453 -0.64708572626113891602 -1.68757045269012428967 -0.60315740108489990234 0.09132702648639670628
0.83654779195785522461 1.61995291709899902344 -1.18222308158874511719 1.11431789398193359375 0.80538576841354370117 -1.51214551925659179688 -0.59661406278610229492 0.04170504957437509708 0.86017513275146484375 -0.17928126454353329744 0.75081264972686767578
0.56085723638534545898 0.33236205577850341797 0.51422691345214843750 -1.16605103015899658203 0.21872806549072260074 1.15909433364868164062 0.54954153299331665039 -0.06124821677803989756 -1.31634724140167236328 0.94247049093246459961 -1.58157265186309792249
-1.13366425037384033203 -0.85733479261398315430 -1.26426911354064941406 -0.81357020139694213867 -0.24381431937217709627 1.07617330551147460938 0.55194461345672607422 -0.81224882602691650391 -1.26364350318908691406 1.28069245815277099609 0.38232883810997009277
0.39831888675689697266 0.84066116809844970703 -0.95366895198822021484 -0.59378665685653686523 -0.75780612230300903320 -0.52727860212326049805 0.29565334320068359375 1.01587855815887428967 -0.04941923916339870104 -0.55383914709091186523 -1.74634790420532248767
1.32260632514953591077 1.55770349502563476562 0.24942916631698600072 1.31382596492767311780 0.84921568632125854492 0.18785439431667319554 1.59895920753479003906 -0.34907642006874078922 1.05327498912811279297 -1.08597016334533691406 1.43194544315338112561
1.20551967620849609375 0.57515662908554077148 1.43632256984710693359 -0.91040122509002685547 1.11379444599151589124 -0.79828780889511108398 1.02974462509155273438 -1.19540750980377197266 -0.90030193328857421875 -0.25050136446952819824 -1.43177855014801047595
-0.66384768486022949219 -0.10263015329837789358 -1.40823984146118164062 1.53607738018035888672 -1.00616693496704101562 -0.54869800806045532227 0.97973799705505359992 0.30772200226783752441 1.67247450351715087891 1.00671863555908203125 1.74219357967376708984
-2.35973358154296875000 -1.77276027202606201172 -1.53263950347900390625 -1.45619964599609375000 0.80687308311462402344 -0.63334649801254272461 -0.49108827114105219058 -0.02681543678045270052 -0.49399906396865839175 -0.28320652246475219727 -0.33055126667022699527
1.66502594947814941406 1.31084203720092751233 1.45493745803833007812 0.13770850002765649966 0.51921123266220092773 0.31770372390747070312 -0.08680700510740280151 0.71802049875259399414 0.90492123365402221680 0.72217690944671630859 1.22041368484497070312
0.64291989803314208984 1.60357832908630371094 -1.28615272045135498047 -0.19021247327327719945 -0.94106245040893554688 -1.27531611919403076172 -0.33127084374427789859 -0.43626797199249267578 -0.82102125883102416992 -0.74467289447784423828 -0.57938432693481445312
-0.16178111732006070222 0.54504150152206420898 -1.33686685562133789062 0.64938282966613769531 0.46782961487770080566 -1.00588631629943847656 -1.63944745063781738281 -0.81352651119232177734 1.55804598331451416016 -1.70314395427703857422 0.21188442409038540926
0.87676876783370971680 1.14188599586486816406 -0.64746797084808349609 -0.62642186880111694336 -0.75445175170898437500 -0.61699271202087402344 0.12632614374160761050 0.16347835958003989476 -1.27458345890045166016 -0.97962868213653564453 -1.66828155517578125000
-1.27461159229278564453 -0.79656106233596801758 -1.75153350830078125000 1.25602614879608154297 -1.52910232543945312500 -0.77649229764938354492 1.72521460056304909436 1.00487804412841796875 1.25592386722564697266 -1.65188145637512207031 1.06370580196380615234
0.43902125954627990723 0.24443234503269190006 0.78815317153930664062 -1.17114686965942382812 -1.01243484020233154297 0.76874542236328125000 0.54499655961990356445 1.35090923309326149671 0.89846450090408325195 -1.54795873165130615234 -1.48329782485961914062
-1.09391546249389648438 -1.06039810180664062500 -0.33852091431617731265 0.66671514511108398438 -1.39077115058898925781 1.47227454185485839844 -1.26026976108551047595 -1.60808897018432617188 0.19589030742645260896 1.50819015502929687500 0.10256420820951460404
-0.74527508020401000977 -1.04049992561340309827 0.07876972109079359574 -0.43001052737236017398 -0.10511059314012520527 0.98869848251342762335 1.22741043567657470703 -1.31228625774383544922 -1.49123561382293701172 1.09778678417205810547 0.16222594678401938695
-1.69263482093811035156 -0.97493571043014515265 -1.64289069175720192639 1.50095665454864501953 -0.66179329156875610352 1.26044380664825439453 0.73331010341644287109 0.70102965831756591797 -1.21324527263641357422 -1.76071715354919433594 0.87247037887573242188
-1.40476155281066894531 -1.52686035633087158203 -0.46598625183105468750 -0.17044584453105920963 0.25745737552642822266 -0.75161039829254150391 1.71243214607238769531 -1.00299108028411887439 0.46961742639541620425 1.43043351173400878906 -0.63768905401229858398
1.03579390048980712891 1.58442938327789306641 -0.19455133378505701236 0.12372907251119609484 0.69610053300857543945 1.20470595359802246094 -0.85235404968261718750 1.45325815677642822266 1.53759670257568359375 1.66927039623260498047 0.36058911681175231934
0.73823702335357666016 1.31928920745849609375 -1.15898215770721435547 -1.29394352436065673828 1.62596774101257324219 0.32375699281692499332 -1.42962491512298583984 0.93849772214889515265 0.96031123399734497070 -0.61162978410720825195 -1.10305166244506835938
-1.24395835399627685547 -1.36578321456909179688 -0.19022138416767120361 -1.67814183235168457031 -1.07700777053833007812 -0.08330426365137100220 -0.71687453985214233398 0.18297097086906430330 1.62463879585266113281 -0.09396708011627190327 -1.10584688186645507812
0.09513830393552780151 0.22756552696228019017 -0.51122146844863891602 -1.62768352031707763672 0.96720266342163074835 1.66950714588165283203 -0.30865246057510370425 -0.42782804369926452637 -0.44020065665245050601 1.82763361930847190173 -0.47669282555580139160
0.07921358942985530505 0.61316657066345214844 -1.18651115894317649158 -1.26043093204498291016 1.10433530807495117188 1.00450861454010009766 -0.19309423863887781314 0.07171627134084700150 -0.43106654286384582520 1.71271634101867675781 -0.96335220336914062500
0.69630241394042968750 0.38906446099281311035 0.59971702098846435547 -0.16875942051410669498 -0.11193539202213280415 -1.60532414913177490234 -0.71555161476135253906 -0.86168551445007324219 0.36831429600715631656 0.41844132542610168457 -1.35138344764709472656
-0.13948073983192441072 -0.43733265995979309082 1.10791289806365966797 -1.72943425178527832031 1.11994123458862304688 1.49605607986450195312 -1.53339302539825439453 0.46330833435058588199 -0.63606381416320800781 0.50428318977355957031 0.59961706399917602539
-0.61669510602951049805 -1.13686358928680419922 0.80376642942428588867 -0.38493481278419489078 -0.09034273773431769627 0.81839692592620849609 1.31225514411926269531 1.21467018127441406250 -0.93917375802993763312 -0.93073582649230957031 0.10722155869007110596
1.42387449741363525391 1.61831915378570556641 0.09226748347282409668 -0.36970663070678710938 -0.13582448661327359285 1.21520614624023437500 -0.72669088840484619141 1.11841344833374023438 -1.10996198654174804688 -0.21189980208873748779 0.48347374796867370605
-0.03131192550063129770 0.06172373890876770020 -0.34827044606208801270 -1.03649699687957763672 -0.17219969630241391267 -1.19701671600341796875 -0.60435277223587036133 -0.28220605850219721011 1.33473777770996093750 0.47296169400215148926 -0.22193421423435211182
1.00671088695526123047 0.51823341846466064453 0.95541793107986439093 0.22732010483741760254 0.23647949099540710449 -1.52602446079254150391 -0.45647698640823358707 -0.62208217382431030273 -1.18427252769470192639 -0.94524484872818004266 -1.66316878795623779297
-0.79341441392898559570 -1.17292344570159912109 0.81236708164215087891 -1.77323424816131591797 1.17514884471893310547 1.14928495883941650391 0.52270561456680297852 1.70045804977416992188 -1.20362019538879394531 0.71921330690383911133 -0.18239375948905939273
0.37523990869522089175 0.84839802980422973633 -0.66457056999206542969 0.94515573978424083368 0.86987972259521484375 0.82499867677688598633 1.63267683982849121094 0.36031109094619750977 1.14417922496795632092 1.47350764274597167969 -1.10534071922302246094
-0.98171436786651600226 -0.79550808668136596680 -0.55374252796173095703 1.19551837444305419922 -0.13864129781723019685 1.47542715072631835938 -1.44678342342376708984 -1.05229258537292480469 1.29485356807708740234 -0.34330606460571289062 0.96490991115570079462
-0.49219256639480590820 -1.01715958118438720703 0.42778876423835748843 0.13386063277721399478 1.32602906227111816406 -0.85890907049179077148 0.08303374052047729492 0.84065884351730346680 -1.36264097690582275391 -1.06201541423797607422 0.80562806129455566406
1.23285353183746337891 0.89592850208282470703 1.32491719722747802734 0.33638000488281250000 -0.28449273109436029605 -1.46122670173645019531 0.02385672740638249828 0.29002261161804199219 1.40598058700561523438 0.67127859592437744141 -0.76114910840988159180
1.31851780414581298828 1.13391304016113281250 1.53455495834350608142 -1.47767114639282248767 -0.53453391790390014648 -1.13596796989440917969 0.34295645356178278140 0.68678998947143554688 -1.16589498519897460938 -0.43731853365898132324 -0.47491398453712457828
-0.43689984083175659180 -0.05649413168430320042 -1.27112305164337158203 -0.78289079666137695312 -1.14487087726593017578 -0.36082214117050170898 -1.17884218692779541016 1.28262364864349365234 0.95887529850006103516 -0.04834092408418649844 0.45649385452270507812
0.78857272863388061523 0.76944714784622192383 0.42213061451911920718 1.02360975742340087891 0.13387519121170041170 -1.54395866394042968750 0.63547813892364501953 0.76350337266921997070 -0.21203799545764920320 -1.29602122306823730469 -1.38155376911163330078
-0.06846453249454489964 0.47481510043144220523 -1.14192283153533935547 0.77765423059463500977 0.01490496657788750040 -0.36265608668327331543 -0.61600166559219360352 0.67880219221115112305 0.96928936243057239874 0.99712860584259044305 0.09519321471452710237
-0.69217997789382934570 -0.66809391975402832031 -0.01606354489922520029 0.38367447257041931152 0.01626276969909659989 1.04835271835327170642 -1.16080737113952636719 1.73513805866241455078 -0.41980507969856262207 -0.30404239892959589175 0.57458335161209106445
-0.07037829607725140657 -0.47351121902465820312 0.98912394046783436163 1.45590484142303489001 0.93242514133453358038 -0.08260750770568839330 -1.20891368389129638672 1.40907275676727294922 -1.28636872768402099609 1.02380895614624023438 1.88365924358367919922
0.60285693407058715820 -0.21871273219585418701 1.11344492435455322266 0.00325914938002820013 -1.05081284046173095703 -0.91015672683715820312 -1.09422266483306884766 -1.46957814693450927734 -0.20395578444004058838 -0.60652923583984375000 0.17440533638000479955
0.02024601213634009966 -0.78870713710784912109 1.38623189926147460938 -0.00778563879430289960 -0.23426063358783719148 0.04143473878502840213 0.67031538486480712891 0.94938904047012317999 -0.62741768360137939453 0.45914480090141290836 1.28075015544891357422
1.89544475078582808081 1.40576434135436989514 1.46076810359954833984 1.17024362087249755859 -0.54063659906387329102 1.10970985889434792249 -0.27359113097190851382 0.43330183625221252441 1.36836171150207519531 0.46746024489402770996 1.41071069240570090564
-0.39557385444641107730 -0.88362044095993041992 0.87680977582931518555 -0.19450019299983969945 -1.17814457416534423828 0.02944742515683169970 0.61821871995925903320 0.41918364167213439941 -1.59195470809936523438 -1.52053976058959960938 0.37157887220382690430
0.25898319482803339175 1.12818586826324462891 -1.37782192230224609375 0.53265291452407836914 1.10446000099182128906 1.40248656272888183594 -0.95362263917922962531 0.66174197196960449219 -0.68071317672729492188 1.08895766735076904297 -0.87901335954666137695
-1.54821455478668190686 -1.16217219829559326172 -1.57363736629486083984 -0.20310482382774350252 1.15189647674560569079 0.50456100702285766602 -1.13694906234741210938 -1.56421613693237304688 -1.00718224048614501953 1.37046897411346435547 0.65248328447341918945
0.77875047922134399414 0.88954192399978637695 -0.40280988812446588687 -0.42388257384300231934 0.24895927309989929199 -1.45786428451538085938 1.46344196796417236328 -1.70940458774566650391 0.96657985448837280273 0.12721191346645349673 -1.99085485935211203845
-0.49327626824378967285 -1.52306866645813010486 1.54020619392395019531 0.30108743906021118164 1.51731157302856445312 -0.55403536558151245117 0.22508575022220608797 -1.63850450515747070312 -0.79260355234146118164 -0.76691818237304687500 0.91018801927566517218
-0.44903343915939331055 -0.33673554658889770508 0.37833869457244867496 1.14807724952697753906 1.39934813976287841797 -0.51280421018600463867 1.07467031478881835938 1.52538764476776123047 -0.14131788909435269441 1.59328055381774902344 1.52349579334259033203
1.41910183429718017578 1.06345963478088378906 1.09428799152374289783 -0.73190391063690185547 1.28130674362182617188 -0.59734165668487548828 0.86856466531753540039 1.11549544334411621094 0.75029236078262329102 1.74340844154357910156 -0.14220237731933590974
-1.42082953453063964844 -0.66424566507339477539 -1.05993533134460449219 -0.55645895004272460938 0.41979029774665832520 -1.05918788909912109375 -1.01303052902221679688 -0.83154529333114624023 0.46217459440231317691 0.07970395684242240208 0.23699845373630520906
0.43198633193969721011 -0.19637215137481689453 1.27660560607910156250 -0.07885651290416710590 -0.84064781665802001953 0.92194664478302001953 0.10785207152366629857 0.86872482299804687500 -0.98615628480911243781 -0.56752026081085205078 0.29691934585571289062
0.90242540836334239618 0.64366376399993896484 0.71810090541839599609 0.40492334961891168765 0.95260435342788696289 0.08227377384901039814 -0.86716622114181518555 0.90142852067947398798 0.55520969629287719727 -0.05725428834557529795 -1.47485554218292236328
1.97991383075714089124 1.07479870319366455078 1.68885505199432350842 1.30966198444366455078 1.30700004100799560547 -1.77975893020629882812 -0.33842709660530090332 -0.08068505674600599809 0.46854376792907709293 -0.51940375566482543945 2.16491150856018066406
0.95297342538833618164 0.88696175813674926758 0.11596346646547310566 -0.24212896823883051090 -1.46926367282867431641 1.29830121994018554688 -0.01330757699906819948 1.25730025768280029297 0.02076158672571180169 1.16932141780853271484 -2.02516722679138183594
-0.05966387689113610004 -0.28780871629714960269 0.46971440315246582031 0.80776011943817138672 -1.63608336448669433594 -1.75001776218414306641 0.60525220632553100586 -0.58939117193222045898 -0.96235769987106323242 -1.12841904163360595703 0.52927660942077636719
0.67378902435302734375 0.04614470899105069940 1.17045772075653076172 0.90648984909057617188 -0.08842106908559789480 -0.27577370405197138004 -1.68193733692169189453 -0.66463667154312133789 -0.92054504156112682001 0.92607617378234863281 -0.24376688897609710693
-1.44928729534149169922 -1.45269715785980224609 0.08647403866052620625 -0.19060635566711420230 -1.03336834907531738281 -0.20844164490699759740 0.59011715650558471680 -1.24436020851135231702 -0.61667639017105102539 -0.86963027715682983398 -0.59165382385253906250
-0.57065480947494506836 -0.25021424889564508609 -0.70124310255050659180 0.52138340473175048828 0.44291031360626220703 0.82773023843765258789 0.55357640981674194336 -0.00796944554895159980 0.59780901670455932617 -1.03872346878051757812 1.36335408687591552734
0.56782448291778564453 0.62798702716827392578 0.54148471355438232422 -0.61670321226119995117 1.50093662738800048828 1.48123598098754882812 0.99984771013259876593 -0.68977344036102294922 0.01011375896632669968 1.02099204063415527344 -1.54187572002410888672
1.82001674175262428967 1.66840386390686035156 0.77465784549713134766 0.46392184495925897769 -1.05820310115814208984 -0.37335267663002008609 -0.69109183549880981445 0.34140527248382568359 -1.64071714878082275391 -0.11635424196720120515 0.39092198014259338379
-1.00128698348999023438 -0.70714473724365234375 -1.24237728118896484375 -0.28864654898643488101 -0.74933016300201416016 -1.00708901882171630859 0.14581787586212149876 -0.71247059106826782227 -0.44865146279335021973 -1.42725038528442382812 0.33568900823593139648
-0.86116981506347656250 -0.50086432695388793945 -1.06941926479339599609 -0.19303415715694419164 -1.24645924568176269531 1.13066375255584716797 -0.52996075153350830078 -0.39319932460784912109 1.46662664413452170642 -0.66134780645370483398 0.47101050615310668945
1.36049532890319824219 1.18348574638366699219 0.79045236110687255859 1.44441175460815429688 -0.76711875200271606445 -0.67769658565521240234 0.93667119741439819336 -0.01531999092549080066 -0.04052546620368949887 -1.59598505496978759766 0.44505685567855829410
-0.76431721448898315430 -0.17300108075141901187 -1.45797729492187500000 -1.00548326969146728516 -0.01393336802721019917 -0.19748182594776150789 -1.43851292133331298828 0.26852637529373168945 1.32398355007171630859 0.41552478075027460269 0.83281791210174560547
0.54094266891479492188 0.87778729200363159180 -0.35490211844444269351 0.19542756676673889160 -0.22287043929100031070 1.04224801063537597656 -1.74741923809051513672 -0.64080095291137695312 -0.09867966175079340152 -1.77189278602600097656 -1.94067251682281494141
-0.91850131750106800421 -0.69351702928543090820 -1.61056244373321510999 -0.40866801142692560367 1.46889019012451149671 1.41368746757507324219 1.50937390327453591077 -0.86782950162887573242 0.19360747933387750797 -0.42073976993560791016 1.26931738853454589844
-1.66079211235046408923 -1.68133521080017089844 -0.83797830343246459961 1.47393810749053955078 -0.18086093664169308748 -0.55841124057769775391 0.75596392154693603516 0.99019747972488403320 -1.36028194427490234375 0.96859639883041381836 0.35000357031822199039
0.26177674531936639957 -0.36974203586578369141 0.48396953940391540527 1.41192734241485595703 -0.50997680425643920898 -1.59173905849456809314 -1.52936124801635742188 -0.68737095594406127930 1.32829201221466064453 -1.60073053836822509766 0.99624913930892944336
0.57771658897399902344 0.69553405046463012695 0.48907831311225891113 -0.40313482284545898438 0.93424147367477416992 -0.96451985836029041632 -0.38095706701278680972 -1.62134861946105957031 -1.34549927711486816406 -0.56355488300323486328 -1.55400788784027099609
1.11589455604553222656 1.08547699451446510999 0.80739969015121459961 -0.32131370902061462402 -1.47591614723205566406 1.37376594543457031250 -1.38521885871887207031 -0.79279255867004394531 -1.61747014522552490234 1.32996225357055664062 -1.27265846729278564453
-1.20907235145568847656 -1.33989262580871582031 -0.23737451434135428685 0.26051145792007440738 -0.68569093942642211914 0.18727715313434600830 0.80797129869461059570 1.56133794784545898438 1.51373565196990966797 1.56779074668884277344 -0.32081753015518188477
0.02128847874701019979 0.82322323322296142578 -0.66297036409378051758 1.03562974929809570312 -0.81664800643920898438 1.04621684551238991467 1.56779956817626953125 1.50495815277099609375 -0.95035189390182495117 -0.01452448125928640019 -0.96977955102920521124
-0.39353322982788080386 -0.97646164894104003906 0.80706840753555297852 1.13023257255554199219 -0.68551862239837646484 -1.58419406414031982422 -0.96367156505584716797 1.26046562194824218750 0.97016274929046641962 0.85742169618606567383 0.94190311431884754523
0.83379620313644409180 1.24155640602111816406 -0.75348323583602905273 -0.93643736839294444696 -0.74673616886138916016 0.32165086269378662109 -1.39917194843292236328 -0.75241619348526000977 -0.44815084338188171387 -0.24788941442966461182 -1.54645645618438720703
0.65763741731643676758 0.84752845764160156250 -0.25561359524726867676 -0.30812194943428039551 -0.12721848487854001131 -1.05336368083953857422 0.01862694695591919983 0.78238421678543090820 0.26477050781250000000 0.09159422665834419941 -1.97581529617309592517
-1.00821208953857421875 -0.47597792744636530093 -1.00202655792236328125 -0.81078904867172241211 1.51765775680541992188 -0.24250997602939600162 0.56618714332580566406 -0.66641157865524291992 1.13609135150909423828 0.01075749564915890084 0.80817884206771850586
0.07946953177452080463 0.19004267454147338867 -0.02594692818820469940 0.23937402665615079012 -1.31590628623962402344 -0.94502168893814075812 0.65602493286132812500 -1.25524914264678955078 -0.47190046310424799136 0.63781607151031494141 -0.49424690008163452148
1.07926225662231445312 1.07107257843017578125 0.47954857349395751953 -0.39208197593688959293 0.84360915422439575195 -0.20258592069149009007 0.41252964735031127930 1.53475415706634521484 -1.19594407081604003906 -0.52868592739105224609 -0.84551429748535156250
-0.98115044832229603156 -1.03777742385864257812 -0.33717817068099970035 0.49146583676338190250 0.28178119659423828125 -0.00615494791418309990 1.73048675060272216797 1.30506038665771484375 1.47551965713500976562 -0.42755100131034851074 0.56790697574615478516
0.03897959366440770235 0.01690964587032790095 0.01439269445836540047 0.37751904129981989078 1.44378924369811989514 0.84575742483139038086 0.67512404918670654297 0.23269975185394278783 -0.35544046759605407715 1.59193563461303710938 0.49138316512107849121
0.88392025232315063477 1.61869335174560569079 -1.11046922206878662109 -1.07440233230590820312 -0.97280520200729359015 -0.81571412086486816406 0.25257185101509088687 1.07510650157928489001 1.22827565670013449939 -0.76153284311294555664 -0.56445801258087158203
0.98508828878402721063 1.48968148231506369861 -0.47971600294113159180 0.23395994305610651187 0.37708434462547302246 -1.62958836555480957031 -0.75139701366424560547 -1.20134329795837402344 -1.00212311744689941406 -1.46965956687927246094 0.15138107538223261050
1.61546087265014648438 1.46887433528900168689 0.71944296360015869141 0.17571003735065460205 -0.97438651323318481445 1.67800271511077880859 1.50919425487518310547 -0.27814406156539911441 -0.66940665245056152344 0.80846345424652099609 1.00103425979614257812
-0.78201848268508911133 -0.06388019770383830676 -1.62689769268035888672 0.20890085399150840062 0.91288357973098754883 0.66390216350555419922 0.02928206324577330155 -0.81607669591903686523 0.60437107086181640625 -1.40072143077850341797 1.61199605464935302734
-1.53257715702056884766 -1.62706696987152099609 0.17371596395969390869 0.44615080952644348145 -1.67621207237243630139 -0.99376565217971801758 0.47874811291694641113 -0.71761387586593627930 1.56117773056030273438 0.38699549436569208316 -0.25270941853523248843
1.74557662010192871094 1.55369985103607177734 0.95186907052993763312 1.21223068237304687500 -0.79157513380050659180 0.61565583944320678711 0.90747112035751342773 0.84587204456329345703 -1.18146407604217529297 -0.95682507753372203485 1.26287460327148437500
-0.28562837839126581363 -0.34972929954528808594 0.12175098806619640002 0.42227411270141601562 -0.51320397853851318359 0.36503481864929199219 -1.38481760025024391858 -1.48334884643554687500 -0.12414246052503580264 -0.43355318903923029117 0.42611995339393610172
-0.66959345340728759766 -1.48338329792022705078 1.07765924930572509766 1.14141893386840820312 0.22520184516906729955 1.51341784000396728516 0.53190052509307861328 1.70852804183959960938 -1.39050841331481911389 0.61683142185211181641 0.80274665355682373047
-0.32130289077758789062 0.02061067707836619980 -0.55285030603408813477 -1.21556615829467751233 0.18108616769313809480 -1.43482387065887428967 0.24787482619285580721 1.65644490718841552734 -0.44962701201438898257 0.05302889645099639893 -0.01902341656386849836
0.48783224821090698242 -0.03279836475849150224 1.20030450820922829358 1.05446791648864768298 -1.25488305091857910156 -1.44620525836944580078 0.68300586938858032227 0.97499352693557739258 -0.57092791795730590820 -1.16302430629730224609 0.29958316683769220523
0.18464651703834530916 0.38207477331161499023 -0.72866469621658325195 0.27255722880363458804 0.20777581632137290257 1.45558118820190429688 0.17855159938335418701 0.66418540477752685547 -0.98736989498138438837 -0.62905508279800415039 -0.56799226999282836914
1.21868884563446044922 0.67714488506317138672 1.24161410331726074219 0.91190123558044444696 0.80721342563629150391 -0.77693027257919311523 1.46363854408264160156 0.93514347076416015625 -0.01423234492540349956 0.55133837461471557617 -0.71017593145370483398
-0.41213688254356378726 -0.74462503194808959961 0.86433351039886474609 -0.59960240125656127930 0.99969351291656483038 -0.31785380840301508121 -1.48513615131378151624 -0.97952234745025634766 1.56377112865447998047 -0.78765994310379028320 0.70032024383544921875
0.69791138172149658203 0.55408281087875366211 0.47363921999931329898 -1.10720467567443847656 -0.70446926355361938477 -1.59760093688964843750 -1.07115292549133300781 -1.07089245319366455078 0.41721200942993158511 0.03974473848938939874 -2.48649263381958007812
-0.10040929913520810213 0.11018948256969450517 -0.47423294186592102051 -0.49648451805114740543 -1.58203935623168967517 -1.04205524921417236328 -1.55862319469451904297 -0.74151068925857543945 0.34087666869163507632 -1.35640454292297363281 -0.22040015459060668945
-0.53664153814315795898 -0.66351270675659179688 -0.05628459528088559927 0.15314562618732449617 -1.40599644184112571033 -0.63801586627960205078 -0.31503775715827941895 -0.10730674117803569445 1.48387122154235839844 0.25815141201019281558 0.75576317310333251953
-0.23507496714591979980 0.06129095703363410252 -0.35902091860771179199 0.36070516705513000488 -1.34203529357910156250 0.92873299121856678351 -1.72407996654510498047 -1.56634664535522460938 1.68400478363037109375 1.29587161540985107422 0.03928285837173459832
-0.55484950542449951172 -0.58440297842025756836 0.39937347173690790347 -0.42271360754966730289 -0.72549140453338623047 0.93845391273498535156 -0.26097577810287470035 -1.15124261379241943359 0.67765045166015625000 -1.77739059925079367908 0.24328403174877161197
-0.37260037660598749332 -0.01252586394548410066 -1.07661199569702170642 1.53972733020782470703 1.42553305625915527344 -1.70311498641967751233 -1.61094725131988525391 1.70113253593444824219 0.60941642522811889648 0.16983456909656519107 1.84807324409484885486
-2.04329538345336914062 -1.40466749668121337891 -1.60922515392303489001 0.56713622808456420898 -0.53315210342407226562 -0.70214271545410156250 -1.59795939922332763672 -1.22298514842987060547 -0.36228081583976740054 -1.33227956295013449939 0.00413931440562000010
-0.17457260191440579500 0.10307525843381880326 -0.53903293609619140625 -1.39384639263153076172 0.24260394275188440494 0.07058182358741760254 -1.08493673801422119141 -1.56253969669342041016 -1.05287766456604003906 0.96035140752792358398 -0.00425805989652870004
-0.49610060453414911441 -1.16826045513153076172 0.93982410430908203125 -1.68076634407043457031 -0.91702944040298461914 -1.65323936939239501953 1.71143221855163552014 -0.06842986494302749634 0.53693819046020507812 0.94291377067565917969 -0.19071213901042929906
-0.99683862924575794562 -0.99678349494934082031 -0.56700450181961059570 -0.49543941020965570621 -1.30876994132995605469 -0.86391353607177734375 -1.17737329006195090564 0.61656630039215087891 -1.67772614955902099609 1.43155932426452636719 0.07898131757974620470
-0.60147213935852050781 -0.47561445832252502441 -0.81148117780685424805 -0.87932723760604858398 1.48647165298461914062 0.40630924701690668277 1.09994018077850341797 0.16513839364051818848 -0.22914189100265500154 -0.73174417018890380859 0.97404396533966064453
1.36079037189483642578 1.24779474735260009766 0.34856629371643060855 -0.56582242250442504883 1.16607320308685302734 -1.15229570865631103516 0.90844213962554920538 1.29003119468688964844 -0.75143957138061523438 -0.79460793733596801758 0.17887471616268149632
-0.14896667003631589021 0.05787511542439460061 0.30994263291358947754 -0.02514076419174670132 -0.77366244792938232422 1.24201560020446777344 0.95736354589462280273 0.64943575859069824219 0.42130744457244867496 0.60839003324508666992 -0.01253849081695069916
-0.65202873945236206055 -1.40158247947692871094 1.35114693641662597656 -1.53258585929870605469 -1.68121790885925292969 0.70162987709045410156 -0.74593651294708251953 0.68708044290542602539 -0.36493712663650512695 0.49148216843605041504 -0.52382510900497436523
0.81392061710357666016 0.66508221626281738281 0.72893697023391723633 -0.08932109177112579346 -0.85422253608703613281 1.58667600154876708984 -0.72635734081268310547 0.69987398386001586914 -0.48429772257804870605 1.26742005348205566406 -1.83733689785003684314
0.86818033456802368164 1.43448078632354736328 -0.77036589384078979492 -1.27094447612762428967 0.50070273876190185547 0.57538276910781860352 1.02464771270751953125 -0.61771589517593383789 0.40809047222137451172 0.65937209129333496094 -1.14457285404205322266
0.54460215568542480469 0.34591263532638549805 0.33739984035491937808 0.23578049242496490479 -1.49374651908874511719 -0.24945765733718869295 -0.91285336017608642578 1.09772622585296630859 -0.80551618337631225586 1.59736216068267822266 -1.54334557056427001953
-0.80612450838088989258 -0.74865758419036865234 -0.28629001975059509277 0.17884691059589380435 -1.45535337924957275391 1.02213144302368164062 -0.68673861026763916016 -0.46230885386466979980 -1.46198713779449462891 0.10893183201551430439 0.43606042861938471011
-1.86262702941894509046 -1.30527043342590309827 -1.47787082195281982422 1.05365002155303955078 0.88518184423446655273 -1.23628115653991699219 -1.00177466869354248047 1.09672355651855490954 0.59249901771545410156 1.41695845127105712891 0.64838981628417968750
-1.04017293453216552734 -1.78299534320831298828 0.74517858028411865234 1.54275453090667724609 1.37507355213165283203 0.57827389240264892578 1.24394500255584716797 0.59835535287857055664 1.62136530876159690173 -0.80806946754455566406 0.31346061825752258301
0.42902094125747680664 0.33385804295539850406 0.16445270180702209473 -0.97943997383117675781 -1.03320932388305664062 -0.56984764337539672852 -0.55464887619018554688 -0.19758042693138119783 0.36275348067283630371 -0.43646442890167230777 -1.40977346897125244141
-0.59913444519042968750 -0.78112930059432983398 0.07909785211086270418 1.17441689968109130859 -0.38267096877098077945 1.61925613880157470703 0.78171545267105102539 0.28545534610748291016 -0.63197833299636840820 1.20420360565185569079 1.12068545818328857422
0.22041997313499450684 -0.54998338222503662109 1.27335727214813232422 1.44452810287475608142 -1.12220954895019509046 1.38386666774749755859 0.60839468240737915039 -1.43937337398529030530 -0.35048291087150568179 0.36582708358764648438 1.26583385467529296875
-0.54346948862075805664 -0.87094664573669433594 0.01390493474900720075 -1.51274752616882324219 1.24363684654235839844 1.28797471523284912109 1.53353083133697509766 0.35722595453262329102 0.58030164241790771484 -1.26444709300994873047 0.34631106257438659668
-1.42227542400360107422 -1.16772866249084472656 -0.83799719810485839844 0.90989935398101795538 -1.58502864837646484375 -1.64923334121704101562 -0.15670254826545709781 0.17070539295673370361 0.86854493618011474609 0.80375456809997558594 0.16815504431724540013
1.30078577995300292969 1.54347288608551047595 0.18672809004783630371 1.39633226394653320312 -0.92587482929229736328 0.85256499052047729492 0.20197589695453641023 -0.39568555355072021484 0.23757253587245941162 1.10582339763641357422 0.78044265508651733398
-0.31466382741928100586 -1.05427837371826149671 1.17201745510101318359 0.31823650002479547672 -0.50422698259353637695 0.36618858575820917300 -0.82173055410385131836 -1.66819620132446289062 0.44067242741584777832 1.29626154899597167969 0.91484129428863525391
1.36612617969512939453 0.73806232213973999023 1.63738858699798583984 0.30188781023025512695 -1.37593317031860351562 -1.43401515483856201172 1.18672764301300048828 1.11309063434600830078 -0.01420832611620419933 0.02178293652832500107 -0.70658451318740844727
-1.85841953754425048828 -1.53398704528808593750 -1.39986550807952880859 -1.17725026607513449939 -0.56737929582595825195 -1.69741308689117431641 0.51337969303131103516 1.09020912647247314453 1.56542408466339111328 0.93257844448089599609 -0.57933402061462402344
-0.28253409266471857242 0.09816470742225640034 -1.38276815414428710938 1.27577638626098632812 1.17977964878082275391 -0.15326194465160369873 1.19393920898437500000 0.95956921577453602179 0.54863607883453369141 -1.25730586051940917969 1.49862194061279296875
-0.88434058427810668945 -0.34244143962860107422 -1.60223138332366943359 -0.06045316532254210035 0.01251908298581829934 -1.24353003501892089844 -0.40720707178115839175 0.41454800963401788882 -0.53894084692001342773 -0.82396477460861206055 1.11007392406463623047
0.16880853474140158910 -0.34420812129974359683 0.73597520589828491211 1.02789902687072753906 0.14464941620826721191 -0.69419276714324951172 0.64580792188644409180 -1.53699028491973876953 0.39649796485900878906 1.59985518455505371094 1.20816898345947287829
-0.99932366609573364258 -1.14926278591156005859 -0.34058821201324457340 -1.52057301998138449939 -1.22725927829742431641 1.62234604358673095703 -1.64905893802642822266 -0.58211404085159301758 0.33572578430175781250 -0.68118298053741455078 -0.68255090713500976562
1.30313038825988769531 1.51162183284759521484 0.13066858053207389134 1.59737730026245117188 -1.61374342441558837891 -0.25073599815368652344 1.00686514377593994141 -1.53165197372436523438 0.65127664804458618164 0.62406861782073974609 0.82274413108825683594
-1.30516409873962402344 -0.75964003801345825195 -1.71023046970367431641 -0.43943616747856140137 1.21803915500640869141 -0.65455836057662963867 1.13615703582763671875 0.66328418254852294922 -1.13047242164611816406 0.73085540533065795898 0.96306478977203358038
0.25468641519546508789 -0.19113594293594360352 1.11842834949493408203 -0.79952228069305419922 -0.40796139836311340332 -1.58698606491088889392 0.90422564744949340820 -0.87837654352188110352 -0.39596936106681818179 0.47567385435104370117 0.18041759729385370425
-0.30696851015090942383 0.24831135571002960205 -1.06995642185211181641 1.24229598045349121094 -0.41763633489608759097 -0.65963256359100341797 1.09868633747100830078 0.35253751277923578433 -0.52595335245132446289 0.11484227329492560643 0.83214038610458374023
0.52652609348297119141 0.92506188154220581055 -0.22217625379562369603 0.38213232159614557437 1.19011402130126953125 0.91087323427200317383 0.95021682977676402704 0.20161241292953491211 -1.53361189365386962891 -0.65423458814620971680 -1.49268555641174316406
-0.91424161195755004883 -0.40797922015190118961 -1.67646515369415283203 1.60351598262786887439 -1.64112114906311035156 -0.46258768439292907715 -1.34465432167053222656 -0.38175368309020990543 -1.39457464218139648438 0.30768018960952758789 1.55525803565979003906
0.11933425813913339786 -0.93832105398178100586 1.67766952514648437500 -0.26019066572189331055 -1.29529583454132080078 0.76252311468124389648 1.26259136199951149671 -0.83241319656372070312 0.96967095136642456055 1.53954505920410156250 0.97349017858505237921
1.48188555240631103516 1.58136200904846191406 -0.10313183069229120425 0.68818765878677368164 -0.38964670896530151367 -1.73405778408050537109 1.29495811462402343750 -1.50524902343750000000 1.25772356986999511719 -1.42882919311523437500 0.97563481330871582031
-0.88542652130126953125 -1.36301219463348410876 0.91076779365539561883 -1.21002280712127685547 1.47967875003814697266 -0.83280968666076660156 -0.03299039229750629770 0.18429182469844809789 0.63513928651809692383 -0.98560976982116699219 -0.09757184237241739444
-0.62282067537307739258 -1.44689607620239257812 1.54250216484069824219 -1.69374835491180419922 0.16107079386711120605 0.86136651039123535156 -0.22604307532310480289 1.18607413768768310547 -0.68034619092941284180 1.19775831699371337891 -0.19808849692344659976
-1.11898517608642578125 -0.64091694355010986328 -1.35595750808715820312 0.25693219900131220035 0.57644051313400268555 -0.76017713546752929688 1.05219864845275878906 -0.10780450701713560624 -1.08270525932311989514 -1.50785613059997558594 1.22775125503540039062
0.54949849843978881836 1.35211408138275168689 -1.25295245647430419922 0.01935182511806480057 1.25591254234313964844 1.56561934947967529297 -1.75454688072204589844 -1.65868425369262695312 1.20931029319763183594 1.14935791492462158203 -0.92059439420700084344
0.07765093445777890291 -0.39102190732955932617 1.59814572334289550781 1.58301091194152832031 -1.23380756378173850329 1.66806328296661376953 1.15429651737213112561 -1.59600496292114257812 0.97217166423797596320 -0.58419388532638549805 1.62712335586547829358
-1.35984563827514648438 -1.29847788810729980469 -0.15096241235733029451 -0.42117318511009210757 0.61305981874465942383 -0.37691363692283630371 0.30980035662651062012 -1.11852633953094482422 0.17493343353271478824 -0.90908950567245483398 -0.43728250265121459961
-0.07979908585548399491 -0.23096871376037589330 0.27781221270561218262 1.60697066783905029297 0.43592348694801330566 0.43570140004158020020 0.39482337236404418945 -0.46792113780975341797 0.51614373922348022461 1.68262970447540283203 1.44871056079864501953
-1.24343883991241455078 -0.77552658319473266602 -1.50131154060363769531 0.57883632183074951172 -0.13484306633472439851 1.12970066070556640625 -0.56755673885345458984 1.28971886634826660156 -0.41549980640411371402 1.80349266529083229749 1.21207737922668457031
-0.44642019271850580386 -0.01316487975418560025 -0.12953780591487878970 -0.95468699932098399774 -1.50331485271453857422 0.16544775664806360416 0.34250986576080322266 -0.02630940638482569954 0.32940608263015741519 -1.49397158622741699219 0.07312345504760739412
-2.45656681060791015625 -1.77521574497222900391 -1.69079518318176269531 -1.40555214881896950452 0.75520634651184082031 0.00824062060564749975 -0.09483550488948820634 0.52464210987091064453 -1.32605838775634765625 -0.36100506782531738281 -0.33652010560035700015
-0.63527035713195800781 -1.10776746273040749280 0.86007744073867797852 1.19736254215240478516 1.33092665672302246094 -1.75444054603576660156 -1.49122214317321777344 0.52851068973541259766 -1.61887001991271950452 0.15093408524990079012 1.03405547142028808594
0.09390977770090100374 -0.19590429961681360416 0.15093493461608881168 -1.03075635433197021484 0.30847245454788208008 -0.29649901390075678043 -0.34287163615226740054 1.68172407150268554688 0.56641495227813720703 -1.03093934059143088611 0.22914871573448181152
1.11755895614624023438 1.15408790111541770251 0.47418090701103210449 -1.72877442836761474609 -0.55790632963180541992 0.14960305392742148656 -0.87422829866409301758 0.36248144507408142090 -1.45065164566040039062 0.05025698244571680240 -1.35329043865203857422
1.11110925674438476562 0.47616240382194519043 1.48657631874084472656 1.13250315189361550061 -0.17428292334079739656 0.46555992960929870605 -1.28237223625183105469 1.55487108230590820312 1.68489575386047363281 0.14438073337078088931 -1.00695347785949707031
-1.18330514430999755859 -1.69010949134826660156 0.43037626147270202637 -0.09206748008728020405 -0.68875807523727416992 -1.61833477020263671875 1.59911870956420898438 -0.76143896579742431641 -0.39332664012908929996 -0.05781497061252589831 -0.56422472000122070312
-1.88529324531555197986 -1.32561147212982177734 -1.40263402462005615234 -1.26278114318847656250 1.62511205673217751233 1.32775425910949707031 -0.41331970691680908203 -1.38236284255981445312 -0.61075860261917114258 -0.67706459760665893555 -0.14187228679656979646
0.98966568708419799805 0.80805617570877075195 0.10373123735189429540 0.52824795246124267578 -0.48280608654022211246 -0.30094823241233820132 -0.95488697290420521124 0.45776596665382379703 1.71655774116516113281 -0.58986181020736694336 -1.58360755443572998047
-0.75370573997497558594 -0.39120864868164062500 -0.67252141237258911133 1.36090326309204101562 0.07107471674680709839 0.39426165819168090820 1.07749366760253906250 -0.43595007061958307437 -1.43098568916320800781 0.11109223216772079468 1.27705454826354980469
1.27225244045257568359 1.34705841541290283203 -0.07467571645975110139 1.43874955177307128906 0.86588972806930541992 -0.87204140424728393555 0.44161155819892877750 -0.49971097707748407535 1.49701094627380371094 -1.61526179313659690173 0.63851982355117797852
0.29631724953651428223 0.63357818126678466797 -0.48977500200271600894 0.93927413225173961298 1.57544314861297607422 -0.27606371045112609863 1.67577290534973144531 -1.27308118343353271484 1.30696964263916015625 -1.01158082485198952405 -0.61338567733764648438
-1.01209104061126708984 -1.60839462280273437500 0.73982876539230346680 0.32293066382408142090 0.69278424978256225586 -1.14031231403350830078 0.19626134634017938785 1.03382730484008789062 -0.94284862279891956671 -0.05720156431198120117 0.04564905911684030010
0.16377483308315268773 0.89524441957473754883 -1.09933245182037353516 1.55909264087677001953 0.39211437106132507324 0.36669769883155822754 -1.34620285034179687500 -1.52305948734283447266 1.41761839389801047595 0.12917447090148920230 -1.02877187728881835938
-1.83517992496490478516 -1.53418850898742675781 -0.91493183374404918329 -1.42567789554595969470 -0.31978803873062128238 -0.41762897372245788574 0.06663344055414199829 1.27693259716033935547 -1.07973885536193847656 -0.46395689249038690738 -0.90699684619903564453
1.07582640647888183594 0.66822504997253417969 1.25661182403564430921 -0.70651972293853759766 0.94219183921813964844 -0.46389269828796381168 -1.60535907745361328125 -1.36155188083648681641 -1.22847425937652610095 0.22937612235546109285 -1.60253214836120605469
1.16672050952911376953 0.95397514104843139648 0.80420047044754028320 1.51385784149169921875 -0.65419137477874755859 0.40502116084098810367 -1.33239436149597167969 -1.14168787002563476562 -1.21860384941101074219 -0.51174354553222656250 -0.83168017864227294922
-2.19645190238952636719 -1.65354943275451660156 -1.67491436004638671875 0.09034035354852669453 -0.49185127019882202148 0.52258914709091186523 -0.29476192593574518375 -1.40863144397735595703 0.08287446200847620181 1.83738994598388671875 -0.01890313811600199956
0.72179782390594482422 0.58733415603637695312 0.55082464218139648438 -0.52311378717422485352 0.42890292406082147769 -1.69219410419464111328 -1.36149072647094726562 -0.15450960397720331363 -0.46525254845619201660 -0.77549672126770019531 -1.68551492691040039062
-1.47785830497741699219 -1.20803034305572509766 -0.95342195034027099609 -0.60905969142913818359 1.25581169128417968750 0.40417328476905822754 0.31990203261375427246 1.47487521171569824219 -1.05638074874877929688 0.60052680969238281250 0.05376310646533959819
