-0.19657792150974270906 0.53158932924270629883 1.28621733188629150391 1.62387776374816894531 0.49049475789070129395 -0.60665667057037353516 -1.42602372169494628906 -1.54873800277709960938 -0.14556361734867090396 -0.26951396465301508121 0.43044343590736389160
1.27038109302520751953 1.15676963329315207751 1.40068757534027099609 1.04322624206542968750 2.17603516578674316406 1.15688908100128151624 1.28530704975128151624 -0.48052743077278131656 -0.30780941247940057925 -0.65561324357986450195 0.84499865770339965820
-0.01007363293319940047 -0.13091281056404110994 0.13413055241107940674 1.13399934768676757812 -0.16932104527950281314 0.71570605039596557617 -0.28733420372009277344 0.51249808073043823242 0.18643140792846679688 -0.13086822628974909000 1.02157878875732421875
-0.54056364297866821289 -0.98177683353424083368 -0.92817544937133800165 -0.48572462797164911441 -0.98771530389785755499 1.54264259338378906250 1.54045307636261008533 -0.17675030231475830078 -0.22457994520664209537 -1.43453693389892578125 0.35672187805175781250
-0.08131161332130429353 -0.28471112251281738281 -0.07914817333221429996 1.21468365192413330078 -0.27234840393066400699 1.15071785449981689453 -1.26405048370361328125 -1.26825833320617675781 -1.49318230152130126953 0.99305522441864002570 1.46821868419647216797
-0.16892999410629269685 0.64034175872802734375 0.05045570060610769791 -0.69074940681457519531 -0.16770559549331659488 0.44578954577445978336 -1.16372334957122802734 0.75694149732589721680 -0.01495629735291000018 -1.79722762107849121094 -0.60620701313018798828
-0.11364510655403130268 -0.15691061317920679263 0.01345413364470000005 1.45480096340179443359 -0.32745638489723200015 0.90348225831985484735 1.34370946884155273438 1.18516516685485839844 1.50196707248687744141 0.32365784049034118652 1.22510504722595192639
-1.06499338150024391858 -0.98454964160919200555 -0.14648862183094019107 0.69481575489044189453 -0.50700581073760986328 -0.57823675870895385742 0.79166805744171142578 1.12405395507812500000 -0.13347458839416501131 0.74532157182693481445 0.42220994830131530762
-1.42213571071624755859 -1.69736814498901367188 -0.29164272546768188477 1.16469991207122802734 -0.53557205200195312500 -0.38979226350784301758 0.43081682920455932617 -0.66136842966079711914 0.90881645679473876953 1.24108350276947021484 -0.22431929409503931216
-0.98103749752044677734 -0.41564840078353881836 -1.27541494369506835938 -1.40867483615875244141 -1.28058767318725608142 0.50757902860641479492 0.51473778486251831055 0.51739203929901123047 -0.78214085102081298828 0.14840142428874969482 0.18502429127693170718
-1.20343136787414550781 -0.98968857526779163702 -1.54854941368103049548 -0.53841495513916015625 -1.02192795276641845703 0.54908525943756103516 -0.84439110755920410156 0.72013241052627563477 1.61792290210723876953 -0.89535075426101684570 0.38752341270446777344
-0.08229027688503259830 -0.79799526929855346680 -0.80675566196441650391 1.36979258060455322266 -0.54516160488128662109 -1.05418896675109863281 -1.46168005466461181641 -0.49101167917251581363 0.33308255672454828433 -1.59031200408935569079 1.35230100154876708984
1.21000087261199951172 1.21670067310333229749 1.72428202629089355469 1.09612405300140380859 1.91940391063690163342 1.29643154144287109375 -1.07039523124694824219 1.45395898818969726562 -1.05547642707824707031 0.95376878976821899414 0.67036396265029907227
-1.48333108425140380859 -1.06029069423675537109 -0.50728327035903930664 0.79709887504577636719 -0.69806939363479614258 1.48429143428802490234 -1.73950171470642089844 -1.18365752696990966797 1.35582184791564941406 0.52461051940917968750 0.47375014424324030093
-2.25749444961547851562 -1.66381871700286887439 -0.36807122826576227359 -0.29140111804008478336 -1.04867982864379882812 0.40465000271797180176 0.67150563001632690430 -1.23623347282409690173 -0.97472357749938964844 1.28173267841339111328 -0.85023480653762817383
0.28571638464927667789 0.85721617937088012695 1.12284886837005615234 0.83197867870330810547 1.02724432945251464844 -0.12838904559612268619 1.42300403118133544922 -0.77749729156494140625 -0.95329201221466064453 -0.55613780021667480469 -0.91810268163681041376
0.34242054820060729980 0.76563197374343872070 0.14368769526481620091 -1.22009837627410888672 0.03695984557271000254 -0.55606842041015625000 -1.29410052299499511719 1.55431866645813010486 -0.12864531576633450594 0.57876569032669067383 -2.07350468635559082031
-0.60166531801223754883 -1.03851139545440673828 -0.63026070594787597656 0.38073796033859247379 -0.79758226871490478516 1.45204985141754150391 1.41116535663604736328 1.02743625640869140625 1.07922124862670898438 -0.01785381324589250043 0.46388542652130121402
0.97899836301803599969 1.23317968845367431641 -0.02009418979287139889 -0.49369460344314569644 0.27008801698684692383 1.16899228096008300781 -0.75708216428756713867 -1.29249024391174316406 -1.42268455028533935547 -0.70863074064254760742 -0.92574369907379161493
-1.91105031967163085938 -1.44325470924377441406 -0.68872690200805664062 -0.14006011188030240144 -1.00143837928771950452 -1.25556349754333496094 -1.04946339130401589124 -0.42924517393112182617 -1.22309744358062744141 0.88309639692306518555 -0.55590921640396118164
0.63829392194747924805 1.16415786743164062500 -0.61040073633193969727 -1.57042849063873291016 -0.62252074480056762695 -0.67411416769027709961 0.79218459129333496094 -0.53944081068038940430 0.77347570657730102539 1.23495316505432128906 -2.23580861091613769531
-1.54471826553344726562 -1.43088769912719726562 -0.63735276460647583008 -1.67830228805541992188 -0.74317979812622070312 -0.88445711135864257812 0.00479369238018980022 -1.74374449253082275391 -0.49075677990913391113 -1.67742145061492919922 -0.94296461343765258789
-0.66394835710525512695 0.33296310901641840152 1.19673907756805419922 0.64127272367477416992 0.28431552648544311523 -1.18523824214935302734 1.06571841239929199219 0.29081597924232477359 0.05912172794342040322 -0.22642678022384640779 0.83647096157073974609
-0.20840659737586969547 -0.29304802417755121402 0.24663181602954858951 1.03211176395416259766 0.12300302088260650635 0.63292807340621948242 -0.99035382270812999383 0.23331570625305170230 1.00715589523315429688 0.34586408734321588687 1.05397582054138183594
1.57082056999206542969 1.47673475742340087891 3.00588178634643554688 1.59452009201049804688 3.65391063690185591284 1.41867256164550781250 0.50604039430618286133 0.95254367589950561523 0.42591241002082819156 0.55584150552749633789 3.27369403839111328125
-0.28719550371170038394 0.17875097692012781314 0.48922342061996459961 0.62749373912811279297 0.01290498767048119978 -1.43064546585083007812 0.53342062234878540039 1.24967885017395019531 1.69155931472778320312 -0.48819136619567871094 0.62443983554840087891
-0.67133402824401855469 -1.22197890281677246094 -0.72714346647262573242 -0.75867295265197753906 -0.72515588998794555664 0.61651659011840820312 0.48177495598793029785 -0.91028809547424316406 1.20071685314178489001 -1.57783961296081542969 0.07498572021722789416
-1.15067601203918457031 -0.56324642896652221680 -0.92647975683212280273 -1.60314047336578369141 -0.69720190763473510742 1.01676535606384277344 -1.46103942394256591797 0.47545742988586420230 -0.86728185415267944336 0.60825449228286743164 0.22836652398109430484
-0.83062773942947387695 -1.61827015876770019531 -1.31204664707183837891 -1.43085181713104248047 -0.92737525701522838251 -1.30115032196044921875 -0.74656093120574951172 -1.38186645507812500000 -1.13754022121429443359 -0.51862615346908569336 -0.35704275965690607242
0.51513093709945678711 1.16060793399810791016 3.09313988685607910156 1.45797479152679443359 2.30363941192626908716 -0.21304973959922790527 -1.03114748001098632812 -0.34528899192810058594 1.05295252799987792969 -1.31845176219940207751 0.37054088711738580875
0.20960532128810879793 0.21695138514041900635 -1.04810273647308349609 -1.36622881889343261719 -0.88846778869628906250 -1.18950796127319335938 0.06649541854858390111 0.72658252716064453125 -0.59733086824417114258 1.03328418731689430921 -0.52931153774261474609
-1.07192814350128151624 -0.41192582249641418457 0.12027238309383389558 0.70281100273132324219 -0.24818682670593258943 1.20892214775085449219 -0.68185955286026000977 1.23597884178161621094 -1.23963165283203125000 -1.10370314121246337891 0.81019151210784912109
-0.77948629856109619141 -1.45132780075073242188 -0.21765586733818048648 0.59155219793319702148 -0.34197357296943659000 1.22913014888763449939 1.24401903152465820312 -1.77354955673217751233 0.23801738023757929019 -0.37987512350082397461 0.25330486893653869629
1.38880062103271484375 1.58145534992218017578 3.03357958793640136719 1.18629896640777610095 3.95964694023132324219 0.01642134785652159951 -1.71798610687255859375 -0.94411373138427723273 -0.15337027609348288792 1.02761435508728049548 3.54715204238891601562
0.74559485912322998047 0.91605144739151000977 1.74316525459289550781 1.28632354736328125000 1.94572365283966086658 1.33650207519531250000 -1.62671172618865966797 0.87892651557922363281 -0.97689169645309437140 1.12619781494140625000 -0.65457642078399658203
-1.44543600082397460938 -0.82585096359252929688 0.53936296701431274414 0.41587701439857477359 -0.38595628738403320312 0.40277120471000671387 0.32227799296379089355 -0.09278034418821330676 -0.23227362334728240967 -0.59045338630676269531 0.15640066564083099365
0.95245134830474842413 0.30133226513862609863 0.41111025214195251465 0.68324184417724609375 0.47291928529739379883 0.73013877868652343750 0.54569017887115478516 0.43071371316909790039 0.36824923753738397769 -0.88821411132812500000 -1.00498628616333007812
-0.09817443788051599673 0.36200618743896478824 0.72244602441787719727 0.82288616895675659180 0.21488879621028900146 -0.87753045558929443359 -1.64838874340057350842 -0.04220843687653540177 -0.47866529226303100586 1.44526827335357688220 0.11271858960390089555
-0.69728189706802368164 -0.78548097610473632812 -0.02963942289352410053 0.03525615110993379764 -0.31317359209060668945 1.11795926094055175781 -0.20955944061279291324 1.11171698570251464844 1.07183659076690673828 1.04101669788360595703 0.47820442914962768555
-0.22114726901054379549 -0.00211978959850959991 0.54274010658264160156 1.70792472362518310547 0.55719584226608276367 -1.26704454421997070312 1.16964232921600341797 -0.26437905430793762207 0.22416572272777549046 -1.57690834999084472656 1.33061861991882324219
-0.82121789455413818359 -1.55270385742187500000 -0.70765924453735351562 -0.01836497336626050081 -0.75852787494659423828 1.16972100734710693359 1.62636017799377441406 1.01025450229644775391 0.28135541081428527832 1.22443532943725608142 -0.17435899376869198885
-1.03055202960968017578 -0.16482847929000848941 -0.09850414842367169466 -0.53812390565872192383 -0.76611846685409545898 1.56104314327239990234 -0.15436212718486780338 0.74893492460250854492 0.15458033978939050845 0.37183186411857599429 0.30575802922248840332
-1.04211080074310302734 -0.96420890092849720343 0.03776429966092109680 0.13205684721469879150 -0.36405384540557861328 -1.66219890117645263672 -1.63085341453552246094 0.88332414627075195312 -0.71271520853042602539 -0.75617778301239013672 0.50260841846466064453
-0.23679214715957638826 0.43982622027397150211 -0.33213278651237487793 -1.48875856399536110608 -0.61178970336914062500 1.32534134387969970703 -0.76018685102462768555 0.68522560596466064453 -1.30437242984771728516 1.37225675582885742188 -0.23172453045845028963
-0.54245364665985107422 -1.40438115596771240234 -1.05000030994415283203 0.11825747042894360628 -1.02989912033081032483 1.43658375740051269531 -0.93048685789108276367 -0.06218992173671720330 -0.11827387660741800479 -0.24821676313877100162 0.04333475604653350133
0.18603794276714319400 -0.14863081276416770238 -0.90760236978530883789 -1.06085789203643798828 -0.84647381305694580078 -1.16614520549774169922 1.19594204425811767578 -0.24684540927410120181 1.04838085174560569079 0.52776044607162475586 0.20713177323341369629
0.36472702026367187500 -0.07058022171258919453 -0.23590822517871851138 -0.09557075053453439883 -0.05823044851422309875 -1.66332614421844482422 -1.26093292236328125000 0.76175940036773681641 -1.39483749866485595703 -0.78134644031524658203 -0.12716324627399439029
-0.32133823633193969727 0.48033258318901062012 -1.03241741657257080078 -0.95703536272048961298 -1.08158123493194580078 -1.60224914550781250000 1.67047834396362304688 -0.40617063641548151187 1.54409480094909690173 -1.00889706611633300781 -0.15682455897331229466
-0.64836591482162475586 -0.14170321822166440096 -0.34376820921897888184 -0.34874176979064941406 -0.43835592269897460938 -0.03354597464203829676 0.58749288320541381836 -0.30012524127960199527 1.24106931686401367188 -0.89631068706512451172 0.84142100811004638672
0.64207583665847778320 1.36140334606170632092 1.25926029682159423828 -0.17909306287765500154 0.86729449033737182617 -0.45543941855430597476 -0.13151727616786951236 0.96121156215667724609 0.88348531723022460938 -1.67443954944610595703 -1.48864614963531494141
-0.05007139593362799901 0.36510819196701049805 0.07259515672922130236 0.58824253082275390625 0.14353275299072260074 -1.06204867362976074219 -0.61030101776123046875 -0.53155130147933959961 0.33602419495582580566 -1.74517035484313964844 0.07580666244029990453
1.15100383758544921875 0.48938941955566400699 -0.27909564971923828125 0.09751971065998070454 -0.12454310059547420153 0.27962046861648559570 -1.36156654357910156250 1.42075920104980490954 -0.74822455644607543945 1.09015095233917236328 -1.63137972354888916016
0.01671024411916730013 -0.44832366704940790347 0.58234733343124389648 1.71823787689208984375 0.60236501693725585938 0.71308279037475585938 1.34006428718566894531 -0.01613849215209479937 0.52645379304885864258 -0.09701632708311079545 1.66668117046356201172
-1.80288934707641601562 -1.61077523231506369861 -0.68509662151336669922 -0.53536611795425415039 -0.71099662780761718750 -1.47208690643310569079 -0.60995930433273315430 -0.02917726151645180094 -0.28177338838577270508 0.91986554861068714484 -0.56955337524414062500
-0.05889986827969549699 0.67800515890121459961 0.89050704240798950195 0.88491672277450561523 0.42009165883064270020 1.44510555267333984375 -0.21580797433853149414 -0.48786619305610651187 -1.40477991104125976562 -0.11336269229650490498 -0.37724715471267700195
-0.50566291809082031250 -1.09855496883392311780 -0.32399523258209228516 -1.36722278594970703125 -0.29445952177047729492 0.27662086486816400699 -1.21931862831115722656 -1.63969779014587402344 -0.70853900909423828125 -0.37353169918060302734 -0.16894462704658499974
-0.98669546842575084344 -0.65583223104476928711 -1.05924713611602783203 -1.07533144950866699219 -0.62644612789154052734 0.00700081232935190027 1.27356028556823730469 0.02991167269647120042 0.47493204474449157715 1.36425197124481201172 0.63388854265213012695
0.34715351462364191226 -0.05769161507487290119 -0.17568947374820709229 -0.25264129042625427246 -0.44234499335289001465 -0.35293492674827570132 0.30139923095703119449 -1.51036202907562255859 0.84031057357788085938 -1.00633859634399391858 -0.17392443120479580965
1.24345552921295166016 1.16665399074554443359 0.34289622306823730469 -0.02984100393950930158 0.62784451246261596680 -0.89121395349502563477 -0.51187360286712646484 -1.08771502971649169922 0.03332768753170960163 -1.42382872104644775391 -0.18096897006034851074
0.61984980106353759766 1.52507829666137695312 -0.87935793399810791016 -1.46808362007141113281 -0.67510986328125000000 -0.78990906476974487305 0.95334631204605102539 0.44412347674369812012 0.20452803373336789217 0.00107473670504979997 -1.49787914752960205078
1.02066433429718017578 1.11192083358764648438 -0.67682522535324096680 -1.47672533988952636719 -0.60546499490737915039 0.59315055608749389648 -0.78346514701843261719 0.88294059038162231445 1.70869982242584250720 -0.97166514396667480469 -1.53905427455902099609
-1.40651297569274902344 -1.18840134143829367908 -0.43204200267791748047 1.06455874443054199219 -0.64573991298675537109 -1.44540822505950927734 -0.53124457597732543945 -0.37532877922058099918 0.92733418941497802734 1.56203114986419677734 0.14497429132461539525
-0.48817005753517150879 -0.97111678123474121094 -0.37658134102821350098 1.29997658729553222656 -0.27489975094795221500 -1.60888326168060302734 0.34732306003570551090 0.80785512924194335938 -1.14269924163818359375 0.62243211269378662109 0.92568421363830555304
-1.68394839763641357422 -1.14792180061340309827 -0.68355733156204223633 -1.01530873775482177734 -0.57952797412872314453 1.53341948986053489001 -1.31224894523620605469 0.96609860658645640985 0.05587287247180929700 -1.53422796726226806641 -0.36613589525222778320
-1.76383435726165749280 -1.11696827411651589124 -0.30667427182197570801 -1.49390077590942382812 -0.63820225000381469727 0.76627987623214721680 1.25261700153350830078 0.63607025146484375000 -0.21555784344673151187 1.24483025074005126953 -0.67567616701126098633
-1.96093857288360595703 -1.71776080131530761719 -2.00908088684082031250 0.28448826074600219727 -0.82623964548110961914 -0.34251585602760309390 0.19648554921150199193 -1.47730135917663552014 -0.83031731843948364258 0.83240193128585815430 0.65014684200286865234
1.50051975250244140625 1.02885615825653076172 0.58415240049362182617 -0.85613799095153808594 1.16493177413940429688 1.54792928695678710938 0.81387990713119506836 0.30798912048339838199 -0.55930238962173461914 -0.01987938955426209880 0.00289495103061189994
1.28989994525909423828 1.28577768802642822266 2.39339494705200195312 1.58798134326934792249 2.68723344802856445312 0.61817371845245361328 0.79717737436294555664 1.55957376956939697266 -0.16519097983837119359 -1.33112585544586181641 1.74744844436645507812
-1.02234065532684326172 -1.46304988861083984375 -0.51795923709869384766 0.26970368623733520508 -0.48390445113182067871 -0.81282013654708862305 -0.46952569484710687808 -1.74337875843048095703 0.71893674135208129883 1.17749524116516113281 0.08570163697004309911
-0.03686173260211939723 -0.12229395657777779316 -0.01138560567051170001 0.31352221965789789371 -0.08791951090097420429 -0.18784356117248529605 -0.15424230694770810213 -1.71228015422821044922 -0.79755455255508422852 0.52615737915039062500 0.65670692920684814453
0.52711325883865356445 1.11487293243408203125 0.06453946977853769473 0.50904613733291625977 -0.03581181541085239756 0.52959936857223510742 -0.41002294421195978336 0.61976873874664306641 0.78508716821670532227 1.18600749969482421875 -1.45575249195098876953
0.74685746431350708008 1.57181656360626220703 -0.43738034367561340332 -1.37725424766540527344 -0.41390123963356018066 0.34213685989379877261 0.57216811180114746094 -0.41843649744987487793 -1.60493230819702170642 0.16875804960727688875 -0.88849705457687377930
2.12914490699768066406 1.54465782642364501953 -0.16037450730800628662 -0.97555357217788696289 0.25807821750640869141 1.04704380035400390625 1.18903553485870361328 -1.29385256767272949219 -0.48088839650154108218 0.82000124454498291016 0.14698979258537289705
0.50802832841873168945 1.21780633926391601562 1.95950686931610107422 1.06478834152221679688 1.55518054962158203125 -0.76637411117553710938 0.33101204037666320801 1.42773890495300292969 0.06831879913806909732 -0.24900975823402399234 -0.61093771457672119141
-1.22042989730834960938 -1.73842072486877441406 -1.34625518321990966797 -1.25959908962249755859 -0.90771788358688354492 0.59721207618713378906 -0.36948633193969721011 -0.17052537202835080232 -0.63911765813827514648 -1.78619945049285888672 -0.65520155429840087891
1.73668169975280761719 1.64326238632202170642 0.06534223258495329423 -0.85296374559402465820 0.39908444881439208984 -1.55813455581665039062 -0.37046936154365539551 -0.73164737224578857422 1.56670856475830078125 -1.17968642711639404297 0.41442498564720148257
1.30455648899078369141 1.09943199157714843750 0.89762461185455322266 0.14598599076271048802 1.27282059192657470703 0.71052169799804687500 0.03972542285919179739 -1.33442175388336181641 1.12816047668457031250 1.36696565151214599609 -0.10414309799671170320
0.88203340768814086914 0.32984301447868341617 1.15550386905670166016 1.44146120548248291016 0.96171361207962036133 1.60340738296508789062 -1.34478104114532470703 -1.80413985252380393298 -1.14723229408264160156 1.53628134727478049548 -0.80455249547958374023
-0.99723750352859497070 -0.43748652935028070621 -0.11591608822345729479 0.94778895378112804071 -0.42445874214172357730 -0.95503914356231678351 -1.60975396633148193359 -0.31586778163909912109 0.07536793500185010042 0.57291710376739501953 1.00775253772735595703
-0.40132880210876459293 -0.55902999639511108398 0.11029159277677530460 0.80519348382949829102 -0.31452408432960510254 0.55904549360275268555 1.23285484313964843750 0.43551567196846008301 0.50414276123046875000 1.13100373744964599609 1.16478919982910156250
0.85041475296020507812 0.44995155930519098453 0.94321149587631236688 1.05777335166931152344 1.14990115165710449219 -1.12361574172973632812 -0.32446801662445068359 0.83095568418502807617 0.99494546651840198859 0.45732223987579340152 -0.82229202985763549805
0.10244055092334740376 -0.37153792381286621094 -2.04159283638000488281 -1.60920631885528564453 -1.55900692939758300781 -0.14022652804851529207 -0.08932504057884209370 -0.74850237369537353516 -1.03258895874023437500 1.09342968463897705078 0.77836936712265014648
-0.62856131792068481445 0.00915052648633709990 -0.98096626996994018555 -1.70469415187835693359 -0.85946488380432128906 -1.28274965286254882812 -1.42382395267486550061 -0.27757066488265991211 1.40321028232574462891 0.71401798725128173828 0.27603748440742492676
0.13237808644771570377 0.12289626151323310155 -0.24022446572780609131 -0.75834631919860839844 -0.09418193995952600650 0.63812774419784545898 -0.59101700782775878906 1.29708182811737060547 1.55814349651336669922 0.87093830108642578125 -0.37503471970558160953
1.20584416389465309827 0.82021516561508178711 -0.64759922027587890625 -1.44137191772460937500 -0.36335989832878107242 -0.28650793433189392090 -0.99208915233612060547 0.56548327207565307617 1.09203636646270751953 0.96177959442138682977 -1.72688472270965576172
1.85642683506012007300 1.40092432498931884766 -0.79005259275436401367 -1.65394747257232688220 -0.80077928304672241211 1.35564076900482177734 -1.43627226352691650391 0.88021636009216308594 1.25581598281860351562 1.29947412014007568359 0.29595330357551569156
0.42789223790168762207 0.06220063939690589905 0.32758653163909912109 0.15213444828987118806 0.34794113039970397949 0.10058494657278059525 -1.54230284690856911389 -0.68318402767181396484 -0.15451696515083310213 0.43124249577522277832 -0.33649495244026178531
1.39560365676879882812 1.15482354164123535156 2.13139748573303178247 1.45946359634399391858 2.89472723007202104029 -1.51355183124542236328 0.93716067075729359015 -0.36864146590232849121 -0.16764765977859488744 -0.27015244960784912109 1.58939015865325927734
2.15891361236572265625 1.58512258529663085938 1.24574518203735351562 0.25063061714172357730 1.94615638256072998047 0.52871727943420410156 -1.42041468620300292969 0.08285750448703760318 1.48324871063232421875 -0.09055442363023749608 0.92534393072128295898
-1.19524085521697998047 -1.50647044181823730469 -0.58117407560348510742 0.57665973901748657227 -0.59354686737060546875 -1.41432964801788330078 -0.76764672994613647461 -1.14910292625427246094 0.84190165996551513672 -0.81815844774246215820 0.10690382868051520604
0.42882990837097167969 -0.74787437915802001953 -0.71312075853347778320 -1.20596003532409690173 -0.45890036225318908691 0.97443515062332164423 1.68346285820007324219 -0.15579220652580261230 0.57923996448516845703 1.65898358821868896484 0.74911230802536010742
1.10859477519988991467 1.31137478351593017578 2.17105412483215332031 1.73267734050750710217 2.45520162582397460938 -0.69221758842468261719 -1.26519346237182617188 0.48608705401420587711 -1.19264650344848632812 0.00819866079837080000 1.26717007160186767578
0.61318045854568481445 0.86042898893356323242 1.76167201995849609375 1.29019606113433837891 1.44666159152984619141 0.52587294578552246094 0.95192700624465942383 1.38416635990142822266 1.06597054004669189453 1.57329595088958740234 -0.79037523269653320312
-0.85517746210098266602 -1.13744461536407470703 -0.53675669431686401367 0.58406245708465576172 -0.39511752128601068668 1.54009795188903808594 1.38845825195312500000 0.08128969371318810200 -1.04001772403717041016 -1.66065764427185058594 0.65836703777313232422
-0.43657216429710388184 -0.38359212875366210938 0.00233359355479469989 0.23840008676052090730 -0.14691899716854089908 1.57429671287536621094 -1.37052452564239501953 1.27045071125030517578 0.48097443580627441406 -1.34057497978210449219 1.09912121295928955078
0.46234345436096191406 0.87125945091247558594 1.87488770484924316406 1.14035081863403320312 1.46528434753417968750 -1.29987287521362304688 -0.06687679141759869661 -0.30098438262939447574 -0.06175631657242770106 -1.43400025367736816406 -0.88801014423370361328
-0.98976677656173717157 -1.51558697223663330078 -1.41391229629516601562 -0.32843422889709472656 -1.26964247226715087891 0.75276088714599609375 -0.95063984394073475226 1.47754275798797607422 0.70679253339767456055 -1.43064785003662109375 -0.06859793514013290405
-0.71670752763748168945 -0.35146313905715942383 -0.54352861642837524414 -1.36455845832824707031 -0.46892082691192621402 1.16222405433654807361 1.18381750583648681641 -1.82989692687988281250 0.93251872062683105469 1.35149359703063964844 0.46667575836181640625
-0.95705091953277598993 -1.12046945095062255859 -1.10792326927185058594 -1.40445244312286376953 -0.90768176317214954718 0.85615903139114379883 1.18410825729370117188 1.29605519771575927734 1.23158538341522216797 -0.62181240320205688477 0.03390723466873159925
0.99610495567321777344 0.20171613991260520238 -0.74565362930297851562 -0.56731253862380981445 -0.73444288969039916992 -0.11932533234357829699 -0.11699038743972769994 1.35357880592346191406 -0.19286690652370450105 1.08004069328308105469 -1.62576472759246848376
1.15904355049133300781 0.49636822938919067383 1.72091305255889892578 1.65890812873840309827 1.64668834209442138672 0.27404496073722839355 -0.47240230441093439273 0.00964971072971819964 0.50871819257736206055 0.06144301965832710266 -0.45579037070274347476
0.03080083243548870087 0.58407950401306152344 0.96406871080398559570 -0.04464315995573989865 0.61694842576980590820 1.14251565933227539062 -1.71781158447265625000 -1.35165882110595703125 -0.65060025453567504883 1.44332182407379150391 -0.73646706342697143555
-0.01164421997964379916 0.18159712851047510318 0.76460057497024536133 1.53982532024383544922 0.43039608001708978824 -1.55586993694305419922 -0.76524859666824340820 -1.64505434036254882812 1.17500293254852294922 -1.20584487915039062500 0.67214846611022949219
-1.83331882953643798828 -1.17900764942169189453 -1.28538823127746582031 -0.99162149429321277960 -0.96396726369857799188 0.70671701431274414062 -0.43311789631843561343 0.02693708986043930054 0.41412290930747980289 0.13842980563640588931 -0.12975700199604028873
0.94785654544830322266 0.05174862593412390271 0.00906818825751539923 0.47616368532180780582 0.02814809978008269917 0.81101310253143310547 0.58438241481781005859 1.35173165798187255859 -0.01557361613959070031 -0.45498588681221008301 -1.12302684783935569079
0.23971210420131680574 -0.06512370705604550447 1.03508150577545166016 1.23653447628021240234 1.02032577991485595703 -1.65450727939605712891 0.07727365195751190186 0.26210108399391168765 -1.23559808731079101562 0.98214668035507202148 1.05883264541625976562
-0.97046428918838500977 -0.77078038454055786133 -0.41252470016479492188 -1.31553959846496582031 -0.49160197377204889468 1.19999325275421142578 -0.34418922662734979800 -0.43002924323081970215 -1.34909403324127197266 0.97581064701080322266 0.14582589268684378880
0.14391057193279260806 -0.23406578600406641177 -0.50467127561569213867 -1.14817535877227783203 -0.30273926258087158203 0.47548913955688471011 -1.51216053962707519531 1.07696294784545898438 -0.52422368526458740234 -1.62869668006896950452 0.14109030365943908691
0.15708802640438079834 0.65176647901535034180 0.71438723802566528320 0.43801575899124139957 0.36521360278129577637 1.32518589496612571033 -1.19991385936737060547 -1.07076275348663330078 -1.47806847095489501953 0.21199695765972129124 -1.06474852561950683594
-0.01996508985757820126 0.78607511520385742188 -0.62814414501190185547 -0.80812871456146240234 -0.44605493545532221011 -0.34821963310241699219 0.51127022504806518555 -0.37428385019302368164 -1.27221965789794921875 -0.56597626209259033203 -1.13523471355438232422
0.28684926033020019531 -0.62965017557144165039 -0.00931878201663489947 0.61141622066497802734 -0.04720658063888549805 -0.65331512689590454102 1.65870428085327170642 0.07483627647161479601 -1.11767923831939697266 -1.40357351303100608142 1.23028814792633056641
1.49875473976135231702 0.81671071052551269531 1.01533222198486328125 0.58009654283523559570 1.37957191467285156250 -0.88221019506454467773 -0.03258857503533359873 -1.07037425041198730469 0.21325740218162531070 0.06467544287443159623 -0.26213860511779779605
-0.20612126588821411133 -0.74226450920104980469 -1.24076294898986816406 -0.41010776162147521973 -1.16570401191711447986 1.02019965648651123047 -0.72246897220611572266 1.01849341392517089844 -0.12388178706169120091 -1.05805552005767822266 0.77466046810150146484
0.99600839614868164062 1.49092388153076149671 1.62836277484893798828 0.26329150795936578922 1.82403409481048561780 -1.25077831745147705078 0.66832572221755981445 0.75075149536132812500 0.87330156564712524414 1.58954095840454101562 0.46851679682731628418
-1.65503787994384765625 -1.66069245338439941406 -1.41260969638824462891 -1.70122301578521728516 -1.26767802238464355469 1.56784915924072287829 1.16065788269042968750 -1.50166404247283935547 -0.10738699138164520264 0.27297168970108032227 -0.76221394538879394531
-0.03802735358476629773 -0.21978388726711270418 1.33363294601440429688 1.58870947360992431641 0.86483728885650634766 0.15883058309555050935 0.21970981359481808748 1.56119823455810569079 1.41328704357147216797 0.61460226774215698242 1.42267835140228271484
0.61454433202743530273 0.98377782106399536133 -0.48789519071578979492 -1.16515874862670898438 -0.45679682493209838867 -1.32925748825073242188 1.17526566982269287109 -0.12803731858730310611 -1.23961794376373291016 -0.35663551092147821597 -2.14726614952087402344
-1.58469521999359130859 -1.27615392208099365234 -0.76089608669281005859 -0.66411131620407104492 -0.75591641664505004883 1.13817954063415527344 -1.09231424331665039062 -0.79261362552642822266 -0.97389012575149536133 -0.91767150163650523798 -0.34478545188903808594
0.44616708159446710757 0.15830899775028228760 -0.32533451914787292480 -0.86791872978210449219 -0.27777978777885431461 -1.65739727020263671875 0.14453232288360590152 0.93622446060180664062 0.89140576124191284180 -1.78678286075592041016 -1.01395237445831298828
0.27969381213188171387 0.16783891618251800537 -0.43945237994194030762 -0.65031337738037109375 -0.29823228716850280762 -0.71444225311279296875 -0.38891500234603881836 0.60703176259994506836 1.56912934780120849609 0.42121979594230651855 -0.26527634263038629703
1.42421543598175048828 1.60761415958404541016 0.85401713848114013672 0.02347681857645509892 0.90097761154174804688 -0.63119333982467651367 1.66667997837066650391 0.55871933698654174805 -1.05878520011901855469 1.04533350467681884766 0.98354369401931762695
-0.07319424301385879517 -0.34978261590003967285 0.25055313110351562500 0.39556190371513361148 0.12457253783941260594 0.87497204542160034180 -1.16393423080444335938 0.83518111705780029297 -0.76556783914566040039 0.65295660495758056641 1.09645545482635498047
-0.90712225437164317743 -1.38839626312255859375 -1.19392096996307350842 -0.92315095663070678711 -0.98696285486221324579 0.14165048301219940186 0.40062916278839111328 0.92333883047103881836 0.22517956793308249730 0.64246273040771484375 -0.18423447012901300601
-0.48695537447929382324 -1.01657843589782714844 -0.30557614564895629883 0.73220598697662353516 -0.60592967271804809570 -1.40528297424316406250 1.61813974380493164062 0.14199845492839810457 0.11545339226722710346 0.26551204919815057925 0.45535829663276672363
1.20012974739074707031 1.53287529945373535156 -0.81997460126876831055 -1.70740842819213889392 -0.41962912678718561343 -0.48473292589187622070 -0.57851022481918334961 0.52313989400863647461 0.09067621082067489624 -1.51259064674377441406 -0.26997923851013178043
-1.32199704647064208984 -1.64169907569885231702 -1.36955833435058593750 0.43702161312103271484 -0.88270539045333862305 1.52450656890869140625 -1.42610347270965576172 0.42797425389289850406 1.06937575340270996094 0.49199423193931579590 0.35680565237998962402
-1.66624283790588378906 -1.42529082298278808594 -0.47599408030509948730 1.06335616111755371094 -0.58657312393188476562 -1.51927530765533447266 0.31991392374038690738 -0.14141991734504699707 1.36426508426666259766 -1.41659522056579589844 0.00431703682988879983
1.94578456878662109375 1.45685255527496337891 0.39938855171203607730 -0.04798683524131770045 0.83037042617797851562 -0.24563576281070709229 0.89261281490325927734 -1.78158915042877197266 -0.89202111959457397461 1.23430657386779807361 1.11185503005981445312
-1.55085408687591552734 -0.91508483886718761102 -0.51288223266601562500 0.50997722148895263672 -0.75730568170547485352 1.56345796585083007812 1.50920224189758300781 -1.25447857379913330078 -0.68312150239944458008 0.71088439226150512695 0.32642331719398498535
-0.99118810892105102539 -0.99119669198989879266 -0.62897735834121704102 -1.22835624217987060547 -0.66023421287536621094 -1.27068948745727539062 -1.56819486618041992188 -1.57567882537841796875 1.17523622512817382812 1.37524855136871337891 -0.22219878435134879369
0.38641908764839172363 0.97674226760864257812 0.07929740846157069811 0.47332170605659479312 0.09756861627101889867 -0.63668507337570190430 -0.50864613056182861328 1.01092696189880371094 0.16688220202922821045 -0.73626327514648437500 -1.62817072868347167969
1.39147174358367919922 1.56431174278259277344 2.80024170875549316406 1.69488942623138449939 3.42490100860595703125 -0.52926659584045410156 0.68073678016662597656 0.61101984977722167969 -1.25994765758514404297 0.35145387053489679507 3.02633094787597700659
0.94912582635879516602 0.48289033770561218262 -0.64307087659835815430 -1.21645545959472656250 -0.51227331161499023438 1.00140500068664550781 0.55256748199462890625 0.09271617233753200182 1.36917185783386230469 -1.64807224273681640625 -2.15106582641601606909
-1.66451263427734375000 -1.50894784927368164062 -0.39484372735023498535 -0.50553816556930541992 -0.77422052621841430664 -1.49149465560913085938 1.69197082519531250000 0.46784320473670959473 -1.34532558917999289783 -1.24463784694671630859 -0.73364973068237304688
-0.34334483742713928223 0.06007433682680130005 0.28559157252311700992 1.16080999374389648438 -0.13606274127960199527 1.32832002639770507812 -0.38923880457878107242 -0.07185886800289149889 0.40032187104225158691 0.76688075065612792969 0.79877412319183349609
0.32029059529304498843 -0.11612644791603080052 1.16913282871246337891 1.64095234870910644531 0.62929439544677734375 1.48038315773010231702 -0.90697956085205078125 1.51378417015075683594 -0.75509905815124511719 1.16652917861938476562 0.99362081289291381836
0.14262972772121429443 0.23777045309543609619 0.56025427579879760742 0.90567934513092041016 0.02797783352434629958 0.88467466831207275391 0.14581145346164700594 1.53111445903778076172 1.45512175559997558594 1.05633080005645751953 -0.07479292899370189318
-0.07170287519693370470 -0.07444548606872550267 -0.11686961352825160632 1.54744684696197509766 -0.32879906892776489258 0.87677168846130371094 -0.84282904863357543945 -1.65775442123413085938 -1.01112079620361328125 0.00160836207214739993 1.17190861701965309827
-0.00481527391821140027 -0.37272241711616510562 0.41864904761314392090 1.36804974079132080078 -0.01472499873489140076 1.41002762317657470703 -1.58788025379180908203 0.21274204552173608951 -1.58377361297607421875 0.31934043765068048648 1.31423163414001464844
1.69038712978363037109 1.63826525211334250720 1.57602465152740478516 0.75046032667160034180 2.51924204826354980469 -0.03808144107460970096 1.35415720939636230469 -0.98111563920974720343 -1.63567268848419189453 1.60676193237304687500 1.77073943614959716797
1.25525307655334472656 1.24949216842651367188 1.06388700008392311780 0.25096794962882990054 1.11998200416564941406 0.07137157022953030672 -0.46414607763290399722 0.09310171008110039448 1.53031623363494873047 -0.91929775476455677374 0.20943434536457058992
-1.35578823089599609375 -1.71000003814697287829 -1.44795870780944824219 -0.48917499184608459473 -1.07017183303833007812 1.39320504665374755859 1.18421745300292968750 -1.84267199039459250720 -1.35712754726409912109 1.23686921596527099609 -0.15646423399448389224
0.10609613358974449848 0.11318700760602949662 0.32046273350715631656 1.28405988216400168689 0.05842161923646919941 0.98121780157089244501 0.18333530426025390625 1.36062026023864768298 0.21796068549156188965 0.14243844151496878880 0.23944845795631408691
0.28295123577117919922 0.56769663095474243164 0.39894640445709228516 0.64015442132949829102 0.19486717879772180728 1.11247730255126953125 1.55283510684967041016 1.56058669090270996094 0.04492388293147080158 0.09797009080648419466 -0.82007747888565063477
1.29420971870422363281 0.75788682699203491211 -0.88593554496765136719 -0.69885736703872680664 -0.51777958869934082031 -1.65739285945892311780 0.33147746324539179019 -0.34812837839126581363 -0.92689108848571777344 1.62584054470062255859 -1.28696596622467041016
0.98898500204086303711 0.75901436805725097656 -0.87482988834381103516 -1.60705339908599831311 -0.63080185651779174805 -1.55760586261749289783 -0.51610451936721801758 -1.28303349018096923828 0.26659262180328369141 1.35932910442352294922 -2.05009388923645019531
1.91053271293640114514 1.38186585903167724609 -1.34833228588104248047 -1.63447463512420632092 -1.26952099800109863281 -0.11447715759277339587 -1.02106630802154541016 -1.49237406253814697266 1.29734456539154030530 -1.02426886558532714844 0.64347904920578002930
0.32697677612304687500 1.31107914447784423828 0.10985741019248959627 -1.36830043792724609375 -0.04370607063174240109 1.08273768424987792969 1.47207736968994140625 1.21139407157897949219 -0.69551026821136474609 -1.70612490177154541016 -2.18208599090576171875
-0.93019920587539683954 -1.73702824115753151624 -0.69857460260391235352 -0.53763192892074584961 -0.71343886852264404297 1.28941035270690917969 1.73925006389617919922 0.61698639392852783203 0.93289917707443237305 -1.49249041080474831311 -0.79444390535354614258
1.27241933345794677734 0.83990770578384399414 0.42223298549652099609 0.23415924608707419652 0.82191747426986694336 -1.62317693233489990234 1.49551475048065207751 0.01758482307195659983 -0.23230816423892969302 -0.96864390373229980469 -1.03297162055969238281
0.08458676934242240208 -0.69160830974578857422 -0.80624407529830932617 -0.91295212507247924805 -0.58109384775161743164 -0.49010488390922540836 1.69983792304992675781 0.52626663446426391602 0.65498137474060058594 1.09040951728820800781 0.60074543952941894531
-0.78808957338333129883 -0.71491497755050659180 -0.18765039741992950439 -0.87074613571166992188 -0.56955802440643310547 0.83007949590682983398 -0.98378992080688476562 -0.47024628520011901855 1.20698237419128417969 0.92040151357650756836 0.03701820224523540148
1.34183394908905029297 1.43969643115997314453 0.18445916473865509033 -0.49719062447547912598 0.45345917344093322754 0.50830870866775512695 1.46098959445953369141 -0.29809197783470148257 1.54507529735565207751 -0.22785979509353629369 0.32351523637771600894
0.57258015871047973633 1.61163365840911887439 -0.76035159826278686523 -0.92659771442413318976 -0.48395231366157531738 1.03841054439544677734 1.07226109504699707031 -1.21873807907104492188 1.63831079006195090564 1.27301716804504394531 -1.03332614898681640625
-1.43862700462341308594 -1.05897939205169677734 -0.86793756484985351562 1.20159673690795898438 -1.13827049732208229749 -0.81974905729293823242 1.20132875442504882812 0.22678722441196438875 1.15032863616943359375 0.66806566715240478516 0.41249939799308771304
-0.24485507607460019197 0.44050177931785577945 -0.37761074304580688477 -0.46396344900131220035 -0.45954233407974237613 -1.21535515785217285156 0.83430987596511840820 -0.75278341770172119141 -0.08218193799257270116 -0.09369570761919020219 -0.27930819988250732422
0.41593277454376220703 -0.17864699661731719971 0.27747485041618341617 1.29207766056060791016 0.45215260982513427734 0.92547941207885742188 -0.65334427356719970703 -0.31015563011169428043 -0.11700303852558130435 0.54139411449432373047 0.75574243068695068359
-1.40092098712921142578 -0.87543177604675292969 -1.10710835456848144531 -1.58065354824066162109 -0.87775880098342895508 0.89999794960021972656 0.96515923738479603156 1.00898742675781250000 0.65232992172241210938 -1.55143606662750244141 -0.14136363565921780672
0.50714027881622314453 0.88763201236724853516 2.15539956092834472656 1.50985193252563476562 1.61188673973083496094 1.60403072834014892578 -0.19452255964279169254 1.52840304374694824219 -0.43681573867797851562 -0.38289198279380798340 -0.59136271476745605469
-1.14947891235351562500 -1.57180774211883544922 -0.96469938755035400391 0.74666011333465576172 -0.92750406265258800165 0.46059376001358032227 0.34431982040405267886 -1.13243651390075683594 1.13053655624389648438 -1.43912267684936523438 0.10803301632404320454
0.94334894418716441766 1.04527294635772705078 -0.34410697221755981445 -0.47446572780609130859 -0.04624352976679799859 -1.50736129283905029297 0.81900435686111450195 -0.24438749253749839085 -0.99197798967361439093 -0.43861111998558038882 -1.46119165420532248767
1.08200168609619140625 0.55156183242797851562 -0.53268307447433471680 -1.64580929279327392578 -0.60065001249313354492 -1.07010817527770996094 0.85718244314193725586 -1.76812541484832763672 -1.31101989746093750000 -0.40304219722747802734 -2.36909794807434082031
-2.09211111068725585938 -1.40733695030212402344 -0.73977994918823242188 1.46972942352294921875 -0.91553521156311035156 1.04044187068939208984 0.99156254529953002930 0.11957672238349910387 -0.18976883590221399478 -1.74677824974060058594 0.14621466398239130191
0.52018827199935913086 0.81319713592529296875 0.48228627443313598633 0.08527825027704230565 0.41635802388191217593 -1.07102525234222389905 0.59602391719818115234 -0.47236576676368707828 -0.76424109935760498047 -1.67070937156677246094 -1.52794849872589111328
-0.83873277902603149414 -0.31905314326286310367 1.04799401760101318359 -0.09787734597921370072 -0.11927618086338040437 1.09491264820098876953 0.42484968900680541992 -1.40652108192443847656 1.66967725753784179688 -1.45751440525054909436 0.91160356998443603516
1.35641729831695556641 0.90073120594024658203 1.27456128597259521484 0.94446867704391479492 1.80101037025451660156 1.23702216148376464844 -1.48141479492187500000 1.27284407615661621094 -0.33567416667938232422 0.85077941417694091797 -0.13335593044757840242
1.35022425651550292969 0.74044448137283325195 0.62656968832015991211 0.77381825447082519531 0.90981519222259521484 0.34730932116508478336 -0.03572851046919819917 0.20272241532802579012 1.34619224071502685547 -0.75403863191604614258 -0.82675868272781372070
1.80016076564788818359 1.46644425392150878906 2.41751170158386230469 1.18209576606750488281 3.17286205291748046875 -0.85168272256851196289 -0.79153054952621459961 -0.62096196413040161133 -0.36237868666648859195 1.12376189231872558594 2.80264711380004882812
0.39797964692115778140 0.88067740201950073242 -1.11578083038330078125 -1.19665932655334472656 -0.99948334693908680304 1.42965316772460937500 -0.36635124683380121402 -0.38957548141479492188 1.32059395313262939453 -0.43796864151954650879 -2.05232477188110351562
0.97654026746749877930 0.36353123188018798828 -0.22671288251876831055 0.36193946003913879395 -0.39808729290962219238 -0.15470439195632929019 1.22150003910064697266 -1.42637252807617209704 0.78711402416229248047 -0.56899058818817138672 -1.53268635272979736328
1.65278124809265136719 1.18782675266265869141 1.05190002918243408203 0.63707488775253295898 1.97199094295501708984 -0.95245373249053955078 -1.73908722400665283203 0.80622071027755737305 1.77110922336578369141 -0.51980942487716674805 1.54726338386535644531
-0.24991567432880398836 -0.98192185163497924805 -1.06469082832336447986 -0.47230848670005798340 -0.81768423318862915039 -0.49622458219528198242 -0.89256149530410766602 1.50675046443939208984 1.47232604026794433594 -0.78108030557632446289 0.75166565179824829102
-1.00418055057525634766 -0.42365959286689758301 0.59059327840805053711 1.76858055591583229749 -0.20944242179393759984 -0.88515752553939819336 -0.88399046659469604492 0.21674838662147519197 1.53524780273437500000 -1.60329723358154296875 1.06588160991668701172
-0.97210729122161876337 -1.30489671230316162109 -0.54203826189041137695 0.10747329145669930195 -1.00075376033782958984 0.42235532402992248535 -0.48485898971557611636 1.05046761035919189453 -1.19136714935302712171 1.01252758502960205078 -0.27443236112594598941
1.28776955604553222656 1.59437215328216552734 -0.05346812680363650233 -1.18902277946472167969 0.19152481853961939029 0.17363898456096649170 -0.26665690541267389468 1.43288826942443847656 0.83599829673767089844 -1.30476236343383789062 0.36541232466697687320
-0.05924801155924790119 0.52394580841064453125 0.98791414499282836914 0.85253280401229858398 0.71312224864959716797 0.43403723835945129395 0.33976340293884277344 0.54118537902832031250 1.25005853176116943359 -1.04163110256195090564 -0.10626985877752299914
-0.69966757297515869141 -1.20013785362243630139 -1.63305544853210449219 -0.48266243934631347656 -1.20076215267181396484 -0.72539514303207397461 -1.63504064083099365234 -0.80983757972717285156 1.12044215202331542969 -0.76558214426040649414 0.49529585242271417789
-0.28623083233833307437 0.26158076524734491519 0.72942680120468139648 0.51268333196640014648 -0.01106952782720319918 -0.32733422517776489258 0.25597301125526428223 0.71544212102890014648 -0.49419084191322321109 -0.39363968372344970703 0.35637840628623962402
0.93352186679840076788 1.34094607830047607422 1.39476323127746582031 0.39486965537071228027 1.46155905723571777344 1.18816709518432617188 0.50106728076934814453 -1.26206362247467041016 -0.10801266878843300556 -1.22956705093383789062 -0.07373844832181930542
0.39848527312278747559 -0.28515833616256708316 -0.34470993280410761050 -0.22269290685653680972 -0.25393378734588617496 -1.50522625446319580078 -0.64712959527969360352 1.52154254913330078125 1.63428735733032248767 0.30140483379364008121 0.41211754083633417300
-0.37690415978431701660 -1.18018519878387428967 -0.47011432051658630371 0.96697205305099476202 -0.39286646246910089664 -0.31876173615455627441 -1.43253338336944580078 -1.53498303890228271484 -0.40578025579452509097 -0.08019293099641799927 0.57642477750778198242
1.23692965507507324219 0.92770504951477039679 2.06678462028503417969 1.72967195510864257812 2.59176182746887207031 -1.59895884990692138672 -0.97345942258834838867 -1.75165641307830810547 -1.36972200870513916016 -1.60665392875671408923 0.51322597265243530273
-1.47440385818481445312 -1.12551927566528320312 -1.08153498172760009766 -1.25188589096069335938 -1.00807726383209250720 1.04100120067596435547 0.20169992744922629613 0.17063823342323300447 1.17700397968292236328 0.52066469192504882812 -0.32164606451988220215
0.46730053424835199527 -0.27273976802825927734 -0.12637409567832941226 -0.56617081165313720703 0.12657433748245239258 -1.21521532535552978516 0.82631069421768188477 0.86588394641876220703 0.89795684814453125000 1.44664132595062255859 0.21449038386344909668
1.81468367576599121094 1.54380285739898681641 2.13405561447143554688 1.42801856994628906250 2.73679184913635253906 -1.25093817710876464844 -0.87073808908462524414 -1.06828904151916503906 -1.41934990882873535156 -0.45357656478881830386 2.40483140945434570312
-0.72639042139053344727 -0.84204024076461791992 -1.11975848674774169922 -0.56175869703292846680 -0.79608494043350219727 0.71158975362777709961 -1.36144566535949707031 0.72313141822814941406 0.70878022909164428711 1.60081243515014648438 0.74168360233306884766
1.62294924259185791016 1.49383485317230224609 -0.72464454174041748047 -1.67890191078186035156 -0.28104177117347717285 0.56779098510742187500 -1.56295371055603049548 1.54683256149291992188 -0.09202711284160609850 0.77229726314544677734 0.40591794252395629883
0.85767614841461181641 0.31068319082260131836 -0.68056046962738037109 -0.92583864927291881219 -0.34583353996276849918 -1.53413856029510498047 -0.70941382646560668945 -0.80140304565429687500 -1.27655732631683349609 -1.27451086044311523438 -1.50733149051666259766
0.86460423469543457031 1.36910164356231689453 0.07340316474437709460 -0.00177597685251380008 0.17130923271179199219 -0.74022221565246582031 1.18911731243133544922 -0.12002910673618309711 -0.47717723250389099121 -0.31753411889076227359 -0.75724244117736816406
0.11820421367883679475 -0.38313072919845581055 -0.27058419585227960757 -0.43888595700263971500 -0.15855154395103449039 -1.29221522808074951172 0.50351572036743164062 1.58609497547149658203 -1.44245231151580810547 0.20325286686420440674 0.51559895277023315430
1.62876343727111816406 1.53974485397338889392 1.99733591079711914062 1.31508684158325195312 2.75235605239868164062 -1.48567819595336914062 -0.57971388101577758789 -1.27772223949432350842 -1.33817017078399658203 0.58176511526107788086 2.56928277015686035156
0.87452793121337890625 0.83764362335205078125 1.62636554241180419922 0.31048437952995300293 1.27971291542053222656 1.33987820148468017578 -0.88573873043060302734 -0.74532270431518554688 -1.36610198020935058594 -0.42509862780570978336 -1.10170400142669677734
-0.82272887229919433594 -0.11858993768692009663 0.41476473212242120914 1.55592393875122070312 0.41321805119514459781 1.22888851165771484375 -0.17491997778415679932 -0.81037396192550659180 -0.92710000276565562860 1.59935855865478515625 1.51575124263763449939
-1.42280948162078857422 -1.02984571456909179688 -1.23948395252227783203 0.16532731056213378906 -0.76937943696975708008 -1.41488754749298095703 -0.27501091361045837402 -0.83706200122833251953 -0.40729773044586181641 0.58396399021148681641 0.51511478424072265625
-0.43299186229705810547 -1.22622060775756835938 -0.81769406795501708984 -0.08393412828445430407 -0.65392875671386718750 1.60988473892211914062 0.97897946834564197882 -0.75615066289901733398 0.41583672165870660953 0.15198996663093561343 0.40870240330696100406
-0.29679229855537409000 -0.99212777614593516962 -0.71718001365661621094 0.73920577764511108398 -0.89761370420455932617 1.14328396320343017578 -1.56582283973693847656 0.65631699562072753906 1.50375771522521950452 1.45056569576263449939 1.04457271099090576172
1.36361634731292724609 0.79625034332275390625 0.17392675578594199437 -0.27604943513870239258 0.63950061798095703125 -0.22465576231479639224 -1.64905679225921630859 -0.49098607897758478336 -0.69569849967956542969 -1.54390764236450195312 -1.25648224353790283203
1.47559285163879394531 1.33546614646911621094 1.69418931007385231702 0.98398089408874522821 1.99462234973907470703 1.08998560905456542969 0.07994507253170010652 1.51014208793640136719 1.08712494373321510999 1.65975105762481689453 1.69817936420440673828
0.82198506593704223633 0.58880132436752319336 1.08775556087493896484 0.79885125160217285156 0.92799270153045643195 0.11699236929416649555 -1.07305157184600830078 0.70232856273651123047 0.89009302854537963867 1.09492075443267822266 -1.38042807579040527344
-0.32929763197898859195 -0.40979552268981928043 -0.55461943149566650391 0.07682165503501889314 -0.49549835920333862305 0.79804819822311401367 1.50363743305206298828 0.75960874557495117188 -1.35186016559600830078 -0.65134900808334350586 0.85600972175598144531
1.12834560871124289783 0.75127857923507690430 -0.73077034950256347656 -1.34024298191070556641 -0.51149284839630126953 -1.08862292766571044922 1.41357231140136718750 -1.04321980476379394531 -0.35996413230895990543 -1.07411444187164306641 -1.57340896129608154297
-1.46509861946105957031 -1.52685654163360595703 -1.32862353324890136719 -1.73096275329589843750 -0.81510138511657714844 -1.48700368404388449939 0.82146716117858886719 -0.08973319828510280260 1.48866534233093261719 -0.70081442594528198242 -0.79676568508148193359
-0.72795355319976806641 -0.52136105298995971680 -0.29981198906898498535 -0.59549206495285034180 -0.94328314065933238641 -0.01512400060892100072 0.17799220979213709048 1.33779728412628151624 -0.12139768898487089677 0.67283636331558227539 0.34861841797828668765
-0.99403774738311756476 -1.63269031047821044922 -1.16049087047576904297 -0.70296865701675415039 -0.89590948820114135742 -0.63183408975601196289 -1.16968739032745361328 -0.93451750278472900391 0.43228533864021301270 0.29822182655334472656 -0.14353631436824790257
0.19672237336635589600 0.17192216217517850008 0.83281004428863525391 0.70636445283889770508 0.45689922571182250977 0.63193976879119873047 0.50746983289718627930 1.12882876396179199219 0.27830582857131958008 -0.21263536810874938965 0.15044742822647089175
-0.26122602820396417789 0.25675910711288452148 0.55098801851272583008 0.63511216640472412109 0.16912500560283660889 -1.42090094089508056641 0.91562324762344360352 -0.27491092681884760074 0.56361466646194458008 -0.15479570627212518863 0.41130110621452331543
0.95392316579818714484 1.42101061344146728516 0.45564994215965270996 -0.99637311697006236688 0.76226592063903808594 -0.86778020858764648438 0.78822958469390869141 -0.76780539751052856445 -1.37863039970397949219 -0.56825470924377441406 -0.84476763010025024414
-1.26414215564727783203 -0.75846707820892333984 -1.27010643482208229749 -0.42609220743179321289 -0.87310183048248291016 0.99061918258667003290 1.56269264221191406250 0.05844787880778309908 -0.61531871557235717773 -0.65772384405136108398 0.66095781326293945312
0.20634819567203518953 -0.13921305537223810367 -0.51021808385848999023 -0.88632267713546752930 -0.47906029224395751953 0.78767275810241699219 -0.13071864843368530273 -0.47985678911209100894 1.29641044139862060547 0.43671622872352600098 0.17959323525428769197
0.26249933242797851562 0.34599527716636657715 0.42507579922676080875 0.07546955347061150288 0.65761065483093261719 0.32538571953773498535 1.57683515548706032483 -0.03546809777617449672 0.81632214784622192383 0.41124427318572998047 -0.53249609470367431641
-1.55228066444396950452 -1.04051911830902099609 -0.79643958806991577148 -0.59084880352020263672 -0.64923554658889770508 0.34139117598533630371 0.02616329491138449925 0.87965464591979980469 -0.78226357698440551758 -0.00205342541448770002 0.12673431634902951326
-1.52653920650482177734 -1.39184701442718505859 -1.31242465972900390625 -0.80320614576339721680 -0.93714570999145518915 0.45075914263725280762 -1.20913076400756835938 -1.59428715705871582031 1.58517861366271950452 -1.19874668121337890625 -0.12964382767677298802
1.16396105289459250720 0.46828785538673400879 1.77429533004760742188 0.28452160954475397281 2.06280875205993652344 0.88275635242462158203 -1.58387804031372070312 -0.27778431773185729980 -0.89803713560104370117 -0.44430270791053771973 -0.87366914749145507812
-0.01170336082577700006 0.77685213088989257812 2.25214457511901855469 1.51095855236053489001 1.37845361232757568359 -1.67263424396514892578 -1.30120289325714111328 -0.02448734641075130114 -0.13024516403675079346 0.70812028646469116211 0.37692421674728388004
-0.37325975298881530762 -1.20948004722595192639 -0.52984964847564697266 -0.30434575676918029785 -0.59276020526885986328 -0.78376758098602294922 1.38728463649749755859 -1.85148012638092041016 -0.62002921104431152344 -0.09972728788852690263 0.28452587127685541324
-0.37783539295196527652 -0.02315696142613880154 0.10551214218139640111 0.19691213965415949039 0.06737796962261199951 0.52252304553985595703 -0.05788910388946529734 -1.76147520542144775391 -1.63429367542266845703 0.96325314044952403680 0.78505557775497436523
0.89062136411666870117 0.64429587125778198242 0.75876492261886596680 0.45283830165863031558 0.62880665063858032227 -0.36038729548454279117 1.23813664913177490234 0.72066533565521240234 0.96380531787872314453 1.59572350978851318359 -1.61152565479278564453
0.51481771469116210938 0.33417108654975891113 0.15911908447742459383 -0.12502020597457880191 0.36590638756752008609 -0.19698728621006009187 -0.67183095216751098633 1.35476768016815207751 -0.46156752109527587891 -0.41562369465827941895 -0.78026956319808959961
0.05683357641100880014 -0.54660314321517944336 0.54890304803848266602 1.82071125507354758533 0.14126794040203088931 0.70642578601837158203 0.76213878393173217773 1.26086735725402832031 -1.20832753181457519531 -1.38157737255096435547 1.21707701683044433594
-1.73155164718627929688 -1.71434652805328369141 -1.57688415050506591797 -0.19172088801860809326 -1.01302564144134521484 -0.56321817636489868164 1.05743205547332763672 -1.02433800697326660156 -1.46745216846466064453 -0.48092377185821527652 0.15089720487594598941
0.56047999858856201172 1.20436167716979980469 2.16200542449951216284 0.99364119768142700195 1.68392777442932128906 1.51768124103546142578 0.22778542339801780003 0.87839639186859130859 1.53105950355529807361 -1.61485934257507324219 -0.63537675142288208008
-0.52653288841247558594 -1.59533596038818359375 -0.78044605255126953125 -1.26701676845550537109 -0.94299358129501342773 0.40562602877616882324 0.51766026020050048828 1.31278455257415749280 -1.30302226543426513672 -0.51059061288833618164 -0.84421050548553466797
-0.02101300284266470128 -0.10445295274257659912 -1.11861824989318847656 -1.57884359359741210938 -0.58134800195693969727 -1.07028222084045410156 0.62712788581848144531 -0.13931566476821899414 0.77327305078506469727 -0.81128561496734619141 0.21064279973506919164
0.31636127829551691226 0.54884272813796997070 -0.37153357267379760742 -1.66210818290710449219 -0.20354613661766049471 0.07626879215240470189 -1.59244430065155029297 -0.63705617189407348633 -0.41637462377548217773 0.08465677499771109837 -1.85241043567657470703
-0.13261987268924710359 -0.55232322216033935547 -0.93647748231887817383 -0.29610523581504821777 -0.77609854936599731445 0.42984050512313842773 -0.73792272806167602539 -0.90505564212799083368 0.89205241203308105469 0.36685276031494140625 0.67438548803329467773
-0.35678777098655700684 -1.02315676212310791016 -0.37776368856430048160 1.37959885597229003906 -0.36494767665863031558 0.76605105400085449219 1.12747192382812500000 1.04482960700988769531 0.78281611204147338867 -1.77003002166748046875 0.84294945001602172852
-0.71941548585891723633 -0.03224613144993779962 -0.38200858235359191895 -0.41743916273117059879 -0.80015319585800170898 -0.33474341034889221191 -1.58627665042877197266 -0.11141426861286160555 -0.30170238018035888672 1.11718451976776123047 0.59769892692565917969
-0.35223597288131708316 -1.26795136928558349609 -0.06408973783254620638 0.98079347610473643915 -0.47642880678176879883 -0.31994894146919250488 0.11110627651214599609 0.69873410463333129883 -0.37948459386825561523 -1.66514444351196289062 0.50578361749649047852
-1.07683777809143088611 -0.32198709249496459961 -0.95471143722534179688 -0.33241376280784601382 -0.96906459331512440070 -0.70157593488693237305 0.28118807077407831363 1.02016806602478049548 0.97236233949661243781 -1.46790468692779541016 0.91636621952056884766
0.73385262489318847656 0.54171270132064819336 0.09121483564376829667 -0.68291330337524414062 0.30971193313598627261 -0.84202498197555541992 0.15146060287952420320 -1.55759441852569580078 -1.63526964187622070312 0.22039249539375299625 -1.81101584434509277344
0.79615604877471923828 1.00940096378326416016 0.95811790227890003546 0.56395858526229858398 1.07508766651153564453 0.26550844311714172363 1.72964131832122802734 1.32098364830017089844 1.58985197544097900391 -0.18897973001003259830 -1.29231965541839599609
0.85344833135604858398 1.30991494655609130859 -0.22023391723632809724 -1.47310709953308105469 0.07384020090103149414 -0.50443720817565917969 0.07250263541936870226 0.84419196844100952148 0.13064128160476679019 0.23455101251602170076 -1.44224905967712402344
-1.97145593166351273950 -1.51481938362121582031 -0.67963236570358276367 0.49299499392509460449 -0.88887226581573486328 0.36026456952095031738 -1.29829430580139160156 0.58311748504638671875 -0.53739583492279052734 -0.82439172267913818359 -0.12669649720191950015
-0.35851180553436279297 0.19403186440467828922 -0.31961983442306518555 -0.60472142696380615234 -0.39119637012481689453 -0.22391958534717559814 1.35433709621429443359 -0.73815315961837768555 1.01189267635345458984 1.61926400661468505859 0.33839181065559381656
0.47790998220443720035 0.54837393760681152344 0.86792278289794921875 -0.07863094657659530640 0.84078913927078247070 -0.92257708311080921515 0.18524642288684839420 -1.09544384479522705078 -0.25760102272033691406 0.79430979490280151367 -1.23374605178833007812
-0.52603560686111450195 -0.74473363161087036133 -0.15583550930023190584 0.00821673404425380012 -0.39885681867599487305 0.47511076927185058594 0.01936364732682700068 -0.76398426294326782227 0.69743603467941284180 0.07259511202573769306 0.61512273550033569336
-0.26106095314025878906 -0.13221833109855649080 0.83074176311492919922 0.00817567948251960060 0.00112006545532489991 -1.47305822372436523438 -1.71000075340270996094 -0.14638018608093258943 1.05712270736694335938 1.36998414993286110608 0.65608698129653930664
-0.43472820520401000977 0.06212188303470610184 1.75368511676788330078 1.34141969680786110608 0.78440266847610473633 -1.66322982311248779297 -0.26260235905647277832 -1.34304833412170410156 -1.16622805595397949219 0.67176365852355957031 1.30649828910827636719
0.56462085247039794922 0.32923540472984308414 0.94861268997192382812 0.52317911386489868164 1.04061877727508544922 -0.62913775444030761719 0.06268297135829919986 1.34844636917114257812 -0.39830309152603149414 0.14060784876346579808 -0.63147902488708496094
-1.02422761917114257812 -0.32601612806320190430 -1.03088593482971191406 -0.62221395969390869141 -0.79975181818008422852 1.00215721130371093750 1.06555449962615966797 -0.36996182799339288882 0.56425750255584716797 0.22491544485092160310 0.48842683434486389160
0.08805007487535469746 1.02876281738281250000 0.96001940965652476923 -0.18716411292552939671 0.37334460020065307617 -1.38039505481719970703 -1.62157750129699707031 -1.24866175651550292969 -1.02349829673767089844 0.20473717153072348851 -1.79964172840118408203
0.22358228266239160709 -0.59310799837112426758 -0.35551807284355158023 -0.30668893456459039859 -0.26779088377952570132 1.16351294517517089844 1.13498759269714355469 -0.55068027973175048828 0.83376473188400268555 -0.50697946548461914062 0.78474980592727661133
2.13331174850463867188 1.60446059703826904297 0.87955570220947265625 0.42168876528739929199 1.58485007286071777344 1.48270237445831298828 -0.72781258821487426758 1.02376377582550048828 -1.08731651306152343750 1.66451966762542724609 0.60328143835067749023
-0.81858134269714355469 -0.57632130384445190430 -0.06707935035228719534 -1.00295233726501464844 -0.38318702578544611148 1.01952230930328369141 0.52350783348083496094 -0.10707151889801019840 -1.09548950195312500000 0.27794796228408807925 0.32274925708770751953
-1.24077343940734863281 -1.02206552028656005859 0.06521900743246070165 0.37338513135910028629 -0.64317208528518676758 -1.29191052913665749280 -1.28103828430175781250 0.68515008687973022461 -0.14320355653762809056 1.25807297229766845703 -0.02544794790446749944
0.70962762832641601562 0.35580304265022277832 1.54561734199523925781 1.74785041809082031250 1.38924121856689430921 0.16228146851062769107 0.64867073297500610352 -1.83033382892608642578 1.34321916103363037109 -0.06138592585921279904 -0.37093222141265869141
0.14141301810741419009 0.50342476367950439453 0.97971040010452281610 1.61916089057922363281 0.59178715944290161133 0.19322556257247919254 -1.64454698562622070312 -1.57914102077484130859 -1.29915499687194824219 0.10195147991180419922 0.20994488894939419832
0.09943065047264089407 0.34950524568557739258 -1.06494164466857910156 -1.31157875061035156250 -0.67396587133407592773 -0.83332586288452148438 -1.24456536769866943359 0.64438390731811523438 0.54500371217727661133 0.05508809909224510193 -0.60426348447799682617
0.44219800829887390137 1.23326039314270019531 0.55702877044677734375 -0.51960676908493041992 0.60781037807464599609 -1.51879084110260009766 -0.03694421425461760083 0.07804156839847560534 1.11446368694305419922 -0.31459054350852960757 -1.71806371212005615234
0.47349157929420471191 0.10039559751749030370 0.78158259391784667969 0.36974877119064331055 0.43693694472312927246 1.25806534290313720703 -0.09427233040332790026 -0.22559462487697601318 -1.55749511718750000000 0.35510987043380737305 -0.27328169345855707340
-0.77848339080810546875 -0.72147184610366821289 -0.50829011201858520508 -0.88977259397506713867 -0.66986399888992309570 0.76111507415771484375 -0.68680262565612792969 1.52648520469665527344 0.74032634496688842773 0.72826600074768066406 0.25513646006584167480
0.39961761236190790347 0.58945316076278686523 1.36069285869598410876 1.50456070899963378906 1.07492375373840309827 1.40882027149200439453 -0.25409299135208129883 0.47041195631027221680 -1.40570032596588112561 -0.98730838298797596320 -0.53658044338226318359
-1.36495900154113769531 -1.50719988346099831311 -0.49173954129219049625 -1.05576801300048850329 -0.54622119665145874023 -0.67322486639022827148 0.87314289808273315430 1.53252518177032470703 -1.30922615528106689453 -0.71395200490951538086 -0.62521952390670776367
0.28880533576011657715 0.19055612385272979736 0.82301115989685058594 0.44524297118186950684 0.55577969551086425781 -0.34000214934349060059 1.48148250579833984375 -1.47789967060089111328 0.20232211053371429443 0.00687266886234279978 0.15724116563796988744
1.07489895820617675781 1.59923756122589111328 1.86467695236206032483 0.90436762571334838867 1.87013149261474609375 1.42254590988159179688 -0.06443793326616280293 1.42721843719482421875 1.75822174549102783203 -1.70365631580352783203 1.58232164382934570312
-1.54247534275054909436 -1.35491335391998291016 -1.34735894203186035156 -1.30861592292785644531 -0.86119043827056884766 -1.52999925613403320312 0.74677461385726928711 0.54864627122879028320 1.55164444446563720703 0.33949655294418329410 -0.37999737262725830078
0.58173418045043945312 0.39550596475601190738 0.80569279193878173828 0.89831757545471191406 0.65697705745697021484 0.78171098232269287109 0.62221294641494750977 0.44034790992736810855 0.05648185685276980311 -1.33198416233062744141 -0.78890180587768554688
-0.97964721918106079102 -1.44976699352264404297 -1.09383475780487060547 -1.14840054512023925781 -0.89818394184112548828 -0.21449230611324310303 1.44277942180633544922 -0.84657686948776245117 -0.93602585792541503906 0.23631668090820309724 -0.61905086040496826172
-0.55037122964859008789 0.06439282000064849854 0.49635335803031921387 0.68230384588241577148 -0.27091261744499200992 -1.29780495166778564453 0.85108613967895507812 -1.38286435604095458984 1.19729602336883544922 0.06822334229946129536 0.59838742017745971680
0.44695857167243957520 0.03122609853744499897 -0.85659182071685791016 -1.13476777076721191406 -0.86164611577987670898 0.93700218200683604852 -0.51447665691375732422 1.37626612186431884766 -0.36563891172409057617 -1.74588882923126220703 -0.89553475379943847656
0.37511974573135370425 0.60145622491836547852 1.72351014614105224609 1.52309000492095969470 1.26993274688720703125 -1.48133409023284912109 -0.63133335113525390625 0.85576337575912475586 1.69157230854034423828 1.50318408012390136719 -0.21174819767475119847
1.55485165119171142578 1.10446274280548095703 2.22272920608520507812 1.65456533432006835938 2.59581136703491210938 1.11273598670959472656 0.69743949174880981445 -0.05930864065885539660 -0.48432543873786920718 0.75107532739639282227 1.81746244430541992188
-1.31381285190582275391 -1.56964170932769775391 -0.64261740446090698242 1.52555644512176513672 -1.02300679683685302734 -1.06036603450775168689 0.97409623861312877313 -1.69897031784057617188 -1.09787535667419433594 -0.57879811525344848633 0.20074950158596038818
0.36875116825103759766 0.34251493215560907535 -0.57877111434936523438 -0.59034603834152221680 -0.69476765394210815430 1.50019645690917968750 -1.49351167678833007812 0.68135643005371093750 1.26350486278533935547 0.08248024433851240678 -1.12194216251373291016
1.57951092720031738281 1.14867281913757324219 0.86321765184402465820 0.63276594877243041992 1.39105403423309326172 0.46814435720443720035 -1.06319832801818847656 1.34557628631591796875 -1.08503198623657248767 0.28002011775970458984 0.73510497808456420898
1.42396676540374755859 1.30872154235839843750 2.28427171707153320312 1.75977098941802978516 2.63951349258422851562 -0.59863775968551635742 -1.49181103706359863281 -0.50527995824813842773 1.71247339248657248767 -0.00064445479074490004 2.15241074562072753906
0.73214614391326904297 1.43264830112457275391 1.88949692249298095703 1.08928716182708740234 1.51404905319213889392 0.08408518135547629613 -0.87977224588394165039 1.49377989768981911389 -0.83351230621337890625 -0.55533075332641601562 0.14894491434097290039
-0.49898371100425720215 -0.85528385639190673828 -0.89098179340362548828 -0.48425582051277160645 -0.55889534950256347656 -1.62825918197631835938 0.29479470849037170410 -0.24484455585479730777 0.66286683082580566406 -1.48006951808929443359 0.65325802564620971680
0.29292336106300348453 0.77458935976028442383 0.74573010206222534180 0.43167561292648309879 0.43129050731658929996 0.20884181559085840396 -1.57329761981964111328 -1.85348618030548095703 0.06875026226043699784 -0.58317613601684570312 -1.39814245700836181641
-1.70841133594512939453 -1.20485401153564430921 -1.10767662525177001953 -0.09683532267808910021 -0.73474144935607910156 -0.37262609601020807437 1.37818098068237304688 -1.36589324474334716797 -1.56644463539123535156 -0.78730595111846923828 -0.01682318747043599905
1.33873367309570312500 0.82103759050369262695 -1.12798297405242919922 -1.49700832366943359375 -0.90908068418502796515 1.36349701881408691406 -0.11344396322965620560 -0.80921691656112670898 1.46099627017974831311 -0.06688104569911949848 -1.32808578014373779297
1.34559285640716552734 1.59597456455230712891 0.78839135169982910156 0.18859486281871790103 1.16086626052856445312 0.73584198951721191406 -0.37745442986488342285 1.52531683444976806641 1.17979717254638671875 -1.28162539005279541016 1.19956946372985839844
0.30334672331809997559 -0.33132469654083251953 0.27864432334899902344 1.42331337928771950452 0.44073742628097528629 -1.14879119396209716797 1.02037775516510009766 0.08324474841356270527 -1.44894325733184792249 -0.27792200446128839664 1.33441388607025168689
-1.30159854888916015625 -1.27393937110900878906 -0.85243469476699829102 -1.15240991115570090564 -0.78456038236618041992 -1.56389713287353515625 -1.05796694755554199219 0.07278272509574890137 0.31162130832672119141 -1.30684530735015869141 -0.36842817068099970035
-1.32967531681060791016 -1.68373513221740722656 -0.38437235355377197266 -0.76225465536117553711 -0.71394675970077514648 1.10800957679748535156 0.66865158081054687500 -1.47367036342620849609 1.18380820751190207751 -0.33519816398620599918 -0.74608427286148071289
0.00895963702350850016 -0.17641510069370269775 -0.11323530972003929829 -0.40304672718048090152 -0.19596661627292630281 0.13050869107246398926 1.17704951763153076172 1.07989513874053955078 1.62255764007568359375 0.51078289747238159180 0.71550911664962768555
-0.90623474121093761102 -1.63199412822723410876 -1.08428072929382324219 -0.10592266172170629324 -1.05090725421905517578 -0.28821504116058349609 1.47758424282073952405 0.18787680566310879793 -0.14153911173343650121 0.28727909922599792480 -0.11778292059898369526
1.81584358215332031250 1.23666882514953591077 -0.62312901020050048828 -0.91208934783935557977 -0.55316108465194702148 -0.19675974547863001041 -1.62768328189849831311 0.42028021812438959293 -0.95299911499023437500 -0.96194171905517578125 0.40539759397506708316
-0.10276412963867180561 0.65886116027832031250 -0.73509907722473144531 -1.27376031875610351562 -0.52447283267974853516 -0.06700721383094780659 0.07161640375852580676 0.67279773950576782227 1.11031377315521240234 -0.30776757001876831055 -0.82290869951248168945
0.60877615213394165039 0.73441255092620849609 -0.72211623191833496094 -1.60978472232818603516 -0.99678152799606323242 0.91406470537185680048 0.52608954906463623047 -1.39986944198608398438 -1.22062218189239501953 1.25498914718627929688 -2.32127833366394042969
0.05063189938664430095 -1.05024504661560058594 -0.90630209445953358038 -1.66735470294952392578 -0.43064773082733148746 0.59915196895599365234 0.07549250125885009766 0.00686027668416500005 -1.18781971931457519531 1.49076974391937255859 0.23524412512779230289
1.03454160690307617188 0.55354624986648559570 -0.74546450376510620117 -1.18188798427581809314 -0.55566042661666870117 -0.68434572219848632812 -1.43298089504241943359 -1.03026819229125976562 -1.10247802734375000000 1.41819107532501220703 -2.07273769378662109375
-0.52076143026351928711 -0.96195089817047119141 -0.97283279895782481805 -1.62684571743011474609 -1.22572362422943115234 0.92528331279754638672 1.49337267875671408923 1.14166545867919921875 1.36236548423767089844 1.17255055904388449939 -0.04658245295286170262
2.33398652076721191406 1.57574224472045898438 1.81045866012573242188 1.22529804706573486328 2.57111740112304687500 -1.18611943721771240234 1.00109505653381369861 -1.44464552402496337891 -1.36074328422546408923 -1.73055112361907958984 0.94256240129470836298
0.71239775419235229492 0.97454673051834117548 -0.25023359060287470035 -0.96206653118133544922 -0.38858571648597717285 1.08955383300781250000 1.32345187664031982422 1.58475482463836669922 -1.58471786975860595703 1.62450814247131369861 -1.95012891292571999280
-1.54648995399475097656 -1.51762187480926513672 -0.55728983879089355469 0.38513222336769098453 -0.65340673923492431641 1.03378307819366455078 1.58492076396942138672 1.27413082122802712171 -0.34024256467819208316 0.58561807870864868164 -0.25392523407936090640
-1.47205996513366699219 -0.55411648750305175781 -0.44443941116333007812 0.37290301918983459473 -0.58853274583816528320 0.15156863629817959871 -0.77673459053039550781 -1.43172705173492431641 0.79939043521881103516 0.27800020575523370914 0.47870963811874389648
0.74581301212310791016 0.69010514020919799805 0.97305053472518920898 1.16776466369628906250 0.99483555555343639032 -0.21987050771713251285 -0.83947950601577758789 -1.77589237689971923828 -1.16404545307159423828 -0.20210717618465420808 -1.00684618949890136719
-0.43195283412933349609 -0.39071458578109741211 -0.88328945636749267578 -1.54168987274169921875 -0.49878859519958490543 -0.35966461896896362305 0.46366763114929199219 0.20355418324470520020 0.63666135072708129883 1.39027547836303710938 0.73155754804611206055
-1.42073035240173339844 -1.39466905593872070312 -0.96201586723327636719 -1.12609887123107910156 -0.67968261241912841797 0.16412565112113949861 1.19386386871337890625 1.34460043907165527344 -1.13166379928588889392 1.54799127578735351562 -0.58947116136550903320
0.91707307100296020508 0.74562305212020874023 1.93142664432525634766 1.66068375110626220703 2.04575467109680175781 -1.32934975624084472656 -0.19407626986503601074 -0.82837146520614624023 1.02613484859466552734 -0.64263522624969482422 -0.34155830740928649902
0.84048932790756225586 1.31918954849243164062 0.89875417947769165039 0.15068915486335748843 0.75585305690765380859 0.39132308959960937500 -0.43920281529426569156 0.71302336454391479492 -1.18698000907897949219 -0.55527544021606445312 -0.71935862302780151367
0.89139509201049804688 0.59656012058258056641 1.12214410305023193359 0.59132778644561767578 1.00673615932464599609 1.34762144088745117188 -1.57822608947753906250 1.19100177288055419922 1.52693939208984375000 -0.64656025171279907227 -1.07633256912231445312
-1.02893996238708496094 -0.46451702713966369629 0.58965241909027099609 0.33030131459236139468 -0.37201786041259760074 0.46153378486633300781 -1.54674434661865234375 0.13320161402225488834 0.28820443153381347656 0.82073879241943359375 0.60006421804428100586
-0.50947356224060058594 -0.44604408740997308902 -0.99794435501098643915 -1.18309509754180908203 -0.83575189113616943359 -0.41765287518501281738 -0.35974529385566711426 0.13746425509452819824 0.59934216737747192383 0.24820850789546961002 0.53570878505706787109
2.09507226943969726562 1.33914422988891601562 2.91045188903808593750 1.77118933200836181641 4.07553148269653320312 -1.29072892665863037109 -0.53047341108322143555 0.96818864345550537109 0.85885131359100341797 -0.57300454378128051758 3.44965744018554687500
-0.18783582746982568912 -0.98757660388946522101 -0.54979711771011352539 -1.07889246940612792969 -0.57978624105453491211 1.04475080966949462891 -1.44829857349395751953 -0.23481008410453790836 0.85381048917770385742 0.15155403316020960025 0.11753968149423589529
-0.81082773208618164062 -1.52858829498291015625 -1.09391033649444580078 0.37487205862998962402 -0.60182809829711914062 0.46039465069770807437 0.22410866618156430330 0.69404613971710205078 -0.63319492340087890625 -1.11293029785156250000 0.43978661298751831055
1.09684848785400390625 1.64007210731506369861 1.24294555187225341797 0.31193128228187561035 1.50203013420104980469 -0.72810894250869750977 -0.35007688403129577637 -0.38289579749107360840 -0.08465483039617530125 1.61797332763671875000 0.79476296901702880859
-0.27863645553588861636 -0.63154548406600952148 -0.12653543055057520084 -0.91421693563461303711 -0.24462017416954040527 1.18672335147857688220 -0.01071606483310460003 -1.53469812870025634766 -0.92068034410476684570 -1.53821825981140136719 0.56354200839996337891
-0.52882748842239379883 -0.11339949071407309789 0.89646112918853759766 1.40560126304626464844 0.00400017341598859957 -1.36728990077972389905 1.33768045902252197266 -0.49346238374710077457 1.47780334949493408203 1.45694625377655029297 1.50571882724761962891
-0.67330884933471679688 -0.16455176472663879395 -0.54161578416824340820 -0.30431175231933588199 -0.84854471683502197266 -0.12234210968017569798 0.12545682489871978760 0.39999637007713317871 -0.87333828210830688477 1.23744797706604003906 0.77481812238693237305
-0.48075881600379938297 0.14282476902008051090 1.50458633899688720703 1.53990173339843750000 0.30380219221115112305 -1.49897146224975608142 -0.69318211078643798828 0.95593774318695079462 -1.15540266036987304688 -1.43382441997528076172 1.30210387706756591797
1.15623152256011962891 1.06682121753692649158 -0.36959007382392877750 -1.67684292793273925781 -0.33162227272987360172 -0.97499328851699840204 1.57515275478363037109 -0.77872842550277709961 -0.73212134838104248047 1.36610817909240722656 -1.56481921672821044922
0.49483731389045709781 1.39015305042266845703 1.18251085281372070312 0.45811024308204650879 0.97064208984375000000 1.34283459186553955078 1.28595268726348876953 0.01170248910784719987 -0.19002754986286160555 0.70651829242706298828 -1.00979840755462646484
-0.84518283605575561523 -0.40304780006408691406 -0.21945117413997650146 0.33434703946113580875 -0.52093893289566040039 -0.22237376868724820222 0.86393296718597412109 -0.16769726574420928955 0.11111678928136820010 -1.57216262817382790296 0.59277671575546264648
-1.68437445163726806641 -1.63597047328948952405 -1.50570571422576904297 0.22531400620937339085 -1.41805684566497802734 0.53008323907852172852 0.54101306200027465820 0.56466162204742431641 1.66684794425964355469 -1.06008291244506835938 0.06053987890481939832
-2.07150077819824218750 -1.71461200714111328125 -1.43567502498626708984 0.51823610067367553711 -0.89012169837951660156 -1.40384125709533691406 -1.53839886188507080078 -0.71725451946258544922 1.43131172657012939453 -0.23035249114036560059 0.18819192051887509431
-0.05031944438815109943 -0.71125084161758422852 -0.71945661306381225586 0.77117359638214111328 -0.49964773654937738590 -0.72747617959976196289 0.22186166048049921207 -0.13621939718723288792 -1.43941402435302712171 0.94169300794601440430 1.26018524169921875000
0.67968434095382690430 0.95287668704986561163 -0.77519029378890991211 -1.73305952548980712891 -0.64658921957015991211 0.03443267568945879847 1.04177951812744140625 -0.95915991067886363641 1.42842257022857688220 -1.13821768760681152344 -2.34450101852416992188
0.45348522067070007324 0.12350021302700039949 -0.74278503656387329102 -0.89786285161972045898 -0.48220846056938171387 -0.39576992392539978027 -0.25337934494018549136 -0.51459830999374389648 -0.51149767637252807617 -1.36946344375610351562 -0.52069240808486938477
0.19265480339527130127 -0.28326976299285888672 -0.52255547046661376953 -0.72135627269744873047 -0.36089587211608881168 1.04091084003448486328 0.49790054559707641602 -0.76061797142028808594 1.55878126621246337891 0.09399317204952239990 0.51639264822006225586
-1.12851619720458984375 -0.53428560495376586914 -1.34043717384338378906 -0.28763395547866821289 -0.99656814336776722296 -1.64530503749847389905 -0.68115901947021484375 -1.22156584262847900391 -1.59998464584350608142 -0.68659007549285888672 0.65460658073425292969
0.50470042228698730469 0.08535360544919959325 -1.25583696365356445312 -1.55476975440979003906 -1.12195050716400168689 0.50737941265106201172 -0.27991753816604608707 -1.30613327026367209704 -1.45318067073822021484 0.87666428089141845703 -0.97133475542068481445
-1.15202665328979492188 -0.55590444803237915039 -0.34853857755661010742 -1.28861844539642311780 -0.62224912643432617188 1.29878604412078857422 -0.58641177415847778320 0.19661517441272730045 -0.42832708358764648438 1.14820265769958496094 -0.30662295222282409668
-0.54828679561614990234 -0.24033118784427640047 -0.41874411702156061343 -1.25694477558136008533 -0.75710958242416381836 -1.05439615249633789062 0.39750066399574279785 -0.93200606107711803094 -1.51404011249542236328 -0.81638240814208984375 0.35282865166664117984
0.07597198337316510286 -0.12287218123674389925 -0.38004374504089349918 -1.07947957515716552734 -0.39897295832633972168 0.10548651218414299702 -1.35979473590850830078 0.17088727653026580811 0.49591547250747680664 1.25276160240173339844 0.08247124403715129504
0.03887408226728430310 -0.52921098470687866211 -0.27828842401504511050 -0.50269550085067749023 0.18316966295242309570 0.91053307056427001953 1.47647452354431152344 0.92131680250167835577 0.48931381106376647949 1.08351850509643554688 0.78210055828094482422
0.49380871653556818179 1.30554950237274169922 -0.47737041115760797672 -1.29083323478698730469 -0.33269831538200378418 0.94810748100280761719 1.50577235221862792969 0.95320385694503784180 0.21916928887367240208 0.87093597650527954102 -2.15547275543212890625
0.32595235109329218082 0.46514272689819330386 -1.08430016040802001953 -0.99847441911697398798 -1.07013022899627685547 0.27973562479019159488 0.10922341793775550145 -0.41467452049255371094 -1.58753764629363991467 0.76098483800888061523 -1.23809731006622314453
-0.29799923300743097476 0.35972249507904052734 1.45496475696563720703 1.55009543895721435547 0.62996506690979003906 -0.18997335433959960938 1.17466413974761962891 0.74727678298950195312 -1.14278769493103049548 0.60173171758651733398 0.83708006143569946289
0.53764551877975463867 0.59905910491943359375 0.24335087835788721256 0.09356541931629179520 0.07208381593227379536 -0.33674263954162597656 1.11781525611877441406 0.92426699399948120117 -1.46342575550079367908 1.63818204402923583984 -1.60444116592407248767
0.57320898771286010742 1.34231114387512207031 -0.18950204551219940186 -1.28532290458679199219 -0.09121669828891749987 -1.67138361930847167969 0.60875177383422851562 1.03595924377441406250 -0.72694641351699829102 -0.01618370972573749886 -1.65326595306396484375
-1.46196055412292480469 -1.42658424377441406250 -0.48058125376701349429 0.53236657381057739258 -0.93223732709884643555 -1.36422884464263916016 0.14865118265151969212 0.10948558151721950182 -1.61710834503173850329 0.32631406188011169434 -0.34464508295059198550
0.23085132241249078922 0.28280064463615417480 -0.63547444343566894531 -0.71928530931472778320 -0.71658283472061157227 -1.58480715751647949219 -0.81707060337066650391 -0.34377986192703241519 1.42150735855102539062 1.16934931278228759766 -0.72318953275680541992
1.36571669578552246094 1.02416574954986550061 0.44116875529289240054 -0.27640727162361139468 1.13763904571533203125 0.16956841945648190584 0.53492707014083862305 -1.19614183902740478516 0.58123958110809326172 1.41458010673522949219 -0.46009469032287597656
-0.67263901233673095703 -0.31444925069808959961 -1.51816093921661376953 -1.45499765872955322266 -0.98979926109313964844 0.93576896190643321649 -1.46303546428680419922 1.39584445953369140625 1.09674501419067382812 0.66336566209793090820 0.83502644300460815430
0.46334552764892578125 1.32545340061187744141 1.43078815937042236328 1.03203821182250976562 1.09891259670257568359 -1.17898845672607421875 -0.12290903180837629838 -1.64960503578186035156 0.56808650493621826172 0.69668149948120117188 -1.16537404060363769531
-0.97474342584609996454 -0.31155467033386230469 0.61097884178161621094 0.35569471120834350586 0.13150608539581298828 0.39940306544303888492 0.70591706037521362305 0.57493495941162109375 -0.49329906702041620425 1.24186718463897705078 1.07653284072875976562
1.92142748832702636719 1.38032460212707519531 -0.07371638715267180009 -0.81938207149505615234 0.41439333558082580566 -1.40255844593048095703 -0.98188519477844238281 -1.26088070869445800781 0.07221019268035880345 0.68906140327453613281 0.73281186819076538086
-0.45684003829956049136 -0.54997646808624267578 -0.96989697217941284180 -0.92888587713241577148 -0.80619150400161743164 -1.52654814720153808594 0.55838280916213989258 0.38356274366378778629 -0.80696368217468261719 0.12759563326835629549 0.58283370733261108398
-0.07155122607946390323 0.10335510224103920673 1.12410306930541992188 1.17971849441528320312 0.74325394630432128906 1.40582704544067382812 0.61756604909896850586 -0.00148856628220519994 0.92954003810882557257 0.81156957149505615234 0.73693168163299560547
-1.21771740913391113281 -0.97334843873977661133 0.40548077225685119629 1.12813162803649902344 -0.27168723940849298648 -1.58545184135436989514 0.07481976598501199893 1.05487549304962158203 -0.91421157121658325195 0.39556044340133661441 0.51370501518249511719
0.92788946628570556641 1.28753435611724831311 1.35403311252593994141 0.33774864673614501953 1.42152190208435058594 -0.44614231586456298828 -1.20553481578826904297 -0.46800318360328668765 0.79157292842864990234 1.17550992965698242188 -0.53595501184463500977
-0.25540348887443542480 -0.61017435789108276367 -0.90125513076782237665 -0.03891686722636220064 -0.90527856349945079462 -1.24978435039520263672 1.17501890659332275391 -0.61873972415924072266 0.31827047467231750488 -1.21860575675964355469 1.14679515361785888672
0.36549773812294000797 1.05071234703063964844 1.77765417098999023438 1.13790535926818847656 1.27556240558624289783 -0.76916557550430297852 -0.71330994367599487305 0.31617909669876098633 0.14030930399894708804 -0.97638720273971557617 -0.84442299604415893555
-2.04451704025268510279 -1.58889448642730712891 -1.24216890335083007812 0.65572100877761840820 -1.23608672618865966797 0.72940427064895629883 -1.67702353000640869141 0.69198197126388549805 -0.19766484200954428929 -0.62208366394042968750 0.09115637838840480456
0.79356145858764648438 1.23602676391601562500 0.84473645687103271484 0.03987174481153479833 0.93616235256195079462 0.00859919190406789949 0.12189111113548270482 -0.50077718496322631836 -1.19501745700836181641 0.32240021228790277652 -0.87711507081985473633
-0.63791739940643310547 -1.46579647064208984375 -0.91790485382080078125 -0.29421031475067138672 -0.81712096929550170898 -0.74129289388656616211 -0.86167734861373901367 -0.87095475196838378906 -0.55078530311584472656 0.04358072206377980318 -0.12804667651653289795
0.19578717648982998933 0.95979380607604980469 1.54011487960815429688 1.11218011379241943359 1.08307111263275168689 -0.22185823321342459935 1.62432086467742919922 -0.59498369693756103516 -1.29813742637634277344 0.82803148031234741211 -0.88785964250564575195
0.06475637853145599365 0.82606178522109985352 -0.76104789972305297852 -1.15067541599273681641 -0.74897485971450805664 -0.08579391241073600072 -0.16817468404769889134 -0.89930880069732666016 1.49700772762298583984 -0.91617941856384277344 -1.47850871086120605469
-1.53619444370269775391 -1.25077974796295166016 -0.10984487086534500122 -0.05318938195705409655 -0.47433584928512567691 0.84821802377700805664 -1.29922187328338623047 1.55581021308898925781 0.28452518582344049625 -0.21478247642517089844 -0.08758910000324239553
-0.53682398796081542969 -0.72135293483734130859 -0.62208098173141479492 0.38982909917831420898 -0.71777141094207763672 1.39919853210449218750 0.50904119014739990234 -0.35280120372772211246 1.29040205478668190686 -0.42060619592666620425 0.90643364191055297852
1.51354527473449707031 1.52712130546569824219 0.02261903882026669935 -1.21239864826202392578 0.45574188232421869449 -0.07535650581121440539 1.07482230663299560547 -0.02279895916581150053 -0.46204382181167602539 0.29512786865234369449 0.66203975677490234375
-2.00860166549682617188 -1.34591937065124511719 -1.65927934646606445312 -0.24049086868762969971 -1.18792545795440673828 0.53661280870437622070 -1.44824922084808349609 -1.66726315021514892578 0.35309126973152160645 1.05504345893859863281 0.01781288534402840004
0.58068883419036865234 1.24766755104064941406 -0.61741715669631958008 -1.47346174716949462891 -0.08663507550954810399 1.18368434906005859375 1.08691310882568359375 1.03490316867828369141 -0.84402257204055786133 1.57511317729949951172 -1.84490954875946044922
-0.35580280423164367676 -0.71041059494018554688 0.00175996543839570000 -0.16041353344917289037 -0.47715696692466730289 0.71047323942184448242 1.65581285953521728516 0.21321113407611841373 1.13630414009094238281 -0.51606726646423339844 0.57026302814483642578
0.15594190359115600586 0.35952726006507867984 -0.17301331460475918855 -0.28232178092002868652 -0.12445682287216179585 -0.43447384238243097476 -0.62332868576049804688 -0.77763283252716064453 -0.02843804657459250013 -1.42919015884399391858 -0.73394894599914550781
0.77363348007202148438 -0.06369623541831970215 0.20743229985237118806 -0.18274296820163721256 -0.07028654217720030351 -1.12362122535705566406 0.68432402610778808594 1.30798721313476562500 -1.52757799625396728516 -0.79019397497177124023 -0.62863814830780029297
0.11210516840219489354 -0.90138143301010120734 -0.46609866619110107422 -1.05479204654693603516 -0.56693232059478759766 -1.34885525703430175781 -1.31023454666137695312 -0.34531950950622558594 -1.02359354496002197266 0.45650452375411987305 0.23005102574825281314
0.12449114024639129639 0.93133372068405162469 1.22905087471008300781 0.28663384914398187808 0.97842025756835937500 -0.00987499859184019953 -1.14634466171264648438 0.90073364973068237305 0.83610159158706665039 -0.46044719219207758121 -1.09590065479278564453
0.13872298598289489746 -0.03196560218930240282 1.33244085311889648438 1.17134153842926047595 0.80581730604171752930 -0.26807224750518798828 1.23560118675231911389 1.43873870372772216797 0.04681041091680519795 -1.31394648551940917969 0.60415625572204589844
0.08921465277671809802 -0.79099440574645996094 -1.13722753524780273438 0.39279046654701227359 -0.88994169235229492188 -0.56254243850708007812 -1.39170229434967041016 -0.52413839101791381836 -0.63932621479034423828 -0.19233343005180358887 1.15054023265838623047
2.00909590721130415503 1.46258544921875000000 0.97894251346588123663 0.53435754776000976562 1.77162206172943115234 -0.74431514739990234375 1.01663792133331298828 -0.65987169742584228516 1.20066595077514648438 -1.16503489017486550061 1.56573426723480224609
0.75931543111801147461 0.06577761471271509341 0.76005613803863525391 1.53213572502136230469 0.95921951532363880499 -0.91346949338912963867 -0.52908021211624145508 -1.86057436466217041016 -0.84464502334594726562 -0.92346304655075084344 0.23500548303127288818
-1.17960357666015625000 -1.15322315692901589124 -0.83355802297592163086 0.49912059307098388672 -0.81410694122314453125 -1.25786268711090087891 0.59019196033477783203 -0.60411763191223144531 -0.81973165273666381836 0.56593155860900878906 0.31833851337432861328
-1.37990331649780273438 -1.70747065544128417969 -1.15622830390930175781 -1.44361317157745361328 -0.81467002630233764648 1.09276485443115234375 -0.20876266062259671297 -0.62739950418472290039 -0.67881768941879272461 -1.67309379577636718750 -0.66940116882324218750
0.50521785020828247070 1.25689005851745605469 -0.45658522844314569644 -0.77768808603286743164 -0.66800600290298461914 -0.03392231836915009929 -1.35736286640167236328 -1.62101900577545166016 0.69526046514511108398 -0.85104775428771972656 -1.86375927925109841077
0.60859680175781250000 1.05237209796905517578 -0.37051782011985778809 -0.62659645080566406250 -0.36037078499794000797 -1.19694685935974121094 -1.02982187271118164062 0.28485709428787231445 -0.63817209005355834961 0.85041218996047973633 -1.89867150783538796155
0.54948991537094116211 -0.23727677762508389558 0.04487916082143780100 -0.20932611823081970215 -0.10940294712781900577 -0.35337153077125549316 0.17777714133262628726 -0.78676128387451171875 -0.72967612743377685547 -0.76916527748107910156 0.29385051131248468570
2.00832509994506835938 1.38458669185638449939 1.66142320632934570312 1.51485085487365722656 2.66093850135803178247 1.06912565231323242188 0.95909804105758678094 -1.22007083892822287829 -0.19351510703563690186 -0.16276310384273529053 2.21362876892089843750
-1.00053334236145019531 -0.96173697710037242548 -0.90280836820602416992 -1.41741526126861550061 -0.92687702178955078125 1.37717485427856445312 -0.89283901453018188477 -0.17249433696269989014 -0.59844839572906494141 0.20531192421913138646 -0.33245244622230529785
-1.06263661384582519531 -1.68549549579620361328 -1.31388938426971435547 1.25130605697631835938 -1.15159380435943603516 -1.20206308364868164062 -1.54896306991577170642 0.05452660471200940218 1.31904625892639160156 -0.70027089118957519531 0.27909788489341730289
0.17510634660720819644 -0.53949058055877685547 0.59452104568481445312 1.27053093910217285156 0.29807510972023010254 -0.94434589147567760126 1.02116262912750244141 0.04836520180106160249 0.63189834356307983398 0.20393851399421689119 1.31864261627197287829
0.47565382719039911441 0.31633678078651428223 -0.56411540508270263672 -1.18932580947875976562 -0.45729485154151910953 -0.19207906723022460938 -0.52361351251602172852 0.25675573945045471191 -0.75207692384719848633 1.25424265861511230469 -1.43011164665222167969
0.03516815975308409947 0.99228447675704956055 0.45300012826919550113 -0.29501935839653009586 0.38360184431076049805 1.47522699832916259766 0.37384647130966180972 -0.96704792976379394531 0.56460392475128173828 1.64695739746093750000 -1.27172541618347167969
-0.48721259832382202148 0.00034142972435799999 1.33647513389587402344 1.48514592647552490234 0.51692199707031250000 0.09369507431983939427 1.45463705062866210938 0.07118517905473699392 -0.76839745044708251953 0.65276163816452026367 1.28849947452545166016
0.42906746268272399902 0.66864281892776489258 -0.88908827304840087891 -1.62470114231109619141 -0.73132812976837158203 -0.54805988073348999023 0.85088485479354858398 -0.71632790565490722656 -0.76288712024688720703 0.82017076015472412109 -2.06393504142761230469
0.22862945497035980225 -0.43062114715576171875 -0.04639494791626930237 0.29618674516677850894 -0.32105016708374017886 -0.08956979960203169389 -0.31765329837799072266 0.32088553905487060547 -0.38625067472457880191 1.65806794166564941406 0.75345921516418457031
-2.01788854598999023438 -1.52234029769897460938 -1.00268697738647460938 -0.41477781534194940738 -1.02735018730163552014 -1.59705495834350608142 0.81135958433151245117 -1.72094810009002685547 -0.34510296583175659180 0.99265307188034057617 -0.74092650413513183594
-1.84161674976348876953 -1.56430542469024658203 -0.91688293218612682001 1.76746678352355957031 -0.51720207929611206055 -0.64414805173873901367 -0.93185478448867797852 1.27405560016632080078 0.86296463012695312500 0.79784625768661499023 0.42812317609786987305
-0.06016489490866659684 -0.85033756494522094727 0.03887372463941569933 0.48008030652999877930 -0.10054395347833630647 -1.38767611980438232422 0.04627180472016329676 1.31182980537414550781 -1.10484099388122558594 0.86136478185653686523 0.96284216642379760742
-0.28836637735366821289 -0.41251012682914728336 -1.20987343788146950452 -1.08099257946014404297 -1.23215734958648681641 1.62492370605468750000 -0.50976508855819702148 -1.01455235481262207031 -1.01515865325927712171 -0.28506615757942199707 0.68980443477630615234
-1.44462740421295166016 -0.95804846286773681641 -0.84656566381454467773 0.60685753822326660156 -0.90221607685089122430 -0.16370548307895660400 0.33602458238601679019 0.52911156415939331055 0.53776884078979492188 -0.47549322247505187988 0.35280928015708917789
-0.11628422886133189806 0.41381737589836120605 -0.05837644264101980035 0.19404107332229608707 -0.39239358901977539062 0.89342141151428222656 0.60569983720779418945 -1.47913110256195090564 -0.96434199810028076172 -1.39873933792114257812 -0.26367112994194030762
