0.37170600891113281250 -0.32922762632369989566 1.58151352405548095703 0.25855052471160888672 1.50501275062561035156 -1.16984200477600097656 -0.18168602883815759830 0.72611385583877563477 1.11337494850158691406 1.07763934135436989514 1.41639804840087890625
1.08620631694793701172 0.37248054146766662598 1.45545995235443115234 0.54296356439590454102 -1.73840546607971191406 -1.11930108070373535156 -0.71066290140151977539 0.49901607632637018375 0.02040995471179480117 0.19668124616146079320 -1.72259247303009033203
-1.39364612102508544922 -1.13788485527038552014 -1.15380084514617919922 -0.83295899629592895508 -0.54961138963699340820 -1.02343463897705078125 0.88610279560089111328 -1.49524044990539550781 1.04460501670837402344 -0.05430565029382700137 -0.14037674665451049805
-0.49158856272697448730 -0.40263316035270690918 -0.15860070288181299381 1.61849403381347656250 -0.40552279353141779117 -1.06791520118713378906 1.43562555313110351562 -1.12014579772949218750 -0.43995961546897888184 -0.16004979610443109683 1.11880350112915039062
1.98324358463287309107 1.50052082538604736328 1.75505113601684570312 -1.74972689151763916016 -0.61423712968826293945 0.56175917387008666992 1.16176617145538330078 0.99442011117935180664 0.35384675860404968262 1.61173641681671142578 -0.03117119707167139916
-0.74906545877456665039 -0.13240149617195129395 -0.93609958887100219727 -1.52311074733734130859 0.06154487654566759974 -0.42397776246070861816 -1.31734502315521240234 -0.92331331968307495117 1.23034727573394775391 0.76015049219131469727 0.46157816052436828613
-0.12928867340087890625 -0.52757149934768676758 0.21859273314476010408 1.62850475311279296875 0.58903956413269042969 0.53370332717895507812 -0.78589773178100585938 -1.28227937221527099609 -1.26594555377960205078 -0.33257815241813659668 1.59686565399169921875
-1.00532209873199462891 -0.24733966588973999023 -1.58209502696990966797 1.04934024810791015625 0.49925267696380609683 1.15958189964294433594 1.58232212066650390625 0.08289988338947290591 -1.16177940368652343750 0.38263827562332147769 1.49818384647369384766
1.22498965263366699219 1.29033255577087402344 -0.14160892367362970523 1.59319329261779807361 -1.86593008041381835938 1.19623088836669921875 -1.28098189830780029297 0.08394836634397499775 1.12469744682311989514 -0.45568495988845819644 0.05089474096894260058
-0.51063650846481323242 -0.45972502231597900391 -0.31445220112800598145 -1.50819444656372070312 1.51873183250427246094 0.33483234047889709473 -0.30779415369033807925 0.05700890347361559779 -1.50504159927368164062 -0.30062541365623468570 0.49827373027801508121
-0.70643091201782226562 -0.20233584940433499422 -1.49878597259521484375 0.74244695901870727539 -1.56432414054870605469 1.31289577484130859375 -1.38316726684570312500 0.10834419727325439453 1.75757515430450439453 1.20512425899505615234 1.27291285991668701172
0.17205181717872619629 1.04330849647521950452 -1.37401187419891357422 -0.33743506669998168945 0.28273734450340270996 0.91047668457031238898 -1.23156893253326416016 -0.31195637583732599429 -1.20600354671478271484 0.71636146306991577148 -1.04745078086853049548
0.60662686824798583984 0.48035383224487299136 0.77199071645736694336 1.39318180084228515625 -0.52840393781661987305 0.50836533308029174805 -0.10870798677206039429 -1.51997852325439430921 0.83891892433166503906 -1.49097514152526855469 -0.87784010171890258789
1.56503307819366455078 1.29748606681823730469 1.75930011272430419922 -1.47052252292633056641 0.37812203168869018555 1.10456478595733642578 1.06600356101989768298 0.78129327297210693359 -0.21950985491275779027 1.47523427009582519531 0.60642015933990478516
-1.18842458724975608142 -1.64925074577331542969 0.09765688329935069689 1.20822834968566894531 -1.62713205814361550061 1.14647936820983886719 -0.21595108509063720703 -1.54798245429992675781 -0.91837054491043079718 0.23786203563213340062 -0.38212272524833679199
2.02462673187255859375 1.62495005130767822266 1.68502175807952880859 0.76524817943572998047 -0.88884890079498291016 -0.19497598707675931062 -1.68213045597076416016 1.07702720165252685547 -0.53332531452178955078 -0.21039579808712000064 0.82736617326736450195
1.26455760002136230469 0.64717346429824829102 1.74512732028961181641 -0.21933558583259579744 -0.19359618425369259920 1.02796065807342529297 0.72464227676391601562 0.36577993631362909488 -0.86446791887283325195 -0.12254288792610160130 -1.54042649269104003906
-1.84694063663482688220 -1.70023298263549804688 -1.21124851703643798828 1.01508748531341552734 1.49615621566772460938 -0.48664730787277221680 0.24004907906055450439 0.12729968130588528719 0.11473052203655240144 0.36371150612831110172 0.69336450099945068359
0.24961642920970911197 0.00852325186133380021 0.95906925201416015625 -0.99340784549713123663 -0.29265028238296508789 0.80324381589889526367 -1.65484654903411887439 -0.77445679903030395508 -1.11680424213409423828 -0.42822611331939697266 -0.03870062157511709733
-0.19183000922203061189 -0.25790691375732421875 -0.00906193349510430075 -0.07857900112867349796 0.99988669157028198242 -1.09198570251464843750 -0.33237507939338678531 -1.37339389324188232422 0.18939831852912900056 0.13374346494674679842 0.81638348102569580078
-0.11597131192684169421 -0.62516194581985473633 0.92289543151855479852 0.11979062110185620393 -1.56680214405059792249 -1.71031987667083740234 1.10456264019012428967 1.04456388950347900391 -1.22835695743560791016 0.16258023679256439209 0.75193303823471069336
1.51912558078765869141 1.59714055061340309827 1.10268068313598632812 -1.62508594989776589124 0.29250374436378479004 1.64528846740722656250 1.50090134143829367908 -0.99967795610427856445 0.28879174590110778809 1.15676724910736083984 0.24192373454570770264
-2.00683021545410156250 -1.64940524101257324219 -1.51828360557556152344 -0.87986874580383300781 0.51938104629516601562 1.11944770812988281250 -0.40044859051704401187 -0.84317022562026977539 -0.02853727526962750172 0.17142002284526819400 -0.07585551589727400346
-0.07906291633844370059 0.14970873296260830965 -1.06141126155853271484 0.00799509882926940051 -0.62904906272888183594 -1.36319708824157714844 -1.50002849102020263672 -0.15702801942825309056 0.20264965295791620425 0.58219814300537109375 0.40393161773681640625
1.59522008895874023438 1.13751304149627685547 1.53681254386901855469 -0.04854526743292800206 0.33493301272392267398 0.17880697548389429263 1.60322594642639160156 -1.01131188869476318359 1.05424380302429199219 0.47491765022277832031 0.81901800632476806641
-2.00359988212585449219 -1.69368934631347656250 -0.98076033592224121094 1.41426527500152610095 1.25633513927459716797 1.37213003635406494141 -1.53587198257446289062 -1.07207179069519042969 -1.21988379955291770251 1.55945181846618630139 0.58019500970840454102
-0.06866860389709469881 -0.61350578069686889648 0.73179483413696289062 0.98626548051834117548 1.47103166580200195312 -1.09151017665863037109 0.76063239574432373047 -0.81042498350143432617 0.08384089171886439928 1.54422128200531005859 1.38735711574554443359
-0.50114834308624267578 -0.75229883193969726562 0.19105395674705499820 0.68284565210342407227 -1.09100675582885742188 0.60466879606246948242 1.26778185367584250720 -1.59223413467407248767 1.12984585762023925781 -0.48994648456573480777 1.03512084484100341797
-0.76195943355560302734 -0.34433123469352722168 -0.90786373615264881476 -0.36393466591835021973 0.28773710131645202637 1.33054792881011962891 -0.22859680652618399876 -0.28559160232543939761 -0.63893228769302368164 -1.63612580299377441406 0.61308586597442626953
-1.34881985187530517578 -1.56644022464752197266 0.30595082044601440430 -0.52246242761611938477 -0.94588553905487060547 -0.71856117248535156250 -0.83987367153167724609 -1.19913589954376220703 -0.67547506093978881836 0.11023081094026560001 -1.03515493869781494141
-0.58309113979339599609 -0.42981883883476257324 -0.16249607503414151277 -0.73547875881195068359 1.16653072834014892578 -1.67587387561798095703 0.82536804676055908203 1.05283486843109130859 -1.52979111671447753906 -1.31030905246734619141 0.73788887262344360352
0.49094107747077941895 -0.06833028793334959550 1.35965037345886230469 1.35870504379272460938 -0.54280060529708862305 1.20577156543731689453 0.89732873439788818359 -0.97060543298721324579 1.52097189426422119141 1.35073196887969970703 0.92503279447555541992
-0.88357818126678466797 -0.73021817207336425781 -0.62770503759384155273 1.40557146072387695312 0.73646336793899536133 0.43851915001869201660 -1.18587756156921408923 -1.24370467662811279297 -1.39343547821044921875 1.24796724319458007812 1.01667225360870361328
-0.78499704599380493164 -0.74256646633148193359 -0.90356522798538196906 1.12532746791839599609 1.48922109603881835938 0.05086121708154670018 -1.19503808021545410156 1.29407584667205810547 0.81668943166732788086 0.24097767472267150879 1.24622559547424316406
-1.53776991367340087891 -1.54990208148956298828 -0.46833392977714538574 -0.67617642879486083984 1.21121466159820556641 -1.45946538448333740234 -0.73635607957839965820 0.58825892210006713867 -0.68702578544616699219 -0.74303412437438964844 -0.35389047861099237613
-0.01210466772317879934 0.47628217935562128238 -0.75687241554260253906 0.42297989130020141602 0.20009140670299530029 -0.29246437549591058902 0.86105585098266601562 0.17448042333126059789 0.28026592731475830078 0.84090620279312133789 0.06286849081516260318
-1.06968319416046142578 -1.00096666812896728516 -0.40068423748016357422 1.18322408199310302734 1.09520184993743896484 -1.30655896663665749280 0.04142534360289570200 -0.13839715719223019685 -0.36315882205963129215 0.62421280145645141602 0.68094277381896972656
-0.22271594405174249820 -1.09623599052429199219 1.27384185791015625000 -1.19021844863891601562 0.79486912488937377930 -0.52087092399597167969 0.80401420593261718750 -0.20575538277626029271 1.44256460666656494141 -0.85579854249954223633 0.36305028200149530582
0.89340406656265258789 1.15623247623443603516 0.03056646510958669835 -0.24887895584106439761 0.62776106595993041992 1.69881510734558105469 -0.96221470832824718133 0.46815636754035949707 0.62317895889282226562 -1.59402692317962646484 -1.45488417148590087891
-1.97378695011138871607 -1.50875270366668701172 -1.54370009899139404297 0.68279051780700683594 1.40893959999084472656 1.44521808624267578125 -0.40993526577949518375 -1.55865323543548583984 0.30208918452262878418 -1.00123035907745361328 0.96926856040954600946
0.53796458244323730469 0.13188055157661429662 1.40004968643188476562 1.57794845104217529297 1.39368438720703125000 -0.32491013407707208804 -0.39654585719108581543 1.44821310043334960938 0.88519537448883056641 1.21811485290527343750 0.36409136652946472168
-0.52768146991729736328 -1.05492925643920898438 0.69243282079696655273 -1.19067704677581809314 -0.80494296550750732422 1.39838993549346923828 1.34262812137603759766 -0.41317081451416010074 0.42155155539512628726 0.96536123752594005243 -0.15274828672409049291
1.29746103286743164062 1.20824825763702392578 0.60249716043472290039 -0.05906564742326730205 -0.45235982537269592285 -0.45643165707588190250 -0.06169263273477550158 0.67059218883514404297 0.92829078435897838251 0.97528344392776478156 -0.40625995397567749023
0.93010085821151722296 1.62705326080322287829 -0.84081846475601196289 0.84530299901962280273 -0.48192414641380310059 -1.44727325439453125000 -1.03226518630981445312 1.36057674884796142578 1.23091089725494384766 -0.64969348907470703125 0.08048878610134120593
-1.09696066379547119141 -0.55530256032943725586 -1.23658561706542968750 1.15983438491821289062 0.50470942258834838867 1.54736387729644775391 1.54450964927673339844 1.00520861148834250720 1.52564239501953125000 0.60701012611389160156 1.40402019023895263672
0.04037805274128909716 -0.24536454677581778783 0.82794332504272460938 -1.61327075958251953125 -1.50584816932678222656 1.67142486572265625000 -0.07116400450468060579 -1.54633414745330810547 -0.88482117652893066406 -0.40515184402465820312 -0.22646124660968780518
-1.11631107330322287829 -0.97997736930847156867 -1.22764134407043457031 -0.09111744165420529451 1.35898602008819580078 -1.05923771858215309827 -0.70064806938171386719 -1.10529196262359619141 -0.88201808929443359375 -1.70685815811157248767 0.52334100008010864258
-0.43665617704391479492 -0.38752657175064081363 -0.60515558719635009766 -0.17820453643798819798 -0.20102314651012420654 -1.42850387096405029297 0.04203814268112179842 -0.84448099136352539062 1.62595391273498535156 1.62584447860717751233 0.77465260028839111328
-1.21602845191955566406 -0.71765613555908203125 -1.07571184635162353516 0.86958879232406616211 1.34735214710235595703 1.70605885982513449939 -0.35890072584152221680 1.41979360580444335938 -1.20315897464752197266 -1.07699084281921408923 0.79883074760437011719
-0.04837765172123899976 0.26266121864318847656 -1.04640090465545632092 0.03006399422883980141 -0.60713279247283935547 -0.24300090968608850650 0.89649808406829833984 -1.15278029441833496094 0.88917833566665649414 -0.18037693202495569400 0.07875420153141020341
-2.01409745216369628906 -1.69098854064941406250 -1.14165353775024391858 1.05030894279479980469 0.99004513025283802374 0.80699759721755981445 0.03508583828806870197 -0.83498591184616088867 -0.13868448138236999512 0.20933729410171508789 0.51165008544921875000
0.89998877048492431641 1.54593420028686523438 -1.34452056884765625000 1.43112945556640625000 0.78612607717514038086 -0.33882522583007812500 -0.84091258049011230469 -0.69044744968414306641 -0.40706235170364379883 0.45989114046096801758 0.68091499805450439453
-0.21919333934783929996 0.19240233302116391267 -0.82574534416198730469 0.70036691427230834961 -1.74294638633728049548 -1.49228835105895996094 -1.56452870368957519531 -0.42744573950767511539 -1.51351904869079589844 -0.99977022409439075812 0.58376723527908325195
0.05620627850294109690 0.79131746292114257812 -1.52196145057678222656 -1.34435725212097167969 0.65950989723205566406 -0.53870594501495361328 -1.44394278526306152344 0.28625237941741937808 -0.80902147293090820312 1.57241451740264892578 -1.04816722869873046875
0.01464027632027859946 -0.79700434207916259766 1.31978487968444824219 -0.66536271572113037109 -1.14300680160522460938 -0.38781306147575378418 -1.04376566410064697266 0.53520697355270385742 -0.04430469870567319696 0.45852202177047729492 0.45081505179405212402
0.81968373060226440430 1.25000119209289550781 0.00873284041881560065 -1.63684427738189697266 -0.70057415962219238281 -1.38732194900512695312 -0.27229359745979309082 -0.07252909988164900346 0.88658905029296875000 0.57112205028533935547 -2.08328962326049804688
-0.37766227126121520996 0.27363449335098261050 -1.32427418231964111328 0.76682811975479125977 -1.78088080883026123047 -1.02225553989410400391 0.38044723868370050601 -0.99648934602737437860 1.80915892124176047595 -1.63678729534149169922 0.86656200885772705078
0.87203353643417358398 0.33912083506584167480 1.27066075801849365234 1.26244556903839111328 0.65540099143981933594 0.14073894917964929752 -0.76219999790191650391 1.11497199535369873047 -0.63974094390869140625 -1.72510564327239990234 -0.72728133201599121094
0.13084268569946289062 0.15400828421115869693 -0.57800513505935668945 -0.69539314508438110352 -0.33242595195770258121 0.11093565076589580187 1.29391968250274658203 -0.99369043111801158563 0.96899378299713123663 1.57028508186340309827 -0.26945143938064569644
-0.56023740768432617188 -0.39379331469535827637 -0.63880825042724609375 0.97522842884063720703 1.38588976860046408923 -1.25363659858703591077 0.50088363885879516602 -0.86254096031188964844 -0.84538447856903076172 1.17110681533813476562 1.42912447452545166016
-0.18374283611774439029 0.00731106288731090022 -0.94297671318054199219 0.08387044072151179919 -1.06570136547088623047 1.49533724784851074219 0.92288601398468017578 -0.04949785023927680272 -0.46347525715827941895 1.29639065265655517578 0.67082858085632324219
0.12138319015502929688 -0.07643309235572809390 0.44978049397468561343 0.25749126076698297672 -1.75471663475036621094 -0.78453856706619262695 0.66224873065948486328 -0.08056316524744029650 0.19571359455585479736 -1.47156965732574462891 -0.00280433101579539990
-1.20209443569183349609 -1.21144723892211914062 -0.98282313346862804071 -1.32272362709045410156 -1.42532444000244140625 -1.02189695835113525391 1.73354804515838623047 0.10880395770072930073 1.06729924678802490234 -0.74079746007919311523 -0.75672817230224609375
0.42483568191528320312 0.41028615832328790836 0.71054965257644653320 -0.78862833976745605469 0.74109673500061035156 -0.12992675602436060123 1.22127234935760498047 0.96574288606643676758 0.16300013661384579744 1.14760315418243408203 -1.00201594829559326172
0.62022197246551513672 1.05433988571166992188 -0.59138768911361694336 1.54539442062377929688 -0.23863168060779568758 0.55648982524871826172 -0.77649194002151489258 -1.59967255592346191406 0.67971926927566528320 1.38281214237213112561 -1.24815273284912109375
-1.11698889732360839844 -0.85508525371551513672 -0.77392560243606567383 -1.49030184745788552014 1.06835818290710449219 -0.47576963901519769840 -1.43123495578765869141 -1.35904562473297119141 -1.26136946678161621094 -0.89322727918624877930 -0.18491339683532709293
1.29406797885894775391 0.85524570941925048828 1.22829961776733398438 -1.35358512401580810547 -1.73850870132446289062 0.27777925133705139160 -0.11844895035028449315 0.42959925532340997867 0.99472624063491821289 -0.37596964836120599918 -2.04330992698669433594
-1.03474497795104980469 -0.88641470670700073242 -0.18066009879112240877 1.28678035736083984375 0.83256489038467407227 -0.73420596122741699219 0.04923370480537409694 -0.03626262024044989846 -1.14337527751922607422 1.03470349311828591077 0.71578842401504516602
-1.68098199367523193359 -1.29331707954406738281 -1.32296645641326904297 -1.76669180393218994141 -0.81247669458389282227 0.47017768025398248843 1.42121767997741699219 1.44434869289398193359 0.01443816535174840057 1.47277450561523437500 -1.02524077892303489001
-0.98754280805587757452 -1.69920718669891357422 1.10763704776763916016 -0.69682770967483520508 -1.63704204559326149671 0.87437808513641357422 0.36289465427398681641 1.59521973133087158203 0.82325291633605957031 -0.75621199607849121094 -0.71036070585250854492
-0.51233291625976562500 -0.92816656827926635742 0.78232789039611816406 1.29288268089294433594 0.14722637832164758853 0.27310144901275629215 -0.70475631952285766602 0.21113236248493189029 -1.48451650142669677734 1.09670627117156982422 1.04042768478393554688
-0.35047617554664611816 -0.85048437118530273438 0.63101774454116821289 -0.71959674358367919922 -0.05485093966126439874 -0.16611564159393310547 -1.14774703979492209704 0.22538743913173669986 -1.28171062469482421875 0.85279279947280883789 0.40146952867507929019
0.11973529309034340595 -0.19091022014617919922 0.42974758148193359375 0.19411055743694299869 -0.13738220930099478978 1.05639421939849831311 0.05885739624500269801 -0.42533454298973077945 0.73574805259704589844 -1.19156467914581298828 0.73203939199447631836
0.85842347145080566406 1.01690244674682617188 0.32923927903175348453 -0.31507644057273859195 -1.18133544921875000000 0.25870522856712341309 -0.00477502355352040029 1.64270627498626708984 0.35442844033241271973 0.58085852861404418945 -1.76822865009307861328
1.79363250732421875000 1.19949054718017578125 1.63853645324707031250 0.98953223228454600946 -0.95719796419143676758 1.39194869995117209704 0.90395039319992076532 -0.43360599875450128726 -1.28247582912445090564 1.40719568729400634766 1.33877933025360107422
-1.61299002170562744141 -1.51306653022766113281 -0.80275648832321166992 -0.44157144427299499512 -0.89553618431091308594 -0.00521344458684320014 -1.38020062446594238281 1.17505204677581809314 0.76839649677276611328 -0.33415579795837402344 -0.70990967750549316406
1.39043533802032470703 1.33554565906524658203 0.58372485637664794922 0.56527781486511230469 -1.33430194854736328125 -1.38727605342864990234 -0.71277928352355957031 0.26620379090309137515 1.64179146289825439453 0.91928577423095703125 0.42709660530090332031
-0.72558271884918212891 -1.36632895469665527344 0.79994505643844604492 -1.13864123821258544922 0.12449779361486429385 -1.51414203643798850329 -0.36695632338523859195 1.48534262180328369141 1.27719879150390625000 1.01682472229003906250 -0.60932207107543945312
-1.22265100479125976562 -0.68110388517379760742 -1.54654943943023681641 -0.71733725070953369141 -1.30725264549255371094 -1.48738205432891845703 -0.23689612746238700169 -0.54201990365982055664 1.10482561588287353516 -0.07896924018859860506 0.40710544586181640625
0.12589496374130249023 0.73471683263778686523 -1.11121964454650878906 -0.45834377408027648926 0.62536978721618652344 1.02482795715332031250 -1.42810761928558349609 0.67374318838119506836 1.17013788223266601562 -0.53327924013137817383 -0.78099292516708374023
-1.21672272682189941406 -1.31810867786407470703 -0.24825657904148099031 0.73216551542282104492 -0.48904728889465332031 1.17774784564971923828 0.91070342063903797492 -1.01556551456451416016 -0.25223502516746520996 -0.62359535694122314453 0.06301918625831599841
1.50679814815521240234 1.60032045841217041016 0.97966963052749644891 1.28729605674743630139 -0.28246402740478510074 -1.13041496276855490954 0.93985307216644276007 -0.80615144968032836914 -1.07448613643646240234 1.54451215267181396484 1.45780158042907714844
-1.18984401226043701172 -0.65944701433181762695 -1.55847954750061035156 0.67937302589416503906 -0.04956110939383499836 1.24646210670471191406 -1.21217942237854003906 0.79073959589004516602 1.59807729721069335938 1.04087007045745849609 1.17416298389434792249
0.53958189487457275391 0.89134418964385986328 -0.80297440290451049805 0.69329506158828735352 0.57498383522033691406 -0.15272040665149688721 1.40331053733825683594 0.94860631227493275031 1.71369218826293967517 1.16155862808227539062 -1.46938478946685791016
0.74224519729614257812 1.03497564792633056641 0.26385831832885742188 -1.21785354614257790296 -0.60179942846298217773 0.69921153783798217773 -1.13224530220031738281 1.23558187484741210938 1.85323226451873757092 -1.02930355072021484375 -2.23778104782104492188
1.26283740997314430921 1.36774075031280517578 0.25093898177146911621 1.19438540935516357422 -0.42628052830696100406 1.04202365875244140625 1.41418457031250000000 1.41963624954223632812 0.07142431288957590274 0.72709524631500244141 0.48022332787513727359
0.52270686626434326172 0.31561833620071411133 0.88624674081802368164 -0.26951617002487182617 -0.28046661615371698550 0.60624736547470092773 1.06985688209533691406 1.25585925579071044922 -0.84486407041549682617 -1.69319725036621093750 -0.98130416870117198602
0.37503960728645319156 0.85665470361709594727 -0.72687065601348876953 -0.86551225185394287109 0.43582266569137567691 -1.25998318195343017578 1.32711374759674072266 0.87024092674255371094 -0.36519864201545709781 0.58272731304168701172 -1.60835659503936767578
1.17295646667480490954 0.97182899713516235352 0.45094263553619379215 1.13403701782226562500 0.28776210546493530273 -0.04667494073510169983 0.39427083730697631836 -0.05702905729413029756 -0.48731014132499689273 0.85108202695846557617 -0.86694109439849853516
1.34277832508087158203 1.23837518692016601562 -0.38550257682800287418 -1.19533324241638183594 0.74896973371505737305 0.50492328405380249023 1.12125968933105490954 0.46522700786590570621 -1.48834884166717529297 -0.41898608207702631168 -0.24790920317173001375
-1.07379698753356911389 -1.14407825469970703125 -0.89851021766662597656 1.58843564987182617188 -0.79298758506774902344 -0.16278631985187530518 -0.50544816255569458008 0.84046220779418945312 0.98983699083328235968 0.37048029899597167969 0.50172084569931030273
0.20270474255084988680 0.96941369771957397461 -1.35384225845336914062 0.29038572311401361636 -1.22925424575805664062 -1.45060205459594726562 0.17235499620437619295 0.41295099258422851562 0.21614935994148248843 -0.99282991886138916016 -1.48655104637145996094
0.44025748968124389648 1.07953941822052001953 -1.24312770366668701172 -1.47324156761169433594 1.20077300071716308594 -0.88050156831741333008 0.23838901519775390625 0.89085370302200317383 0.23179915547370910645 -1.13452339172363281250 -1.71643662452697753906
0.94205576181411743164 0.59720897674560546875 0.66104167699813842773 -1.20453345775604248047 -1.79316461086273193359 0.36323842406272888184 1.00902748107910156250 0.46922624111175531558 0.66265547275543212891 -1.04935431480407714844 -2.92082309722900390625
-1.38423037528991699219 -1.25243449211120605469 -0.84672027826309204102 -0.45369124412536621094 0.61552202701568603516 -0.61329114437103271484 1.22516834735870361328 -1.30042946338653564453 -1.11622881889343261719 0.56195127964019775391 -0.02018699422478669944
1.49881184101104736328 1.38164126873016357422 1.22287094593048095703 -0.08845358341932289814 1.04412984848022460938 0.65800321102142333984 1.33620405197143554688 1.29103434085845969470 -0.86040133237838745117 0.21511478722095489502 1.00325477123260498047
-1.31836819648742675781 -1.58054363727569580078 -0.20708109438419339265 -0.04226265847682950105 0.24761745333671569824 -0.65316671133041381836 0.87020343542098999023 0.73480641841888427734 0.97648400068283081055 0.15747171640396109837 -0.33821633458137512207
-0.53127396106719970703 -1.34663391113281250000 1.43004846572875976562 0.41271945834159851074 0.95800590515136718750 1.12286186218261718750 0.09788242727518080277 1.45676326751708984375 -0.31374898552894592285 1.10058426856994628906 0.92478066682815562860
-0.39331704378128051758 0.24469634890556329898 -1.36646401882171630859 1.12088787555694580078 0.61929774284362792969 -1.19301378726959250720 1.11193692684173583984 0.96238201856613159180 -0.36877778172492980957 0.20599034428596491031 1.65140235424041770251
-1.08397924900054909436 -0.96868419647216796875 -0.44183018803596491031 -0.90316373109817504883 -1.04651594161987304688 1.65238070487976074219 -0.47288173437118530273 1.59157586097717285156 0.32090860605239868164 0.07470266520977020264 -0.53282761573791503906
1.17694664001464843750 0.76586145162582397461 1.56032574176788330078 0.26217007637023920230 1.34241151809692382812 0.51022142171859741211 1.32389223575592041016 -0.19903202354907989502 -0.50372612476348876953 1.14816594123840309827 -1.02772498130798339844
-0.34679540991783142090 -0.43862295150756830386 0.19777211546897879857 0.94928812980651855469 0.23182959854602810945 1.16172325611114501953 -0.73886686563491821289 -0.93390119075775157587 -1.05721032619476318359 0.58661383390426635742 1.05556166172027610095
1.06189084053039550781 0.23776726424694061279 1.49945914745330810547 0.21355213224887839574 -0.29191440343856811523 -0.80966579914093017578 -0.50057572126388549805 1.57827103137969970703 -1.38994920253753662109 -1.27848696708679199219 -1.02759659290313720703
-0.18740731477737421207 -0.39055636525154108218 0.33973404765129089355 -1.06201004981994628906 1.32138609886169433594 -0.40555483102798461914 -1.29916787147521950452 -0.85129463672637939453 0.30570280551910400391 0.53332656621932983398 0.59576117992401123047
-0.70092439651489257812 -0.28293061256408691406 -1.46343886852264404297 1.57538986206054687500 0.43844172358512878418 -1.01242423057556152344 1.38823866844177246094 1.47939658164978049548 0.48812130093574518375 -1.30024814605712890625 1.99955677986145041736
-1.17385029792785644531 -1.48151707649230957031 0.03337841480970379915 1.41522514820098876953 -1.91012144088745117188 0.42940685153007507324 0.35253086686134338379 0.20420673489570609349 -1.22104454040527343750 -0.99444609880447398798 -0.26237821578979492188
0.57125055789947509766 1.46710145473480224609 -1.15134465694427490234 -1.71306586265563964844 -1.02719318866729736328 -0.32718661427497858218 0.19576875865459439363 1.37052416801452636719 1.19611048698425292969 0.54246592521667480469 -1.93280684947967551501
1.37506365776061989514 1.67885112762451149671 -0.17730100452899930086 -1.37687408924102783203 -0.52054351568222045898 -1.32957065105438232422 -0.34716609120368957520 -0.25254338979721069336 1.74617874622344970703 -0.87327635288238525391 0.06276793032884589452
0.01801447942852970122 -0.75641727447509765625 1.52653324604034423828 -0.50571119785308837891 0.94158142805099476202 1.54580986499786376953 -1.44991278648376464844 0.20620022714138031006 -0.53581124544143676758 -1.26309776306152343750 1.33586144447326660156
0.15917183458805078677 -0.27276894450187677554 0.73134982585906982422 1.44251883029937744141 0.58442485332489013672 -1.58950650691986083984 1.36016511917114257812 -1.09033954143524169922 -1.19636750221252441406 -0.84630113840103149414 1.46772694587707519531
1.67637419700622558594 0.85129380226135253906 1.78417825698852539062 -0.40097862482070917300 -1.38408088684082031250 -0.28589975833892822266 -0.50054746866226196289 0.97393405437469482422 0.79251700639724731445 0.56613117456436157227 -0.21443764865398398656
-1.51820695400238037109 -1.35485517978668190686 -0.64879059791564941406 1.10551130771636962891 0.07304834574460980501 -0.78248757123947143555 1.74267554283142089844 -1.24541485309600830078 0.79441648721694946289 0.19358876347541809082 0.13583251833915710449
-0.27867746353149408511 -0.44621753692626947574 0.00592067930847399969 1.20409035682678222656 0.12972684204578399658 -0.62985348701477050781 -0.97225189208984375000 1.58483862876892089844 -1.37175023555755615234 -0.62147027254104614258 1.35097754001617431641
0.33674034476280212402 1.43857920169830322266 -1.09510338306427001953 -0.85745632648468017578 1.43356096744537353516 -0.93325871229171764032 0.37392783164978027344 0.35890772938728332520 -0.00659888656809919961 0.13087901473045349121 -1.57037985324859619141
-0.51822030544281005859 -1.38032436370849609375 1.37729430198669433594 0.26403155922889709473 1.36825132369995117188 -1.15189862251281738281 1.16875100135803222656 -0.81717371940612792969 -0.74379724264144897461 0.51187914609909057617 0.66209787130355834961
-0.84971833229064941406 -1.04889798164367675781 -0.37713500857353210449 -0.01382974535226819991 0.94122803211212158203 -0.34049418568611139468 0.81451088190078735352 0.77539128065109252930 -1.33001565933227539062 0.18942676484584800023 0.61563318967819213867
0.70399302244186401367 0.34044414758682250977 0.66972613334655761719 1.20731365680694580078 -0.65667027235031127930 -1.28455007076263449939 0.56993794441223144531 0.78620392084121704102 -0.57410031557083129883 1.33134925365447998047 -0.86027741432189941406
1.34120309352874755859 1.01332032680511474609 1.39284551143646240234 -0.09293700009584419941 -1.77136516571044921875 -0.48403182625770568848 0.94258540868759155273 0.91686815023422241211 1.23799729347229003906 0.94128525257110595703 -1.00493967533111550061
-1.66788804531097389905 -1.69749653339386008533 -0.37144729495048517398 0.59350585937500000000 0.17851322889328000154 1.57279944419860839844 -1.02472794055938720703 -1.60141718387603759766 -0.79840862751007080078 0.88862985372543334961 -0.26257270574569702148
1.11563837528228759766 1.56566417217254638672 -0.74553632736206054688 -0.51147270202636718750 -0.53364491462707519531 -1.56878662109375000000 0.87170702219009399414 1.52788043022155761719 0.84880715608596801758 -1.44290578365325927734 -0.21972565352916709203
0.93934178352355957031 1.30011534690856911389 -0.40899384021759027652 -0.17988005280494689941 1.36810433864593505859 -1.65204823017120361328 0.68264698982238769531 0.73058223724365234375 1.66379499435424804688 0.91092938184738159180 -0.73433834314346313477
-1.00949096679687500000 -1.59821176528930664062 0.45647454261779779605 1.56602084636688232422 1.34260725975036621094 -1.06798160076141357422 0.19450370967388150301 0.31700643897056579590 -1.07006084918975830078 0.60336369276046752930 0.33617150783538818359
1.45226824283599831311 1.12983500957488991467 1.49732840061187744141 0.27705180644989008121 0.34042587876319879703 1.39662635326385498047 -1.48907124996185302734 0.47466018795967102051 1.24273490905761718750 0.18119856715202328767 0.55370026826858520508
0.34233528375625610352 0.44470420479774469547 0.06599483639001839375 -0.86192905902862548828 1.27978014945983886719 -0.38439783453941339664 1.44094431400299072266 -0.48448961973190307617 -1.28342998027801513672 0.33044910430908197574 -0.78270518779754638672
-0.70932143926620483398 -0.88888740539550781250 0.09088707715272900667 -0.17046982049942011050 1.43641757965087890625 -0.86771273612976074219 1.41903424263000488281 0.07509843260049819946 -0.73585659265518188477 -1.06106972694396950452 0.48760715126991271973
0.07439801841974250096 -0.48044255375862121582 0.70035964250564575195 0.49210584163665771484 1.13092195987701416016 1.26866209506988525391 -0.34868949651718139648 -1.29187524318695090564 1.30689644813537597656 -1.43023025989532470703 1.03005540370941162109
-1.34723830223083496094 -0.89953678846359252930 -1.37676584720611550061 1.50825273990631103516 -0.38253048062324518375 0.42897585034370422363 -1.65006613731384277344 -0.77412879467010498047 -0.55644989013671875000 -0.25275126099586481265 0.95740032196044921875
1.02948045730590820312 0.93699294328689575195 0.18569329380989069156 -0.09231716394424430150 -0.38536167144775390625 1.27877545356750488281 -0.93991923332214355469 -0.30667734146118158511 -0.60934126377105712891 -0.20001250505447379369 -1.63977086544036887439
1.24685120582580566406 1.19903838634490966797 0.82091307640075683594 -1.20073258876800537109 0.02172041498124590089 1.44734835624694824219 0.82502555847167968750 -1.49467909336090087891 -1.40242147445678710938 0.89502525329589843750 -0.79155933856964111328
-0.90824520587921142578 -1.54374361038208007812 0.57320398092269897461 -0.16919666528701779451 0.64167398214340209961 -0.88679045438766479492 -1.51619160175323486328 1.60150384902954101562 -0.83338904380798339844 1.17024433612823486328 -0.13239516317844390869
-1.50737237930297829358 -1.52649426460266113281 -0.36735618114471429996 1.58308994770050048828 -0.58039575815200805664 -1.54051220417022705078 -1.26965522766113281250 -0.83307588100433349609 -0.94712203741073597296 -1.67937374114990234375 0.08878715336322780260
-0.20595823228359219637 -0.42369848489761352539 -0.01361567154526709990 0.43019178509712219238 0.63498616218566894531 -0.29789957404136657715 0.73844629526138305664 -1.40988790988922119141 -1.23184978961944580078 -0.89593750238418579102 1.01411235332488991467
-0.44517084956169128418 -0.37827098369598388672 -0.38302627205848688297 1.36794805526733398438 -1.19339478015899658203 1.30042970180511474609 0.49315655231475830078 0.79421931505203247070 0.79999065399169921875 -1.11900389194488525391 1.11247503757476806641
-1.72703373432159423828 -1.35615503787994384766 -1.32606267929077170642 -1.34033417701721191406 1.04124844074249289783 -1.34644126892089843750 1.24978661537170410156 1.09491562843322753906 -1.22271704673767089844 0.30504396557807922363 -0.15956677496433249730
1.30153918266296408923 0.81377297639846801758 1.50608515739440917969 0.54363000392913818359 0.58116090297698974609 0.18254955112934109773 0.46875494718551630191 1.68968474864959716797 -0.53527140617370605469 -0.84671306610107421875 -0.31676006317138671875
1.12787294387817382812 0.28993368148803710938 1.83378469944000244141 -0.00871791318058959958 -1.62790799140930175781 -0.94151377677917480469 -1.10170781612396240234 -0.61279994249343872070 -1.40951955318450927734 0.36429676413536071777 -1.28476381301879882812
-0.45220360159873962402 0.22270144522190091219 -1.27571284770965576172 -1.68970704078674316406 1.26699304580688476562 0.22108106315135950259 -0.08779307454824440693 0.91811895370483398438 -1.23502433300018310547 0.95779591798782359735 0.57800465822219848633
1.30356895923614501953 0.81907701492309570312 1.54810130596160888672 -0.51363110542297363281 -1.67929589748382568359 1.70964825153350830078 -0.00440166797488920035 -1.48111426830291770251 1.00402832031250000000 0.43859165906906127930 -1.45532059669494628906
-0.07079893350601189350 -0.67108750343322753906 0.91884016990661621094 -0.74832248687744140625 0.49954760074615478516 0.12839290499687189273 0.85260611772537231445 -0.91877090930938720703 -1.31786930561065673828 -1.61966025829315207751 0.65755116939544677734
0.89288789033889770508 0.18241384625434869937 1.73438596725463889392 -0.83262407779693603516 -0.35981661081314081363 -1.17288899421691894531 -0.77184635400772094727 1.20257854461669921875 -0.91554027795791637079 -1.27483701705932617188 -0.94392043352127075195
-1.39886534214019775391 -1.36977005004882790296 -0.40504887700080871582 -0.25279054045677179507 1.15539193153381369861 1.15517878532409690173 1.73438525199890136719 1.41190791130065917969 1.06360101699829101562 1.20738303661346435547 -0.07708653062582010440
0.34158334136009210757 0.14409847557544699925 0.01069239713251590035 -1.12921917438507080078 0.43804350495338439941 -0.47818124294281000308 1.62480378150939941406 1.10756886005401589124 0.80266237258911132812 -1.25939857959747314453 -0.64595311880111694336
1.39784741401672363281 0.89677834510803222656 1.61876547336578369141 -0.09677254408597940616 -1.26668524742126464844 -1.27338004112243630139 1.70380997657775878906 -0.48853266239166259766 1.53532409667968750000 -1.14957118034362792969 -0.78811472654342651367
0.26481986045837402344 0.53211730718612670898 -0.29277369379997247867 1.59671914577484130859 0.84645456075668334961 -1.23029255867004394531 -0.14303633570671078767 -1.15109145641326904297 -0.72639644145965576172 0.42111811041831970215 -0.27979215979576110840
1.45629155635833740234 1.30357635021209716797 1.64184570312500000000 -1.08976209163665749280 0.40300771594047540836 -0.94231396913528442383 -1.00228059291839599609 0.65237224102020263672 1.21753001213073730469 -0.42581757903099060059 0.38133069872856140137
-0.83630168437957763672 -0.45018649101257318668 -0.74526935815811157227 0.13887368142604819554 -1.77505612373352050781 -0.62153267860412597656 0.26989012956619262695 -0.05537824332714080117 -0.76542997360229492188 -0.60385203361511230469 0.38346728682517999820
0.55280250310897827148 1.50971734523773193359 -0.95682656764984119757 -0.97618198394775401727 -0.43694323301315307617 1.56968903541564941406 -0.07174888998270030627 0.49887409806251520328 -0.41436976194381708316 0.89717495441436767578 -1.69246661663055419922
-1.21603560447692871094 -0.66458588838577270508 -1.41904878616333007812 -0.08144335448741910066 0.33979433774948120117 1.56400716304779030530 -0.68156439065933227539 -1.34910786151886008533 -0.69308382272720336914 1.56469285488128662109 0.52700519561767578125
0.70848840475082397461 1.08546352386474609375 -0.66272854804992675781 1.56749498844146728516 0.61561661958694458008 -1.60665082931518554688 1.31919145584106445312 -1.57878744602203369141 1.74928319454193115234 1.48352074623107910156 -0.96869671344757080078
-2.01726913452148437500 -1.62952387332916259766 -0.90345257520675659180 0.19431388378143310547 -0.99043643474578857422 1.10493361949920632092 1.44336771965026855469 0.16883566975593561343 -1.06089735031127929688 1.42917203903198242188 -0.42433583736419677734
0.05560718849301329869 -0.40675061941146850586 0.59938198328018188477 -0.54376918077468872070 0.61649215221405029297 -0.60468590259552001953 -0.24831853806972500887 -0.23952069878578180484 -1.08237504959106445312 -0.23872143030166620425 0.75923645496368408203
-0.35358056426048278809 -0.61557745933532714844 0.36712735891342157535 0.18972857296466819066 1.02030432224273681641 0.70074081420898437500 1.44398772716522216797 0.36395153403282159976 -0.27770414948463439941 0.36817631125450128726 0.87492966651916503906
-0.88791561126708984375 -1.41737568378448486328 0.62403160333633422852 0.29214450716972351074 0.61988419294357299805 -0.22584235668182370271 -1.08699047565460205078 -1.36219394207000710217 0.84078663587570190430 -1.70252835750579833984 0.21122069656848899144
1.43762183189392089844 1.57607686519622802734 0.56031161546707153320 -0.11685506999492639713 1.33465445041656494141 0.77585369348526000977 1.22023165225982688220 -0.80303943157196044922 -1.47023618221282958984 0.16926769912242889404 1.00808644294738769531
-1.30312764644622802734 -1.37913799285888671875 -0.01021047960966819934 -1.27234804630279541016 -0.17694191634654998779 -1.18855428695678710938 -1.18702781200408935547 1.43477177619934082031 1.54250574111938476562 -1.04723548889160156250 -0.86108028888702392578
-1.36432635784149169922 -1.65887296199798583984 -0.21408997476100918855 1.64611935615539550781 1.40477645397186279297 1.65724265575408935547 -0.65186256170272827148 -1.04496979713439941406 -0.38105931878089899234 -1.52256584167480490954 0.33541494607925409488
1.59460973739624023438 0.95963847637176524774 1.80970752239227294922 -1.66771245002746582031 0.50382733345031738281 0.89967316389083862305 0.51100391149520874023 -1.05942463874816894531 -1.21159493923187255859 -1.30823910236358642578 -0.26020407676696777344
0.38612809777259821109 0.26779612898826599121 0.13925504684448239412 1.00929558277130126953 -0.39202156662940979004 -1.42014825344085693359 1.05359292030334472656 0.52698612213134765625 0.18503789603710169009 0.51232022047042846680 -0.42822477221488952637
-0.73310804367065429688 -1.17558789253234863281 0.38959780335426330566 -0.84911191463470458984 1.60907912254333496094 -0.21160688996314999666 -1.65373325347900390625 -1.51305484771728515625 0.70486223697662353516 -0.25681042671203607730 -0.10889962315559380268
-0.66550391912460327148 -0.13114064931869501285 -1.46242594718933105469 0.59805333614349365234 -1.18553590774536110608 0.06741819530725469412 -0.69031935930252075195 -0.51535654067993164062 -0.34194621443748468570 -0.76978266239166259766 1.34460330009460449219
-0.82526057958602905273 -0.82669121026992797852 -0.33310878276824951172 0.22922280430793759431 0.70601290464401245117 -1.62695348262786887439 -0.29530683159828180484 1.31033515930175781250 -0.83383506536483764648 -0.27657625079154968262 0.76268893480300903320
0.76894825696945190430 0.37377557158470148257 1.33459758758544921875 -1.29378724098205566406 0.81918865442276000977 0.97873181104660045282 -0.75967711210250854492 1.62408864498138449939 0.58708781003952026367 1.51108002662658691406 -1.46024441719055175781
-0.37633982300758361816 0.27063077688217157535 -0.93975281715393077508 -0.63273757696151733398 -0.49099811911582941226 -0.72442358732223510742 -1.68810462951660156250 1.54619109630584716797 0.16124716401100158691 -0.40891188383102411441 0.27590617537498468570
-2.04132151603698774878 -1.68608272075653076172 -1.59258091449737571033 -0.33605536818504327945 1.46134972572326660156 -1.19048726558685302734 1.16226792335510231702 0.41925698518753051758 0.54661315679550170898 -0.52465736865997314453 0.16551199555397030916
-1.19340920448303222656 -0.68985623121261596680 -1.35527634620666503906 -0.63056325912475585938 1.24013531208038330078 0.26439633965492248535 -0.96325349807739257812 -0.71041923761367797852 0.51531940698623657227 1.41545784473419189453 0.60256457328796386719
-0.50679612159729003906 -1.27638959884643554688 1.36643326282501220703 -0.88147205114364624023 0.58745336532592773438 0.74596577882766723633 -1.38677680492401123047 -0.84234201908111572266 -0.06503738462924950336 -0.95844942331314075812 0.26251918077468872070
0.09516079723834990067 -0.37481540441513061523 0.53239613771438598633 0.54260164499282836914 -1.40199327468872070312 1.25882768630981445312 -0.66946572065353393555 -1.12892758846282958984 -0.02162919752299780063 -0.27462759613990778140 0.59321278333663940430
-0.90968388319015502930 -1.37301850318908691406 -0.10751096904277800126 0.47889855504035949707 1.51235806941986083984 -0.89287751913070678711 1.47867345809936523438 -0.52275484800338745117 -0.75897645950317382812 -1.62911319732666015625 0.34810680150985717773
-0.68074893951416015625 -0.93226051330566395148 0.61688095331192016602 -1.18958294391632080078 -1.49513018131256103516 0.60645705461502075195 0.03004597127437590165 -1.22696244716644287109 -1.38404798507690429688 -0.57876425981521606445 -0.18808527290821069888
0.99103546142578125000 1.19441735744476318359 0.05376478284597389912 -0.77095645666122436523 -1.07445156574249289783 1.37451577186584472656 -1.54057955741882324219 -0.20591032505035400391 0.66924154758453369141 -0.41540712118148798160 -1.58151769638061523438
-0.10000643134117119526 -0.43657293915748590640 0.28808346390724182129 1.52842724323272705078 -0.69672155380249023438 1.38369119167327880859 1.19793713092803955078 -0.82912719249725341797 0.88755756616592407227 -1.05885660648345969470 1.17559766769409179688
0.92365503311157237665 0.51296597719192504883 0.71846848726272583008 0.60181307792663574219 -0.65498602390289306641 0.77192866802215576172 1.20801854133605957031 0.19555403292179099339 1.49594640731811523438 0.23454174399375909976 -1.60582709312438964844
0.84656447172164916992 1.32598114013671875000 -0.81251013278961181641 -0.75571352243423461914 -0.96245092153549205438 1.04051434993743896484 -0.10486076772212979402 -1.50838899612426757812 -1.16067600250244140625 -0.87197780609130859375 -1.47811305522918701172
-0.82215803861618041992 -1.54021215438842751233 1.04082596302032470703 0.64842545986175537109 1.60792279243469238281 0.69045257568359375000 0.22423669695854178685 -0.95777106285095203742 -0.66845071315765380859 0.32137030363082880191 0.65147566795349121094
-0.21893742680549618806 0.19488644599914550781 -1.30451714992523193359 -0.78240519762039184570 -0.02712350897490969914 -0.18385000526905059814 -0.67276930809020996094 -1.26485502719879150391 -0.48260277509689331055 0.53493112325668334961 0.73779577016830444336
-1.19280016422271728516 -0.97958803176879882812 -0.46366977691650390625 -1.21738851070404030530 1.44032382965087890625 -0.67624646425247192383 -1.70072054862976074219 1.08930540084838889392 0.57549279928207397461 -1.50209033489227294922 0.06652297824621200562
1.38602697849273681641 1.45104432106018088611 0.03438053652644149777 0.12971204519271850586 1.08701205253601074219 -1.19224381446838378906 -0.41341066360473627261 0.66282129287719726562 1.70983147621154807361 0.20605348050594329834 0.86699837446212768555
0.53615528345108032227 0.57280647754669189453 0.60499233007431030273 -1.02827858924865722656 0.46223843097686767578 -0.10464955866336819734 -1.43916225433349609375 -0.63696664571762084961 -1.20453631877899169922 0.37346744537353510074 -1.68954658508300781250
-1.33826875686645507812 -0.97759079933166503906 -1.29173409938812255859 1.16166484355926513672 -1.34142780303955078125 0.41264280676841730289 -0.16806897521018979158 -1.26769423484802246094 0.72920697927474975586 1.62474954128265380859 0.65132743120193481445
-0.03608528897166250055 -0.21322633326053619385 0.12806963920593258943 0.80025869607925415039 0.00236298865638670010 0.40318527817726129703 -0.25844839215278619937 1.34881174564361550061 -0.24559195339679709691 -1.30052781105041503906 1.14180731773376464844
1.74283933639526367188 1.29215312004089355469 1.27097618579864501953 0.82370746135711669922 -0.24753491580486289281 0.68333011865615844727 0.95636308193206798212 -1.49228596687316894531 -1.36191678047180175781 -1.11315405368804909436 1.24948000907897949219
1.68011999130249023438 1.59960341453552246094 1.26092147827148437500 0.16327093541622159090 0.82420176267623901367 1.02300095558166503906 0.61156696081161499023 -1.53980779647827170642 1.04322755336761474609 0.84679949283599853516 1.40613257884979248047
-0.77152657508850097656 -0.35237580537796020508 -0.91732114553451538086 -1.30505514144897460938 0.99208664894104003906 0.22165970504283899478 -1.09345054626464843750 -0.80128973722457885742 0.10537294298410410098 -1.41005122661590576172 0.58540558815002441406
0.22902952134609219637 0.54202866554260253906 -0.20951662957668298892 -1.11499619483947753906 1.31569099426269509046 1.25313973426818847656 -1.26133358478546142578 0.55464750528335571289 -0.26508665084838861636 1.03409826755523681641 -1.08736145496368408203
-0.08482654392719260472 -0.47574084997177118472 0.78776848316192626953 -1.72557675838470458984 -0.37802723050117492676 -0.45121186971664428711 -1.23894274234771728516 -0.63204020261764526367 0.63950538635253906250 0.31942957639694208316 0.20128348469734189119
0.47836551070213317871 0.14787256717681879215 1.41952192783355712891 -1.52164101600646950452 -0.57105386257171630859 0.15008907020092010498 -0.02979651652276510063 1.65770101547241210938 -1.16136145591735839844 -0.77660459280014038086 -0.89109462499618530273
1.61253833770751953125 1.41879725456237792969 0.53765600919723510742 0.18818169832229608707 0.71288192272186279297 -0.58314418792724609375 0.34807357192039489746 -1.17649638652801513672 -1.06379187107086181641 0.06837563961744300145 1.24841070175170898438
