1.78219985961914062500 -0.47477015852928161621 0.31738927960395807437 -1.01863563060760498047 -0.24012772738933560457 -0.31391996145248407535
1.37661647796630859375 1.43102741241455078125 -0.77927237749099731445 1.08196103572845458984 0.36018407344818109683 1.17269921302795410156
0.75635635852813720703 0.31754112243652338199 0.12696005403995511140 -1.33044362068176269531 1.26689147949218750000 -0.08760346472263330631
-1.34295427799224831311 0.23115175962448120117 -0.39062401652336120605 0.85104382038116455078 -0.67983025312423706055 -0.77663558721542358398
1.12120783329010009766 -0.46875137090682977847 1.29126453399658203125 -0.95933663845062255859 -1.21272265911102294922 -0.32767170667648309879
-0.60402506589889526367 -0.20347337424755090884 0.55675619840621948242 -1.00748038291931152344 0.52913326025009155273 -1.23069274425506591797
1.44444835186004638672 -1.35963881015777610095 1.20507454872131369861 0.87113249301910400391 1.04484915733337402344 0.90716999769210815430
-0.74552196264266967773 1.11169004440307617188 -1.09043884277343750000 -0.43114098906517028809 1.40476524829864501953 0.48275309801101679019
-1.53104460239410400391 1.53983533382415749280 0.59987843036651611328 -0.53829622268676757812 -0.39372071623802179507 -1.31245195865631103516
-1.04627454280853271484 0.52134042978286743164 -0.74859648942947387695 0.45251530408859247379 -1.69926214218139648438 -0.52323925495147705078
-0.56750255823135375977 -0.81479001045227050781 -1.71401727199554443359 -0.94567924737930297852 1.50671947002410888672 -0.08634783327579489964
-0.40420752763748168945 -0.51608902215957641602 -1.06838726997375488281 0.43892168998718261719 -0.99705153703689575195 -0.09254849702119820332
0.62629652023315429688 0.10932763665914529971 0.22630725800991050023 1.58788692951202392578 1.83404064178466796875 1.78228294849395751953
-0.43469947576522821597 -0.35216274857521051578 -0.25913667678833007812 -0.62128072977066040039 0.44936710596084589175 -0.25187703967094421387
1.20356917381286621094 -1.55812823772430419922 -0.94574749469757080078 -0.55302166938781738281 -0.67674398422241210938 -1.05826771259307861328
0.02766371518373480012 0.35734891891479492188 -0.54104942083358764648 1.50892364978790283203 -0.10218074917793269762 1.30325007438659690173
-0.24260011315345761385 -0.06435766816139219804 1.15028977394104003906 0.23313391208648678865 -0.38498267531394958496 0.32888665795326227359
-0.58720129728317260742 1.26165354251861550061 -1.37175095081329367908 1.17214858531951904297 0.33416220545768737793 1.60367512702941894531
-1.26779222488403320312 0.25830876827239990234 0.81979399919509887695 0.42872640490531921387 -0.27373409271240228824 -0.69669079780578613281
-1.33217322826385498047 -0.87683230638504028320 -0.77069926261901855469 -0.60960358381271362305 -0.71884185075759887695 -1.68427741527557350842
1.45146155357360839844 -1.43779170513153076172 0.49285131692886352539 0.62256145477294921875 -0.54969984292984008789 -0.55062925815582275391
-1.32291245460510231702 -0.03267574310302730212 -1.60904681682586669922 -1.53893995285034179688 -0.34082859754562377930 -1.43189883232116699219
0.95548111200332641602 -0.96719449758529663086 0.90199804306030284540 -0.19232474267482749242 0.31007462739944458008 0.24776674807071680240
1.47100317478179909436 1.41498672962188720703 0.54607099294662475586 -0.86437290906906127930 -1.49865174293518088611 -1.11859762668609619141
1.56355643272399902344 -0.05697339773178099892 1.01286780834197998047 1.03065264225006103516 1.75424659252166770251 2.44799923896789550781
1.51160931587219238281 1.00473475456237792969 0.14337243139743799381 -1.34965038299560569079 0.18404421210288998689 -0.83362555503845214844
1.41211259365081809314 -1.67229092121124289783 -0.16081374883651730623 -1.07673764228820800781 -0.91112375259399402960 -2.12094640731811523438
-0.07747565954923629761 0.40847933292388910465 -1.33051347732543967517 -1.45327055454254150391 -0.29231607913970947266 0.04983690381050109863
-1.41116404533386230469 -1.37722885608673095703 -0.65172535181045532227 -1.53557825088500976562 -0.56772804260253906250 -2.14267110824584960938
1.31256175041198730469 0.93235123157501220703 0.67321878671646118164 -0.77896463871002197266 -0.26867014169692987613 -0.07642953097820280595
-0.58973187208175659180 0.45461246371269220523 -0.75902724266052246094 0.31678590178489679507 -0.85587328672409057617 -0.12001582980155940661
-0.27272331714630121402 0.33532330393791198730 -0.87291073799133300781 -1.26125192642211914062 1.80805194377899192126 0.20912754535675048828
-1.18110561370849609375 0.21487824618816370181 1.00247824192047119141 -1.63960134983062744141 1.44262671470642089844 -1.13313198089599609375
0.85654234886169433594 0.40630844235420221500 0.03234646841883650342 0.47189515829086298160 1.28575444221496582031 1.50029611587524391858
1.30165481567382790296 -0.60881888866424560547 1.64180719852447509766 -0.62282979488372802734 1.76619255542755126953 1.11662769317626953125
0.31844827532768249512 -1.09047448635101318359 -0.77877646684646606445 0.04308699816465370175 0.90421217679977416992 0.27739381790161127261
1.12405335903167724609 0.61059999465942382812 -1.06886756420135498047 0.57521361112594604492 0.86014008522033691406 1.74090492725372314453
-0.03612673282623290322 0.14237305521965021304 1.64908766746520996094 0.54300624132156372070 -1.61375105381011962891 1.04491889476776123047
1.49981105327606201172 -0.36697900295257568359 0.07663491368293759431 -1.52915334701538085938 1.78203558921813964844 0.00642583239823569987
-1.50687146186828591077 -0.40201517939567560367 -0.13322533667087549381 1.28751492500305175781 1.82808673381805442126 0.07518676668405530061
0.87384599447250366211 -0.77538424730300903320 -1.15367901325225830078 1.16526460647583007812 0.61964690685272216797 0.99279689788818359375
-0.30150601267814630679 -0.13410821557044980135 -1.02851414680480957031 0.78335481882095336914 0.86362600326538085938 0.90628659725189197882
-0.72018617391586303711 -0.09958482533693309435 -0.01685397885739799845 -0.75659304857254028320 -1.17210364341735839844 -1.35139071941375710217
-0.83059591054916381836 -1.33574867248535156250 0.55467522144317626953 -0.11316383630037299413 1.36355054378509521484 -0.76736408472061157227
0.77249008417129516602 -1.19618511199951149671 -0.65648239850997924805 -1.27880907058715820312 -0.01418591942638149951 -1.32309913635253906250
-1.33553862571716308594 0.26300159096717828922 -0.31372296810150140933 -1.07788002490997314453 1.71057844161987304688 -1.13305783271789550781
-0.98347657918930042609 0.10024079680442810059 1.20165872573852539062 -1.46665501594543457031 -0.76362663507461547852 -1.09399688243865966797
-0.19433765113353729248 -1.19853115081787109375 -0.86267966032028198242 0.16558304429054260254 0.17736124992370599918 -0.42212781310081481934
-1.38619112968444824219 1.45947587490081809314 0.25101774930953979492 -0.20532599091529840640 -0.51346516609191894531 -1.45723044872283935547
1.55449759960174560547 -1.14830636978149391858 0.43903937935829162598 0.98867797851562500000 -0.04372841864824290187 0.16636981070041650943
-1.52290701866149902344 -0.23129311203956601228 1.58873784542083740234 1.21688318252563476562 -1.68103849887847900391 -0.42309638857841491699
-1.54960191249847389905 0.97853934764862060547 1.23643350601196289062 0.92314720153808604852 -0.23998562991619110107 -0.18436597287654871158
0.53759986162185668945 1.15959429740905761719 0.73950564861297607422 -1.26590144634246848376 1.04811120033264160156 -0.12663811445236200504
0.60697454214096069336 -1.69435071945190429688 -1.39766812324523925781 0.22686378657817840576 -1.11971604824066162109 -0.67483168840408325195
-1.46748399734497070312 -0.27218338847160339355 1.71187698841094970703 1.44650495052337646484 -0.32509437203407287598 0.30960723757743829898
-0.20981346070766448975 -1.37965524196624755859 -1.58525931835174560547 1.32331681251525878906 -1.46443796157836914062 0.19040535390377039127
0.00825159903615709997 -1.24252450466156005859 -1.02584838867187500000 0.56100553274154663086 0.92904669046401977539 0.09742575883865349506
-0.95614320039749156610 -0.99539470672607421875 0.12540319561958310213 0.59677559137344360352 0.46205133199691772461 -0.51840251684188842773
-0.91665387153625477179 -0.30746302008628839664 -0.64379894733428955078 0.66633039712905883789 1.47996687889099121094 0.12928821146488189697
-1.02138614654541015625 1.24911332130432128906 -0.75696724653244018555 0.63799542188644409180 0.01607475057244300148 0.21091561019420621004
-1.08724582195281982422 1.39900100231170632092 -1.51974523067474365234 0.96279340982437122687 0.84724187850952148438 0.73549306392669677734
-1.41709744930267311780 -0.16324399411678308658 0.32089865207672119141 -1.14716351032257080078 1.32529616355895996094 -1.25466597080230712891
0.50900822877883911133 -1.43165361881256103516 -1.39834558963775634766 0.13978913426399230957 1.71215236186981201172 0.56937843561172485352
-0.85071176290512084961 -0.27159199118614191226 0.15507490932941431216 -0.99636173248291015625 -0.57918769121170043945 -1.65823054313659690173
1.47245383262634277344 -1.79273438453674316406 0.68059396743774414062 0.28097927570343017578 -1.17640471458435058594 -1.53105425834655761719
-1.04190695285797119141 -0.80323445796966552734 1.04509377479553222656 -1.65580391883850097656 -1.15065312385559082031 -1.93596959114074707031
0.46501713991165161133 0.62179321050643920898 1.45061683654785156250 1.05362975597381591797 -0.74051564931869506836 1.93987715244293190686
1.19682765007019042969 1.31067013740539550781 1.61904656887054443359 1.27438330650329589844 -0.52416539192199707031 1.57368576526641845703
1.07221174240112304688 -0.96479398012161243781 -0.16711595654487609863 -1.15833640098571777344 -0.87110888957977294922 -1.19885277748107910156
1.04050648212432861328 -1.39734363555908203125 0.46658653020858759097 0.22081552445888519287 -0.78382396697998046875 -0.67289727926254272461
1.83435297012329101562 -0.92275971174240123407 0.68009018898010253906 1.48787212371826149671 -0.57130360603332519531 0.58356469869613647461
1.49467194080352783203 -1.29911386966705322266 -1.15066838264465309827 0.87727516889572143555 -0.00662132678553460034 0.33668684959411621094
-0.68280637264251708984 -1.31860351562500000000 1.38607311248779296875 0.85167247056961059570 1.61691677570343017578 0.61980658769607543945
-0.48389610648155212402 0.92572975158691395148 0.99544817209243763312 1.33046007156372070312 0.32872888445854181461 1.41588997840881369861
-0.96240860223770141602 0.31268155574798578433 -1.25028204917907714844 -1.33408355712890625000 -1.52551782131195090564 -1.30308914184570312500
1.60498404502868630139 -0.37267836928367609195 0.18492397665977469701 -0.98735696077346801758 0.37824645638465881348 0.11104016751050939382
0.46109127998352050781 -0.28322646021842950992 1.04549634456634521484 1.34650290012359619141 0.55860173702239990234 1.46809315681457519531
-0.53229671716690063477 1.33421361446380615234 0.23498384654521939363 -0.39956104755401611328 1.17366623878479003906 0.28120031952857971191
1.30779218673706032483 -1.72957170009613037109 -0.28184399008750909976 1.00843644142150878906 -1.59911119937896728516 -1.23352503776550292969
-1.46886265277862571033 0.13831144571304321289 0.49368992447853088379 1.22559893131256103516 1.50758445262908935547 -0.12759912014007560033
0.52087849378585815430 0.88129764795303344727 0.04527104273438450205 0.14532649517059320621 0.87140041589736938477 1.19783830642700195312
-1.18082201480865478516 -0.98715698719024658203 -0.23923543095588681306 -1.09452128410339355469 0.48318347334861749820 -1.73800265789031982422
0.21654623746871939916 -0.06256155669689170140 0.08166591823101039538 -1.60550796985626220703 -1.21762990951538085938 -1.26976490020751953125
0.51139414310455322266 1.46567571163177490234 0.52540749311447143555 -1.52974259853363037109 0.55822265148162841797 -0.00281558395363390012
0.75918984413146972656 -1.16449379920959472656 1.45474004745483398438 -0.12405046075582500109 -0.23451030254364010896 -0.16842946410179129857
0.70803391933441162109 -0.44119012355804437808 1.17762279510498046875 0.98619300127029418945 -0.91721117496490478516 0.78330349922180175781
0.71475249528884887695 -1.71390700340270996094 0.00256635574623939990 1.59408450126647949219 -0.52007871866226196289 -0.31374418735504150391
1.69730508327484130859 0.96292531490325916632 1.11376106739044189453 -1.43787205219268798828 0.43488532304763788394 -0.16813142597675320711
0.66049724817276000977 1.32480776309967041016 0.78752136230468750000 -0.83615982532501220703 1.19711041450500488281 0.64839541912078857422
-1.06649744510650634766 -1.12701082229614257812 0.12823000550270080566 -1.08488094806671142578 -0.02786036022007460158 -1.80135869979858398438
0.64680069684982299805 0.03116258792579169878 1.41756463050842285156 -0.35788473486900329590 -0.65875631570816040039 0.54715925455093383789
1.47468256950378417969 0.72175699472427368164 -1.64441394805908203125 0.26479193568229669742 1.28890311717987060547 1.67105126380920410156
-0.29649361968040460757 1.63090729713439941406 1.65754902362823486328 0.70034497976303100586 1.28520452976226806641 1.85908663272857688220
1.08986294269561767578 -0.42322725057601928711 -0.41906520724296569824 -1.42439782619476318359 0.69246554374694824219 -0.25195240974426269531
0.18939648568630210179 0.64337569475173950195 0.29672521352767938785 -1.24016225337982177734 0.46684354543685907535 -0.09859363734722130512
1.49287497997283935547 0.29200065135955810547 1.54272103309631369861 -1.32343792915344238281 -0.80005085468292236328 0.38744172453880310059
0.32590320706367492676 -0.79392045736312866211 -0.56868815422058105469 -1.27481555938720703125 -0.46145734190940851382 -1.00508475303649902344
1.41914474964141845703 -0.36921083927154541016 -0.03724961727857589722 0.70011079311370849609 -1.56707966327667236328 0.58163094520568847656
0.55867993831634521484 -0.48886200785636901855 -1.40730690956115722656 -0.19396604597568509187 0.48134618997573852539 0.84089714288711547852
0.92324638366699218750 -0.35599699616432189941 1.02605485916137695312 -1.31862545013427712171 0.45415610074996948242 0.04959379509091370319
0.96873694658279418945 1.69281065464019775391 -0.54894286394119262695 0.52634221315383911133 0.42461216449737548828 0.65712261199951171875
1.06439137458801269531 -0.93298548460006724969 -0.91775798797607421875 0.28554934263229370117 1.42706203460693359375 0.49601525068283081055
0.32397297024726867676 0.41270986199378967285 0.58265990018844604492 -1.07196414470672607422 -0.50910151004791259766 -0.06677035987377159809
-1.58542573451995849609 -1.30823087692260742188 -0.74948036670684814453 1.02316725254058837891 -0.02103999257087699887 -0.62301272153854370117
1.46002542972564697266 0.32660591602325439453 1.25012099742889404297 -1.28765034675598144531 0.20719620585441589355 0.25586557388305658511
0.00510026700794690042 0.21703515946865079012 0.65712493658065795898 -0.83206689357757568359 0.76254361867904663086 -0.15741036832332611084
-1.22681462764739990234 1.26983821392059326172 -0.25873893499374389648 -0.26028019189834589175 -1.40919935703277610095 -1.21988832950592041016
0.05502192676067350213 -0.54518938064575195312 0.26388710737228388004 -0.22592611610889429263 -1.33522212505340576172 -0.75848901271820068359
-1.50624334812164306641 1.10406386852264404297 -0.62039339542388916016 0.14372169971466058902 1.39295172691345192639 -0.60681515932083129883
-0.78956872224807739258 0.08941476792097090287 0.28479737043380737305 -0.84600132703781127930 -0.34111598134040832520 -1.04794847965240478516
1.64585864543914794922 -1.39371430873870849609 -1.54695165157318115234 0.94169723987579356805 0.33096998929977411441 0.70009666681289672852
-0.58494263887405395508 0.91389065980911243781 0.51118910312652587891 0.62572479248046875000 0.13036811351776120271 0.21186144649982449617
-0.38837075233459472656 -1.16412913799285888672 -0.91096538305282603876 1.42948734760284423828 -1.37224423885345458984 0.07211212813854210590
1.75365090370178222656 1.35359954833984375000 1.07949292659759521484 -1.37633824348449707031 1.60401117801666259766 -0.52870094776153564453
0.29305878281593322754 -1.18985486030578591077 -1.68956696987152099609 -0.56825089454650878906 0.00160100357607000001 -0.26013571023941040039
-1.12811601161956809314 1.69575631618499755859 1.51132881641387939453 1.60993182659149169922 -0.12914463877677909154 0.98484146595001220703
-0.63521981239318847656 -0.44455805420875549316 -0.99688339233398437500 1.48938202857971191406 -0.45665842294692987613 0.47133743762969970703
-0.80608499050140380859 -1.42909395694732688220 -1.04411494731903076172 -0.94216609001159679071 0.03961442783474920099 -1.07661724090576149671
-0.87848830223083496094 -0.11132656782865520129 -0.82412880659103393555 1.52746045589447021484 -0.54970622062683105469 0.26643878221511840820
0.17190648615360260010 -1.12367570400238037109 -1.09715497493743896484 1.50415539741516113281 0.97127139568328857422 0.56680190563201904297
1.33713853359222389905 -0.33046612143516540527 1.28461980819702170642 -0.31331318616867059879 1.30259764194488525391 1.11087608337402343750
-0.80959677696228027344 0.74800294637680053711 0.72505599260330200195 0.11082863062620160188 -0.09275783598422999987 -0.28539779782295221500
1.36693191528320312500 -1.53773868083953857422 -1.57425785064697287829 -1.29863858222961447986 1.21234488487243630139 -0.25196784734725952148
1.27143585681915283203 0.23034413158893579654 -1.15646016597747802734 -1.47751510143280029297 1.08406782150268554688 0.45436924695968627930
0.76779061555862426758 0.68725675344467163086 -1.30809354782104492188 0.07044654339551920108 -1.02085590362548850329 0.99463337659835815430
-0.43366360664367670230 -0.36324337124824518375 0.07756910473108290238 1.04415750503540039062 -1.69488704204559326172 -0.11003564298152919421
-0.95695352554321277960 -0.57137465476989746094 -0.86299461126327514648 0.85149103403091430664 -0.49891388416290277652 -0.22669103741645810213
0.04201022908091540248 -0.81976079940795898438 0.62031370401382446289 1.00083410739898681641 0.86608761548995971680 0.08733635395765300402
-1.43686795234680175781 1.35859382152557350842 -0.62293684482574462891 0.19910629093647000398 0.18035708367824548892 -0.65601831674575805664
-0.98399740457534801141 -0.99838244915008544922 0.78287923336029052734 -0.88863909244537353516 -0.99959784746170043945 -1.49136495590209960938
-0.51192939281463623047 0.74205327033996582031 0.54809129238128662109 -1.45815610885620117188 1.74047136306762695312 -0.23779876530170440674
0.89852374792098999023 0.85257118940353393555 -0.26101130247116088867 1.14475750923156738281 1.20215225219726562500 1.45223331451416015625
-0.51517009735107421875 1.45146334171295166016 -0.70721030235290527344 -0.47264227271080011539 0.55067974328994750977 0.39234092831611627750
-1.35085511207580566406 -0.37797373533248901367 -0.25265347957611078433 -1.40095710754394509046 0.26622673869132990054 -1.97610056400299072266
-0.25001826882362360172 1.44704151153564430921 -1.24134290218353271484 1.61671483516693115234 -0.24049383401870719212 1.86065220832824707031
-0.41867059469223022461 1.04862582683563232422 0.35235223174095148257 1.49108111858367919922 0.61555159091949462891 1.03730225563049316406
-0.06133339181542390300 0.30162495374679559879 1.13965153694152832031 1.22637426853179909436 1.13745605945587158203 1.51840746402740478516
1.25815892219543457031 -0.73754829168319702148 1.31205499172210693359 -1.32058465480804443359 -0.85092312097549438477 -0.14029118418693539705
-1.22604644298553489001 0.29680278897285461426 0.66057282686233520508 1.24861574172973632812 -0.48157858848571777344 0.00251990859396750014
0.25345346331596368961 0.77201509475708007812 1.44367492198944091797 1.58166301250457763672 -0.67054378986358642578 2.01260805130004882812
1.31099259853363037109 0.76040816307067871094 0.36499810218811029605 1.01968419551849365234 -0.85346537828445434570 1.05936133861541770251
-0.95571851730346679688 0.20597606897354120425 -0.07449878752231589574 -0.85222375392913818359 -1.03555178642272949219 -1.74360811710357688220
1.40520167350769042969 -0.58832144737243652344 0.50563704967498779297 1.31402266025543190686 -0.09479922056198120117 1.21502709388732910156
1.28538405895233154297 1.42801630496978759766 -0.30544275045394897461 -0.15387992560863489322 1.23722624778747558594 0.32162767648696899414
-1.28959143161773681641 -0.82348978519439697266 0.61476546525955200195 1.54604279994964599609 -0.46139764785766601562 -0.41811841726303100586
-0.85073250532150268555 -1.74164021015167236328 0.55648350715637207031 -0.93717896938323963507 1.38025712966918967517 -1.36770999431610107422
0.48076853156089782715 -0.68266808986663818359 -1.57613503932952880859 0.35842314362525939941 -0.59974408149719238281 0.33774107694625848941
0.16607418656349179353 -1.20144188404083229749 0.75138735771179199219 1.46053993701934792249 -0.17387357354164120760 0.54908484220504760742
-0.34907808899879450015 -1.56402933597564697266 1.47130894660949707031 -0.70033866167068481445 0.08975217491388319535 -1.02721440792083740234
0.36650454998016357422 -0.27463245391845697574 1.31865787506103515625 -0.88041752576828002930 0.65952634811401367188 0.48830860853195190430
1.45320320129394509046 1.31341636180877685547 -1.67333185672760009766 0.41639414429664611816 -1.06607425212860107422 0.98837924003601085321
-1.54276394844055175781 1.60157692432403564453 1.40502417087554909436 -1.48338544368743896484 -0.44849383831024169922 -1.57024466991424560547
1.00417804718017578125 0.30896574258804321289 -0.04996833950281139719 0.80265003442764282227 1.18566882610321044922 1.38949394226074218750
0.69602823257446289062 1.32599496841430664062 1.19917714595794677734 -0.76164686679840087891 -0.83591854572296142578 0.35063451528549188785
-1.16677486896514892578 1.54798614978790283203 -0.53597944974899291992 -1.28961491584777832031 0.80387866497039794922 -1.19126224517822287829
0.64005875587463378906 -1.50931179523468017578 1.51826941967010498047 -0.35098284482955932617 -1.28965294361114501953 -0.98320549726486194952
-1.23856294155120849609 1.16959285736083984375 0.53901410102844238281 -0.45898914337158197574 1.59997856616973876953 -0.10776346176862709736
-1.13375890254974365234 -1.11292016506195090564 0.72035342454910278320 -1.36028146743774391858 0.70979404449462890625 -1.90928506851196289062
1.66478896141052246094 0.46358028054237360172 1.30069184303283691406 1.03330278396606445312 -0.21262101829051968660 1.76608264446258544922
0.21187265217304229736 -0.30605006217956537418 -1.54191875457763671875 0.00687427865341300008 -0.84250748157501220703 0.56253421306610107422
1.27918195724487304688 1.24789845943450927734 -1.23391413688659690173 -1.11807322502136230469 -0.28085252642631530762 -0.01709448918700209874
-0.62371939420700073242 -0.73455488681793212891 -1.53648555278778076172 -0.09119585156440729312 0.63655745983123779297 0.25756075978279108218
0.87937521934509277344 1.40547299385070800781 -1.59568738937377929688 -1.23162877559661887439 -1.03143107891082763672 0.23303841054439539127
0.77953565120697021484 0.07656695693731299657 -0.72023838758468627930 1.38171064853668190686 -1.45736861228942871094 1.02953004837036110608
-0.36234542727470397949 0.18057900667190548982 0.87687748670578002930 -1.24161565303802490234 0.79296284914016723633 -0.13113828003406519107
1.05393683910369873047 1.02037405967712402344 0.29411110281944269351 1.38100814819335937500 0.09093562513589850682 0.97415858507156360968
1.56088471412658691406 0.51159924268722534180 -0.39084035158157348633 0.91890943050384521484 0.29205450415611261539 1.01421558856964111328
1.73305571079254150391 1.54955935478210449219 0.32263818383216857910 -0.76466363668441772461 0.23475930094718930330 -1.60325205326080322266
0.58144032955169677734 -0.56080919504165649414 -0.97684872150421142578 1.43473458290100097656 -0.87693274021148681641 1.04846322536468505859
0.34470009803771972656 -1.78250706195831298828 0.78378218412399291992 -0.08195008337497709794 1.40474569797515869141 -0.70587873458862304688
1.62329351902008056641 1.60073101520538330078 -0.65749347209930419922 -1.20598888397216796875 0.97609180212020885126 -1.09904551506042480469
-0.61028099060058593750 -1.54364001750946044922 -0.01985986158251759962 -0.31714412569999689273 0.87572419643402099609 -1.03759825229644775391
-0.18554632365703579988 -0.47296234965324401855 -1.18307840824127197266 0.61384797096252441406 1.19512856006622314453 0.47864896059036249332
-0.27619919180870050601 0.01827897503972050058 -1.41360068321228049548 -0.98284399509429920538 0.90867877006530761719 0.19023123383522030916
0.72871565818786621094 -0.40198406577110290527 0.39109688997268671207 0.34226664900779718570 0.61040383577346801758 0.55522620677947998047
1.37179028987884521484 -1.63299751281738281250 0.67415982484817504883 0.08527752757072440404 1.71052825450897216797 -0.50961315631866455078
-0.13180258870124811343 -1.59115421772003151624 -1.60524594783782958984 -0.09575410187244409732 -1.05447161197662353516 -0.46574285626411437988
0.69450885057449340820 -0.75284004211425781250 -0.00873991288244719937 1.27400958538055419922 -0.41986477375030517578 0.45181098580360412598
0.17181582748889920320 0.48732298612594598941 0.85838657617568969727 1.53808605670928955078 -1.07733285427093505859 1.26003384590148925781
-0.49754306674003601074 -1.80031347274780273438 0.43234774470329279117 1.06401765346527099609 1.45065045356750488281 -0.54125863313674926758
-0.46422213315963739566 -1.78372406959533691406 -1.02862083911895751953 0.57085901498794555664 0.19866386055946350098 -0.64884454011917114258
1.02558124065399169922 0.38560619950294489078 -0.31433740258216857910 0.58607178926467895508 -1.49165070056915283203 0.71782404184341430664
-0.41069740056991571597 -0.21097463369369501285 0.04809134453535079956 -0.74774891138076782227 -0.62000560760498046875 -1.24041974544525168689
-1.57489132881164550781 0.66625547409057617188 0.75669527053833007812 1.04648101329803489001 0.65714228153228759766 -0.43843361735343927554
-0.87452983856201171875 -0.11112550646066660098 0.75712376832962036133 1.04816186428070090564 0.37926295399665832520 0.02702258341014380019
0.40043920278549188785 0.06870980560779570145 -1.15121185779571510999 0.97166913747787475586 -1.32316887378692649158 0.50974988937377929688
-1.17511641979217529297 1.16504943370819091797 0.43641847372055048160 1.19266819953918457031 -0.55951881408691406250 0.33563283085823059082
1.00309610366821289062 -0.78383529186248779297 -1.19811868667602539062 -0.31395030021667480469 -1.46048092842102050781 0.07456477731466290559
0.87326490879058837891 0.30431166291236877441 -0.11986996233463280415 -0.33016574382781982422 0.66721498966217041016 0.41784551739692687988
-0.86550670862197875977 -0.44498899579048151187 -0.07759643346071240511 -0.72251832485198974609 1.77565670013427712171 -0.95671063661575317383
1.69241416454315207751 0.77077955007553100586 0.43083810806274408511 -0.99771356582641601562 -0.31945669651031488590 -0.45238095521926879883
-0.52685552835464477539 1.30009627342224121094 -0.52610796689987182617 -0.01598930731415739923 0.81540673971176147461 0.51538032293319702148
-0.91433751583099365234 1.41473889350891113281 -1.60635912418365478516 1.60642051696777343750 0.71428996324539184570 1.67598724365234375000
-1.28881335258483886719 -0.26533469557762140445 -1.50836038589477539062 -0.67719072103500366211 0.04919898509979239720 -0.67996829748153686523
0.71812826395034790039 1.58607280254363991467 -1.61922228336334250720 0.42411842942237848453 -1.49497604370117209704 0.99711769819259643555
-1.22847354412078857422 -0.64674371480941772461 1.22090256214141845703 -0.30808377265930170230 1.54613864421844482422 -0.43677735328674310855
-0.83972829580307006836 0.39430466294288629703 1.41364252567291259766 0.13905212283134460449 -1.49984788894653320312 -0.16059319674968719482
0.90387201309204101562 1.52067744731903076172 1.23010098934173583984 1.14719629287719726562 0.26753264665603637695 1.34237623214721679688
-0.60411983728408813477 0.58465409278869628906 0.26795890927314758301 1.35172855854034423828 1.43149352073669433594 1.26344859600067138672
-0.88097119331359863281 1.42111766338348410876 -0.43894407153129577637 1.04430282115936279297 -1.49019455909729003906 0.09160932898521420564
-0.79117763042449951172 -0.33820092678070068359 0.85052478313446044922 -0.09791760146617889404 -0.94055056571960438117 -0.59120309352874755859
-1.49318230152130126953 -1.09591054916381835938 -0.82666796445846557617 -0.37672930955886840820 0.14000776410102838687 -1.07163786888122558594
-1.06127011775970458984 0.14930795133113861084 -0.15561583638191220369 0.14521333575248709935 0.52103722095489501953 -0.18081796169281000308
-0.10689923167228690404 -1.07363641262054443359 -1.01400911808013916016 -0.93913543224334716797 -1.09906995296478271484 -1.00527405738830566406
0.90290629863739002570 0.34102776646614069156 0.82545828819274902344 -1.17281544208526589124 1.35837674140930175781 0.81266874074935913086
-0.00425700936466449995 -0.40306949615478510074 0.96281164884567260742 1.35516595840454101562 -1.13747262954711914062 0.44002684950828552246
1.78000533580780029297 -0.54676866531372070312 -1.17799735069274902344 0.56593674421310424805 -0.11056107282638549805 1.09875273704528808594
-1.04599905014038085938 -0.92730367183685302734 1.43789339065551757812 -0.04143415763974189758 -1.40903055667877197266 -1.13546919822692871094
0.89934253692626953125 -0.63392579555511474609 -0.41749802231788629703 0.20891581475734710693 0.24142663180828088931 0.54659998416900634766
1.22555041313171408923 -0.50062686204910278320 -0.19327831268310541324 1.05144131183624289783 0.91643702983856201172 1.45635545253753662109
-0.65273755788803100586 0.47127041220664978027 -1.53642368316650390625 -1.23884749412536621094 0.57109546661376953125 -0.08804347366094579519
-0.54211038351058959961 -1.72896158695220969470 -0.10518231987953180484 -1.66896915435791015625 -0.20707388222217559814 -2.41367077827453613281
-1.46317398548126220703 0.85701864957809448242 -0.56886035203933715820 1.09155380725860595703 1.20296978950500488281 -0.16135126352310180664
1.17434537410736083984 -1.21991991996765136719 1.26975703239440917969 1.03330016136169433594 -0.95276015996932983398 0.52420973777770996094
1.79666125774383544922 -1.22801995277404807361 -1.50739610195159912109 -0.51307684183120727539 -0.86763650178909301758 0.04917569458484649658
-0.26377618312835687808 -0.69396406412124633789 -0.71717786788940429688 0.80142569541931152344 0.28271895647048950195 -0.18211463093757629395
1.76596808433532714844 1.60405313968658447266 0.60921913385391235352 1.62239325046539306641 -1.60446834564208984375 -0.27245172858238220215
1.80118334293365478516 -0.03342118486762039875 -0.28533890843391418457 -1.15936136245727539062 0.59874355792999267578 0.27810963988304138184
1.29350292682647705078 0.87300366163253784180 0.02510183118283739953 -1.46140027046203591077 0.50153785943984985352 -0.29210445284843439273
-0.85021489858627319336 -1.40201234817504882812 -0.70890343189239501953 -1.37482035160064697266 -0.48036149144172668457 -1.85503268241882324219
1.36757850646972656250 1.41220891475677490234 -1.12809872627258300781 1.10412406921386718750 1.81355476379394509046 1.45170402526855490954
-1.10066759586334250720 0.07289271801710120458 -1.45957720279693603516 0.70657074451446533203 -0.69269418716430664062 0.28098756074905389957
-0.18543268740177148990 0.13681194186210629549 -0.21908178925514221191 -0.75736671686172485352 -1.38901185989379882812 -0.51701617240905761719
-1.19077217578887939453 -1.07116305828094482422 -1.20388913154602050781 0.53364616632461547852 1.51649284362792968750 0.10606765747070309724
-0.86483794450759887695 1.70823204517364501953 -1.40103483200073242188 0.13830713927745819092 -1.10053050518035888672 0.33867967128753662109
-0.94152456521987915039 -0.59608215093612670898 1.22226977348327636719 -0.36664798855781549625 1.63433349132537841797 -0.01527936104685059977
-1.28795468807220458984 1.65271222591400168689 -0.73781639337539672852 -0.53138619661331176758 -0.95811635255813598633 -1.30888605117797829358
0.68084055185317993164 -0.73559117317199707031 -1.00521326065063476562 0.72228151559829711914 -0.59190976619720458984 0.14925898611545559969
-1.40189981460571289062 -1.20981907844543457031 0.10740471631288520116 0.14003038406372070312 0.35675588250160217285 -1.59985327720642089844
-0.46157330274581909180 1.26466166973113991467 -1.42315304279327392578 1.07231414318084716797 -1.40760612487792968750 1.08536565303802490234
0.70643395185470581055 1.02598524093627929688 1.66713416576385498047 1.63265657424926757812 -0.19109426438808441162 2.63660573959350585938
-1.32287836074829101562 1.05025827884674072266 -0.53649169206619262695 1.51772415637969970703 0.21333965659141540527 -0.06093654781579969926
-0.05100993067026129979 0.21213231980800628662 -1.39906716346740722656 -1.11143505573272705078 -0.81617563962936401367 -0.26037791371345520020
-0.99322515726089477539 1.28673446178436279297 -0.16045269370079040527 0.54414546489715576172 0.27783581614494318179 0.05788533389568319837
1.00895011425018310547 1.48609495162963889392 -1.15170896053314208984 0.32917651534080499820 -0.69695264101028442383 0.68912053108215332031
0.05946132168173789978 1.25988316535949707031 -0.30648487806320190430 -1.37082374095916770251 -0.18532301485538479890 -0.32805466651916498355
0.59395855665206909180 -0.25951975584030151367 -0.37807863950729370117 -1.26314496994018554688 1.51676988601684570312 -0.19324342906475058812
-1.31936442852020263672 0.86213064193725585938 1.02847754955291770251 0.09851673990488049593 -0.60527300834655761719 -0.43507033586502069644
1.51723694801330566406 -1.00771212577819824219 -0.81839430332183837891 1.39120960235595703125 0.70941621065139770508 0.94453388452529918329
-0.20105688273906699437 0.06570564955472940616 1.03889656066894509046 -0.79298633337020874023 -1.12331831455230712891 -0.53503352403640747070
1.39953172206878662109 0.80623024702072143555 -0.67072337865829467773 -1.68920445442199707031 -0.84178125858306884766 -0.62985211610794067383
0.14592686295509330052 -0.39223384857177728824 0.42267051339149469547 0.66802000999450683594 -0.06263823807239529695 -0.05977139249444000241
0.64153671264648437500 1.33716750144958496094 1.28263735771179199219 0.56628471612930297852 0.81863647699356079102 1.17084908485412597656
0.16975341737270349673 -1.46739006042480490954 -0.33738216757774347476 0.00718423957005140043 0.70909887552261352539 -0.92758542299270640985
0.00857870560139410016 -1.70585584640502929688 -0.63677626848220825195 -0.80588215589523315430 1.56550395488738991467 -1.15606212615966796875
-0.62813234329223632812 0.51660865545272827148 1.63639700412750244141 0.12317342311143869571 1.21052646636962890625 1.60607695579528808594
-0.52940773963928222656 1.67037105560302712171 0.25861915946006769351 -1.20910465717315673828 -0.08601037412881849809 -0.60069686174392700195
-0.18621404469013211336 -1.34062373638153076172 -0.25923636555671691895 1.09254753589630126953 -1.44668018817901589124 -0.32672625780105590820
-1.21731114387512207031 0.45038285851478571109 0.94395995140075683594 0.24156402051448819246 0.61685484647750854492 -0.00166500790510320010
-0.14849510788917538728 0.90797299146652221680 -1.43310284614563010486 0.75652015209197998047 0.84002745151519775391 2.02289700508117675781
-1.58729171752929687500 1.26368474960327170642 -1.37081897258758544922 1.08728325366973876953 0.44972983002662658691 -0.06582745164632790302
0.67181622982025146484 0.81619894504547119141 1.06085789203643798828 -0.50231248140335083008 -0.43301731348037719727 0.46419221162796020508
-1.10208868980407714844 -0.60164338350296020508 -1.66847789287567138672 -0.01063967496156690076 1.11909258365631103516 0.13083167374134060945
1.29500544071197509766 0.07173996418714520540 -0.37408190965652460269 1.31551086902618408203 -0.97608393430709838867 1.26813805103302001953
1.12730801105499289783 0.60609155893325805664 0.99855858087539683954 0.81701725721359252930 1.55800545215606689453 1.50091147422790527344
0.32024779915809631348 0.43152296543121337891 -0.70602005720138549805 -1.20380294322967529297 -1.53462636470794677734 -0.20732162892818450928
-1.24203360080718994141 1.15532195568084716797 1.62710618972778320312 -0.64527112245559692383 1.20024991035461447986 -0.01118645071983329943
-1.47143673896789550781 0.37345725297927850894 -0.60928797721862792969 0.17314827442169189453 -1.47352433204650878906 -1.56831824779510498047
1.20366859436035156250 0.79697877168655395508 0.22517815232276910953 -1.07293319702148437500 -0.77436685562133789062 -0.48647668957710260562
-0.92429614067077636719 0.09649711102247229833 0.64760327339172363281 -1.03177285194396950452 -0.16831241548061370850 -1.44520425796508789062
-0.36645987629890441895 0.65418326854705810547 1.53174221515655517578 0.71080029010772705078 0.83856785297393798828 1.61239790916442871094
1.49522674083709716797 1.16801738739013671875 1.29034745693206809314 1.50929248332977294922 -0.56017708778381347656 1.83831143379211447986
0.16947023570537558812 -1.67250347137451149671 -0.08483330160379409790 -0.87233495712280273438 -1.25006985664367675781 -2.14058756828308105469
0.51194566488265991211 -1.36124193668365478516 -0.62595331668853759766 1.06875813007354736328 0.74778550863265991211 -0.22056083381175989322
1.32951974868774391858 1.20408701896667480469 0.42068046331405639648 0.03630270436406130008 -0.32107591629028320312 0.13775259256362909488
0.87198168039321899414 0.69461071491241455078 1.68634605407714843750 -0.40876969695091247559 0.37135568261146539859 1.66835403442382790296
-0.27420291304588317871 0.90059351921081542969 -0.15150992572307581119 1.02756047248840309827 1.08403444290161110608 1.30625498294830322266
1.73699736595153808594 -1.32942378520965576172 -0.73899257183074951172 -0.76665282249450683594 -1.67123317718505859375 -1.16072559356689430921
-1.23080360889434792249 1.60512745380401589124 -0.82211929559707641602 0.37237727642059320621 0.09842839092016220093 0.20400270819663998689
-1.01433837413787841797 -1.28677892684936523438 -1.04087424278259277344 0.22299660742282859105 -0.73906314373016357422 -0.87450098991394042969
-0.35132807493209838867 0.77997332811355590820 -1.56672787666320800781 -0.01128811854869119988 1.13070416450500488281 1.48395085334777832031
1.12179315090179443359 0.69852709770202636719 1.37255692481994628906 -1.27303659915924072266 1.54144144058227539062 0.68783903121948242188
-0.17484745383262628726 -1.41121530532836914062 1.19382524490356445312 1.37847495079040527344 -0.52510309219360351562 -0.09056756645441049747
-1.18055915832519509046 -0.88940334320068359375 -0.65984153747558593750 -0.87967658042907714844 -1.12815344333648681641 -1.69391834735870361328
-0.89145314693450927734 -0.77766972780227661133 0.53523695468902587891 0.53172045946121215820 -1.15736544132232688220 -0.97119611501693714484
-0.31915587186813348941 1.36604690551757790296 1.29557681083679199219 0.06761988997459410233 -0.69511592388153076172 0.60228270292282104492
0.48741286993026727847 -0.09289945662021630024 -1.36976075172424316406 0.30789086222648620605 -1.41145133972167968750 0.44758442044258117676
-0.41764986515045160465 0.66683459281921386719 -0.65254342555999755859 -0.19328890740871429443 -0.63399749994277954102 0.12820416688919059056
0.43631741404533380679 -0.57908058166503906250 1.42147839069366455078 -1.00133144855499289783 -0.57052719593048095703 -0.17973272502422329988
-1.30440986156463623047 0.53887212276458740234 1.67669427394866943359 -0.25598901510238647461 -1.66385734081268310547 -0.74667394161224365234
-1.55479896068572998047 1.32951974868774391858 1.47372019290924072266 -1.04171574115753151624 -1.56608796119689941406 -1.35579979419708229749
-0.93721884489059437140 -1.08991384506225608142 0.20675787329673758763 -1.12538802623748779297 1.24788165092468261719 -1.31911790370941162109
-1.41823065280914306641 -0.47317332029342651367 1.40841698646545410156 0.00548275234177700039 0.95502436161041259766 -0.17052865028381339330
1.48007059097290039062 0.05716278776526449723 -0.35577461123466491699 0.53196960687637329102 -0.18144696950912470035 0.83286613225936889648
0.61600589752197265625 1.65984654426574707031 -1.38085484504699707031 0.01116974558681240078 1.21445477008819580078 1.93817281723022483142
0.03230001032352439877 -0.64323842525482177734 0.44696834683418268375 0.59915149211883544922 -0.14047582447528839111 -0.23264044523239130191
-0.12267445772886269306 -0.01684119738638399991 -0.64397907257080078125 -0.39988788962364191226 -0.63551729917526245117 -0.24994626641273490208
-0.35539174079895019531 1.36644244194030761719 -0.89020991325378417969 -0.83584743738174438477 1.08718204498291015625 0.41164076328277587891
-1.37065768241882324219 -1.00834143161773681641 1.38226568698883056641 0.06758793443441389603 0.40969049930572509766 -0.55233663320541381836
-1.00280785560607910156 0.77483260631561279297 -0.91942638158798217773 -1.58044612407684326172 1.55048477649688720703 -0.62361061573028564453
-0.44624516367912292480 0.43504035472869867496 1.37794566154479980469 -0.41048389673233032227 0.80025172233581542969 0.43225514888763427734
-1.00174689292907714844 -0.35154229402542108707 1.16204249858856201172 1.03587090969085693359 0.69379210472106933594 0.27799293398857111148
-0.16924749314785000887 1.37691426277160644531 1.19590628147125244141 0.38481709361076349429 0.24974712729454040527 0.74569189548492431641
-0.49196463823318481445 -1.09459626674652099609 0.29586714506149291992 -0.07675920426845550537 1.31369829177856445312 -0.74541121721267700195
-1.18013596534729003906 -1.68317842483520507812 1.38769721984863281250 -1.47071468830108642578 0.68491661548614501953 -1.47536122798919677734
1.60018289089202880859 -0.68343919515609741211 0.10209800302982330322 1.50351810455322287829 1.05391037464141845703 1.12594473361968994141
-0.92881387472152721063 -1.39663302898406982422 0.28623011708259582520 0.77003365755081176758 -0.10376644879579539904 -0.51846271753311157227
-1.52901732921600341797 1.58260285854339599609 -0.55604773759841918945 0.07739000767469400577 -1.66517937183380126953 -1.34926545619964599609
0.58850389719009399414 -0.68946051597595214844 1.46866714954376220703 0.33419853448867797852 1.37246572971343994141 1.19070053100585937500
-0.21354973316192618626 1.10064971446990966797 -0.37742921710014337711 -1.39125657081604003906 -1.39829182624816894531 -0.94289112091064442023
1.59276819229125976562 1.52480018138885498047 0.21423251926898950748 0.18525153398513791170 -1.51011586189270019531 -1.25971424579620361328
0.31141367554664611816 0.29792651534080499820 -1.18752396106719970703 1.28356266021728515625 -1.67005562782287597656 1.08342432975769042969
0.33204045891761779785 0.24746355414390561189 1.31812775135040283203 -1.18836641311645507812 -0.88249570131301879883 0.08214436471462249756
-0.64887154102325439453 0.92669552564620960577 0.59045863151550292969 0.87740606069564819336 -1.13943552970886230469 0.28915768861770629883
0.80274707078933715820 0.60022616386413574219 0.61232173442840576172 0.92415922880172718390 1.21980130672454833984 1.92831754684448242188
-0.11712867021560660619 0.43600606918334960938 -1.71841037273406982422 -0.25962573289871210269 0.44038090109825128726 0.68716448545455932617
1.36174798011779807361 -1.25172901153564430921 -0.98326802253723144531 0.43639707565307611636 -1.60854935646057128906 -0.52318394184112548828
-0.79927879571914672852 -0.21374246478080749512 -0.61595439910888671875 -1.02272951602935791016 -1.66719341278076149671 -1.49884200096130371094
0.50636178255081176758 -1.35254800319671630859 1.46051096916198730469 -1.36839115619659423828 -0.39409750699996948242 -1.00086665153503417969
-0.03156476840376849780 0.19014312326908108797 -0.53517168760299682617 0.63180232048034667969 -0.83356350660324096680 0.39610010385513300113
0.02105893753468989979 -0.64819657802581787109 -1.31469380855560302734 1.16671931743621848376 -1.60985064506530761719 0.48905545473098749332
-1.38912200927734375000 1.00149357318878151624 1.43549489974975608142 -1.53085756301879882812 1.20428013801574707031 -0.95119690895080555304
-1.40494263172149658203 -0.32233336567878717593 -1.60283541679382324219 -0.88314193487167358398 -1.02502417564392089844 -0.97275996208190917969
-0.80362176895141601562 -0.84512525796890258789 -1.17733621597290039062 -1.13440573215484619141 1.09249341487884521484 -0.65836566686630249023
0.44560557603836059570 -1.67122685909271240234 -0.88963586091995239258 -0.04426062107086180253 1.08083474636077880859 -0.44979462027549738101
-0.39189982414245599918 -0.04619290679693219964 -0.74182701110839843750 -1.41464734077453591077 -1.23697686195373535156 -1.47187983989715576172
0.11910752207040779804 0.08261037617921819509 -0.70845311880111694336 -1.56708204746246337891 1.76968538761138916016 -0.62429308891296386719
0.44784861803054809570 -0.43400427699089050293 1.54967963695526123047 0.63840448856353759766 -0.32797053456306457520 1.31637644767761230469
0.88188713788986206055 1.10575270652770996094 0.07761944085359570589 0.93253564834594715460 -0.74468511343002319336 1.11899101734161376953
-0.02346459589898580028 0.18524710834026331119 -1.37609124183654807361 -0.69625252485275268555 -0.43224379420280450992 0.26892143487930297852
0.02544059045612809961 -0.42299965023994440250 1.54574179649353049548 0.39664104580879211426 0.64543789625167846680 1.20576095581054687500
-1.12339389324188232422 1.06387841701507568359 0.66497248411178588867 0.48460310697555541992 0.72406506538391113281 0.30441334843635559082
-0.04151296615600579692 1.59428024291992209704 0.79343152046203613281 -0.70169454813003540039 -1.54739975929260231702 0.13698558509349820222
-0.45924258232116699219 0.69486421346664428711 -1.54844164848327636719 -0.12209247052669519595 -1.61925852298736550061 0.31314310431480407715
-0.71762639284133911133 -0.89989602565765380859 1.02969896793365478516 -0.34931075572967529297 -0.03831614181399339847 -0.56134176254272460938
1.75876152515411376953 0.50296932458877563477 1.02997803688049316406 -0.81212514638900756836 -0.00360884820111090007 0.33777788281440729312
1.60275101661682128906 0.06773425638675689697 -0.00127713684923940005 -1.23815715312957763672 -1.69129824638366699219 -0.58840447664260864258
1.53243255615234375000 -0.84944063425064086914 0.56407082080841064453 0.63684415817260742188 -0.15591439604759210757 0.45268622040748590640
1.45892441272735595703 -0.99213719367980957031 -1.07226383686065673828 1.35416007041931152344 0.55110234022140502930 1.11784267425537109375
-0.43194004893302917480 -1.24342894554138183594 -0.72630828619003295898 1.65531027317047119141 1.00338292121887207031 0.16148321330547329988
-0.00418725563213219985 0.90007531642913818359 -1.41111421585083007812 -0.75120127201080322266 -1.67904317378997802734 0.25397661328315729312
1.43778264522552490234 0.16848725080490109529 0.66078728437423706055 -0.25472533702850341797 1.40630722045898437500 0.98854774236679077148
1.27607071399688720703 0.31891962885856628418 -1.50623214244842529297 0.95321893692016601562 -1.37964344024658203125 1.85485172271728471216
0.99195128679275523798 0.36843609809875488281 0.83155083656311035156 -1.18879520893096923828 1.23184001445770263672 0.95067936182022094727
-1.02184879779815673828 0.22114226222038269043 -1.66331744194030761719 -0.04480895772576330011 0.20361837744712829590 0.05099785700440399860
-1.06307101249694824219 -1.54240095615386962891 1.67680954933166503906 1.37622594833374023438 1.01939487457275390625 0.27705347537994379215
0.68449211120605468750 -1.14477694034576416016 -1.31387865543365478516 -0.19933705031871790103 -1.47010266780853271484 -0.51889020204544067383
-0.86325621604919433594 1.40419137477874755859 0.89835566282272338867 0.46552538871765131168 -0.60376930236816406250 0.23459927737712860107
0.70528346300125122070 -1.68426895141601562500 -1.58082294464111328125 -1.35991513729095458984 -0.03164099529385559773 -1.22821819782257080078
-0.41444557905197138004 1.67589461803436279297 -1.44190931320190429688 0.77187663316726684570 1.65955889225006103516 2.14027214050292968750
-0.84167176485061645508 -1.28758358955383300781 1.57842755317688010486 -0.52401822805404663086 -0.32438552379608148746 -0.74666374921798706055
-0.91285085678100597040 0.42513984441757202148 -1.13747107982635498047 0.05782163515686979810 0.79831290245056152344 -0.06555917859077449450
-0.26715391874313348941 1.19617342948913552014 1.34964215755462646484 -1.30185604095458984375 -0.97497427463531483038 -0.10117743909358969945
1.42237663269042968750 -0.35580801963806152344 0.37185621261596679688 -0.74052071571350097656 0.99966090917587280273 0.47997793555259699039
-0.68910056352615356445 -0.14372402429580680150 -0.84630721807479858398 -0.96776193380355834961 -1.39964365959167480469 -1.02213072776794433594
0.38859504461288452148 1.54908108711242675781 -1.49934554100036621094 -0.21089366078376770020 1.64622688293457031250 1.92464864253997802734
0.79852318763732910156 -0.06029245257377619654 0.37854939699172968082 0.40375891327857971191 -0.53109550476074218750 0.72871458530426025391
-1.07530093193054199219 0.00798450410366050023 -0.03666267916560170259 0.91330701112747203485 -0.84135317802429199219 -0.64883053302764892578
1.26791906356811523438 0.07637986540794369783 -1.30363667011261008533 -1.32382619380950927734 1.61155271530151367188 0.78347945213317871094
0.88653618097305297852 -1.43931674957275390625 -0.86684495210647583008 -1.61653184890747070312 0.16328705847263330631 -1.58042025566101074219
0.68713486194610595703 1.47381246089935302734 -0.72005933523178100586 -0.49449542164802551270 0.60682481527328491211 0.53783601522445678711
1.27484750747680664062 0.75820213556289672852 0.77500736713409423828 0.40393733978271478824 -0.86941814422607421875 0.66505092382431030273
-1.02074229717254638672 -0.00992457661777730073 -1.02108848094940207751 -0.98815298080444335938 0.13961470127105710115 -0.63121670484542846680
-1.10197162628173850329 1.50106704235076904297 1.67707800865173339844 0.94446969032287597656 -0.03676897659897800097 0.70504480600357055664
1.17826795578002929688 -0.32590487599372858218 0.25688022375106811523 -1.41995203495025634766 0.40373039245605468750 -0.27925333380699157715
-1.58097457885742209704 0.42334333062171930484 -1.29211974143981911389 -1.35754334926605224609 1.31501829624176047595 -0.97572773694992076532
-1.30271029472351074219 -1.82080852985382080078 0.52507257461547851562 -0.69404423236846923828 -1.31337344646453857422 -1.98307311534881591797
-1.03090274333953857422 1.25384104251861550061 -1.48732674121856689453 1.24607241153717041016 -1.33526492118835449219 0.76951098442077636719
0.32607734203338617496 0.19782526791095730867 -0.98223596811294555664 -0.14526651799678799715 0.38471427559852600098 0.75191795825958251953
-0.27264925837516779117 0.68677681684494018555 -0.71075946092605590820 0.73997509479522705078 -1.29313659667968750000 0.78167533874511718750
1.12652194499969482422 -0.03761089220643040049 1.06107079982757568359 0.80050641298294067383 1.22579956054687500000 1.82053291797637961658
0.07754433900117869982 0.51733815670013427734 -1.50154054164886474609 -0.81088870763778686523 -1.22694706916809082031 0.24277016520500180330
-0.92689502239227294922 -1.44567072391510009766 -0.45226770639419550113 -0.09811037778854370117 -0.53522747755050659180 -1.58617174625396728516
-0.87237560749053955078 -0.33066990971565241031 1.17709052562713623047 0.18914777040481559056 1.27897012233734130859 -0.14892795681953430176
-0.83451414108276367188 1.66104149818420410156 -1.06147015094757080078 -1.32796370983123779297 1.09964275360107421875 -0.26077461242675781250
0.96924161911010742188 0.85736393928527832031 0.58131027221679687500 0.20222699642181390933 -0.20574547350406641177 0.66907858848571777344
-1.51877427101135231702 1.13395369052886962891 0.17312951385974881258 0.76680195331573486328 1.58959591388702392578 -0.49586096405982971191
0.32017919421195978336 -1.69117653369903564453 -0.09343950450420379639 1.16621494293212890625 -0.96281886100769042969 -0.66928720474243164062
-1.25893068313598632812 1.26638150215148925781 1.10426700115203857422 -0.84465354681015014648 0.52053707838058471680 -1.00546193122863769531
-1.26394617557525634766 0.03980422765016550235 -0.04504914209246629886 -0.92593669891357421875 -1.66505122184753417969 -2.13520741462707519531
1.59677886962890625000 0.06720414012670510029 0.63607108592987060547 -1.32557427883148193359 -1.54702913761138916016 -0.65159875154495239258
-0.78860139846801757812 1.53836810588836669922 0.06454470753669730443 0.32868558168411249332 -1.04917812347412109375 0.03229908272624010257
-0.89034616947174072266 -1.19617390632629394531 -1.27602124214172363281 1.05605959892272949219 -0.59050953388214111328 -0.07284702360630029849
0.44799643754959100894 -1.08897304534912109375 -1.18701231479644775391 0.44473573565483087711 -0.12763443589210510254 0.16015398502349850740
-0.90517985820770263672 -0.01673936657607549838 0.52537339925765991211 0.00644169421866529982 -0.30870005488395690918 -0.62035638093948364258
