-0.93405336141586303711 -1.52762567996978759766 -0.85737526416778564453 0.07810401171445839619 1.52639162540435791016 0.93279248476028442383 1.17814457416534423828 -1.40240061283111550061 -0.28212073445320129395 -1.05794715881347656250 0.62760746479034423828 -0.17533132433891290836 1.41840696334838889392 0.46703642606735229492 1.14394879341125488281 -1.65912103652954101562 -1.03864300251007080078 0.31369152665138239078 1.78739595413208007812 0.84714984893798828125 1.26518094539642311780 1.60666573047637939453 1.55568277835845969470 -0.45337173342704767398 1.11970770359039306641 -0.73350435495376586914
-1.10801005363464355469 -0.27569118142127990723 0.77983993291854858398 -0.08372107893228529496 -1.65967023372650168689 0.01733513735234730110 -0.78901696205139160156 1.15380215644836447986 0.51827776432037353516 0.71044605970382690430 -0.67169642448425292969 -0.09442681819200510196 -1.13086962699890136719 -1.33984982967376708984 0.17495371401309958714 0.94543206691741943359 0.92608499526977539062 0.98944389820098876953 -0.66136783361434936523 -1.19621980190277099609 1.26324093341827392578 1.52097153663635231702 -0.14528727531433099918 0.11607468128204340152 -1.17023527622222900391 -1.34273564815521240234
-0.30716407299041748047 -0.80098754167556762695 -0.16950672864913940430 1.22907781600952170642 -0.65291959047317504883 -1.79370379447936989514 1.28707301616668701172 -1.26836228370666503906 -0.39720287919044489078 0.66064554452896118164 -1.37986350059509277344 0.92797255516052234992 -0.15666422247886649388 1.66955816745758056641 -1.46121478080749511719 -0.04534018412232389966 -0.11695936322212209524 -0.72795408964157104492 1.71013414859771728516 -0.93735170364379882812 -1.21353733539581298828 -0.48474773764610290527 1.86541736125946044922 0.84606426954269409180 1.21473884582519509046 -0.27138859033584589175
0.97096586227417003290 -0.14335358142852780428 -0.87794810533523559570 0.75728589296340942383 0.20852006971836090088 -0.32809150218963617496 -1.73317074775695800781 1.20532631874084472656 1.14372396469116210938 1.25726652145385742188 -1.41825008392333984375 -1.09454035758972167969 -0.59696662425994873047 1.33654725551605224609 -1.58978664875030517578 1.55643379688262939453 0.97991991043090820312 -0.23189848661422729492 -1.42564165592193603516 0.78098905086517333984 -1.58820664882659912109 0.88361555337905883789 -0.43136253952980041504 0.18165248632431030273 -1.29691135883331298828 1.27120685577392578125
-0.34169265627861017398 0.43500253558158868961 0.15667316317558280248 -1.53427135944366455078 -0.19204378128051749486 -1.14003193378448486328 0.95046907663345336914 -0.45555433630943298340 -1.22409331798553489001 -1.08584642410278320312 0.44538232684135431461 -1.62310528755188010486 1.26709842681884765625 0.38989692926406860352 -0.57980698347091674805 -0.41479107737541198730 0.31632578372955322266 0.72976899147033691406 -0.58000326156616210938 0.70667374134063720703 0.17879438400268549136 -0.41504955291748041324 -1.26026856899261474609 0.70406705141067504883 1.27922606468200683594 -1.08402621746063232422
0.81647759675979614258 -1.03620481491088889392 -0.80228072404861450195 0.78733682632446289062 -0.82053315639495849609 0.78655433654785156250 0.91312313079833984375 1.20001292228698730469 0.30323159694671630859 0.28272217512130737305 -1.37041735649108886719 -1.51604676246643088611 -1.66540300846099831311 -1.26167106628417968750 0.31281200051307678223 -1.46978104114532470703 1.21495366096496582031 -1.16162228584289550781 0.65154856443405151367 0.00570117682218549988 1.31911158561706542969 0.91820842027664184570 1.01494133472442649158 1.21334171295166015625 0.61257374286651611328 -0.10932015627622600207
-1.02657568454742431641 -0.41091746091842651367 -1.73406481742858886719 -0.18646165728569030762 1.38117146492004394531 -1.42593502998352050781 -0.83560901880264282227 0.77057456970214843750 0.07095474004745480623 -0.50517570972442626953 1.48359024524688720703 -1.62628364562988281250 -1.27030205726623535156 -0.42051979899406427554 -1.51954662799835205078 -0.77099674940109252930 -1.47383749485015869141 -1.63817942142486550061 -0.46733704209327697754 0.09078013151884070653 -1.29435360431671142578 -0.76080554723739624023 -0.87814009189605712891 1.49437773227691650391 -1.21308934688568115234 0.26252025365829467773
0.33955377340316772461 0.06551431864500040225 -0.35225436091423029117 -1.60010325908660888672 -0.37436023354530328922 0.27664065361022949219 1.01192307472229003906 1.68964564800262428967 -1.58448123931884765625 0.77517259120941162109 -0.50527882575988769531 -0.50504559278488159180 0.33109605312347412109 0.04885118454694740292 1.34369552135467529297 1.09638011455535888672 -1.19324636459350608142 1.31817162036895751953 -0.21373847126960748843 1.37692344188690207751 -0.07203587889671320132 -1.41014420986175537109 1.19321608543395996094 -1.91437125205993630139 1.75158917903900168689 -0.49581480026245111636
-0.52569752931594848633 0.31952702999114990234 -0.44343438744544977359 0.12280709296464920044 1.41074323654174804688 1.60918343067169189453 1.33265805244445800781 0.30621206760406488590 -0.26654723286628717593 0.89201354980468750000 0.27494400739669799805 -1.08324098587036110608 -0.02872494794428339868 -1.61975669860839843750 0.96775376796722401007 1.23170745372772216797 1.58048927783966064453 -0.20269462466239929199 -0.18400846421718589085 1.56575965881347656250 -0.02436707541346549988 0.55761468410491943359 -0.53027325868606567383 -1.64229202270507790296 -0.92487806081771839484 0.24841850996017450504
0.09191671758890150590 -0.09090058505535120181 0.27948942780494689941 0.29999154806137079410 0.22394105792045590486 0.40662887692451471500 -0.11589895933866499467 -0.68041074275970458984 -0.16929939389228820801 0.58260327577590942383 0.13677753508090970125 1.32222914695739768298 0.67118555307388305664 0.24854271113872519749 -0.93276250362396240234 0.86188089847564697266 -1.33601713180541992188 -1.35711848735809326172 1.66833639144897460938 0.77080219984054565430 0.71733868122100830078 -1.24523711204528808594 -0.56213825941085815430 0.11584564298391339388 1.11467123031616210938 0.33503225445747369937
-0.45415702462196350098 1.65800428390502929688 -0.93273687362670898438 -0.49648642539978027344 1.08397114276886008533 -0.44894284009933471680 1.04529106616973876953 1.31314170360565207751 1.02470266819000244141 -0.09022863954305640477 0.79709869623184204102 0.98932111263275157587 -0.47026848793029779605 -0.50260066986083984375 -1.05433118343353271484 1.21419715881347656250 0.48515164852142328433 0.72655791044235229492 -0.55518472194671630859 -1.58107364177703857422 -0.82128709554672241211 -0.73094969987869262695 -0.52504724264144897461 0.17117255926132199373 1.02718126773834250720 0.74914908409118652344
-1.02073395252227783203 1.43544900417327880859 0.70535165071487426758 0.89633196592330932617 0.29860731959342950992 -0.78748112916946411133 1.61606287956237792969 0.18993143737316128816 -0.60440486669540405273 0.23202539980411529541 1.42716991901397705078 -1.60282623767852783203 -1.46290969848632790296 -0.72360867261886596680 -0.16768026351928710938 1.60589504241943359375 -0.77530759572982788086 0.66924929618835449219 -0.14989140629768368806 -0.79404288530349731445 -0.13148510456085199527 -0.23159417510032651033 0.02678789384663100154 0.42990189790725708008 -0.13750727474689480867 0.15279544889926910400
1.26584851741790749280 -0.63396400213241577148 0.73501896858215332031 0.94648599624633800165 -1.43976497650146484375 -0.55869776010513305664 0.00751360878348350004 -0.75182104110717773438 -1.16053760051727294922 1.39132571220397949219 0.13211256265640258789 1.58263194561004638672 0.26298418641090387515 0.47380521893501281738 1.25561594963073730469 0.23148946464061728734 -0.74348360300064086914 -1.78382360935211181641 0.46283423900604248047 -0.03533203899860379998 -1.90810060501098632812 -1.33212113380432128906 1.02422833442688010486 0.50560635328292846680 -1.65728986263275168689 0.52587497234344482422
-0.16244448721408841219 -1.29505574703216552734 -0.00681734830141059959 1.07699918746948242188 0.12959772348403930664 -0.39253237843513488770 0.67513191699981689453 -1.49143564701080322266 -0.67299848794937133789 -0.11836802959442130345 -0.05503745749592779679 1.11813008785247802734 -0.04827200621366500161 -1.00792503356933593750 -1.30316162109375000000 -1.04472351074218750000 -1.25510883331298850329 1.07397675514221191406 0.84913486242294311523 0.57263052463531494141 -1.73803114891052246094 0.20191557705402368716 -0.24191613495349881258 0.54981422424316406250 0.52617645263671875000 0.09923268854618069734
-1.29523575305938720703 0.69236606359481811523 0.27430561184883117676 -1.25017142295837402344 -0.32666787505149841309 -1.72006916999816894531 0.49422281980514520816 -1.23833096027374289783 -1.47300338745117209704 0.46679893136024469547 -0.64243859052658081055 0.30844834446907037906 1.01049554347991943359 0.27275684475898742676 -0.96253353357315063477 0.35410860180854797363 -0.12545661628246299046 -0.65518653392791748047 -0.73965305089950561523 0.59066820144653320312 -0.24348497390747070312 -0.20082488656044000797 -0.64538687467575073242 -0.21939943730831140689 -0.26622065901756281070 -1.88843607902526877673
-1.52783882617950439453 -1.20541894435882568359 -0.71900629997253417969 -1.03005802631378151624 0.03743839636445039920 -0.16043795645236968994 1.57466804981231689453 -1.56970882415771484375 0.90942436456680297852 1.76802492141723632812 0.41003087162971491031 0.56352323293685913086 1.43317580223083496094 -1.66558694839477539062 0.61072081327438354492 -1.39644050598144509046 -0.99979412555694580078 1.09827983379363991467 0.54885452985763549805 1.15348386764526367188 -1.17740023136138916016 -1.45440816879272460938 -0.51184529066085815430 0.60288017988204956055 1.21962428092956542969 -2.18427014350891113281
-0.66752719879150390625 -0.61508160829544067383 -1.14576077461242675781 1.05864155292511008533 1.56168949604034423828 1.07752156257629394531 1.61431074142456032483 -0.44399067759513849429 -0.00885833986103530015 1.77325415611267089844 0.57885515689849853516 0.98392313718795776367 0.29764151573181152344 -1.00096809864044189453 0.12972177565097808838 0.28760287165641779117 0.96486312150955200195 0.08993376046419139513 -0.06874798983335489444 1.52633535861968994141 1.16313719749450683594 -1.21167814731597900391 -0.63046103715896606445 -0.63515752553939819336 -1.68426263332366943359 0.71539252996444702148
-1.23497676849365234375 1.03590583801269509046 -0.61828422546386718750 -0.35580199956893920898 -0.07329227775335310502 -0.63749080896377563477 0.50900316238403320312 -0.93340021371841441766 1.46326410770416259766 -0.11813563108444209704 1.11484289169311523438 -1.30156707763671875000 -0.64234608411788940430 -1.10799384117126464844 -0.96664386987686157227 1.69013845920562744141 1.61460995674133300781 -0.96634238958358764648 -0.69595295190811157227 0.41129791736602777652 -1.10862314701080322266 -1.01692485809326149671 -1.20063078403472900391 0.77189058065414428711 0.10545051097869870271 -0.79915177822113037109
0.02921191975474349972 -0.32696059346199030093 0.26607644557952880859 -0.56468659639358520508 -0.08857133239507669620 0.97300380468368519171 -1.20386147499084472656 1.60883581638336181641 1.15884709358215309827 -1.46751499176025390625 -0.52183860540390014648 -0.13539755344390869141 -1.16723799705505371094 0.70427024364471435547 -1.63804709911346435547 -0.29685410857200622559 0.65889716148376464844 -0.65345638990402221680 -1.31446647644042968750 -1.30419945716857910156 1.06911826133728049548 -1.08446776866912841797 -0.36515247821807861328 -0.55278939008712768555 -0.66839569807052612305 -0.55940943956375122070
-1.63196504116058349609 1.00590801239013671875 -0.71242177486419677734 -0.15671534836292261295 0.37350404262542719058 1.09215748310089111328 0.02903417870402329876 0.11673129349946970157 0.86556720733642578125 -1.19874835014343261719 -1.10956168174743630139 0.70208793878555297852 0.55054253339767456055 0.32873773574829101562 0.83224797248840332031 1.24966752529144287109 0.67784786224365234375 0.56731081008911132812 -0.50549119710922241211 -0.20516939461231228914 -0.83349859714508056641 -1.10441529750823952405 -1.36327612400054909436 0.47537994384765619449 -1.24129056930541992188 -1.40068686008453369141
1.35414278507232688220 -0.23775435984134671297 -0.79762202501296997070 -1.38951992988586447986 1.42900145053863525391 -0.47547835111618041992 -0.44731912016868591309 -1.24941551685333229749 1.12415432929992675781 -0.70158439874649047852 1.27522885799407958984 -0.36782073974609369449 -0.71965372562408447266 0.29433134198188781738 1.15808534622192382812 -0.56800711154937744141 -0.84397381544113159180 1.65909445285797119141 1.71054315567016601562 0.46161144971847528629 0.14577664434909820557 1.70226991176605224609 0.55467528104782104492 1.57272994518280029297 0.44513794779777521304 0.22239625453948969058
0.05372609570622439989 1.22685182094573952405 1.31528711318969726562 0.71700149774551391602 -1.28196871280670166016 0.06995199620723720202 1.46812176704406738281 -1.26008522510528564453 -0.83855050802230834961 -0.74427807331085205078 0.59081906080245971680 1.56946289539337158203 0.22799713909625998753 1.58146417140960693359 1.13393092155456542969 -0.80161887407302856445 0.91664147377014160156 -0.40877762436866760254 1.24567794799804687500 0.49472039937973022461 0.75592344999313354492 -0.20095480978488919344 0.71717447042465209961 1.24228620529174804688 0.26301100850105280093 1.25918889045715309827
1.06976044178009033203 1.39685964584350608142 0.77582651376724243164 0.83719915151596069336 0.81756061315536499023 -1.37934362888336181641 -1.05316400527954101562 -0.88013869524002075195 0.71666806936264038086 1.56203174591064430921 1.03958356380462646484 0.21811258792877188939 0.93154978752136241571 0.56539702415466308594 0.72714221477508544922 0.00063175783725450004 0.05370812490582459880 0.44590640068054199219 -0.42640930414199829102 -0.91544610261917125360 0.27459818124771118164 -1.13740551471710205078 -1.31766760349273681641 -0.76174998283386230469 -0.68686532974243164062 1.10148429870605490954
1.73396146297454833984 -0.78892046213150024414 -0.96662878990173339844 -0.63832145929336547852 1.52705430984497070312 -1.65247094631195090564 -1.15119230747222900391 0.21340741217136380281 0.27447369694709777832 0.71716094017028808594 -0.70339667797088623047 0.99485838413238525391 -1.15706825256347656250 0.94423025846481323242 -1.59907472133636474609 1.30579781532287597656 -0.02732431143522260145 0.35488042235374450684 -0.63119810819625854492 0.43599480390548700504 -1.11766862869262695312 0.81434434652328491211 0.55335032939910888672 0.31792297959327697754 1.47249054908752441406 0.51682537794113159180
-0.67263644933700561523 -0.24715995788574218750 1.52487945556640625000 -0.53856551647186279297 -0.60612016916275024414 0.94246393442153919562 -0.06956755369901650166 0.40543410181999200992 -0.79495638608932495117 0.30204990506172180176 0.02914037927985189957 -0.78010815382003784180 -1.34458482265472389905 -0.27208566665649408511 0.44157189130783081055 -1.39657139778137207031 -1.69733309745788552014 0.84412103891372680664 0.39384111762046808414 -0.87772959470748901367 -1.41598260402679443359 -1.51375973224639892578 -1.05663633346557617188 0.20751437544822690096 0.37452960014343261719 -0.36007672548294067383
0.16313868761062619295 0.29092463850975031070 -0.71587044000625610352 0.71157950162887573242 -0.80810898542404174805 0.91568946838378917352 -1.68789994716644287109 0.27552255988121032715 -0.09695392102003090595 -0.56943011283874511719 0.30308991670608520508 -1.64319658279418967517 -1.43082010746002197266 0.04005225375294679813 -0.88949793577194213867 -0.53088468313217163086 -0.73215508460998535156 -0.77364563941955566406 1.46195495128631591797 -1.12676858901977539062 -0.57664960622787475586 -1.04740202426910400391 -1.11940908432006835938 0.01770539768040179859 -0.20799301564693450928 0.83341485261917114258
1.72387444972991943359 -0.91774946451187122687 -0.50801366567611694336 -0.52259904146194458008 0.13152982294559478760 1.72315835952758789062 0.85159474611282348633 -1.09360373020172119141 -0.19637271761894220523 -1.02435505390167236328 0.51375043392181396484 -0.54744160175323486328 0.41666570305824279785 0.65501856803894042969 0.09869505465030670166 -0.86068302392959594727 1.54755413532257080078 -0.16210742294788360596 1.28393912315368630139 -1.53887188434600830078 0.32225894927978510074 -0.74815255403518676758 -1.83379900455474831311 -0.53104549646377563477 0.15196192264556879215 0.21942643821239468660
-0.92499536275863636359 1.30916500091552712171 -0.15200042724609369449 1.27420234680175781250 -0.53425127267837524414 1.54012525081634521484 -1.28823912143707275391 -0.93512547016143798828 -0.29178711771965021304 -0.31460648775100708008 -1.07853138446807861328 0.80231153964996337891 0.54194688796997070312 -1.19489932060241699219 1.61577045917511008533 -1.45545768737792968750 0.11404477059841150455 1.57418584823608398438 0.72712159156799316406 -0.81813156604766845703 0.37828341126441950015 1.51009321212768554688 0.80357670783996582031 1.78001284599304199219 -0.71790063381195068359 0.51659417152404785156
-0.46264430880546569824 -1.38014614582061767578 -0.37630501389503479004 0.89035618305206298828 -1.37381601333618164062 -0.88208180665969848633 0.09176738560199730610 0.78253817558288574219 0.03199335932731620091 -1.23172080516815207751 -0.16952599585056299381 -1.52614772319793701172 -1.48674595355987571033 0.49247473478317260742 0.78422474861145019531 0.39178392291069030762 0.36966150999069208316 -0.83353120088577270508 0.99527668952941894531 -1.16180384159088112561 -1.36701953411102294922 -0.34473133087158197574 -0.41279226541519159488 -0.94637054204940795898 -0.76303166151046752930 -1.07625806331634521484
-1.05789303779602050781 0.38896360993385309390 1.09834253787994384766 1.06723535060882568359 0.20962592959403988924 -1.34644508361816406250 -0.60615563392639160156 1.15168654918670632092 -0.66415309906005859375 -1.25728821754455566406 0.33858546614646911621 -0.59970921277999877930 0.12892423570156089085 0.72401368618011474609 1.00875246524810791016 0.52130192518234252930 1.66109442710876464844 0.87666893005371093750 -0.26793897151947021484 -1.65762555599212646484 -1.12147104740142822266 1.53712821006774902344 0.26712110638618469238 -0.91999870538711558954 -0.12485563755035400391 0.23436650633811950684
-0.32478126883506769351 0.99435418844223022461 -1.54482114315032958984 0.04215855151414869828 -1.10351574420928955078 1.78302478790283203125 -0.96465837955474842413 1.64437115192413330078 -1.44110453128814697266 -0.15398329496383658666 1.05741798877716064453 -1.01662731170654296875 -0.79365062713623046875 0.39818862080574030093 1.38632607460021950452 0.51833361387252807617 0.00393925840035080042 0.89521586894989013672 -0.88483786582946777344 0.87155431509017944336 -1.88844525814056396484 -0.39163711667060852051 0.91985911130905162469 1.72519218921661376953 1.68824863433837890625 0.40942886471748352051
1.05554580688476562500 0.13166347146034240723 1.32923865318298339844 1.62266504764556884766 -0.54911416769027709961 0.64731895923614501953 -0.76060503721237182617 -1.04798507690429687500 -0.27220919728279108218 1.47556734085083007812 -1.67557203769683837891 -0.26823484897613519840 1.00155031681060791016 1.12011563777923583984 -0.45145472884178161621 0.50794732570648193359 0.69421386718750000000 -0.11679829657077789307 1.62496912479400634766 0.62447750568389892578 0.48835670948028558902 0.71553134918212890625 -0.75568681955337524414 -0.42035895586013788394 0.36068761348724359683 2.08148455619812011719
0.30549040436744689941 1.40356755256652832031 -0.85667932033538818359 -0.62300246953964233398 -0.65429413318634033203 -1.66450965404510498047 0.79369223117828369141 1.69418895244598410876 0.51934421062469482422 -0.91633588075637817383 0.33522072434425348453 -0.42841333150863647461 -1.32003057003021240234 1.00830161571502685547 -1.09540057182311989514 -1.57569134235382080078 -0.47952699661254877261 -1.38794493675231911389 -1.20931410789489768298 1.15696167945861816406 1.40473091602325439453 -0.21725526452064511385 0.56591719388961791992 1.33450949192047119141 -1.51548361778259277344 0.38822242617607111148
1.29965949058532714844 0.43910527229309082031 -0.00144861359149209994 1.04154682159423850329 0.12094467878341670641 -0.95126485824584960938 -1.49446845054626464844 1.65670788288116455078 1.30900704860687255859 0.34757292270660400391 0.52041918039321899414 1.20891892910003662109 -1.72162079811096191406 -0.28591704368591308594 -0.19081509113311759251 -0.12255494296550749345 -0.99724984169006358758 0.88194698095321655273 0.97200328111648559570 1.13804483413696289062 -1.03175508975982688220 0.54936158657073974609 -0.01688197441399090157 -0.32155427336692810059 0.59901285171508789062 1.29375422000885009766
0.32835653424263000488 1.27936017513275168689 -0.34135627746582031250 -1.68755316734313964844 -1.16741895675659179688 0.61077386140823364258 1.34800815582275390625 -0.74660211801528930664 0.47984749078750610352 -0.22282764315605160799 0.02296936698257920004 0.80787491798400878906 -0.33941382169723510742 1.64271485805511474609 0.25833582878112787418 -0.23833769559860229492 0.84523838758468627930 -1.66005384922027610095 0.79471105337142944336 1.35054969787597656250 1.53462910652160644531 -0.73840296268463134766 -0.81905031204223632812 -1.92133128643035888672 0.96838206052780162469 -0.74245405197143554688
0.16251422464847559146 -0.57562690973281860352 0.72351872920989990234 -1.04071509838104248047 0.71315503120422363281 -1.68818235397338889392 -0.25755158066749572754 1.55619823932647705078 -1.66127002239227294922 -1.45120275020599365234 0.45504426956176757812 1.16801464557647705078 1.09658658504486083984 0.69298833608627319336 0.49254894256591791324 0.78808784484863281250 -1.67972779273986816406 -1.21822929382324218750 0.84876453876495361328 1.48913133144378662109 1.43001127243041992188 0.28547412157058710269 -1.79873239994049072266 -0.72664022445678710938 -1.18007659912109375000 0.07830256223678580541
1.21122372150421142578 1.63781797885894775391 0.40077993273735040836 -0.91188949346542358398 0.38527548313140869141 -1.67703175544738769531 0.15560550987720489502 -1.06488561630249023438 1.01730084419250488281 -0.80975145101547241211 0.63293510675430297852 -0.02983062341809269991 -1.20938467979431152344 -0.93143784999847401007 0.83278572559356689453 0.79486650228500366211 -1.26150012016296408923 -1.02758383750915527344 -0.90816587209701538086 -0.03480638191103929691 1.18707239627838112561 0.97746390104293823242 0.94289785623550415039 -0.94176739454269398077 0.69311547279357910156 -0.83212959766387939453
1.26752769947052001953 -0.03875121846795080011 1.42048513889312744141 0.20976005494594571199 1.05445539951324462891 -1.19983005523681640625 -0.27484893798828119449 -0.14785322546958920564 0.89481395483016967773 1.35466480255126953125 -1.45285534858703591077 -0.92311626672744762079 1.38469040393829367908 -1.61459934711456298828 -1.56631565093994140625 1.54290151596069335938 -0.97960513830184936523 -0.35458642244338989258 -0.80163288116455078125 -1.40103447437286376953 0.09547189623117439961 0.94292575120925903320 1.39486932754516601562 -1.65934240818023681641 -0.97294586896896362305 1.80219590663909912109
0.78203767538070678711 0.16859199106693259496 -0.78812497854232788086 -1.65210974216461181641 0.88447642326354980469 1.14862287044525168689 0.49793493747711181641 0.28584945201873779297 -1.51408755779266357422 1.47321391105651855469 1.39417195320129394531 1.09250199794769287109 0.28630039095878601074 0.87425267696380615234 -1.50804448127746582031 0.55449193716049194336 -0.88115978240966796875 1.16650295257568359375 1.90194535255432128906 1.21964597702026367188 -1.77717101573944091797 0.15442338585853571109 -0.09877364337444299869 1.20658898353576660156 1.44924342632293701172 -0.18926542997360229492
-0.83638155460357666016 1.16596984863281250000 -0.50454807281494140625 1.60571932792663552014 1.18545079231262207031 -0.18739582598209381104 -1.06004548072814941406 -0.05961795523762700166 -1.22956049442291259766 0.87826704978942871094 1.34684634208679199219 1.21814298629760742188 0.68573099374771118164 -1.25760245323181152344 1.61335134506225608142 0.15603713691234588623 0.45500284433364868164 -1.26187002658843994141 -1.30039942264556884766 -0.03377348184585569901 0.39340463280677789859 -1.52012884616851806641 1.00721275806427001953 -1.70334923267364501953 0.98387122154235839844 1.16814541816711447986
0.71661567687988281250 0.05548997223377220150 -0.08901882171630859375 -1.36990106105804443359 0.27451458573341369629 0.65343266725540161133 0.41602006554603571109 -1.51817643642425537109 -1.23301196098327636719 -1.09691989421844482422 -0.79823505878448486328 1.28911793231964111328 -1.45782434940338112561 -1.12768495082855224609 0.29294532537460321597 1.11433959007263183594 -0.57214134931564331055 0.40268877148628229312 -0.36815667152404779605 -0.52619063854217529297 -1.13694381713867209704 0.72131359577178955078 1.82142579555511474609 -1.12773203849792480469 0.17241829633712760228 0.18115484714508051090
-1.09100365638732910156 -0.73590147495269775391 -1.77175867557525634766 -1.15105390548706032483 -0.95762485265731800421 1.07594561576843261719 1.00736999511718750000 -1.45907235145568847656 1.12439203262329101562 -1.18242216110229492188 -0.73426467180252075195 -0.70963871479034423828 1.06374609470367431641 -0.14296814799308771304 1.10033011436462402344 -0.33069407939910888672 1.45147645473480224609 -0.38179993629455560855 -1.10218560695648193359 1.18190872669219970703 -0.65354275703430175781 -0.57395303249359130859 0.60831433534622192383 0.04802540689706800286 -1.37408065795898437500 -1.19312906265258789062
-0.50495898723602294922 -1.37265217304229736328 -0.96006083488464355469 0.71352690458297729492 -1.26729965209960937500 1.39588487148284912109 -0.62208819389343261719 -0.68720388412475585938 -1.27357912063598632812 -0.17106248438358301334 1.40386891365051269531 0.16344533860683441162 -1.19046545028686523438 0.51342689990997314453 0.24963381886482238770 -0.95500767230987559930 -1.65894818305969238281 1.59494221210479736328 0.48927700519561767578 0.52167063951492309570 0.79180121421813964844 0.95612210035324096680 0.84114879369735717773 0.93514758348464954718 -1.39719784259796142578 -0.73383194208145141602
0.32756015658378601074 -0.30229181051254272461 -1.30129206180572509766 -1.42792415618896484375 -0.02115579135715960069 0.18295955657958978824 -1.08177196979522705078 1.32182455062866210938 -0.98872286081314075812 -0.48138794302940368652 -0.56632721424102783203 -0.23740056157112118806 0.57009530067443847656 0.33581489324569702148 -0.56462472677230834961 -0.06658493727445599641 1.32903444766998291016 0.24079428613185879793 0.55688709020614624023 1.42835533618927001953 0.45256182551383972168 1.14002907276153564453 0.83081996440887451172 -0.04683723673224440137 0.65259623527526855469 -0.49117800593376159668
0.50136995315551757812 -0.24198485910892481021 -1.61150670051574707031 1.53159320354461669922 -0.11729673296213150024 -0.24832260608673090152 0.72354149818420410156 -0.82091569900512695312 1.23754906654357910156 -1.04899346828460693359 -1.27128958702087402344 -1.02914619445800781250 -1.01483988761901855469 -1.05940508842468261719 1.40840196609497070312 -1.18647706508636474609 -0.60553836822509765625 -1.58434355258941650391 -0.97120690345764160156 0.62395870685577392578 0.42469125986099237613 0.49013754725456237793 -1.38281857967376708984 0.99347019195556640625 1.64178013801574707031 1.74437630176544189453
0.62967038154602050781 -1.32730102539062500000 0.36650329828262329102 1.49690723419189430921 1.12695181369781494141 -1.50297498703002929688 1.43524742126464843750 -1.24781036376953125000 1.49534785747528076172 -0.81678837537765502930 -1.20857155323028564453 -1.07078945636749289783 1.00243997573852539062 -0.29520523548126220703 0.35428372025489801578 -0.43795490264892578125 0.25030106306076049805 -0.73944675922393798828 1.18551850318908691406 0.24953475594520568848 1.09008705615997314453 1.43770992755889892578 -0.70837259292602539062 -0.55213093757629394531 -0.45867890119552612305 0.55604279041290283203
1.18959236145019509046 -1.43415284156799316406 -0.95064270496368397101 -1.01205945014953591077 -1.48450815677642822266 1.45632362365722656250 1.50005114078521728516 1.62129068374633789062 -0.32772997021675109863 0.96498352289199840204 -1.77114367485046408923 0.98988550901412963867 0.56717628240585327148 -1.15402507781982421875 -1.09160721302032470703 -0.08692331612110129613 0.49425518512725830078 -1.54234540462493896484 0.71958547830581665039 0.72827649116516113281 0.46864828467369079590 1.12118065357208229749 0.59895813465118408203 0.19435399770736688785 0.80841511487960815430 -1.83690714836120605469
1.42648637294769287109 -0.72457945346832275391 -1.62791585922241210938 1.31282711029052712171 1.64622378349304199219 -0.43775743246078491211 -1.17988526821136474609 0.80170500278472900391 -0.04057832807302470118 -1.46990764141082763672 -0.33015957474708551578 0.38078206777572631836 -0.72798550128936767578 1.40726172924041770251 -1.22777116298675537109 0.62135690450668334961 1.30246818065643310547 1.40238809585571289062 -1.59936094284057617188 0.20788258314132690430 -0.46958231925964349918 1.43946993350982688220 0.85443794727325439453 0.53350746631622314453 0.18782916665077209473 2.32209825515747070312
0.11281576007604590672 -1.28787279129028320312 1.15838158130645751953 0.64185166358947753906 -1.35737383365631103516 -1.58739399909973144531 0.26935654878616327457 -0.10803200304508199514 -1.09815442562103271484 -1.04035115242004394531 -1.09573996067047119141 -1.32834613323211669922 -0.77112829685211181641 -0.55091428756713867188 0.55198860168457031250 -0.34531393647193908691 -1.36101055145263671875 0.50257438421249389648 0.43909108638763427734 0.23939421772956839818 0.54687488079071044922 0.49025771021842950992 0.74195587635040283203 -1.56622457504272460938 -1.32928431034088112561 -0.50342190265655517578
-1.52871084213256835938 -0.55612987279891967773 1.66058969497680664062 0.02034072764217850077 -0.45244780182838439941 0.83479291200637817383 -1.28964638710021950452 1.50914466381072998047 0.63652402162551879883 1.15384495258331298828 -1.04525542259216308594 -1.44724237918853759766 0.09661069512367240208 -1.18702244758605957031 0.02331667952239509928 1.49002814292907714844 1.08340644836425781250 -0.83826100826263427734 -1.03508210182189941406 -0.34481647610664367676 -1.66635620594024658203 -0.09040083736181249441 1.55834794044494628906 -0.05636405199766150037 1.37848114967346191406 -0.48359200358390808105
1.14294397830963112561 1.45660030841827392578 0.40985038876533508301 -0.49726268649101257324 0.24074156582355499268 -0.99736404418945323602 -0.05037905648350710086 -0.74453288316726684570 1.50280225276947021484 1.56432914733886718750 -0.39837393164634699039 -0.53306090831756591797 -0.05131129920482629947 -0.76458728313446044922 -1.52111351490020751953 0.43087255954742431641 0.83837127685546875000 -0.37847450375556940250 -0.29288786649703979492 0.59232717752456665039 -1.35814952850341796875 -0.73611801862716674805 0.16084499657154080476 -1.45989525318145751953 -0.54168599843978881836 -0.31931152939796447754
-0.89916270971298217773 1.01183795928955078125 -0.12563882768154138736 -0.38870841264724731445 -0.69272190332412719727 0.66084545850753784180 -0.46508473157882690430 -0.84416723251342773438 1.14126241207122802734 -1.63281166553497314453 1.37882447242736816406 -1.00222313404083229749 1.17195212841033935547 0.48596626520156860352 -0.23463967442512509431 -0.94177669286727905273 -1.29363644123077392578 1.15664029121398925781 -1.42814552783966064453 -1.10961484909057617188 0.07884852588176720356 -0.29935398697853088379 -0.19902761280536648836 -0.85169202089309692383 -0.75436192750930786133 -0.71479618549346923828
-0.29656794667243957520 0.61283010244369506836 1.39955985546112060547 -0.68434190750122070312 -0.21758089959621429443 -1.69080555438995361328 1.62201213836669921875 1.63916242122650168689 1.31938314437866210938 0.27161324024200439453 1.56403434276580810547 1.14143419265747070312 1.54016733169555664062 -0.67290085554122924805 -0.39844357967376708984 -0.06713543087244029650 0.39925807714462280273 0.99302911758422840460 -0.81986117362976074219 -0.99101215600967396124 -0.28770962357521051578 0.88469880819320678711 1.58468794822692871094 0.86224710941314697266 -0.83025443553924560547 0.31548282504081720523
-0.63417649269104003906 0.01756805367767810128 1.61055791378021240234 0.76642459630966186523 -0.19998204708099359683 0.30348503589630121402 1.57078206539154030530 1.70815765857696510999 1.49677634239196777344 0.94931232929229736328 0.53840786218643188477 -1.08421254158020019531 -1.13775444030761718750 0.74525779485702514648 0.19422331452369689941 0.89679431915283203125 0.48427942395210260562 0.57520246505737304688 -0.31218951940536499023 0.25111413002014160156 0.45185831189155578613 -0.97879463434219360352 -0.69374424219131469727 -1.04857134819030761719 0.51732385158538818359 0.84704697132110595703
1.49804103374481201172 -0.62697708606719970703 1.32286131381988525391 -0.02945709042251110077 0.75316995382308959961 0.54618501663208007812 -0.10508949309587470311 0.33864042162895202637 -0.88627851009368896484 0.48257997632026672363 -0.40795230865478510074 -0.89121752977371215820 1.06151354312896728516 -0.01809279620647430073 1.30446791648864768298 -1.14415705204010009766 -1.18578827381134033203 -0.61184382438659667969 -0.71663606166839599609 -1.78350138664245605469 1.05276858806610107422 0.62260854244232177734 0.43636101484298700504 0.22829198837280270662 1.02444994449615478516 0.82783120870590209961
-1.46387028694152832031 -1.28966701030731201172 -1.15290606021881103516 0.07129792869091029772 -1.15386915206909179688 1.36121404170989990234 -0.81358009576797485352 -0.63366782665252685547 1.43110406398773193359 -0.39001417160034179688 0.15939867496490470189 -0.27410182356834411621 -1.15751969814300537109 1.42766809463500976562 1.81826472282409690173 0.88944089412689208984 -1.28605914115905761719 0.74561607837677001953 -1.15367078781127929688 -0.40834099054336547852 -1.52387797832488991467 -1.08061170578002929688 -0.98371970653533935547 1.44316804409027099609 -1.61050355434417724609 -1.73773825168609619141
-0.51463574171066284180 -0.70978462696075439453 0.14239451289176940918 0.69217276573181152344 0.12275250256061549792 0.51252263784408569336 0.52537590265274047852 -0.12930831313133239746 -0.22594247758388519287 -0.02706739306449890137 -1.66392314434051513672 -1.12334680557250976562 -1.36370825767517089844 -0.18996833264827719945 -0.81601023674011230469 0.24388554692268368806 1.50974011421203591077 1.26391100883483886719 0.47449988126754760742 1.60548794269561767578 -0.37917113304138178043 0.60218560695648193359 1.45731365680694580078 -1.22576177120208740234 0.00891456380486480016 -0.28881058096885681152
-0.58576685190200805664 1.14069950580596923828 0.35153275728225708008 -0.47938486933708190918 0.93605720996856678351 1.19314837455749511719 1.31636559963226318359 -0.31050276756286621094 1.13240540027618408203 -1.28113460540771484375 0.13681821525096890535 0.21262083947658538818 0.88418084383010864258 -0.87660366296768188477 -0.79738903045654296875 1.50739324092864990234 1.03266811370849609375 1.21086931228637695312 1.34160041809082031250 -0.57124060392379760742 -0.21087938547134399414 -0.33633258938789367676 -0.31970819830894470215 0.51586532592773437500 1.00745904445648193359 0.27115631103515619449
-1.06003284454345703125 1.17934274673461914062 -1.64937794208526589124 -0.84692329168319702148 -0.18863436579704279117 -1.06219422817230224609 0.67612677812576293945 -0.37651509046554559879 -1.47150242328643798828 0.72237807512283325195 0.60053372383117675781 1.33081185817718505859 -1.82777392864227294922 -1.60097587108612060547 -0.77129191160202026367 -0.27179399132728571109 -0.30330958962440490723 1.52633047103881835938 -1.69052326679229736328 -0.21446289122104639224 1.28846168518066406250 -0.30713725090026849918 0.01877836883068079860 -0.67958897352218627930 -0.13666105270385739412 -0.08706263452768320255
-0.76142293214797973633 -0.39591702818870538882 1.63075220584869384766 -1.49380862712860107422 1.05965983867645263672 0.65061211585998535156 0.74674659967422485352 -0.50183528661727905273 0.79221343994140625000 -1.39397525787353515625 1.22462141513824462891 0.58679115772247314453 1.27497684955596923828 0.47189652919769281558 -0.55067044496536254883 1.33052039146423339844 -0.45365935564041137695 -0.42520296573638910465 1.28420853614807128906 -0.76527422666549682617 0.64535933732986450195 1.30007922649383544922 -0.15597115457057950105 -0.64634186029434204102 -0.73093718290328979492 -0.68955546617507934570
0.73955196142196655273 -1.52373230457305908203 -0.10798139125108710545 0.74422949552536010742 -1.49952840805053710938 0.92569416761398315430 0.33693617582321161441 0.62495118379592895508 -1.25945889949798583984 -0.34732541441917419434 -1.49658632278442382812 0.49269548058509821109 -0.17361518740653988924 1.17681670188903808594 -0.92482167482376098633 1.64854216575622558594 -0.91637545824050903320 -1.42230260372161887439 0.85237109661102294922 -1.40391516685485839844 0.67034351825714111328 0.09556913375854489412 1.49316835403442382812 1.00040698051452636719 1.68183243274688720703 -1.24793863296508789062
0.17584308981895441226 0.97024011611938476562 0.39527332782745361328 1.43432044982910156250 1.64650547504425048828 -0.73016989231109619141 -1.68670141696929909436 0.05904005467891690340 -1.63457369804382324219 -0.22486287355422970857 -1.33796048164367675781 0.90003520250320434570 0.28337845206260681152 -0.39653253555297851562 0.19130134582519531250 0.96814537048339843750 1.61203253269195556641 1.41916096210479736328 0.87347006797790527344 -1.66125655174255371094 -1.17894673347473144531 -0.00387714197859159986 1.30018401145935058594 -0.37018653750419611148 -1.57231187820434570312 1.99833202362060524671
1.45768475532531738281 0.73495519161224365234 0.37978035211563110352 -1.43205153942108154297 -0.39938989281654357910 0.15869028866291040591 -1.00485265254974365234 0.12411469221115109529 -1.44109201431274391858 0.08788377791643139925 1.19710278511047363281 0.42564579844474792480 0.87053048610687255859 -1.63519382476806640625 -0.27299278974533081055 0.56333529949188232422 1.79085671901702880859 -1.78953540325164794922 -1.10080754756927490234 0.53853756189346313477 -1.71690595149993896484 -0.63560622930526733398 -1.36742341518402099609 0.06792169064283369584 1.26387894153594970703 -0.59199291467666625977
-1.24185347557067871094 -1.08886563777923583984 1.53830969333648681641 -1.30402982234954833984 -1.03755378723144509046 0.83148777484893798828 -0.66833424568176269531 0.86231130361557006836 0.20851847529411310367 -1.66731190681457519531 -0.13984277844429010562 -0.20280383527278900146 -0.32396003603935241699 -0.65034860372543334961 -0.21635246276855468750 1.11193215847015380859 -0.59535473585128784180 -0.52799600362777709961 0.38043889403343200684 -0.15056632459163660220 0.64996814727783203125 1.32916140556335449219 -0.43771269917488098145 0.40501993894577020816 0.29951700568199157715 -1.48529767990112304688
1.63447880744934082031 0.60295027494430541992 0.99724322557449340820 -1.54171657562255859375 1.18804359436035156250 0.05456788837909690160 -1.04030346870422363281 1.60943734645843505859 -0.29834127426147460938 -0.91534018516540516242 1.38624846935272216797 -0.46755659580230707340 1.14232838153839111328 -0.38087639212608337402 -0.03189774230122559978 -0.20338214933872220125 -1.36435914039611816406 -1.03254926204681396484 1.28014755249023437500 0.82699602842330932617 0.11114110052585600419 -1.51583015918731689453 -0.35708615183830261230 -0.27734631299972528629 -1.33019745349884033203 -0.28649514913558959961
-0.00133578223176300005 -0.07365325838327399510 0.01465310901403420012 -1.30808818340301513672 0.91823703050613403320 1.43960905075073242188 1.42183244228363037109 0.10656466335058209505 0.49307316541671747379 0.64598143100738525391 0.84265434741973876953 0.80836004018783569336 -0.53289616107940673828 1.20731627941131591797 -1.21590912342071510999 -0.58753007650375366211 0.88858377933502197266 0.10455752164125439729 1.99919462203979492188 -0.66859543323516845703 0.20774117112159729004 0.66245448589324951172 -1.30375957489013671875 1.07549035549163818359 -1.71211767196655273438 -0.75086176395416259766
-0.50676202774047851562 -0.05992516875267019788 -1.15583610534667968750 -1.74094796180725097656 1.66439449787139892578 -0.44716677069664001465 1.29121410846710205078 -0.78449130058288574219 -0.35072910785675048828 1.69367945194244384766 1.34405732154846191406 1.51104283332824707031 -1.15095949172973632812 -0.77313917875289916992 1.44876456260681152344 -1.27138233184814430921 0.37501811981201171875 -0.47846227884292602539 0.01336744800209990064 0.60888665914535522461 1.21936786174774169922 -0.72618770599365234375 0.21927899122238159180 0.46929571032524108887 -0.55623477697372436523 -0.24363788962364191226
-1.46835160255432128906 -0.61044943332672119141 1.16380453109741210938 -1.43670582771301269531 1.49143803119659423828 -1.31356012821197509766 -1.57973074913024902344 -1.55565845966339111328 -0.02832349576056000101 0.72115963697433471680 1.29122614860534690173 1.34480404853820800781 -0.54396605491638183594 -0.84468001127243041992 -0.43513357639312738590 -0.52906137704849243164 -1.68177056312561035156 1.22563779354095458984 0.65779495239257812500 -1.37678623199462890625 -0.01070453599095340033 1.66262114048004150391 -0.12806545197963709048 -0.77959716320037841797 -0.63433641195297241211 -1.19913852214813232422
-0.86931413412094116211 1.39661550521850608142 -0.32689577341079711914 0.53768801689147949219 0.91933917999267578125 0.14447292685508719701 -0.19655418395996090974 -0.81526809930801391602 -1.14614939689636230469 1.50590884685516357422 -0.22376008331775659732 1.56116151809692382812 1.15068483352661110608 0.02535504288971419939 -0.51564717292785644531 0.05347147583961479878 0.39316898584365839175 1.40091753005981445312 0.24584372341632840242 1.38277935981750488281 0.30541786551475519351 -1.37676560878753662109 -1.81613159179687500000 -0.25643622875213617496 -0.73524814844131469727 0.56010740995407104492
1.28951609134674072266 -0.71166563034057617188 1.59058558940887428967 -0.80723178386688232422 -1.61442041397094726562 -0.11603455245494839754 -0.98950171470642078742 -0.57246023416519165039 -1.68593204021453857422 -1.60857415199279807361 0.24541066586971280183 -0.06765112280845639314 0.23531195521354669742 1.21240067481994628906 0.36694878339767450504 -0.72458386421203613281 -0.32595020532608032227 0.49387362599372858218 -0.03101523965597149934 1.33628976345062255859 -1.66931974887847900391 -1.04738283157348632812 -0.49256256222724909000 -0.55661338567733764648 1.82448768615722634046 -0.12705433368682861328
1.63889336585998535156 -1.48248755931854248047 -1.66896557807922363281 -1.09103035926818847656 -0.83807468414306640625 -0.23906637728214261140 -0.45892542600631708316 0.88760012388229370117 -0.47145912051200861148 1.61140394210815429688 0.61160022020339965820 -1.57824206352233886719 -0.28192386031150817871 0.31030648946762079410 -0.95231109857559204102 -0.94889116287231445312 -0.77486145496368408203 1.28229236602783203125 -1.67847192287445090564 0.37992620468139648438 0.16093678772449490633 1.65431940555572509766 0.91344171762466441766 -1.15363752841949462891 -0.26463696360588068179 -1.27680945396423339844
0.14509302377700800113 0.99472159147262562140 0.00876784790307279932 -0.00593492947518819980 1.27695572376251220703 -0.29236486554145807437 -0.75329053401947021484 1.69473564624786376953 -1.33760833740234375000 0.65223574638366699219 0.77537500858306884766 0.50138080120086669922 0.80907046794891357422 -1.57704508304595969470 1.58522129058837890625 0.06078431010246269917 -1.29185461997985839844 1.64895451068878151624 -0.83615666627883911133 0.73264372348785400391 1.31578600406646728516 -1.43005132675170898438 0.82114267349243164062 1.74472928047180175781 -1.49080133438110351562 0.92748004198074340820
-1.26786375045776367188 0.07174521684646599506 -1.21819770336151123047 -1.46129941940307617188 1.62597143650054909436 1.57497823238372802734 0.51966953277587890625 0.04476240649819369921 0.15825633704662320222 -1.65093028545379638672 -0.00229164469055830001 0.35841995477676391602 -0.80476754903793334961 0.80240207910537719727 0.22070901095867148656 1.06052947044372558594 -1.04941821098327636719 0.80143111944198608398 1.39869546890258789062 -0.07377187162637710571 -0.70999562740325927734 0.17528742551803588867 -1.73544752597808837891 1.55342686176300048828 0.18824052810668939761 -0.92453736066818237305
-1.05500090122222900391 -0.16285170614719390869 -0.40753522515296930484 1.49072349071502685547 -1.18942761421203591077 0.12611493468284601382 1.19741618633270263672 -0.03578721359372129956 0.96603482961654663086 1.58929765224456809314 0.55028682947158813477 0.45034864544868469238 -0.44245064258575439453 1.01506602764129638672 1.25218009948730490954 1.21327316761016845703 -1.00665152072906494141 -0.38309529423713678531 -0.26336395740509027652 -0.17028412222862240877 1.23305284976959250720 -1.07579243183136008533 -1.66507709026336669922 1.64502251148223876953 0.90604609251022338867 -0.39101201295852661133
0.67512136697769165039 0.35251927375793451480 -0.94126379489898681641 0.79969519376754760742 -1.77161586284637428967 -0.23810556530952450838 0.94163477420806884766 -0.43555682897567749023 -1.38190162181854248047 -1.27428162097930908203 1.44180667400360107422 -1.61559450626373291016 -0.59159713983535766602 -0.97150945663452159540 0.39999973773956298828 -0.43593165278434747867 -0.35354521870613098145 -1.39896440505981445312 -1.43878328800201416016 -0.57494711875915527344 0.10876625776290889391 0.29502382874488830566 -0.43319672346115112305 1.42019665241241455078 0.46787098050117492676 0.93858200311660755499
