0.30580765008926391602 -0.68617480993270874023 -0.76098078489303588867 1.13773345947265625000 0.14693781733512870091 -0.20582054555416098851 0.71704584360122680664 -0.36086761951446527652 -1.59046733379363991467 1.52870655059814430921 0.52561324834823608398
0.90863645076751720087 -0.25135555863380432129 0.33036729693412780762 0.89338070154190063477 -1.04522287845611550061 1.40503263473510742188 -0.25488790869712829590 1.48297166824340820312 0.51749479770660400391 0.64875888824462890625 0.88241946697235107422
0.67020672559738159180 -1.63484585285186767578 0.97668313980102539062 1.13135504722595192639 -0.04562801867723460109 0.08183822780847549438 0.48006471991539001465 -0.27522712945938110352 0.67232924699783325195 -0.32928562164306640625 -0.49854978919029230289
-1.44295191764831542969 -1.15620458126068115234 -0.52666962146759033203 -0.95092302560806285516 -0.76977539062500000000 1.28495872020721435547 1.23343479633331298828 0.12824697792530059814 -0.83051687479019165039 0.74104404449462890625 -1.77701914310455322266
-0.58496087789535522461 1.01946580410003662109 -0.99221998453140258789 0.55125564336776733398 -1.49843800067901589124 -0.22227786481380459871 0.15683628618717190828 1.36737680435180664062 0.24104291200637809056 -0.29231244325637817383 0.50923746824264526367
-0.38835516571998590640 -0.27510476112365722656 0.24373179674148559570 0.15023203194141379613 1.18299114704132080078 -1.23535656929016113281 0.40248018503189081363 0.67966443300247192383 -0.65213876962661743164 -0.73242092132568359375 -0.08612509816884990343
0.74480438232421875000 1.67498064041137695312 1.46772575378417968750 0.90254026651382435187 0.37202811241149902344 -1.20052528381347656250 -0.68607097864151000977 0.35493507981300348453 1.39161384105682350842 -1.36497020721435569079 1.62878775596618630139
0.21913613379001609105 0.23355476558208460025 0.15025064349174499512 -0.29706281423568720035 1.46028983592987060547 -0.41777855157852167300 -0.89757466316223144531 -0.91012758016586303711 1.08994781970977783203 -0.13744693994522089175 0.59551548957824707031
0.59232354164123535156 -1.23981618881225608142 0.60832077264785766602 1.30997073650360107422 1.28471672534942649158 -0.21193431317806241121 -1.44573271274566650391 -0.97641986608505237921 -1.65799689292907714844 1.17340445518493630139 0.35161310434341430664
1.26161420345306396484 0.06771524250507350573 -1.58172714710235595703 -0.25294354557991027832 -0.20320442318916320801 0.54196888208389282227 1.01833784580230712891 -1.47091722488403320312 -0.99255853891372680664 -1.72002530097961447986 1.18810105323791503906
0.31107234954833978824 -1.00459492206573486328 -0.87725144624710083008 1.13461816310882568359 -0.96879631280899036749 1.09973025321960449219 -1.16296005249023437500 -1.49201118946075439453 0.28341901302337640933 -0.35476741194725031070 -0.24568773806095120515
0.93965470790863037109 -1.61690866947174072266 1.11643385887145996094 -0.81254106760025024414 -1.16141378879547119141 -0.41545337438583368472 0.82257896661758422852 0.20478570461273190584 -1.64030683040618896484 -0.88318073749542236328 -1.54717183113098144531
1.34721434116363525391 1.02161574363708496094 0.71193498373031616211 0.88776737451553344727 1.60130178928375244141 0.77835845947265625000 -1.33783936500549316406 0.72209197282791137695 -0.49427109956741327457 0.43142038583755487613 1.62186825275421142578
1.38380014896392822266 0.45028409361839288882 -0.86566764116287231445 -1.72335195541381835938 1.60408365726470969470 -0.72273951768875122070 -0.46853807568550109863 -1.01978182792663552014 0.57568961381912231445 -0.87874847650527954102 0.46516317129135131836
-0.62103217840194702148 -0.82456433773040771484 1.26456093788146950452 -1.41536307334899902344 0.75253260135650634766 -1.24439215660095192639 -1.65027439594268798828 0.12841108441352838687 0.85850816965103149414 -0.52342307567596435547 -0.95714980363845836298
1.22583913803100608142 0.34977278113365167789 0.32804238796234130859 -0.90736889839172363281 -0.53988260030746459961 -1.15271329879760742188 -0.84774667024612426758 0.75237643718719482422 1.31847810745239257812 1.45977234840393088611 0.25817990303039550781
1.18390727043151855469 1.11063659191131591797 0.17663873732089990787 -0.31869152188301080875 0.86127591133117675781 -1.62294352054595969470 1.70023238658905029297 0.37601977586746210269 -1.29858374595642089844 -1.27439820766448952405 0.28834381699562072754
1.65926361083984375000 -0.55514627695083618164 0.71376109123229980469 -0.59297829866409301758 0.64906305074691772461 -0.53888857364654541016 -0.48483663797378540039 0.03844638168811789769 1.67979645729064941406 -1.22564661502838112561 0.34394118189811700992
1.29141426086425781250 -0.02469496428966520135 1.54681289196014404297 0.15993718802928919009 -0.04149103537201880021 -1.31724929809570312500 -0.60681670904159545898 -0.40898030996322631836 0.37880647182464599609 -0.98210602998733520508 1.33024656772613525391
-1.79423809051513671875 0.40746042132377618961 -0.81440210342407226562 -0.88556063175201416016 -1.08016026020050048828 -0.60593843460083007812 0.59341353178024291992 -0.33738869428634638004 -1.66729962825775168689 -0.16548128426074978914 -2.13825345039367675781
0.70972412824630737305 0.22212195396423339844 -1.72012305259704589844 0.69329130649566650391 -1.50289726257324218750 0.88781660795211791992 0.39153060317039489746 1.01714110374450683594 -0.30173408985137939453 0.24696227908134460449 1.51507556438446044922
-1.04651665687561035156 1.06259810924530029297 -0.67907375097274780273 -0.80581563711166381836 -1.17373073101043701172 -1.69693839550018310547 -1.28377795219421408923 -1.63648760318756103516 0.10884068161249159379 -0.63203990459442138672 -0.96619713306427001953
-0.16801890730857849121 1.18897116184234619141 1.42541313171386718750 -1.16009151935577392578 0.17932254076004019994 -0.08102738857269280170 -1.44622397422790527344 -1.25445985794067382812 1.64688503742218017578 1.15555906295776367188 0.69590830802917480469
0.16450399160385129060 1.13511598110198952405 -1.13943064212799072266 0.58642965555191040039 0.94260299205780040399 -1.19626283645629882812 0.93502312898635864258 -0.29238739609718322754 -1.03419303894042968750 1.24461841583251953125 1.81834614276886008533
-0.04235337674617759701 1.48957538604736328125 0.37653106451034540347 1.42949891090393088611 0.29465365409851068668 -0.86655974388122558594 1.64236712455749511719 1.73127114772796630859 0.08295562863349910387 1.45002901554107688220 1.49887585639953591077
1.09849107265472389905 1.68045604228973410876 0.66018706560134887695 1.41068160533905029297 -1.27004384994506835938 1.52733993530273437500 -1.62042331695556640625 -0.57346904277801513672 -0.22630134224891659822 -0.79075884819030761719 0.12792670726776120271
0.52922111749649047852 -0.70415693521499633789 0.13145458698272699527 -0.45632854104042047672 -0.17560711503028869629 0.18536111712455749512 -0.31707704067230219058 -1.52398550510406494141 -1.04753613471984863281 0.58476614952087402344 -0.22233119606971740723
-0.73317015171051025391 0.87192094326019287109 -1.07952010631561279297 0.72679215669631958008 -0.87967860698699951172 0.15108482539653769749 -1.40496003627777099609 -1.56578493118286110608 0.63887745141983032227 -0.21146407723426818848 0.19904553890228268709
-0.58203858137130737305 -0.24727915227413169164 -1.44444632530212402344 -1.54799485206604003906 -1.66881620883941650391 -1.22481083869934082031 0.22950540482997888736 -1.61854314804077170642 -0.75106948614120483398 -1.16197192668914794922 -1.44166493415832519531
-1.25357294082641601562 -0.77295976877212524414 1.60824930667877197266 0.85120034217834472656 1.38466250896453857422 -0.25071498751640319824 0.44316172599792480469 1.42970097064971923828 -1.47235345840454101562 0.48549214005470270328 0.64413899183273315430
-1.23746645450592041016 0.81959903240203857422 0.30109372735023498535 0.60645616054534912109 0.42716366052627557925 1.57063901424407958984 -1.24875557422637939453 -1.62699174880981445312 -0.97923874855041503906 -0.67273455858230590820 0.22366359829902648926
-1.31304001808166503906 0.68231260776519775391 -1.58562898635864257812 -0.72953122854232788086 -0.58990657329559326172 -0.31011816859245300293 0.66264218091964721680 0.98708295822143554688 0.31164675951004028320 1.55803120136261008533 -0.60850554704666137695
-0.36257660388946527652 -0.37619233131408691406 -0.82684284448623657227 0.59372633695602416992 1.03563404083251953125 -1.68777465820312500000 -0.36698034405708307437 -0.87663990259170532227 1.61115694046020507812 1.02530300617218017578 0.73844319581985473633
0.93418306112289439813 0.37093976140022277832 -0.79115116596221923828 0.62733662128448486328 1.52769494056701660156 0.93439906835556041376 -1.73527216911315917969 0.50341379642486572266 0.60995823144912719727 0.34399032592773437500 1.94165325164794877466
1.12806761264801047595 -1.29796171188354492188 1.62037289142608642578 0.63634425401687622070 -1.65462779998779296875 0.95856398344039916992 0.43992453813552850894 1.46113979816436767578 0.05024486035108560039 0.78352928161621093750 0.14527800679206839818
-0.66130751371383666992 -1.07262670993804909436 0.04453667998313900339 -0.22754843533039090242 -0.37354141473770141602 -0.38744226098060607910 1.08930552005767822266 -0.52697855234146118164 1.11605715751647949219 0.26452037692070007324 -1.48587906360626220703
-0.26312467455863952637 1.64410340785980224609 -1.58810138702392578125 0.29747986793518060855 -1.09798574447631835938 1.49308788776397705078 1.65008521080017089844 0.70542800426483154297 -0.61595451831817626953 0.75203526020050048828 1.28640663623809792249
-0.65188086032867431641 -1.34736096858978271484 1.08492183685302712171 0.16559307277202600650 -0.91145139932632435187 0.78069746494293212891 0.32760357856750488281 1.42808794975280761719 -1.45267355442047119141 1.46462452411651589124 -0.87371754646301269531
0.48996031284332269840 0.46917167305946350098 -1.70248746871948242188 1.74290060997009277344 0.28749781847000122070 0.20191928744316101074 -0.10155311971902840351 0.30983233451843261719 -0.61438888311386108398 0.85932654142379760742 2.83838438987731978003
0.52219450473785400391 1.62405538558959960938 0.08091654628515239367 -1.02558064460754394531 0.38417652249336242676 0.85700488090515136719 -0.95032376050949096680 0.37244793772697448730 -1.73480415344238281250 1.00763893127441406250 0.20829491317272180728
1.22108304500579833984 0.90759402513504039423 -0.72226458787918090820 0.30832239985465997867 0.63476788997650146484 1.57332551479339599609 -0.97952204942703235968 -0.36621606349945068359 -0.86629831790924072266 -0.90845912694931041376 0.72791320085525512695
0.98523116111755359992 -1.12543582916259765625 -0.57544833421707153320 0.24683013558387750797 0.35931015014648437500 0.91919744014740001337 -1.04994654655456542969 -1.22777462005615234375 1.11506867408752441406 0.66410446166992187500 -0.48056554794311517886
-0.07101193815469740434 -1.50651884078979492188 0.67265754938125610352 -0.28867498040199279785 -0.09919437021017070422 -0.71556192636489868164 1.09698390960693359375 -1.54841959476470969470 -1.66250395774841308594 0.63417899608612060547 -1.23689818382263183594
0.03371661528944960157 0.54391562938690185547 -1.68946564197540283203 -0.57932072877883911133 -0.52153205871582031250 1.07198989391326904297 0.55516278743743896484 1.52077984809875488281 -0.58293557167053222656 -0.72578436136245727539 1.18068015575408935547
-0.14784276485443109683 0.80543184280395507812 -1.29872584342956542969 -1.29181480407714843750 0.59816592931747436523 -0.85178327560424804688 -1.67009663581848144531 -0.58892130851745605469 1.07253229618072509766 0.49574363231658929996 0.41265550255775451660
1.17927527427673339844 0.18631878495216369629 -1.03914093971252441406 -0.44672864675521850586 -0.94990622997283935547 -0.84855896234512329102 0.84055650234222412109 -1.62927258014678955078 -0.00009109322854783386 1.51631546020507790296 0.87520062923431396484
-0.76244401931762695312 0.05168733000755310059 0.32549774646759027652 0.43751028180122369937 -0.00545199261978260036 -0.46206361055374139957 -0.14027239382266989964 -1.56758189201354980469 0.74193310737609863281 -0.78390043973922729492 -0.45520785450935358218
-1.25772714614868164062 -0.51379960775375366211 -0.40854892134666437320 1.37422442436218261719 0.07483650743961330065 -0.15625694394111630525 0.62245804071426391602 -1.34673571586608886719 -0.06225475668907159976 -0.53663462400436401367 -0.04009475186467170021
-1.71042120456695556641 0.58903402090072631836 1.19124305248260498047 0.44875136017799377441 1.16309189796447753906 -1.44126927852630615234 0.51266783475875854492 0.88809961080551147461 -1.11598074436187744141 -1.32224237918853759766 -0.20992250740528101138
1.01243960857391357422 0.16879044473171231355 -1.69599854946136474609 1.61267066001892089844 -0.99940329790115356445 1.08631265163421630859 1.32084405422210693359 -0.49543106555938720703 1.46551835536956809314 -1.26744377613067649158 2.34956312179565429688
0.96611821651458740234 1.29483520984649658203 0.92847293615341197626 0.11031536012887950549 -1.45757055282592751233 -0.39518943428993219547 -1.05245912075042724609 -1.21768128871917724609 0.48450258374214172363 -0.55569368600845336914 0.29261237382888788394
0.89477890729904174805 0.14279748499393460359 -0.23103545606136319246 0.09114303439855570010 -1.16961300373077392578 0.48043727874755859375 -0.48326158523559570312 -0.84404152631759643555 1.22740769386291503906 1.67976284027099609375 0.19364486634731289949
0.30362203717231750488 -0.40044683218002319336 0.51694649457931518555 -1.58666825294494628906 0.61800462007522583008 0.82385939359664916992 -0.01098996773362150015 1.33311831951141357422 0.82237237691879272461 0.96520841121673583984 -0.63173824548721313477
1.49385738372802712171 -1.22160184383392311780 -1.63395214080810569079 1.46304106712341308594 -0.47642445564270019531 -1.59116554260253906250 -1.10719585418701149671 -0.92026180028915405273 -1.54406034946441650391 0.85764896869659423828 0.87942552566528320312
1.16602623462677001953 -0.85175955295562744141 -0.79386550188064575195 -1.13460004329681396484 1.61377227306365966797 0.10415925830602640323 0.09924925118684760350 -0.42782953381538391113 0.70104330778121948242 0.79876703023910522461 -0.51233208179473876953
0.81473827362060546875 0.23666341602802271060 1.34770882129669189453 -1.52870881557464599609 -1.65613579750061035156 -0.84757566452026367188 -0.43259894847869867496 -0.67514979839324951172 -0.45759084820747369937 -1.25091564655303955078 -0.33081737160682678223
1.31043255329132080078 1.02018904685974121094 0.02531008049845689944 -1.25445330142974831311 -0.87607151269912719727 -1.27232623100280761719 -0.54603463411331176758 -0.05215397477149959909 1.31946873664855957031 -0.55203616619110107422 -0.71328401565551757812
-0.35083186626434320621 0.15201702713966369629 -0.87862342596054077148 -1.14719557762145996094 0.71898841857910156250 -0.94785833358764637335 -1.55183315277099609375 0.77643668651580810547 0.98896831274032603876 1.19698560237884521484 -0.20475108921527859773
0.08785780519247049503 1.11809802055358886719 -1.06080865859985351562 1.15434229373931884766 -0.53606277704238891602 -0.46786925196647638492 -0.05762906000018119812 1.35095620155334472656 -1.33827292919158935547 0.25136077404022211246 1.32605826854705810547
-0.81997132301330566406 -0.88077712059020996094 0.73908114433288574219 1.40165746212005615234 -1.74793791770935058594 -0.37707778811454767398 1.03888165950775168689 1.55847704410552978516 -1.49085080623626708984 0.68096023797988891602 -0.46796229481697082520
0.46455308794975280762 1.42632305622100830078 -0.90708035230636596680 1.09257853031158447266 0.84306883811950683594 -1.19408726692199707031 0.23855476081371299046 -1.59213924407958984375 0.83220690488815307617 -0.42440497875213617496 1.80011880397796630859
-1.00936090946197509766 -1.57376635074615478516 -1.18800735473632790296 0.97401982545852661133 -0.54139083623886108398 -1.02697873115539550781 0.62134999036788940430 0.54076433181762695312 0.15141746401786798648 1.52201271057128906250 -0.45888200402259821109
0.87657070159912109375 -0.52149498462677001953 -0.70632487535476684570 -0.96531349420547485352 0.57570976018905639648 0.28366267681121820621 0.39618653059005737305 -1.50047218799591064453 0.17983023822307581119 0.70029407739639282227 -0.65828388929367065430
-0.54197967052459716797 -1.34592354297637939453 1.28370451927185058594 1.49405705928802490234 -0.57009404897689819336 -1.08291661739349365234 -0.20944818854331970215 -0.28359416127204889468 -1.26907849311828591077 -0.54238545894622802734 -0.33169898390769958496
1.01988554000854492188 0.50014621019363403320 -0.63592225313186645508 -0.43307492136955261230 0.70721179246902465820 -0.65981179475784301758 -1.27192866802215576172 -0.79869717359542846680 1.44175863265991210938 -0.83889669179916381836 0.46020588278770441226
-0.34353435039520258121 -1.27912187576293967517 -1.20488858222961447986 1.18667495250701904297 0.83404320478439331055 -0.94137734174728404657 -1.66453707218170166016 -0.31023544073104858398 0.04293751344084739685 -1.27148234844207763672 0.01644499599933620104
-1.01989459991455078125 0.03728874027729030260 0.18556749820709220189 1.74967658519744873047 1.70818543434143088611 -0.66235905885696411133 0.02517773024737830073 -1.02630448341369628906 1.35958874225616455078 1.30796372890472389905 0.71524631977081298828
1.16464257240295410156 0.93984502553939819336 -0.75747048854827880859 -0.00194059067871419993 0.99972927570343017578 0.78355556726455688477 1.38751006126403808594 -0.96893203258514404297 1.28561735153198242188 1.54962313175201416016 0.93634939193725597040
-1.16163933277130126953 1.27738654613494873047 1.60075688362121582031 -1.02402985095977783203 0.47642192244529718570 -0.93931049108505237921 -1.62321841716766357422 -0.71131402254104614258 0.36506271362304687500 -0.87783300876617431641 -0.08301579207181930542
-0.11489570885896679964 0.89491921663284301758 0.20368507504463190250 -1.53159785270690917969 0.47651162743568420410 1.09252715110778808594 -1.42289578914642311780 -0.09410403668880459871 -0.88965719938278198242 0.62681794166564941406 -0.48099011182785028629
1.70255839824676513672 0.99244964122772216797 0.20140326023101801090 1.69278550148010231702 -0.98678296804428100586 1.40489470958709716797 0.89118289947509765625 -0.19882057607173919678 -1.72510051727294921875 -0.88829857110977172852 0.42606708407402038574
1.34816920757293701172 -1.55459940433502197266 0.19625581800937649812 -1.33779990673065207751 0.53625762462615966797 0.04918533563613890214 0.47393533587455749512 -0.87359917163848876953 0.10686329007148739900 0.86747580766677856445 -1.68911576271057128906
0.45221877098083490543 0.37915405631065368652 -0.22611835598945609349 0.64874207973480224609 1.65537559986114501953 -1.41421127319335937500 -1.54745495319366455078 1.39774060249328591077 0.92439377307891834601 0.17161981761455530338 1.25730454921722389905
-0.81964474916458129883 1.57120513916015625000 1.61701905727386474609 0.74973183870315551758 -1.02259314060211181641 1.60644376277923583984 -0.34964787960052490234 -1.13962936401367209704 0.20988693833351129703 1.65609431266784690173 1.19458913803100608142
-1.35330367088317871094 -1.21190655231475830078 -1.69565069675445556641 -1.62677073478698730469 0.99725890159606922492 -0.06460635364055629382 -1.52545750141143798828 0.90344434976577758789 -0.56419569253921508789 -1.40586769580841064453 -0.59532856941223144531
1.26286625862121582031 1.45986354351043701172 1.12149119377136230469 0.35872983932495111636 -0.48759248852729797363 0.08549468964338299837 -1.71670663356781005859 0.43967604637145990543 -1.66914713382720969470 0.09822284430265419697 0.34035801887512201480
1.14198613166809082031 -0.23167243599891659822 1.32001745700836181641 0.22341029345989218968 0.18105119466781610660 0.53670811653137207031 0.35204213857650751285 -0.97279661893844604492 0.53703939914703369141 1.08733475208282470703 1.56306004524230957031
1.17544674873352050781 -1.51948904991149902344 1.06534242630004882812 -0.38161054253578180484 0.45494490861892700195 0.33056855201721191406 1.09982693195343017578 0.75661635398864746094 -1.21062397956848144531 0.56796932220458984375 -0.80650711059570312500
-1.64374744892120361328 1.24224936962127685547 -0.53092223405838012695 0.01368558872491120078 -1.55508804321289062500 1.40849208831787109375 -0.94520229101181041376 0.32612341642379760742 -0.16502246260642999820 -0.04461189731955519933 -0.99746555089950561523
-1.42173087596893310547 1.32555854320526123047 1.10144495964050292969 0.49365350604057312012 0.20285497605800628662 0.36504575610160827637 1.79845142364501953125 0.26254096627235412598 -1.27207541465759277344 -0.48022925853729248047 0.04292556270956990327
-0.95623046159744262695 1.19956433773040749280 1.36928105354309082031 0.01878456585109230040 -1.06446945667266845703 -0.19695717096328729800 0.46486788988113397769 1.54090094566345192639 0.02770861610770219974 0.80208635330200195312 0.21490578353404998779
0.18037326633930200748 0.60521668195724487305 -1.53042888641357421875 0.22054360806941980533 -0.94722199440002441406 -1.22705018520355224609 -0.62773144245147705078 0.72253191471099853516 -0.02568010613322250016 -1.53771448135375976562 1.04966139793395996094
-1.39613044261932350842 0.09336989372968669543 1.62054789066314697266 -0.29830646514892578125 -1.39421212673187255859 0.73117905855178833008 -1.47933948040008544922 -1.05236935615539550781 -1.20533454418182350842 0.85321563482284545898 -0.61862242221832275391
-0.12004865705966949463 0.12553645670413970947 1.51871967315673850329 -0.10196731239557260684 0.22694538533687588777 0.88117229938507080078 -0.18801845610141751375 1.19981110095977783203 0.10408955812454219469 -1.33335769176483154297 1.32517147064208984375
0.89917123317718505859 -0.53021699190139770508 0.84072566032409667969 -0.02795380167663090096 -0.78138345479965209961 -1.04226005077362060547 1.45759594440460205078 0.89638632535934448242 0.85322105884552001953 -1.57325851917266845703 0.05521267652511589741
1.29987764358520507812 0.26350283622741699219 1.40448522567749023438 1.42118000984191894531 -0.23027117550373069066 -1.67330706119537353516 -1.64864039421081542969 1.20884644985198952405 0.50133186578750610352 -0.74631792306900024414 1.95845592021942116467
1.23668384552001953125 0.79920893907546997070 -1.30566000938415527344 -0.25894632935523981265 0.51520884037017822266 -0.78717350959777832031 -1.31102263927459716797 -0.51513147354125976562 0.77181780338287353516 1.02256143093109130859 1.25326514244079589844
-1.61096537113189697266 1.69227278232574462891 -0.20107738673686981201 1.17003154754638671875 -0.22473622858524319734 -0.49009943008422851562 0.19147759675979608707 0.81661635637283325195 1.19606328010559082031 0.84655511379241943359 -0.62474644184112548828
1.47205555438995361328 0.00937613658607000001 0.79554367065429687500 0.52364641427993774414 -0.13017132878303519505 1.10211908817291259766 0.14821663498878479004 -0.53610587120056152344 0.27016669511795038394 0.71799153089523315430 1.36844062805175781250
-1.14800631999969482422 -1.19337296485900878906 -0.20618264377117148656 -0.54827642440795898438 0.82498186826705932617 -0.64464551210403442383 -1.45729994773864768298 -1.15025699138641357422 -0.16215947270393368806 1.22591197490692138672 -1.64493823051452636719
-1.11011326313018798828 -1.51922798156738281250 0.59372150897979736328 0.53678059577941894531 0.16932676732540130615 1.00722956657409690173 -0.85567975044250488281 1.33096444606781005859 0.98404401540756236688 0.32364824414253229312 -0.68692362308502197266
-1.10305893421173095703 1.58881318569183349609 0.32588559389114379883 1.17873489856719970703 -0.55526483058929443359 -0.23404325544834128636 -0.58134853839874267578 0.77176892757415771484 0.62385076284408569336 0.73830765485763549805 0.01582895778119559893
1.34552717208862304688 1.48424685001373291016 -1.01350700855255126953 -0.14269861578941339664 1.53720152378082275391 0.73239278793334960938 1.32965016365051269531 0.33123862743377679996 -0.07463348656892769550 1.67287826538085937500 0.15531447529792780093
0.57953327894210815430 0.27040499448776239566 1.27310776710510231702 -0.84730666875839233398 -0.29713484644889831543 -1.70452654361724831311 0.12974625825881949681 1.30191385746002197266 -1.32999277114868164062 -0.13345576822757720947 0.54537558555603027344
-0.87643396854400634766 -1.50394356250762939453 -0.02967428788542739865 1.68999814987182617188 -1.58600914478302001953 1.24669003486633300781 0.23160082101821899414 1.67631661891937255859 -1.42923808097839355469 0.98541778326034557001 -0.69842737913131713867
1.19297850131988525391 1.34624743461608886719 -0.99101507663726795538 -1.73040950298309326172 0.66464561223983764648 -1.58269584178924560547 0.11895585060119620580 1.19750678539276123047 0.76093626022338867188 0.50870507955551147461 -0.74727189540863037109
-1.44571352005004882812 -1.08741605281829833984 1.00320148468017578125 -0.93914246559143077508 -0.35171940922737121582 -0.36072841286659240723 1.54121363162994384766 -1.04404819011688232422 0.61047971248626708984 -1.46938383579254150391 -1.63080108165740966797
1.20772659778594970703 -0.13404539227485651187 -0.68611878156661987305 1.12152874469757080078 -0.42765873670577997379 -0.30231493711471557617 -0.56788891553878784180 -0.52619326114654541016 1.05897438526153564453 -0.59873414039611816406 1.86691796779632568359
-0.31673219799995422363 -0.09636366367340079564 -0.81346881389617919922 -1.00597310066223144531 0.06942112743854519930 -0.98030900955200195312 -0.72439956665039062500 0.42470169067382812500 0.96222406625747680664 1.25750815868377685547 -0.81098973751068115234
0.70813125371932983398 -0.60592269897460937500 0.95370036363601684570 -0.65591728687286376953 1.19220077991485595703 -1.68124222755432128906 0.20236790180206298828 -0.07651264965534210205 -0.44418212771415710449 1.42466986179351806641 0.42556178569793701172
-0.82942700386047363281 0.29424914717674249820 -0.89605176448822021484 1.16759479045867919922 1.22849011421203591077 1.27070212364196777344 -0.09929776191711420230 1.55284976959228515625 -0.24588206410408020020 0.29947528243064880371 0.40274462103843688965
0.92151987552642822266 -0.96531057357788074835 -1.55178737640380859375 0.86754077672958374023 0.85441029071807861328 -1.58610701560974121094 1.02213752269744873047 1.40468776226043701172 0.77394229173660278320 -0.60476821660995483398 1.05086588859558105469
0.69371473789215087891 -0.66742402315139770508 -0.09372256696224209871 -1.68617522716522216797 1.20078229904174804688 -0.14387851953506469727 1.16085410118103049548 -0.69806402921676635742 -0.05889291316270819920 0.14228355884551999178 -0.46146467328071588687
-1.55347502231597900391 -1.34851884841918967517 1.40411162376403808594 0.66126424074172973633 -1.59739649295806884766 -1.57351195812225341797 1.10420894622802712171 -0.78937262296676635742 -0.00984361954033369929 -0.36716565489768981934 -0.66130882501602172852
-1.62657952308654807361 0.89004534482955932617 0.87759703397750854492 -0.70545780658721923828 -0.33822488784790039062 0.06815609335899350252 1.47631335258483886719 0.40248396992683410645 1.50126063823699951172 0.20341032743453979492 -1.31621801853179909436
1.03174924850463889392 -1.61912441253662109375 -0.84867566823959350586 1.50469374656677246094 -0.27595674991607660465 1.27195751667022705078 -1.32452297210693359375 -0.78291136026382446289 1.49918723106384277344 0.97890621423721324579 -0.15704005956649780273
-0.81265920400619506836 0.02415183372795580083 -1.71670949459075927734 -0.73744100332260131836 -0.42477953433990478516 0.93715327978134155273 0.94257193803787242548 -0.03622372075915329670 -0.03964575752615920323 -0.32632210850715631656 0.01973452046513550148
1.10482752323150634766 0.70514833927154541016 0.15102449059486389160 -1.33877432346343994141 -0.86523574590682983398 -0.66815316677093505859 0.81752943992614746094 0.41171020269393920898 -1.14143216609954833984 -1.52383136749267578125 -0.24299870431423178929
-1.65928351879119873047 0.31366336345672607422 -1.58359277248382568359 0.85813522338867187500 -0.10899890959262839574 1.34122943878173850329 -1.60532069206237792969 0.41665804386138910465 1.15134084224700927734 1.16675531864166259766 0.12173528969287869539
-0.29391142725944519043 -1.33095800876617431641 -1.38245344161987304688 0.27859887480735778809 0.74906492233276367188 -0.61363160610198974609 0.76532965898513793945 -0.58892720937728881836 0.13415426015853879060 0.26461991667747497559 -0.00846988894045349987
-0.12182372063398359818 0.97512525320053100586 -0.72853565216064453125 0.77513319253921508789 1.43235421180725097656 -0.88596737384796142578 -0.84578102827072143555 -0.44156947731971740723 1.15568494796752929688 -1.55782687664031982422 1.63151645660400390625
-1.34701311588287353516 -0.06580925732851020116 0.59610307216644287109 0.56558507680892944336 1.61078631877899169922 -0.05766182020306580280 1.82054817676544189453 -1.62940943241119384766 -0.47216740250587457828 1.33347201347351074219 0.13278484344482419099
0.57431381940841674805 -1.45784115791320800781 -0.52895152568817138672 -1.40904307365417480469 1.41269719600677490234 -1.55561566352844238281 -0.60854566097259521484 -0.08203808218240729588 -0.53835076093673706055 1.35143613815307617188 -1.27874231338500976562
-1.25737917423248291016 1.61537885665893554688 -0.40045329928398132324 1.48708486557006835938 1.07627010345458984375 1.28780555725097656250 -0.98036986589431762695 1.34913456439971923828 0.08866230398416509451 1.28838372230529807361 1.12175202369689941406
-1.74140608310699462891 0.23884373903274530582 1.63422036170959472656 -0.86775612831115722656 -1.60145032405853271484 -1.29937374591827392578 -0.59881556034088134766 0.83380675315856933594 0.30498787760734558105 -1.47527813911438010486 -1.59686231613159179688
-1.13536167144775390625 0.49832937121391290836 0.55973005294799804688 0.08594302088022230668 0.78958171606063842773 1.49111485481262207031 0.28284931182861328125 0.65269041061401367188 0.45949381589889520816 1.01832234859466552734 -0.30625018477439880371
0.31412401795387268066 0.28966984152793878726 -1.41985845565795898438 1.46355879306793190686 0.69659215211868286133 -0.58437615633010864258 -0.28971171379089349918 -1.06284677982330322266 -1.36649274826049804688 0.68420785665512084961 1.94630372524261474609
0.92593514919280994757 -0.24691207706928250398 0.70809227228164672852 -1.61196446418762207031 -0.27128151059150690250 -1.51869559288024902344 -0.75805652141571044922 0.28520864248275751285 -1.62670373916625976562 -1.57058894634246848376 -0.54182034730911254883
0.81311404705047607422 1.05974984169006369861 -0.65437752008438110352 1.72103595733642578125 0.60323852300643920898 0.92725700139999400751 -0.92593401670455921515 -1.40306413173675537109 -1.42221379280090309827 -1.68897056579589843750 1.92399859428405761719
1.51275372505188010486 0.69459891319274902344 1.03379285335540749280 0.22819694876670829076 -1.16280806064605712891 0.40409451723098749332 -1.06926500797271728516 0.98038411140441894531 0.05715940147638320229 -1.71494257450103759766 0.42457896471023559570
-0.66093271970748901367 -0.91679722070693958624 1.61751413345336914062 1.68725359439849831311 0.66270124912261962891 1.39917945861816406250 1.48775744438171408923 -1.39949572086334250720 -0.96805673837661743164 1.40427052974700927734 1.28312408924102783203
1.12194275856018088611 -1.50280630588531494141 1.11664497852325439453 -1.46088552474975608142 -0.89370632171630859375 1.21055555343627929688 -1.73457252979278564453 1.19939625263214111328 0.86151367425918579102 1.05166113376617431641 -1.67258512973785400391
-0.16799399256706229466 0.06268946081399910664 -0.65414547920227050781 -1.04532921314239501953 1.34475314617156982422 0.48580813407897949219 -1.49988317489624023438 -1.41901814937591552734 1.53483414649963378906 -0.86028170585632324219 0.07184029370546339555
0.00866237189620729965 1.28920924663543701172 1.62838125228881835938 1.01145374774932861328 -1.20270121097564697266 -0.82962930202484130859 0.01434298604726789994 0.75976276397705078125 -1.44219684600830078125 -1.67161238193511962891 2.12549495697021484375
-0.09938880801200859760 0.03874680399894710192 -0.02532084472477430168 -0.34969526529312128238 -1.00143349170684792249 1.22409546375274658203 -0.21385739743709558658 -0.80466133356094360352 1.26164603233337402344 -0.99977022409439075812 -0.81562340259552001953
-0.44135370850563049316 -1.35685920715332031250 -0.63171291351318359375 -0.08459333330392830586 -0.76093339920043945312 1.05204606056213378906 0.41120952367782592773 0.09065633267164230347 0.42774540185928339175 -0.75934678316116333008 -1.26258206367492675781
-1.03698468208313010486 -0.33797791600227350406 -0.94321912527084361688 0.34182599186897277832 0.36708649992942810059 0.60533750057220458984 -0.21792420744895929507 -1.53026270866394042969 -0.11189516633748999852 0.52842444181442260742 -0.40642306208610529117
0.46673178672790527344 0.43756774067878717593 1.43714380264282248767 -0.53180354833602905273 -0.14022709429264060277 -0.19507589936256408691 -1.59476041793823242188 -0.13654984533786770906 1.21723413467407248767 1.37971138954162597656 1.13416039943695090564
0.87987351417541503906 -1.54084944725036621094 1.16252410411834716797 1.44669926166534423828 0.82169550657272338867 -1.50757181644439697266 -1.32880747318267822266 -0.47752147912979120425 -1.70435428619384765625 1.65178024768829367908 0.83560442924499511719
-0.04504768177866930179 0.25456053018569940738 0.09813816845417019930 -1.59365105628967285156 -1.11892354488372802734 1.21846675872802712171 -1.55289137363433837891 1.28296363353729248047 -1.66195416450500488281 -1.15273177623748779297 -1.15064764022827170642
0.72705107927322387695 1.50090277194976806641 -1.12068557739257790296 1.16212737560272216797 -1.30566668510436989514 -1.10483849048614501953 0.89823591709136962891 0.56920784711837768555 -1.04812324047088623047 0.97948545217514038086 1.09858751296997070312
0.04148643463850019975 1.59767746925354003906 -0.53474062681198120117 1.13809704780578591077 0.09140047430992119526 0.65426033735275268555 0.68256562948226928711 -0.60437941551208496094 1.58091771602630615234 0.43584528565406799316 1.32404494285583496094
-0.06668716669082640214 -1.58614265918731689453 -0.33890944719314569644 -0.16558477282524108887 0.70574402809143066406 0.83026826381683349609 0.22009484469890588931 -0.32542690634727478027 -0.09342522174119949341 1.56972384452819824219 -1.43925654888153076172
-1.29436147212982177734 0.06837799400091169877 -1.19534444808959960938 -0.58439314365386962891 -1.60364222526550292969 -0.00150842615403229993 0.25660505890846252441 1.23457384109497070312 -0.57815748453140258789 -0.78584325313568115234 -1.46936213970184326172
-0.37204366922378540039 -0.66857546567916870117 1.20772886276245117188 -0.60257244110107421875 -0.15071475505828849095 1.63259804248809792249 1.11202132701873779297 -0.48490357398986810855 -0.66781926155090332031 1.21788024902343750000 -0.29641628265380859375
0.51499968767166137695 0.82506740093231201172 1.26131379604339599609 -1.52015066146850608142 1.56949484348297119141 -0.78774189949035644531 0.72268080711364746094 -1.13496935367584250720 1.47869396209716796875 1.04024565219879150391 0.63800889253616333008
0.75638407468795776367 0.02202830836176870172 1.48166859149932861328 -1.31290268898010231702 1.26940095424652099609 -0.07199793308973309602 1.42128539085388183594 0.70562773942947387695 0.17660161852836608887 0.47565570473670959473 0.99406033754348754883
-1.50620555877685569079 1.41319108009338378906 -1.16120707988738991467 1.34807348251342751233 0.84566664695739746094 -1.05421042442321777344 -0.64260387420654296875 0.92222106456756602899 -1.73390746116638183594 0.75988060235977172852 0.51286309957504272461
1.05720007419586181641 -0.63783097267150878906 -1.28224086761474609375 -0.91605550050735484735 1.43685424327850341797 -1.35426330566406250000 0.18565495312213889378 1.70288825035095192639 1.14912509918212890625 -0.80683010816574096680 0.75818002223968505859
-1.08662354946136474609 1.17293250560760498047 1.27976191043853759766 -0.31307721138000488281 -0.38528653979301452637 1.59340763092041015625 0.35254418849945068359 0.22658166289329528809 1.35084855556488037109 0.43890318274497980289 -0.35508975386619567871
0.69611966609954833984 -1.47539985179901123047 1.22580194473266601562 1.21849143505096435547 0.22788552939891809634 0.57458871603012084961 0.02598585374653330018 0.97281241416931163446 0.56971949338912963867 -0.87646299600601196289 0.07673592120409010453
-1.47340416908264160156 -1.43878364562988281250 -0.89047586917877197266 -0.47459867596626281738 1.33960068225860595703 1.63385212421417236328 -1.70708394050598144531 -1.34336197376251220703 -1.27668738365173339844 1.64354264736175537109 -0.88338381052017211914
-1.78588175773620605469 0.13623997569084159154 -1.33321142196655273438 0.29203706979751581363 1.70705425739288330078 0.23528593778610229492 1.66477274894714355469 1.40468919277191162109 0.19873981177806848697 0.65110218524932861328 -0.36882460117340087891
-1.39455103874206542969 0.25761613249778747559 -1.00470888614654541016 1.47273707389831542969 -0.94356310367584239618 1.06385004520416259766 1.04708445072174072266 1.57859683036804199219 1.30634176731109619141 1.10917234420776367188 0.01388546545058479999
-1.47036457061767578125 1.67526113986968994141 -0.54688680171966552734 -1.22654795646667480469 1.59898829460144042969 0.92481505870819080695 0.29517829418182367496 -0.94515407085418701172 0.25155624747276300601 -1.19638681411743164062 -0.93503022193908680304
-1.25041830539703369141 -0.50071078538894653320 -0.31891670823097229004 0.46916088461875909976 0.04245495423674579966 1.34184765815734863281 1.25623941421508789062 -0.78864914178848266602 -1.15086877346038818359 -1.21984529495239257812 -1.01769661903381369861
-0.70717364549636840820 0.06350210309028619937 0.81908190250396728516 -0.37124866247177118472 0.23090283572673789281 -1.23834133148193359375 -1.58082580566406250000 -0.61302947998046875000 -0.49331292510032648257 1.60012400150299072266 -0.37125316262245178223
0.33501502871513361148 1.08135342597961447986 1.08528935909271240234 0.54678368568420410156 -1.36968839168548583984 0.53895813226699829102 0.31555637717247009277 -0.33404028415679931641 -0.10047473013401030106 -0.33915883302688598633 0.90802729129791259766
1.49724721908569335938 -0.61522400379180908203 0.45541626214981079102 -1.42579150199890136719 0.56236910820007324219 -0.83973515033721923828 0.72671633958816528320 1.47615242004394509046 -1.74164748191833496094 -1.24902451038360595703 -0.69079428911209106445
0.39496737718582147769 -1.56118559837341308594 -0.75706452131271362305 -0.76927149295806884766 0.80611711740493774414 0.13813011348247519749 0.52938842773437500000 0.48771154880523681641 0.91537606716155994757 1.53835582733154296875 -1.36450850963592529297
-0.95035886764526356085 0.00236919522285459995 0.44487100839614868164 -1.29464364051818847656 1.60286712646484375000 -1.68172907829284690173 -0.50331366062164306641 1.61106944084167480469 1.06789290904998779297 0.25084969401359558105 -0.69756799936294555664
-0.46793931722640991211 0.28268349170684808902 0.57242137193679809570 -1.22570574283599831311 0.19852541387081140689 -1.65660345554351806641 0.91978752613067638055 1.07283651828765869141 -0.99424535036087036133 0.50321584939956665039 -0.78598254919052124023
-1.70546114444732688220 0.06581061333417889680 -0.29808291792869567871 1.21163702011108398438 1.26299703121185302734 -1.23191845417022705078 -0.25671896338462829590 1.68591129779815673828 1.51301693916320800781 1.61956262588500976562 -0.08331991732120509753
0.10667519271373740453 -0.84404015541076660156 1.54066669940948486328 1.21168720722198486328 0.22461865842342371158 -0.55013221502304077148 0.75164866447448730469 -0.93515670299530040399 0.60849839448928833008 0.11313615739345550537 1.15282142162322998047
-1.75941753387451149671 1.01389086246490478516 0.58730381727218627930 -0.95646774768829356805 1.22137129306793190686 -1.57122457027435302734 0.44517368078231811523 0.56131374835968017578 -0.06071263179183000042 -0.19176265597343439273 -1.66439974308013916016
1.08264482021331809314 -0.99807029962539683954 -0.81384575366973876953 1.32762444019317649158 -1.00844073295593261719 -0.28807720541954040527 -0.68301177024841308594 -0.73183405399322509766 1.10997116565704367908 -0.25936114788055419922 0.68474930524826049805
-1.55181872844696044922 -1.24574184417724609375 0.98963242769241321906 1.79124724864959716797 0.98855477571487437860 -0.97326976060867320673 0.58148986101150512695 0.21006876230239859837 1.56026160717010498047 -0.32331523299217218570 0.74950772523880004883
-1.63679122924804687500 0.07921530306339259753 -1.45750236511230490954 1.34512042999267578125 -0.22653554379940030183 0.24949948489665979556 -0.07052613794803619385 1.35005736351013183594 -1.71690595149993896484 -0.45317184925079340152 -0.04554391279816619870
0.17595994472503659334 1.16671335697174072266 0.00961595214903349961 0.83645451068878173828 1.48666238784790039062 -0.68371075391769409180 0.61981898546218872070 1.11521685123443603516 1.35829854011535644531 -0.53555303812026977539 1.44705367088317871094
1.34148919582366943359 -1.59056341648101806641 -0.38570141792297357730 -1.61881756782531738281 1.17980551719665527344 -1.57936728000640869141 -0.64808624982833862305 0.58235245943069458008 0.45376622676849359683 -0.99047005176544200555 -1.65379750728607177734
-0.35451826453208917789 1.09159445762634277344 -0.68836879730224609375 0.11109165102243420686 -1.44767284393310569079 1.48718595504760742188 -0.69192057847976684570 1.33950245380401589124 0.74230027198791503906 -1.71227955818176269531 -0.02070800587534899970
0.84539377689361572266 1.01341998577117919922 1.45999789237976074219 -1.02651393413543701172 -0.78288757801055908203 -0.85414576530456542969 -1.27496325969696044922 -0.26742434501647949219 -1.13329148292541503906 -1.05735003948211669922 0.58624035120010375977
-0.72575569152832031250 -1.22978007793426513672 1.28393530845642089844 0.49065050482749938965 1.24820888042449951172 -0.76862037181854248047 -0.31153526902198791504 -1.46024501323699951172 -0.88450503349304199219 0.22096982598304740208 0.37734109163284301758
0.89595460891723632812 -1.67326211929321289062 0.05356296524405469717 1.21214544773101806641 -1.48581647872924804688 -1.48079872131347656250 1.43311977386474609375 -0.75331288576126098633 0.47980758547782897949 1.45107769966125488281 -1.49680459499359130859
0.68603229522705078125 -1.45697534084320090564 0.80465900897979736328 -0.38925743103027338199 -1.44545590877532958984 1.49836468696594238281 1.45294380187988281250 -0.22573129832744590062 -0.99288636445999156610 0.46744015812873840332 -1.74710452556610107422
1.06810891628265380859 -0.73057240247726440430 1.28856384754180908203 1.55552458763122558594 -0.12143584340810770206 1.31687128543853759766 -0.65600645542144775391 1.58584070205688476562 0.75751733779907226562 -0.92555963993072520868 1.37693285942077636719
0.66186344623565673828 0.00033700198400759998 0.24080274999141690340 -0.99440151453018199579 -1.17209172248840309827 0.92150580883026123047 1.83035063743591308594 1.11216008663177490234 0.93197220563888560907 0.29843366146087640933 -0.46636489033699030093
1.13385403156280517578 -1.62843787670135498047 0.25329485535621637515 0.61997383832931518555 -0.13446861505508420076 0.70808076858520507812 0.98126274347305297852 -0.93814146518707275391 1.47402179241180419922 1.25515067577362060547 -0.91704547405242919922
0.02594887465238570126 -1.53021907806396484375 0.26827168464660638980 -0.59930104017257690430 0.53417414426803588867 -0.72617316246032714844 1.70283734798431396484 0.09057043492794029926 -0.50952017307281494141 0.32242646813392639160 -1.75869381427764892578
-1.29463410377502441406 1.05132353305816650391 -1.10260462760925292969 1.57116091251373291016 1.56571352481842041016 1.06309747695922829358 0.05733900517225259952 0.99139398336410522461 -0.96682512760162364618 -1.72471487522125244141 1.56292760372161887439
0.02795086242258540063 0.20835040509700769595 0.73305463790893554688 0.62127983570098876953 -0.10585413873195639867 1.36033785343170166016 1.12465524673461914062 -0.19156894087791440096 -0.43485829234123229980 -0.10590560734272000398 0.70766741037368774414
0.47706079483032221011 -0.80045282840728759766 0.55573004484176635742 -1.50824797153472900391 -1.48274290561676047595 -1.25098311901092529297 1.71533298492431640625 -0.63644009828567504883 1.42153835296630859375 -0.31737273931503290347 -1.78736507892608642578
-0.10866594314575189761 0.32633903622627258301 0.38124370574951171875 1.41916763782501220703 1.60213565826416015625 0.49872735142707819156 0.29741480946540832520 -1.49738156795501708984 -1.51412725448608398438 -1.49103200435638449939 1.34040033817291259766
0.85642904043197631836 -0.90679866075515758173 -1.00708711147308349609 -1.56023323535919189453 0.60600292682647705078 -1.70547807216644287109 0.30146244168281549625 1.30267155170440673828 0.43372407555580139160 -0.30603295564651489258 -1.17126059532165527344
0.43245568871498107910 1.50966465473175048828 -0.68702244758605957031 -0.96189761161804199219 0.68595153093338012695 -1.14503717422485351562 -0.58717638254165649414 1.57312715053558349609 1.13927161693572998047 0.20240266621112820711 0.42585542798042297363
1.50652825832366943359 -0.85425740480422973633 1.40559017658233642578 -0.05887452140450469967 0.09252107888460149587 -0.81566327810287475586 -0.11464560776948920506 0.78235000371932983398 1.18982315063476562500 -0.35198426246643060855 0.48008409142494201660
-1.05387651920318603516 -1.23365974426269509046 -1.45165240764617919922 1.02042305469512939453 0.79341524839401245117 -1.36471915245056152344 -1.27694916725158691406 -0.98836910724639881476 -1.18703007698059082031 0.44818532466888427734 0.38568481802940368652
-0.89761424064636230469 0.49884155392646789551 0.07247638702392569798 0.77330660820007324219 -1.51891636848449707031 -0.28116786479949951172 -0.34578844904899591617 1.66630494594573952405 1.59379398822784423828 -0.41388955712318420410 -0.54233330488204956055
1.41622161865234375000 0.76845049858093261719 -0.11263657361268990253 0.31690290570259088687 -1.11880910396575927734 1.02095270156860351562 -1.18402957916259765625 1.60410165786743164062 -0.92060041427612304688 1.05524837970733642578 0.16686977446079251375
-0.51106095314025878906 -1.02313375473022460938 1.28774893283843994141 -0.88368737697601318359 -0.80004519224166870117 1.52945387363433837891 1.15872776508331298828 1.35943353176116943359 -0.07312275469303129716 -0.98123359680175781250 -1.02690374851226806641
-0.76757800579071044922 -1.24439537525177001953 0.25600638985633850098 -0.92003738880157481805 -0.07177361845970149645 0.54778003692626953125 1.09374034404754638672 0.18505801260471341219 -1.66199624538421630859 -0.37586474418640131168 -1.40269160270690917969
1.13606679439544677734 1.62130093574523925781 -0.82977604866027832031 1.45347630977630615234 -0.87023657560348510742 -0.57715618610382080078 -1.21184074878692649158 -0.66120231151580810547 0.96018058061599720343 -0.89940327405929565430 0.79145866632461547852
-1.16713738441467285156 -1.68022835254669189453 -0.76799672842025756836 0.46145996451377868652 -0.00513135921210049976 0.50182443857192993164 1.21442592144012428967 0.50153464078903198242 -0.78504246473312377930 -0.45896372199058532715 -1.23977649211883544922
1.11839747428894042969 1.60833919048309326172 -1.63415026664733886719 -0.71590703725814819336 0.43936043977737421207 1.28681874275207519531 -1.10933196544647216797 1.61111545562744140625 -0.39785555005073547363 -0.11430045217275619507 0.23699985444545740298
0.48426473140716552734 0.19739082455635070801 0.91032397747039794922 0.23703192174434659090 0.69616430997848510742 0.19999270141124719791 -0.65654939413070678711 1.58956265449523925781 -0.52318227291107177734 -1.17723298072814941406 0.79605066776275634766
0.00778280803933730034 1.32892751693725608142 -0.93527859449386596680 -0.09368770569562910600 -0.51440662145614624023 -1.66306340694427490234 -0.26369121670722961426 -0.26129880547523498535 -0.34208053350448608398 1.51713275909423850329 0.44751897454261779785
0.54656702280044555664 0.55551874637603759766 -0.11547546088695520572 1.20850253105163552014 0.80718421936035156250 -1.40145015716552712171 -0.40941786766052240543 0.67595750093460083008 0.06211744993925089747 -0.48808783292770380191 1.44088852405548095703
-1.30098295211791992188 -0.54456484317779541016 0.75280141830444335938 -1.42002129554748535156 0.04428961127996439845 -0.91771775484085083008 -1.06894123554229736328 1.71483898162841796875 0.47443801164627069644 -1.61421084403991699219 -1.43282425403594970703
-1.59960663318634033203 1.29724943637847900391 -1.44073510169982910156 0.48907718062400817871 0.36073213815689081363 -0.14277903735637659244 1.82084763050079323499 -0.05185147374868390169 1.42536818981170632092 -0.22370645403861999512 -0.27944755554199218750
-0.32883876562118530273 -1.06495678424835205078 -1.16200244426727294922 1.80802512168884277344 1.12374687194824218750 0.41557592153549188785 -0.22144265472888940982 0.63084709644317626953 -1.27220201492309570312 -0.22042375802993768863 1.02635180950164794922
-0.76254171133041381836 -0.26621997356414789371 1.50187277793884277344 -1.43333923816680908203 -1.66326129436492919922 1.37580382823944091797 -0.90728086233139038086 0.85500460863113403320 1.68981409072875976562 1.61554598808288552014 -1.19848895072936989514
0.72754418849945068359 -0.85860896110534667969 0.00170942174736410011 0.26025840640068048648 -0.66287285089492797852 1.20680594444274902344 -1.61298012733459472656 1.23385059833526589124 0.73528289794921875000 0.62279123067855834961 -0.34958678483963012695
-0.84424656629562377930 1.09708178043365478516 -0.13338084518909448795 0.64168512821197509766 0.29718381166458129883 1.43258929252624511719 0.42167067527770990543 -0.85102528333663940430 -0.28499177098274230957 0.15229828655719748753 0.37947031855583190918
0.00311830849386750004 -1.03515219688415527344 -1.17389321327209472656 0.91474270820617675781 -0.21935716271400448885 0.65274858474731445312 -0.61405825614929199219 -1.65229308605194091797 -0.64018011093139648438 -0.91086059808731079102 0.20669819414615631104
0.18260638415813440494 1.29138660430908203125 -0.87050491571426391602 1.02107775211334250720 0.18383319675922391023 -1.46694004535675048828 1.50905692577362060547 -1.37672436237335205078 0.14354327321052551270 -1.10649025440216064453 1.10962915420532248767
1.41391742229461669922 1.03868031501770019531 0.32336050271987909488 0.47859910130500787906 1.28046262264251708984 -0.72540646791458129883 -0.89746302366256713867 -1.58741343021392822266 0.21513621509075159244 -0.97145891189575195312 0.91065478324890136719
1.69586074352264404297 -1.34996187686920166016 1.15119373798370361328 -1.04228949546813964844 0.82986319065093994141 -0.89126205444335937500 -1.60705089569091796875 -0.93194139003753662109 0.04467820748686789772 1.55284738540649391858 -0.91264832019805919305
1.58570480346679687500 0.40017357468605041504 -0.38889777660369867496 1.15727174282073952405 0.79486650228500366211 1.52807796001434326172 0.92837858200073242188 0.27230206131935119629 0.52423804998397827148 0.30108729004859918765 1.53580546379089355469
-1.36801123619079589844 1.64537405967712402344 0.57968300580978393555 0.22205050289630889893 0.09837238490581509676 1.65711212158203125000 1.63717734813690207751 0.02751983888447279841 -0.80515861511230468750 0.15253290534019470215 -0.82813996076583862305
-0.56044876575469970703 1.20388317108154296875 -1.02634108066558837891 -0.83481866121292114258 -0.86135691404342651367 1.03747725486755371094 -1.64118444919586181641 0.59642887115478515625 1.29287266731262207031 0.53047144412994384766 -0.25291419029235839844
-1.26318120956420898438 0.22603674232959738988 1.42091500759124755859 -1.36270034313201904297 0.23800660669803619385 -0.57021218538284301758 0.51594471931457519531 -1.60652947425842285156 0.73794752359390258789 -0.05981050431728360262 -0.74304330348968505859
-1.75802516937255859375 0.09580792486667630281 -1.17458605766296408923 -1.25558066368103049548 1.48104131221771240234 -1.55134940147399902344 -1.20475757122039794922 -1.65861845016479492188 0.17060023546218869295 1.65257680416107177734 -1.17918348312377929688
0.45717653632164001465 -1.33070361614227294922 1.42079675197601318359 1.14453995227813720703 0.90050172805786132812 -0.39481419324874877930 0.03846515342593190279 -0.22317531704902648926 -1.61362588405609130859 -1.21848487854003906250 0.84025275707244873047
-1.61024594306945800781 -1.18995773792266845703 -0.86818611621856689453 -0.98398005962371837274 -1.47629022598266601562 0.52211123704910278320 -1.45605659484863281250 0.41154342889785761050 0.86623531579971313477 -0.25524711608886718750 -2.15906810760498046875
1.13000714778900168689 -0.20463031530380249023 -0.66806048154830932617 1.01403725147247314453 -1.42773020267486550061 -0.02426202781498430078 1.83972537517547607422 0.19767086207866668701 -0.42753401398658752441 1.68132174015045166016 0.61095094680786132812
-1.00690245628356911389 0.06548690050840369481 0.17662332952022549715 1.23865091800689697266 0.64842867851257324219 1.36998045444488525391 -0.30443167686462402344 0.15543681383132929019 -1.48754620552063010486 0.27838939428329467773 0.23207943141460418701
-1.47575795650482177734 1.33184385299682617188 1.03678798675537109375 -1.49294471740722656250 0.17880497872829428929 -1.02580416202545166016 0.57484090328216552734 -1.12433826923370361328 1.40519261360168457031 1.03602731227874755859 -1.44084095954895019531
-1.71891820430755615234 -1.40418279170989990234 -1.05972564220428489001 0.34430772066116327457 0.98186540603637695312 0.66917645931243896484 0.07792666554450980443 0.11804536730051040649 0.64090830087661743164 -1.20683145523071289062 -0.55224788188934326172
-1.62387013435363769531 -0.16989465057849881258 0.50711131095886230469 -0.79456418752670288086 -0.29480215907096857242 1.16478979587554909436 0.29422825574874877930 0.13902258872985839844 -0.37006244063377380371 1.70335590839386008533 -1.84145081043243408203
0.23335121572017669678 0.59605610370635986328 0.51815974712371826172 1.64652597904205322266 1.34989321231842041016 -0.50029987096786499023 0.78818607330322265625 1.41611504554748535156 -1.45644104480743408203 -1.48543894290924072266 1.70675480365753151624
-0.06404232978820799393 -1.56378448009490966797 1.14940321445465087891 -0.26356670260429382324 -0.50646013021469116211 -1.03191959857940673828 -1.60579884052276589124 0.29262077808380121402 0.08880012482404700536 0.62315279245376586914 -1.15708947181701660156
-1.57397067546844482422 -1.59794354438781738281 -0.57152456045150756836 -0.43872871994972229004 1.67906677722930908203 -1.46372771263122558594 -1.18988645076751708984 -0.45542913675308227539 -1.52104640007019042969 0.77552431821823120117 -0.89249622821807861328
0.11956799775362010607 0.40852132439613342285 0.82554614543914794922 -0.86373323202133178711 1.34414625167846679688 -0.19541144371032709293 -0.13662272691726679019 0.37837663292884821109 -0.72170853614807128906 0.36951968073844909668 0.60153448581695556641
1.15923535823822021484 1.46126890182495117188 -0.41207405924797058105 0.39100155234336847476 0.74823248386383056641 -1.38459503650665283203 0.23070706427097320557 -0.55191296339035034180 1.43879652023315429688 -1.61892902851104736328 -0.00459101516753430017
-0.09957446157932280106 0.39133021235465997867 -0.60511368513107299805 1.20220303535461447986 -1.14892780780792236328 -0.50563949346542358398 -1.15290844440460205078 1.08082556724548339844 -0.50609272718429565430 -1.69926643371582031250 1.00154650211334250720
0.78532439470291137695 -1.55510485172271728516 -0.36982908844947809390 0.70258212089538574219 0.37677395343780517578 0.40890073776245111636 -1.53988265991210937500 0.81764245033264160156 0.96646964550018321649 -1.41052234172821044922 -0.95387613773345958368
0.63473725318908691406 1.48937451839447021484 -0.93485945463180541992 1.51376616954803489001 1.36479818820953369141 -1.41424834728240966797 1.75460875034332275391 -1.39683735370636008533 1.11523032188415527344 1.36257028579711914062 1.82143175601959250720
0.74558144807815551758 -0.01534544769674530025 -0.57022845745086669922 -1.19518399238586447986 0.90666341781616199835 -0.07818305492401120271 -0.91524016857147216797 -0.46720257401466369629 1.50124132633209250720 1.32847070693969726562 0.25346708297729492188
0.59163480997085571289 1.57740545272827170642 0.73632419109344482422 -0.55775624513626098633 1.67322909832000710217 0.62085092067718505859 -1.17589461803436279297 1.05152714252471923828 -1.69647574424743630139 -1.24081134796142578125 1.16482007503509521484
-1.23027014732360839844 -0.32758796215057367496 -1.67234015464782714844 -0.26396328210830688477 -1.39901995658874511719 -0.90420162677764881476 -1.64370310306549072266 -1.21401607990264892578 0.02994215860962860104 1.37402915954589843750 -0.53775286674499511719
0.35842174291610717773 -0.26420477032661437988 1.42189061641693115234 0.51439672708511352539 -0.12667357921600339021 1.08726274967193603516 -0.10146430134773250231 0.86480420827865600586 1.32204461097717285156 1.12786304950714111328 0.85546541213989257812
0.10424704849719999833 0.31707847118377679996 -1.35514569282531738281 0.33976948261260980777 -1.17061197757720969470 1.19455540180206298828 0.21619704365730280093 -1.17640924453735351562 -0.13032083213329309634 -1.69620299339294433594 1.24175775051116943359
-0.74781632423400878906 -0.25156223773956298828 0.35077533125877380371 0.77923935651779174805 1.15897488594055175781 -1.64977443218231201172 -0.80953979492187500000 -1.39609467983245849609 -0.73717838525772094727 0.51689898967742919922 0.36807397007942199707
1.46654438972473144531 -0.36194112896919250488 0.62046295404434204102 -1.69833755493164062500 -1.32973313331604003906 0.76820015907287597656 -0.19075086712837219238 -0.08089469373226160220 -0.04231742024421689813 -0.95076173543930042609 -0.93742197751998901367
-0.19294078648090359773 1.16300117969512939453 -1.58864605426788330078 -0.13989299535751339998 0.24090264737606040257 0.47184365987777709961 -0.10822155326604840364 -1.51429581642150878906 0.48337778449058532715 -0.73797273635864257812 0.84705811738967895508
1.64611184597015380859 -0.75782644748687744141 -1.53250682353973410876 -0.08712050318717949604 1.37971329689025878906 -1.54524195194244384766 0.22794730961322778873 1.23839616775512695312 0.45032802224159240723 0.11006581038236609715 1.73781514167785644531
1.05156385898590087891 -1.29862129688262939453 -0.39801317453384399414 0.06384158134460439504 0.45707499980926508121 -0.75185757875442504883 -0.77504301071166992188 -1.41630935668945312500 -0.05397925898432730241 0.77342730760574340820 -0.44218659400939941406
0.33145090937614440918 -1.65103125572204589844 0.64598137140274047852 1.24371254444122314453 -1.51258134841918967517 -1.27101492881774902344 0.29642087221145629883 -1.37955915927886962891 0.92574834823608398438 1.03829765319824218750 -0.74458497762680053711
-0.13504719734191888980 -0.57345962524414062500 1.37535715103149391858 -0.56928086280822753906 -0.77839374542236328125 -0.48219415545463562012 -1.73830544948577880859 0.98827362060546875000 -1.28460752964019775391 0.56409251689910888672 -0.24196873605251309480
1.05561780929565429688 -0.06895578652620310001 -0.88288998603820800781 -0.55334621667861938477 -0.26431417465209960938 -0.88013011217117309570 -0.14416103065013879947 -0.94214540719985961914 1.58646178245544433594 0.18567985296249389648 0.52766400575637817383
-0.47019904851913452148 1.40057170391082763672 1.32115912437438964844 0.76354068517684936523 0.49495738744735717773 0.96296828985214244501 0.15143580734729761295 1.67999863624572753906 0.19077427685260769930 0.38254794478416437320 1.34342205524444580078
-0.54598999023437500000 0.43976089358329767398 0.61400711536407470703 0.63309603929519653320 0.48801079392433160953 -0.61702114343643188477 1.16077566146850608142 0.69426882266998291016 -1.74955236911773681641 0.17526194453239440918 1.06515848636627197266
-1.08448183536529541016 0.82178258895874023438 -1.55747485160827636719 -1.69669282436370849609 -0.05395222827792160031 0.48351058363914489746 -0.50690639019012451172 -0.22440193593502039127 -1.74979734420776367188 1.42762589454650878906 -0.86915671825408935547
-1.42389023303985595703 -0.00479634338989850043 1.03176629543304443359 -1.33640670776367209704 -0.42319789528846740723 0.79295432567596435547 1.58895289897918701172 1.42883145809173583984 -0.20640982687473288792 0.26690486073493957520 -1.52396881580352783203
-0.56740546226501464844 0.24016079306602469701 1.22658574581146240234 -0.60997790098190307617 0.50685936212539672852 0.98867535591125477179 -1.03222262859344482422 1.13581168651580810547 -0.83151894807815551758 0.36295869946479797363 0.09075231850147240376
-1.26614677906036376953 1.09362244606018088611 1.56508278846740722656 1.00426900386810302734 0.92884743213653564453 -1.56967234611511230469 -1.10415005683898925781 -0.31591299176216119937 0.20751884579658499974 -1.40607357025146484375 1.07969653606414794922
0.49833786487579340152 -1.31569814682006835938 1.56407678127288818359 1.68207955360412597656 -0.45199754834175109863 -0.25926062464714050293 -1.51653170585632324219 0.70736873149871826172 -0.92175382375717163086 0.29741621017456049136 0.81815904378890991211
0.88241273164749145508 -0.91028147935867320673 1.35000205039978049548 -1.39855206012725830078 0.46648332476615900211 0.05444547906517979707 1.25444185733795166016 -0.91238558292388916016 -0.18878352642059320621 -0.61018455028533935547 -0.25184431672096252441
1.59342849254608154297 -1.59584128856658935547 1.09208321571350097656 0.17386592924594879150 -1.55220806598663330078 0.32522606849670410156 1.81868255138397194592 -0.29986009001731872559 -0.30837285518646240234 1.51836216449737571033 -1.32955229282379150391
0.02070613391697399830 0.13151195645332330875 -0.61247205734252929688 0.37855705618858337402 1.14142334461212158203 0.84825277328491210938 -0.31225743889808649234 -1.58912324905395507812 0.43298316001892089844 -1.61905276775360107422 0.67437559366226196289
0.93299579620361317023 0.85192257165908813477 -0.04641707241535179829 0.65551471710205078125 -1.45698165893554687500 -1.20473861694335937500 0.56065285205841064453 -0.17117795348167419434 -0.15690410137176510896 -1.40916502475738525391 0.61442303657531738281
-1.56588029861450195312 0.78621709346771240234 1.14150333404541015625 0.03043602034449570046 1.35108184814453125000 0.20205691456794738770 -0.70815604925155639648 -0.71866255998611450195 -0.84762245416641235352 1.29886507987976074219 -0.13007460534572601318
0.86975133419036865234 1.44539451599121093750 0.19451689720153800267 -1.19751381874084472656 1.65595054626464843750 0.85877221822738647461 0.21537965536117550935 0.58670979738235473633 1.41137814521789550781 0.37213665246963500977 -0.02870274521410460036
-1.54192495346069335938 1.35534775257110595703 -1.16600322723388671875 -1.61296069622039794922 1.34247815608978271484 0.75552290678024291992 -1.00374460220336914062 -1.18356096744537353516 1.04915547370910644531 0.93211907148361194952 -1.27282345294952392578
-1.17058014869689941406 0.12691666185855859927 0.95084917545318603516 -1.07447004318237304688 -1.64905166625976562500 -0.82131165266036987305 0.79359602928161621094 1.48660099506378151624 -1.51602900028228759766 0.99713379144668579102 -1.56356990337371848376
1.46320509910583496094 -1.01558494567871093750 -0.10446731001138680195 0.62234330177307128906 1.01752674579620361328 1.14378535747528076172 1.14585554599761962891 0.25894284248352050781 0.44598144292831420898 -1.72266507148742675781 0.48431921005249017886
-1.28810977935791015625 0.56384444236755371094 -0.94909304380416881219 -0.11015012860298149799 0.63956820964813232422 0.88717311620712280273 0.47998222708702087402 -0.40263545513153070621 -1.43790054321289062500 1.63274836540222167969 -0.65562266111373901367
1.12069225311279296875 -1.27444624900817871094 1.20078289508819580078 -1.27401435375213623047 -0.05695016309618949890 1.61036193370819091797 -1.63564693927764892578 0.66460692882537841797 -1.13713550567626953125 -1.65058279037475608142 -0.68485361337661743164
-0.27834260463714599609 -0.06217952445149420304 1.15759193897247314453 0.65801811218261718750 0.62210774421691894531 -0.46890026330947870425 -0.99191534519195556641 -1.36204254627227783203 0.77990549802780151367 1.47644114494323730469 0.74156361818313598633
-0.48069024085998529605 -0.55922955274581909180 0.70958793163299560547 0.34798064827919000797 1.12382459640502929688 0.85741478204727172852 0.75039190053939819336 -0.48824414610862731934 -0.59170007705688476562 0.02847361937165259968 -0.01850871555507179952
0.36415699124336242676 -1.06420385837554909436 1.05911433696746848376 0.52519702911376953125 -1.69191646575927712171 1.42042660713195800781 -0.00644108979031440040 -1.47520554065704367908 1.06000649929046630859 -0.40285781025886530093 -0.33742177486419677734
-1.35700023174285888672 1.46973121166229248047 -1.32046878337860107422 -0.87536168098449707031 1.42535555362701416016 0.22349449992179870605 0.98628801107406616211 1.63686084747314430921 -0.79816728830337524414 0.83704102039337158203 -0.40662905573844909668
0.39021727442741388492 0.16426785290241238680 -1.69907474517822287829 -1.68521463871002197266 -0.03044396080076689978 -1.02995836734771728516 -0.00749649060890069958 0.07091575860977170076 1.49057030677795410156 -0.71831113100051879883 0.53687167167663574219
0.54189872741699218750 -0.75396031141281127930 1.52928984165191650391 -1.16432940959930419922 -0.22699296474456778783 1.37822139263153076172 -0.98941135406494140625 1.22827696800231911389 0.25625473260879511050 0.07699960470199579410 -0.42105162143707269840
0.88476550579071044922 0.00651816697791209997 1.02623319625854492188 -0.15218666195869440250 0.85255217552185058594 1.38897013664245605469 1.63225924968719482422 1.57686305046081542969 0.91105949878692638055 -0.96332281827926635742 1.20192968845367431641
0.99403673410415638312 0.07983456552028650455 -0.57431602478027343750 -1.07732689380645751953 -1.60635685920715309827 -1.22275388240814208984 0.01510506588965650036 -0.07012726366519919652 1.02557539939880371094 -0.94156122207641601562 -0.26326560974121088199
1.39177739620208740234 -0.49821433424949640445 -0.82823252677917480469 1.57934844493865966797 1.02258050441741943359 0.52148610353469848633 -1.50797569751739501953 -0.52120548486709594727 0.05959340929985040142 1.61082696914672829358 1.61630284786224365234
-0.55224746465682983398 -0.95872414112091064453 -1.50801706314086914062 -0.42615824937820429019 0.08901882171630859375 -0.05506304278969759852 0.62711477279663085938 -1.53577816486358642578 0.31620705127716058902 -0.26185011863708490543 -0.35544914007186889648
-0.02747017517685889851 0.71826457977294921875 1.49644088745117209704 -0.32459956407546991519 1.04894399642944335938 -0.16540408134460449219 -1.38909852504730224609 0.15672907233238220215 -0.92451137304306041376 -0.31208476424217218570 1.25321817398071289062
-0.26398628950119018555 1.20252239704132080078 -1.38811373710632324219 1.39785373210906982422 -1.74393475055694580078 0.27847677469253540039 0.61690795421600341797 -0.60854101181030273438 -1.03168475627899169922 -0.17836804687976828832 0.97057342529296875000
1.71194279193878151624 -0.69155931472778320312 1.29979419708251953125 -1.49729585647583007812 1.01845538616180419922 0.78129017353057861328 0.56324791908264160156 0.87694913148880004883 0.28081545233726501465 0.23229898512363431062 0.51055610179901123047
0.87156480550765991211 1.52231037616729736328 1.19958364963531494141 1.26575958728790283203 1.42978703975677490234 -0.21946996450424188785 0.93402141332626342773 -0.20602765679359430484 0.45399373769760131836 -0.76352864503860473633 1.89117491245269753186
-1.29830205440521240234 0.43654209375381469727 0.19827227294445029515 -1.48658335208892822266 -0.66803914308547973633 0.05315519496798509769 0.76109814643859863281 -0.15693697333335870914 -1.10010254383087158203 -1.63524496555328369141 -1.76971185207366943359
0.19230574369430539217 0.01609767042100420167 1.34376394748687744141 -1.48466312885284423828 1.03630101680755615234 1.46264624595642089844 -1.33730649948120117188 -0.01515481062233440049 1.04054725170135498047 -1.62476634979248046875 0.45416954159736627750
0.06644980609416960282 -0.89161866903305053711 1.53677594661712646484 -0.34516885876655578613 1.57913064956665039062 0.85090148448944091797 0.89207053184509277344 -0.18151898682117459383 0.85663729906082153320 -1.15533006191253662109 0.54238617420196533203
-0.73436659574508666992 0.64126658439636230469 -0.48358348011970520020 1.15384268760681152344 1.10798084735870361328 -0.10649444162845610184 1.71923589706420898438 1.24192762374877929688 -0.24354887008666989412 -0.15217922627925870027 0.53676998615264892578
-0.04629597812891000225 0.39867374300956720523 0.56721144914627075195 0.64620244503021240234 1.40978705883026123047 1.09186649322509765625 -0.34569340944290161133 1.37292194366455078125 -0.06433629244565959582 -1.47369706630706809314 0.68679887056350708008
-0.38720521330833429507 0.38936740159988397769 1.43079495429992675781 -1.35284769535064697266 -1.57224094867706298828 1.60782051086425781250 0.08199417591094969315 -1.60146284103393554688 -0.81315213441848754883 -1.68010246753692649158 -0.54894906282424926758
-1.30521535873413085938 0.83867901563644409180 1.01902329921722389905 -1.60046339035034179688 -0.33343291282653808594 1.52307128906250000000 0.64108717441558837891 -0.79130536317825317383 -1.19114172458648681641 1.20842874050140380859 -1.19621276855468750000
0.57889640331268310547 -0.46686241030693048648 -0.68022561073303222656 -1.49906194210052490234 -1.66356623172760009766 0.49318853020668029785 0.70430898666381835938 -0.32610392570495599918 -1.33977162837982177734 -1.56771004199981689453 -1.13952934741973876953
-0.23030792176723480225 1.52503275871276855469 -0.09405717253684990620 0.37021800875663757324 -0.50202929973602294922 0.62760144472122192383 -1.26615190505981445312 -0.89399802684783935547 0.13875286281108850650 0.58129680156707763672 0.42913645505905151367
-0.60710078477859497070 1.55931699275970458984 0.46609154343605041504 -1.41937112808227539062 0.18003600835800170898 -0.22988121211528769749 1.55508279800415039062 -0.05371547117829320039 1.63398468494415283203 1.58325362205505371094 -0.35934159159660339355
0.33437359333038330078 0.39910486340522760562 -0.65274560451507568359 1.71872091293334960938 -0.00829001050442450087 -1.40402209758758544922 -1.62682020664215087891 0.11851894855499260639 0.88460063934326171875 0.96136903762817382812 1.41144764423370361328
-0.91240143775939941406 -0.09601444751024240665 -0.35946056246757507324 -1.34772384166717529297 -0.29893210530281061343 -1.69429314136505126953 0.47554188966751098633 -0.78035259246826171875 -0.77192068099975585938 -1.24102449417114257812 -1.45853161811828591077
-1.76463603973388671875 -0.79567408561706542969 0.71012341976165771484 -0.73907160758972167969 0.41639071702957147769 0.51807963848114013672 -0.11111845076084130024 -1.00527215003967285156 0.20297697186470028963 0.39428839087486261539 -1.31485807895660400391
-0.00025242601986970000 0.92074769735336303711 0.97923904657363880499 -0.27980303764343261719 -0.93625575304031360968 1.63804042339324951172 1.44705641269683837891 -0.41002380847930908203 -1.13433241844177246094 -0.00264482269994910021 0.74034470319747924805
-0.16302561759948730469 -0.22798965871334070377 -0.59664547443389892578 -0.00609281007200469966 1.11236774921417236328 -1.50935769081115722656 -1.70413780212402343750 1.63422286510467529297 -0.30417740345001220703 -0.43584600090980529785 0.16078500449657440186
0.53249049186706542969 -1.24667584896087646484 1.54863941669464111328 -0.31472238898277282715 0.47265857458114618472 -0.41410607099533081055 -0.51620107889175415039 -1.32172596454620361328 -0.71015065908432006836 0.46150395274162292480 -0.13378235697746271304
0.71219730377197265625 0.86485135555267333984 0.24810226261615750398 -0.95817744731903076172 -0.86625850200653076172 -0.49143844842910761050 -0.89604884386062622070 0.83165383338928222656 -0.14550054073333740234 0.40432748198509210757 -0.17481544613838190250
-0.57752168178558349609 1.69074428081512428967 -1.59685671329498291016 1.50295495986938476562 -0.30248683691024780273 -0.20592719316482541170 -1.32779633998870849609 -1.04526519775390625000 1.15730345249176047595 -0.38661929965019220523 2.25858831405639648438
0.19711774587631220035 -1.70848023891448952405 1.44452106952667236328 -0.38737800717353820801 -0.78043478727340698242 -0.35986509919166559390 -1.12969863414764404297 0.51486438512802124023 1.56772994995117209704 -1.33035504817962646484 -0.57861435413360595703
-0.00909057911485429936 0.80312794446945190430 -0.24020497500896451082 1.17555701732635498047 -1.72576797008514404297 -0.91482847929000843390 0.06158639118075370095 -0.94680935144424438477 -0.60316538810729980469 0.30641654133796691895 0.57414716482162475586
0.00175287318415930007 -0.17057256400585169009 -1.22051560878753662109 0.65476542711257934570 -0.49787253141403198242 0.38368219137191772461 0.58684194087982177734 0.12924574315547940340 -0.67986416816711425781 1.14185595512390136719 0.93895906209945678711
1.26958918571472167969 -1.52526926994323730469 0.03134392201900480096 0.15101641416549679842 0.17017082870006561279 1.61606442928314208984 -0.18329858779907221011 0.68321949243545532227 0.02636660821735849897 -0.20145848393440241031 -1.23140621185302712171
-0.68685954809188842773 1.10982680320739768298 1.41590452194213889392 -0.77999621629714965820 0.49703109264373779297 0.68628007173538208008 0.15423479676246640291 0.29992368817329401187 0.57255673408508300781 -0.37785285711288452148 0.20976445078849789705
1.52480041980743408203 0.53683769702911376953 -1.37384033203125000000 -1.44037222862243630139 -0.12933890521526331119 0.29380542039871210269 -0.43359747529029840640 1.15675187110900878906 1.13288009166717529297 -0.88738620281219482422 0.14352846145629880037
-1.52912664413452170642 -1.09899723529815673828 -0.94147747755050659180 0.14817659556865689363 -0.53405082225799560547 1.17131817340850830078 -0.07372282445430750064 0.04931970685720440256 0.00195074803195889991 0.56306958198547363281 -1.37097203731536887439
1.07277941703796408923 -0.89920133352279663086 -0.95578974485397338867 1.32824754714965820312 1.31415760517120361328 -0.07081038504838939318 0.72247087955474853516 0.08783819526433940539 -1.75207245349884033203 -0.18891856074333190918 1.17844998836517311780
0.02692890167236320145 1.25324344635009765625 -1.34956765174865722656 -0.21351742744445800781 -1.71245491504669189453 0.91413718461990356445 0.30740192532539367676 -1.28816020488738991467 -0.18970350921154019441 1.28209185600280761719 0.48043107986450189761
-1.08808350563049316406 -1.42623007297515869141 -0.84920537471771240234 -0.22992332279682159424 -0.93599528074264515265 1.07959163188934326172 1.70079696178436279297 0.86704063415527343750 -1.29663360118865966797 0.37813970446586608887 -1.43550014495849609375
1.47936868667602539062 -1.21922051906585693359 1.19227266311645507812 0.24567122757434839420 -0.65092688798904418945 0.69410079717636108398 1.11467373371124289783 0.09638080000877380371 -0.56836688518524169922 0.20172034204006189517 0.28139442205429071597
1.07612061500549316406 -0.85586351156234741211 0.88429582118988037109 0.28662055730819702148 -1.01371479034423850329 0.85915464162826538086 1.53711068630218505859 -0.83645212650299072266 0.90980303287506103516 -0.81129086017608642578 0.16873757541179648656
-0.98721396923065196649 1.66570031642913818359 0.72370523214340209961 0.56515705585479736328 -0.94433027505874644891 -0.12176041305065149478 -0.18822896480560299959 1.70734012126922607422 0.45015773177146911621 0.86185216903686523438 0.20028971135616299715
-0.71340018510818481445 0.96377134323120117188 0.75114458799362182617 0.27320379018783569336 -1.59808194637298583984 0.83733934164047241211 1.19123220443725608142 -0.34191393852233881168 0.07539048045873640580 -1.35096716880798339844 -0.05952207744121550126
0.45224493741989130191 -1.39037370681762695312 1.25678408145904541016 0.99794864654541015625 -0.76588875055313110352 -1.54930055141448952405 -1.65694022178649902344 -1.41635739803314208984 1.64402496814727783203 -0.45824876427650451660 0.11067947745323179765
-1.33576333522796630859 1.66662168502807617188 -0.08181449770927419485 1.31593549251556396484 -0.16609519720077509097 0.35326492786407470703 1.22978663444519042969 1.35795092582702636719 0.54341745376586914062 -0.05973836407065390153 -0.03576296567916870117
-1.68730533123016357422 1.15989851951599121094 -1.54818308353424072266 1.02850854396820090564 0.58122152090072631836 -0.35863557457923889160 -1.05785405635833740234 -0.02459622919559470086 1.40549004077911376953 -1.48963189125061035156 0.65130537748336791992
-0.63267028331756591797 -1.17612314224243164062 -0.76345670223236083984 -0.76929098367691040039 0.04086399823427200317 1.17498016357421875000 -0.19390954077243799381 0.43584179878234857730 0.46273741126060480289 -1.34908258914947509766 -1.34299743175506591797
-0.52176052331924438477 0.84787535667419433594 0.72212421894073486328 1.70397794246673583984 0.01030579023063180055 -1.64252674579620361328 1.03023254871368408203 1.67142939567565917969 -0.70226621627807617188 0.70713686943054199219 1.31192374229431152344
-0.16860759258270260896 -0.13743942975997919254 -1.38839125633239768298 0.82871776819229125977 0.47889986634254450015 -1.59261488914489768298 0.57003909349441528320 -1.42488014698028564453 -1.05183446407318115234 1.23741316795349121094 1.04817056655883789062
0.62284427881240844727 0.75819849967956542969 -0.41532033681869501285 1.25787329673767089844 -0.61049574613571166992 -1.04911112785339355469 -1.08559262752532958984 1.35793268680572509766 1.64015924930572509766 0.17830130457878110017 0.87011086940765380859
-1.51548075675964355469 -0.45370095968246459961 -0.21217100322246548738 -1.36867868900299072266 0.02258360013365739993 -0.16625492274761199951 0.92960554361343383789 0.24426847696304321289 0.40431240200996398926 0.75599288940429687500 -2.02622318267822265625
-0.55734670162200927734 -1.46190893650054909436 1.33030366897583007812 -0.93960320949554443359 0.69158971309661865234 -0.06047128885984420082 0.98700159788131724969 -1.67165899276733398438 1.01834344863891601562 0.37869933247566217593 -1.10149741172790527344
0.84757411479949951172 -0.31600910425186157227 -0.81161808967590332031 -1.50107848644256591797 0.38850593566894531250 -0.23436740040779110994 1.26613235473632790296 0.22802305221557608861 1.40917241573333740234 -0.37499541044235229492 0.03639744222164149889
-1.36272192001342751233 -0.74437260627746582031 0.75163608789443969727 0.98008072376251220703 0.42163029313087457828 1.28400659561157248767 1.16243219375610351562 1.03457033634185791016 1.01756596565246582031 0.84386175870895385742 -0.59936785697937011719
-0.96588712930679321289 -0.54810547828674316406 -1.34425389766693115234 -0.36005261540412897281 0.05397641286253920118 1.55580234527587890625 0.89834660291671752930 -1.59630429744720458984 0.46228906512260431461 0.31090885400772089175 -0.32985466718673700504
-0.09498654305934900455 -0.34513407945632929019 -0.93918043375015258789 0.55697900056838989258 -0.19910302758216849583 -1.46721220016479492188 -0.98355346918106079102 -1.17613768577575683594 1.10365104675292968750 1.08479034900665283203 0.29551416635513300113
-1.67887711524963378906 -0.82734662294387817383 -0.33528298139572138004 -0.22677606344223019685 1.13175988197326660156 -0.61525225639343261719 -0.47705358266830438785 -0.42444148659706110172 -1.49948215484619140625 -1.39972054958343505859 -1.29668653011322021484
0.43055805563926691226 -1.40220761299133300781 0.94674575328826904297 -1.10257995128631591797 0.12853190302848810367 0.19090734422206878662 0.93726360797882080078 0.29446911811828607730 -0.34972265362739557437 -1.39209628105163552014 -1.30302071571350097656
-1.74888491630554199219 0.40944314002990722656 0.86915552616119384766 -0.52286213636398315430 -1.23884034156799316406 -0.89187002182006835938 0.79844391345977783203 0.45668664574623107910 1.06441998481750488281 0.01844028942286959905 -1.71000051498413085938
-1.55237221717834472656 0.31285268068313598633 0.15668940544128409642 0.43800953030586242676 0.90963786840438842773 -1.31172811985015869141 -1.29177916049957275391 1.24916493892669677734 -0.24883353710174560547 -1.57700443267822287829 -0.28355178236961359195
-0.32570141553878778629 0.21958549320697778873 -0.16883857548236841373 1.59462189674377441406 -1.47625303268432617188 -0.42806386947631830386 0.83789527416229248047 -0.93232989311218261719 1.14244604110717751233 0.34396472573280328922 0.35936346650123590640
-0.72606819868087768555 -1.60923016071319580078 -1.06755864620208740234 -0.68637281656265258789 -0.21655604243278500642 -1.65715169906616210938 -0.83641767501831054688 -0.16020971536636349764 -0.53874105215072631836 -1.07394170761108398438 -1.26246154308319091797
1.51035666465759277344 -1.60371029376983642578 -1.13010811805725097656 -0.64081066846847534180 -0.71935331821441650391 -0.25424295663833618164 0.53372037410736083984 -0.29001680016517639160 -1.74779605865478515625 0.53293699026107788086 -1.27196192741394042969
-0.09685468673706050524 -1.61726713180541992188 0.44591224193572998047 -0.35898149013519281558 1.58978688716888449939 -1.04508233070373535156 0.24110256135463709048 -0.25459495186805719547 -0.82563769817352294922 0.69339764118194580078 -1.08458614349365234375
-0.05903958529233929720 -1.44868123531341552734 -0.70519793033599853516 -1.26122164726257324219 1.16856145858764648438 -0.17174892127513879947 -1.25034761428833007812 -1.42266213893890380859 -1.65298128128051757812 1.36619400978088378906 -1.76425397396087646484
-0.92462962865829478876 0.53001058101654052734 -0.29098865389823908023 -0.75165921449661254883 0.62605828046798706055 0.89561176300048828125 -0.83345627784729003906 0.38191261887550348453 -0.05302474275231360001 -0.07803147286176680131 -0.74302530288696289062
1.38761043548583984375 0.14345981180667868871 0.61393409967422485352 -1.05207490921020507812 0.40816038846969598941 0.32857963442802429199 0.92906278371810924188 -1.61333370208740234375 0.46682718396186828613 0.97360581159591674805 0.41432395577430719547
-1.32102549076080322266 0.87828385829925537109 0.39820709824562072754 1.25131070613861083984 0.65470016002655029297 1.28413927555084250720 -0.73222798109054565430 -1.19510245323181152344 1.48837471008300781250 0.15099258720874780826 0.26868346333503717593
0.97898042201995838507 -1.46986389160156250000 -0.09275483340024939793 -0.62593334913253784180 -0.75865924358367919922 0.40708684921264648438 -0.60944837331771850586 -0.65271782875061035156 -0.29994100332260131836 0.72583013772964477539 -1.80887424945831298828
1.17570674419403076172 -1.58571004867553710938 -0.13669224083423608951 1.67835187911987304688 -1.15223455429077170642 -1.01280128955841064453 0.35340484976768488101 1.40264749526977539062 1.05931103229522705078 1.12549734115600608142 -0.60140556097030639648
1.15233814716339111328 0.37602478265762329102 1.19549834728240966797 0.46393954753875732422 0.12299814820289610429 -0.39722934365272521973 0.78563749790191650391 -0.07242063432931900024 -0.19712753593921661377 -0.96551322937011718750 1.44937837123870849609
1.38856720924377441406 0.76649916172027587891 0.33166876435279840640 -0.78934180736541748047 0.68857699632644653320 -0.93318402767181396484 1.36709904670715309827 -1.67665874958038330078 -1.20633614063262939453 0.48889744281768798828 0.04941762983798980019
-1.34978175163269042969 0.14895100891590110082 -1.39109492301940917969 -1.14561545848846435547 1.69014000892639160156 0.90848577022552479132 -0.70194959640502929688 -1.22373354434967041016 -1.10460853576660156250 0.03213244676589960269 -0.91488486528396595343
0.53943109512329101562 1.54380381107330322266 1.04920136928558349609 1.08222115039825439453 0.09759497642517089844 -1.56044912338256835938 -1.32280778884887695312 -0.89355039596557617188 -0.98659300804138183594 -0.58995515108108520508 1.23891115188598632812
-0.74274384975433349609 -0.99269747734069824219 -0.74645698070526123047 1.79891157150268554688 0.40501049160957330875 0.06274718791246410021 0.52232205867767333984 0.81672030687332153320 1.58032476902008056641 0.75688225030899047852 0.25400909781455988101
1.60952734947204589844 1.17522215843200683594 1.31962680816650390625 -0.33187851309776300601 -1.16865980625152610095 -0.93995910882949840204 -1.02637124061584472656 -1.37026417255401589124 -0.42164811491966247559 -0.55499511957168579102 0.01686782389879220093
0.11079551279544830322 1.57287597656250000000 -0.43998387455940241031 0.12383657693862909488 1.59324753284454367908 -0.21143348515033719148 -0.04935087636113159870 -0.00030838439124629999 -1.01251661777496337891 0.49969586730003351382 1.49449956417083740234
-0.95395958423614501953 1.34954679012298583984 1.27534401416778564453 -0.75841277837753295898 1.69051945209503151624 -1.31921708583831809314 1.73491621017456032483 0.14721317589282989502 -1.27357304096221923828 -0.10372330248355859927 0.79747122526168823242
1.12905859947204589844 -0.48120567202568048648 -0.26815637946128839664 0.37364637851715087891 -0.90652239322662364618 -1.33679842948913552014 0.74433201551437377930 -0.38300463557243341617 0.27244389057159418277 1.13106071949005126953 -0.41960510611534118652
0.39517569541931152344 -0.89567559957504272461 0.49333745241165161133 -0.95127320289611816406 0.87452226877212524414 0.60871559381484985352 -1.03968203067779541016 -0.22654916346073150635 -1.73565602302551269531 -1.15521490573883056641 -0.45917883515357971191
-0.11259412020444869995 -0.07523313164710990208 -1.44006896018981911389 0.36610689759254450015 -0.23561516404151910953 1.02264916896820090564 1.12520408630371093750 1.47415804862976074219 0.90387839078903198242 1.58098161220550537109 0.63628607988357543945
0.25650516152381891422 -0.87514775991439819336 -1.45973396301269509046 -0.11766719818115230212 -0.81262058019638061523 0.77195298671722412109 1.50946557521820090564 -0.70427346229553222656 -0.21529166400432581119 1.24094665050506591797 0.15174731612205499820
0.95398622751235961914 -0.20000435411930078677 -1.02993249893188476562 -0.58695119619369506836 0.98419058322906483038 1.59040904045104980469 1.45511221885681152344 -1.32467460632324218750 1.22902178764343261719 0.00396574055776000023 0.62738549709320068359
-1.31785464286804199219 -0.61497843265533447266 -1.53245413303375244141 -0.51902508735656738281 -0.75141847133636474609 0.17638309299945831299 -0.10786236822605130281 0.12256129086017600316 1.28766012191772460938 0.18300986289978019017 -0.85119551420211791992
-0.23613965511322018709 -0.58314007520675659180 -0.19667203724384299535 0.88286292552947998047 0.97094291448593139648 0.10390423983335489444 1.15749430656433105469 0.13452091813087460603 -0.28979837894439697266 0.23093639314174649324 0.40518301725387567691
0.35731950402259821109 -1.68417882919311523438 -0.77246880531311035156 -1.46494674682617209704 -1.52569878101348876953 1.28437435626983642578 -0.74265223741531372070 0.46401602029800409488 -1.56108832359313964844 1.00506305694580078125 -2.52153205871582031250
1.63131868839263916016 -0.98127567768096923828 -0.03706934675574299898 -0.30777776241302490234 -0.74815481901168823242 0.16166825592517850008 1.75910377502441406250 -0.69343358278274536133 1.65295779705047607422 -0.54593986272811889648 -0.22877554595470420140
-0.44175511598587030582 -0.40452256798744201660 0.46756732463836669922 1.54357612133026123047 0.63876312971115112305 -0.89215797185897827148 -1.75565874576568603516 -1.46254074573516845703 -1.66475570201873779297 -1.52568268775939941406 0.53906035423278808594
1.45147776603698730469 0.05497078970074650156 1.35782408714294433594 -1.49024379253387428967 -0.57579761743545532227 1.04916727542877197266 1.54431605339050292969 -0.41631096601486200504 -1.13893628120422363281 1.29260337352752685547 0.67092150449752807617
-1.22221195697784423828 -1.38971495628356911389 -1.17798256874084472656 1.59512376785278320312 1.49079155921936035156 -1.00315666198730490954 1.22940766811370849609 -0.96315580606460560187 -0.50550079345703125000 0.24281623959541320801 0.21403725445270530003
1.51281130313873291016 0.17252990603446960449 -1.61907362937927246094 -1.60717487335205078125 -1.71937549114227294922 -0.38275375962257379703 -0.88526529073715209961 0.90890520811080921515 0.83735293149948120117 1.66260683536529541016 0.00137696310412130005
0.83315545320510864258 -0.38426995277404779605 0.51022976636886596680 1.15509068965911887439 -0.66446328163146972656 1.53624069690704367908 1.36647820472717285156 -1.45660066604614257812 -1.64538645744323730469 -1.14388895034790039062 0.79291599988937377930
0.37350541353225708008 0.30007424950599670410 0.00341125833801920022 -0.98769563436508178711 1.42916965484619140625 0.80409944057464599609 -0.35681360960006708316 0.23402211070060729980 -0.48389521241188049316 0.98372834920883178711 -0.05689400807023040074
-0.00286435312591490007 -0.27796983718872070312 -0.82010948657989501953 -0.90216261148452758789 -1.72150599956512428967 0.61069869995117187500 -0.22088135778903961182 -1.18362009525299072266 -1.13081216812133789062 0.28300106525421142578 -0.98671722412109375000
1.00782513618469238281 0.34059563279151910953 -0.19674707949161529541 0.59069871902465820312 -1.36955714225769042969 1.17020964622497558594 -0.69810605049133300781 1.76089596748352050781 1.04712414741516113281 -1.29454302787780761719 0.50102400779724121094
-1.06513535976409912109 -0.28112491965293878726 1.61584007740020751953 1.69867658615112304688 -1.62346732616424560547 0.60384899377822875977 -0.82751870155334472656 -0.35502415895462030582 0.17063915729522699527 1.43024945259094238281 0.44946822524070739746
-0.34407058358192438297 -1.54736304283142089844 -0.91823714971542358398 -0.83963936567306518555 -0.01851564086973659859 -0.75731140375137329102 0.60814803838729858398 0.36486524343490600586 1.47440934181213378906 0.27808952331542968750 -1.54944014549255371094
0.21730230748653409090 1.40875875949859619141 0.81623512506484985352 -0.33971741795539850406 -1.45073699951171875000 1.07415688037872314453 -0.70945459604263305664 0.06909379363059990620 0.53079664707183837891 -1.36018443107604980469 0.16180473566055289525
0.29439786076545709781 -0.93731665611267078742 -0.39646753668785089664 0.35848966240882867984 -0.05878255888819689662 0.22488372027873990144 -1.51319801807403564453 -0.68365114927291870117 0.13576292991638180818 -1.53643000125885009766 -0.49617221951484680176
-0.65330004692077636719 0.89216083288192749023 1.50160825252532958984 -0.63733893632888793945 -0.96033155918121337891 1.34167635440826416016 0.03194869682192799654 0.53793632984161376953 0.38421884179115289859 -0.40716490149497980289 0.27406713366508478336
-0.48485258221626281738 -0.48978394269943237305 0.19864518940448760986 0.85899972915649414062 -0.53559464216232299805 -0.90276128053665161133 1.78975677490234375000 1.12678194046020507812 0.06903214752674100008 1.58345723152160644531 -0.07626345008611669363
-1.68920946121215820312 -0.29692834615707397461 1.22786164283752441406 -0.91881006956100463867 1.08066463470458984375 -1.34172224998474121094 -1.48693597316741943359 -0.73698949813842773438 -1.10273933410644509046 1.03694295883178710938 -1.51874697208404541016
0.70146828889846801758 1.19696199893951416016 -0.60188353061676025391 -0.26000270247459411621 -0.67514145374298095703 1.35638868808746337891 0.05749038234353059940 1.02171385288238525391 -0.28036090731620788574 0.94496566057205200195 0.58424472808837890625
-0.13377399742603299226 0.69392043352127075195 -0.61137145757675170898 0.69607198238372802734 0.90901720523834239618 -0.99862247705459594727 -1.19747149944305419922 -0.73365938663482666016 1.41114926338195800781 -0.21159021556377410889 1.31379842758178710938
0.68110597133636474609 -1.44254004955291770251 -0.58027958869934082031 0.14494819939136499576 -1.74864149093627929688 0.54197341203689575195 0.04455184936523429867 1.23008203506469726562 -0.63058531284332275391 -1.53688251972198486328 -1.18993067741394042969
-1.12767505645751953125 -0.89287853240966796875 -1.60076415538787841797 -1.18541324138641357422 0.51604074239730834961 1.56567156314849831311 -0.96572172641754161493 -0.43664756417274469547 -1.45577406883239768298 -1.07262921333313010486 -0.69138526916503906250
-1.17628645896911621094 -0.19244189560413360596 -1.63405883312225341797 1.75276398658752441406 0.84034460783004760742 -0.77768242359161376953 -1.38562440872192382812 0.35891842842102050781 1.57578444480895996094 -1.28754389286041259766 1.56042265892028808594
1.20507025718688964844 1.35496795177459716797 0.38414904475212091617 -0.24481743574142450504 -1.23730087280273437500 -1.28933644294738769531 -0.11746463179588309544 -1.38024234771728515625 0.22799062728881830386 0.75237530469894409180 -0.55629056692123413086
0.86103475093841552734 -1.17221832275390625000 -0.92720711231231678351 -1.04830622673034690173 0.64452487230300903320 1.60828089714050292969 1.43551480770111083984 -0.15318518877029418945 -1.44077897071838378906 -0.92039471864700317383 -0.41794309020042419434
1.57238304615020751953 1.66471564769744873047 -0.17423154413700100984 -0.47778326272964477539 0.04868746176362030026 1.32739794254302978516 0.50994211435317993164 -0.44313162565231317691 -0.23921740055084220189 1.59034633636474609375 -1.74670505523681640625
0.13937219977378839664 0.34927621483802789859 -1.25924980640411376953 -1.47646272182464599609 0.08347270637750620059 -0.23190821707248679417 -0.53266578912734985352 1.01040029525756835938 -1.67824566364288330078 -0.12689344584941861238 0.22026258707046508789
-0.54334634542465209961 -0.05292687565088270013 -1.28291964530944824219 -1.48433804512023925781 -1.20653355121612571033 0.36719146370887750797 -1.04935705661773681641 0.58944791555404663086 -1.41416811943054199219 1.47121214866638183594 -0.98854190111160278320
-0.17969897389411920718 0.09797608107328409366 0.42373174428939819336 0.87199497222900390625 1.22713935375213623047 -1.55063450336456298828 -1.04104638099670410156 -0.51074206829071044922 1.31662797927856445312 1.43570840358734130859 1.16585254669189430921
-1.02747547626495361328 -0.09393239021301269531 -1.11705350875854492188 0.48678874969482421875 -1.39841282367706298828 1.09439396858215309827 1.02131116390228271484 1.26754975318908691406 -0.18663109838962549381 -0.39664027094840997867 -0.84273588657379150391
-0.40749880671501159668 -1.17230784893035888672 1.09855175018310569079 0.49855601787567138672 0.99902629852294921875 0.17114989459514609593 1.06489121913909912109 0.22047616541385650635 0.27051767706871032715 0.28215542435646051578 0.46417221426963800601
0.10891775041818610448 1.53443908691406250000 0.73918288946151733398 0.79348391294479370117 0.09274357557296750154 -0.24937357008457181062 -1.70790684223175048828 1.39983391761779807361 -0.44525471329689020328 0.51713532209396362305 1.36886274814605712891
-0.29595392942428588867 -1.35752725601196289062 1.39186024665832519531 -0.87061506509780883789 -0.97730904817581176758 -0.33260190486907958984 -0.22925913333892819490 1.69892215728759765625 0.79487472772598266602 -1.45297515392303489001 -1.14115154743194580078
0.89701092243194580078 0.59875923395156860352 -0.12834592163562769107 0.86168718338012695312 -1.32223474979400634766 -1.38217735290527343750 1.57076764106750488281 0.66053205728530883789 0.70255160331726074219 -1.37713873386383056641 0.79251199960708618164
-0.55664730072021484375 -0.17750288546085349339 -1.50828254222869873047 -1.53886604309082031250 0.59360945224761962891 -1.16695165634155273438 -1.42809975147247314453 1.03821408748626708984 0.43851715326309198550 -1.32809698581695556641 -0.63201695680618286133
0.21313211321830749512 -1.04243588447570800781 -0.67856955528259277344 0.17725616693496701326 0.30244505405426019840 -1.25935137271881103516 1.67890775203704833984 0.29023149609565729312 0.28889134526252741031 -0.87928831577301025391 -0.42839291691780090332
-1.02513122558593750000 -0.72276848554611206055 1.06137108802795410156 -1.51233768463134765625 0.89755165576934814453 0.55964767932891845703 0.67634022235870361328 -0.40236711502075189761 -0.26589390635490417480 1.03301584720611550061 -0.81116086244583129883
-0.74576801061630249023 -1.70335495471954367908 1.16191041469573952405 -0.71709173917770385742 1.37533175945281982422 -1.21347045898437500000 -0.85973358154296875000 0.61100345849990844727 -1.59891617298126220703 -0.23508787155151358861 -0.85080617666244506836
-0.59760272502899169922 1.27884578704833984375 -1.28528988361358642578 -0.56492286920547485352 1.09201264381408691406 0.06663610041141510010 -0.69991993904113769531 -0.72059702873229980469 -1.43993031978607177734 0.83158671855926513672 0.74165552854537963867
-0.15177896618843078613 -0.05776821449398990282 -0.46575063467025751285 -0.69083172082901000977 1.38635194301605224609 0.78519093990325927734 -1.20543384552001953125 1.53074491024017311780 -0.66413009166717529297 -1.24234461784362792969 0.19457149505615228824
