0.29083400964736938477 0.78754311800003051758 -0.88148999214172363281 1.62567424774169921875 1.22598397731781005859 0.48330608010292047672
-0.39494735002517700195 -0.28164750337600708008 -0.08324918895959849963 1.05696868896484375000 -1.38164210319519042969 0.66074150800704956055
0.21386182308197018709 0.14644218981266018953 -0.05729051679372779843 -1.25251781940460205078 0.11739251017570490054 0.27093881368637079410
-0.01963014714419840032 -0.55917906761169433594 0.20347163081169120091 -0.40769562125205988101 -0.92399340867996215820 0.29629161953926080875
-0.29188126325607299805 0.05377126485109320203 -0.65502518415451049805 -1.73640310764312744141 0.39509800076484680176 0.19828346371650690250
0.93226742744445800781 2.04898285865783691406 -1.29291689395904541016 0.60610204935073852539 -1.62536096572875976562 -0.73936772346496582031
-1.65629434585571289062 -1.42679727077484130859 -0.93291610479354858398 -1.36076200008392311780 -0.75909906625747680664 -1.38201034069061279297
-0.00917157065123310085 -0.10512179881334300646 0.53520321846008300781 1.10350537300109863281 -0.13480183482170099429 1.06933462619781494141
1.22061789035797119141 0.87560671567916870117 0.91077810525894165039 -1.08232319355011008533 0.96515238285064697266 -2.11911487579345703125
0.20699693262577051334 -0.14286878705024719238 0.81151765584945678711 0.55091804265975952148 -0.64237684011459350586 0.72540569305419921875
-0.03984722867608069680 0.18850059807300559300 -0.36366724967956537418 0.48792079091072082520 0.98472851514816284180 0.88679248094558715820
-0.04337764531373970028 0.55004107952117919922 -1.26447439193725608142 0.58760452270507812500 0.79032838344573974609 1.23284351825714111328
0.05483536794781680018 0.11680181324481959948 -0.02261519245803349926 -0.46215328574180597476 -1.48001801967620849609 0.33125999569892877750
-0.30837312340736389160 -0.56502264738082885742 0.11021450906991950291 -0.58120614290237426758 -1.38511395454406738281 -0.09079732745885840672
-1.82413828372955277857 -1.57976484298706032483 -0.89490711688995361328 -0.15829214453697199039 0.49779909849166870117 -0.62258279323577880859
-0.91209113597869884149 -0.14321213960647580232 -1.50539362430572509766 0.66482257843017578125 0.75287270545959472656 1.83510005474090553967
1.28368890285491943359 0.82566452026367187500 0.90615570545196522101 0.41082999110221857242 -0.21235838532447809390 -1.91606116294860839844
-1.40159273147583007812 -1.32721304893493630139 -0.18760040402412409000 1.18143558502197287829 -0.91615277528762817383 -0.40727621316909790039
-0.99966663122177124023 -1.23720443248748779297 0.06425566971302029695 -1.06108283996582031250 0.02720304019749160071 -0.88255131244659423828
-0.32587853074073791504 -0.52203148603439331055 0.74367576837539672852 -1.58233594894409179688 0.59444582462310791016 0.15525384247303009033
1.06215846538543701172 1.67709314823150634766 -1.25132834911346435547 0.59946858882904052734 1.45358884334564208984 -0.49610474705696100406
1.36250638961791992188 0.53336203098297119141 1.53745269775390625000 1.72184622287750244141 0.16158644855022430420 -0.76281952857971191406
0.97649836540222156867 1.31313610076904296875 -0.36656036972999572754 0.64158982038497924805 -1.46782195568084716797 -2.20424842834472656250
0.13492928445339200105 0.60671252012252807617 -0.76787227392196655273 -0.38685810565948480777 0.17155335843563079834 0.04803524911403649761
-0.75968033075332641602 -0.35878112912178039551 -1.34047901630401589124 -0.65658056735992431641 -0.24534307420253750887 0.57511454820632934570
-1.20740878582000710217 -0.64045047760009765625 -1.47891414165496848376 -1.19926774501800537109 -0.40341222286224359683 -0.09692385047674169363
-0.46205332875251770020 -0.99616038799285877570 0.79520756006240844727 -1.28916847705841064453 1.25868511199951149671 -0.19426487386226651277
1.57722365856170632092 0.93590861558914184570 1.59996628761291503906 -1.13277494907379150391 -0.17706498503684989232 -2.27326750755310058594
-1.40427684783935569079 -0.87308377027511596680 -1.48735988140106201172 0.57795083522796630859 -1.50093424320220969470 0.13813692331314081363
-0.36895146965980529785 -0.33504799008369440250 -0.00353339361026880003 0.00125140731688580011 1.28127872943878151624 0.90493363142013560907
-0.14766590297222129124 -0.86933517456054687500 1.58897352218627929688 0.47453552484512329102 1.15810072422027610095 1.10725414752960205078
1.56761264801025390625 1.20777404308319091797 1.28020274639129638672 -0.88462978601455688477 0.86462694406509399414 -1.82290351390838645251
-1.19364249706268310547 -1.46711647510528564453 0.24591465294361108951 1.68768274784088112561 -1.47261118888854980469 -0.01731933839619149984
1.92280459403991699219 1.23629307746887207031 1.79597663879394509046 0.02708908729255190065 -1.24093604087829589844 -0.46952414512634277344
0.97332727909088123663 1.17363011837005615234 -0.65002304315567016602 0.08484258502721779560 0.22236515581607810277 -1.93411064147949196546
0.70159411430358886719 0.60836011171340942383 -0.08055718988180160522 -0.99376636743545521124 -1.37081325054168701172 -1.80740654468536399158
-0.26474222540855407715 0.04437040537595739881 -0.38888528943061828613 0.01414624135941260075 0.47213795781135559082 1.09597861766815207751
-0.93183249235153198242 -0.90210515260696400031 -0.72087901830673217773 0.27914509177207941226 1.00957083702087402344 0.43290773034095758609
1.38395929336547829358 0.41810068488121032715 2.00118350982666015625 1.22711217403411887439 -0.28009948134422302246 -0.41912859678268432617
1.06107592582702636719 0.62275195121765136719 1.43618559837341308594 -1.77568089962005615234 -0.47108638286590570621 -1.92361164093017600329
-0.22996190190315241031 0.43203610181808471680 -1.07493114471435569079 -0.34933206439018249512 -1.77144443988800048828 0.28190204501152038574
-1.39041721820831298828 -1.61502647399902343750 0.12683543562889099121 -1.20823991298675537109 0.69826447963714599609 -0.87177479267120361328
-0.53601789474487304688 -0.88951760530471801758 0.46831762790679931641 1.62781047821044921875 -1.03264474868774391858 0.64611172676086425781
-0.27076166868209838867 -0.88000911474227905273 1.37670826911926269531 -0.57598423957824707031 1.41213166713714599609 0.67485135793685913086
-0.46535614132881159000 -0.28254973888397211246 -0.98888814449310302734 0.18620526790618890933 -0.99931603670120239258 0.90510952472686756476
-0.62003988027572631836 -0.46477353572845458984 -0.33472555875778198242 1.62019085884094238281 0.83769309520721435547 1.40664958953857421875
1.47302985191345192639 1.58957314491271950452 -0.37904462218284601382 -0.45995202660560607910 -0.41868290305137628726 -0.98260420560836803094
1.08295714855194091797 1.59102213382720969470 -0.83484464883804321289 0.16992358863353729248 0.50351274013519287109 -1.48801314830780029297
-1.19106721878051757812 -0.53787952661514282227 -1.25959730148315429688 -0.71650731563568115234 -0.75665181875228881836 0.16071121394634241275
-0.33505696058273309879 -0.00808455236256119987 -0.93585395812988281250 1.07334935665130615234 -0.03840278461575499791 1.59727954864501953125
-0.37018090486526489258 -1.44187104701995849609 1.23195290565490722656 -0.61506503820419311523 0.80778580904006958008 -0.56167489290237426758
-1.67060446739196777344 -1.43213665485382080078 -0.88671004772186279297 -0.95244085788726795538 1.34038245677947998047 -0.42923599481582641602
1.27392244338989257812 1.53718173503875710217 -0.37969031929969787598 1.30922508239746093750 1.01522874832153320312 -0.45456832647323608398
0.93652242422103881836 0.50867289304733276367 0.63133770227432250977 1.72892463207244873047 0.34173536300659179688 -0.37359443306922912598
0.97106897830963123663 1.84269106388092041016 -1.10956645011901855469 -0.51372659206390380859 0.62034964561462402344 -1.34392964839935302734
-1.36908447742462158203 -0.81599932909011840820 -1.06014907360076904297 -0.59336322546005249023 0.60210907459259033203 0.06654154509305949816
-0.93978643417358398438 -0.58553218841552734375 -0.23138634860515588931 1.78701424598693847656 0.32418125867843627930 0.92543751001358043329
2.31380105018615678247 1.99559187889099121094 1.17769765853881835938 -1.76347804069519042969 1.23803412914276123047 0.03989385068416589908
-0.25584602355957031250 -1.51605749130249023438 1.91407012939453125000 -1.74686014652252197266 -1.69772446155548095703 -1.03373372554779030530
0.83380049467086791992 0.50881403684616088867 0.83613562583923339844 -0.84596431255340576172 1.30339860916137695312 -1.13799595832824707031
1.62434005737304687500 1.81053924560546875000 0.26741772890090942383 -1.42820405960083007812 -1.42496919631958007812 -0.78477674722671508789
0.66436105966567993164 0.24650233983993530273 0.93870007991790760382 0.20928700268268579654 -1.38689231872558593750 -0.31364941596984857730
-0.20947149395942679662 -0.47672834992408752441 0.34065803885459899902 -1.69266855716705322266 -0.10649374127388000488 -0.30220657587051391602
-0.37301325798034667969 -1.06566405296325683594 1.62613475322723410876 -0.63364583253860473633 -1.44108045101165749280 -0.05343277752399439723
0.17257119715213770084 0.67538756132125854492 -0.47545021772384638004 0.45079013705253601074 -1.79042828083038330078 -0.25134849548339838199
2.44187569618225097656 1.99283003807067871094 1.03414714336395263672 -1.02893769741058349609 0.24783356487750998753 -0.07820426672697060322
-0.36849564313888549805 -1.16167080402374289783 1.90287494659423850329 0.11251209676265709614 1.11814451217651367188 0.65322512388229370117
-0.25251168012619018555 0.23628993332386011295 -1.36100447177886962891 -0.64457219839096069336 -1.10176336765289306641 0.70946389436721801758
-0.34679073095321649722 -1.07298564910888671875 0.82815134525299072266 1.15357589721679687500 1.14419662952423095703 0.89623391628265380859
-1.18891239166259765625 -0.81267195940017700195 -0.74228787422180175781 0.13943125307559958714 0.03102349489927290135 0.24833114445209500398
-0.32820808887481689453 0.61284857988357543945 -1.16535329818725608142 -0.95703423023223876953 -1.30594134330749511719 0.23459641635417929906
0.22312870621681210603 -0.38451012969017028809 1.14141857624053955078 0.96754837036132801398 1.19979405403137207031 1.71844744682311989514
-0.71754878759384155273 -0.35097584128379821777 -0.84894502162933349609 0.45569059252738952637 1.22473406791686989514 1.18296945095062255859
-0.12016969919204710526 -0.80429893732070922852 1.79564678668975830078 0.69150578975677490234 1.44455444812774658203 1.35761463642120361328
-1.08376276493072509766 -0.95850431919097900391 -1.05832314491271950452 -0.36234194040298461914 0.43150332570075988770 -0.00546949449926609991
