0.69925177097320556641 0.35393455624580377750 1.62119507789611816406 1.49396932125091552734 -0.78229123353958129883 0.10384315997362129902 0.39206761121749877930 0.86845743656158447266 0.69099414348602294922 -0.56426757574081420898 -0.92244201898574840204
0.23941917717456809300 -0.24399146437644950169 -0.72804057598114013672 -0.53214806318283081055 -1.69340002536773681641 1.32873547077178955078 -0.05332816019654269823 -0.40074646472930908203 1.64687538146972656250 1.50479507446289062500 0.15011027455329889468
-0.98711794614791881219 -0.93568712472915638312 -1.28936314582824707031 -1.23503339290618896484 1.07247877120971679688 -0.50303959846496582031 0.15024630725383750218 0.44822895526885980777 -1.40941917896270751953 -1.25424587726593017578 0.61203479766845703125
-0.50513988733291625977 -1.19594120979309082031 -0.49969005584716791324 -0.76161253452301025391 0.84326595067977905273 -0.05877102538943290017 1.33695745468139648438 0.78556239604949951172 -1.35317552089691162109 0.77976274490356445312 0.28085210919380187988
0.69352769851684570312 1.01631712913513183594 2.41765570640564009253 1.31722760200500488281 -0.77396601438522338867 0.46702611446380609683 1.59276294708251953125 -1.40925586223602294922 0.27691099047660827637 1.19688284397125244141 -1.04979872703552246094
-0.12487465888261789493 -0.13512155413627618961 -0.51425451040267944336 -0.51456993818283081055 -1.14628386497497558594 -0.86001598834991455078 -0.56093257665634155273 -1.05966329574584960938 -0.42383265495300287418 1.36372315883636474609 0.49764192104339599609
0.10098773241043089433 0.38075318932533258609 -1.04486680030822753906 -1.65096116065979003906 0.19794560968875879459 0.40888032317161560059 -1.01963067054748535156 1.34094786643981911389 0.61695826053619384766 -0.31966003775596618652 -0.47618794441223138980
0.28087905049324030093 0.05948484688997259656 0.54614990949630737305 -0.29569759964942932129 -0.50357246398925781250 -1.25129723548889160156 0.35334557294845581055 0.76217889785766601562 0.87316441535949707031 -0.56728440523147583008 -0.48156383633613580875
0.88561981916427612305 1.12801158428192138672 -0.99069601297378540039 -1.80610096454620405737 1.30336511135101318359 1.43834793567657470703 1.38732421398162841797 -1.55178654193878151624 -0.03738536313176150233 1.23904144763946510999 -1.13110947608947753906
0.13758073747158050537 -0.13944920897483820132 -0.95138990879058837891 -1.34555840492248535156 1.53174650669097900391 -1.29967975616455078125 -1.00161993503570556641 -1.59247255325317382812 -0.24941630661487579346 1.59559762477874755859 0.49644899368286127261
-0.69091165065765380859 -0.39339935779571527652 0.05883762612938880227 0.74159443378448486328 -1.61663842201232910156 0.46012571454048151187 0.24816505610942840576 1.65238690376281738281 -1.36660873889923095703 0.87991756200790405273 0.66297662258148193359
-1.56385397911071777344 -1.57231295108795166016 -0.56665885448455810547 1.35387957096099831311 0.16609574854373929109 1.11758720874786376953 -0.44847205281257629395 -0.80594825744628906250 1.30526685714721679688 -0.50136393308639526367 0.29714295268058771304
1.13500249385833740234 0.76063185930252075195 2.12120604515075683594 1.23235344886779807361 -0.27293846011161798648 -1.03444170951843261719 -1.18435966968536376953 0.16719925403594970703 0.57798469066619873047 -1.62832784652709960938 -1.14391517639160156250
2.07148528099060058594 1.62742435932159423828 0.48203036189079279117 -0.69613391160964965820 -1.42163944244384765625 1.45624315738677978516 1.52703154087066650391 0.15710477530956259984 1.05097830295562744141 1.00691914558410644531 -0.25341147184371948242
-1.75848746299743630139 -1.23977303504943847656 -0.50119388103485107422 0.77167707681655883789 -0.15736620128154749088 1.31796538829803489001 0.11749409884214399857 -1.06377935409545898438 -1.43944907188415527344 -0.49354910850524902344 0.15322630107402798738
0.48302164673805231265 0.99643594026565562860 0.51289212703704833984 0.13792675733566278629 0.46907663345336908511 0.53811508417129516602 1.61197423934936523438 -1.67311894893646240234 -0.99744290113449096680 1.21047365665435791016 -1.67972385883331298828
1.20826232433319091797 0.49109849333763122559 0.68366843461990356445 0.04832269251346579808 0.34003874659538269043 1.11764764785766601562 -0.89428001642227172852 -0.13590316474437710847 1.39767694473266601562 -0.91060847043991077765 -1.71186268329620361328
0.46858856081962579898 0.30114743113517761230 -0.43500098586082458496 -1.53721642494201660156 -0.70357847213745117188 -1.34962344169616699219 -0.97519433498382557257 1.04434454441070556641 0.01745639555156229886 1.41316556930541992188 -1.28776645660400390625
-1.12337994575500488281 -0.36386844515800470523 -0.48136672377586359195 -0.42408561706542968750 -0.83472615480422973633 -0.52484244108200073242 1.47725665569305419922 -0.18758171796798700504 -1.31169736385345458984 0.37436732649803161621 0.44074282050132751465
-0.76264107227325439453 -1.13098144531250000000 -0.75326782464981079102 0.26639977097511291504 -0.67226791381835937500 -0.98790562152862559930 0.40382707118988031558 1.24432241916656494141 1.32999897003173850329 -1.23969399929046630859 0.43642097711563110352
-0.64221161603927612305 -0.81531965732574462891 -0.92390018701553344727 -1.25561702251434326172 -0.20885218679904929417 -1.25054216384887695312 0.90769779682159423828 -0.02489297464489929890 0.88221806287765502930 1.34189367294311523438 0.40919026732444757632
0.60154730081558227539 1.35729324817657470703 0.52230507135391235352 -0.48391526937484741211 -0.17156328260898590088 1.65418934822082519531 1.04031836986541770251 0.58547210693359375000 -0.23740610480308529939 0.57974034547805786133 -1.35553133487701416016
-0.70310527086257934570 -1.65593135356903076172 -0.91969037055969238281 -0.08753301203250879459 1.07538056373596191406 -1.68756377696990966797 1.43495297431945800781 -0.55388492345809936523 -0.83039331436157226562 -1.56958615779876708984 0.16899630427360529117
-1.65694570541381835938 -1.21749150753021240234 -1.18117678165435791016 0.99146449565887440070 -1.13572025299072287829 -0.64492744207382202148 1.21071100234985351562 1.50094151496887207031 -1.54706549644470192639 -0.08631903678178780293 0.64306086301803588867
2.03420758247375488281 1.35190892219543457031 2.06423783302307173315 1.22935009002685569079 0.80934041738510131836 -0.94328308105468761102 1.07600700855255126953 0.08639863133430479569 -0.46032074093818659000 -0.33863893151283258609 1.27303075790405273438
0.60652041435241699219 1.52670836448669433594 -1.00779128074645996094 -1.56124532222747802734 -1.38078546524047829358 -1.51820528507232688220 -0.68321007490158081055 1.14393365383148193359 -0.58388262987136840820 0.58392357826232910156 -1.61947226524353049548
0.90679544210433959961 0.71369957923889160156 1.58674454689025878906 0.89187192916870117188 -0.66419404745101928711 -0.06917393207550040501 0.18816494941711420230 1.06641483306884765625 -0.22436679899692529849 -0.89765185117721557617 -1.58797395229339599609
0.88276213407516479492 0.52875691652297973633 -0.30586460232734680176 -1.37406134605407714844 -1.48223733901977539062 0.07435026019811630249 0.85306602716445922852 -0.58051490783691406250 0.51262533664703369141 0.27799069881439208984 -2.22536110877990722656
-0.76276278495788574219 -0.66465514898300170898 -0.18032589554786679353 -0.12377309054136269306 0.98111814260482799188 0.76796174049377441406 -0.97823446989059437140 -0.03106425143778319964 -1.57963275909423850329 -0.62834811210632324219 0.91430085897445678711
-0.81814563274383544922 -1.29018664360046408923 -1.54562413692474365234 -1.65358209609985351562 -1.02340066432952880859 -0.86637604236602783203 0.20773616433143610172 0.24631413817405700684 1.15802979469299316406 -1.65354418754577636719 0.03346712514758110046
0.30982899665832519531 -0.39739018678665161133 -0.02860362082719800081 -1.19882488250732421875 1.49050486087799072266 -0.14223055541515350342 -0.27852392196655267886 -1.37624824047088623047 -0.95026868581771839484 -1.60765695571899391858 0.38705536723136901855
0.65553849935531616211 1.02102935314178489001 0.92045837640762317999 0.62516099214553833008 0.24417406320571899414 1.64439332485198952405 1.42799735069274902344 -1.12556588649749755859 -1.13691794872283935547 1.11922168731689430921 -1.70413100719451904297
0.32216843962669372559 0.94039994478225719110 1.87560546398162841797 1.46623134613037109375 -1.53954327106475830078 -1.09522533416748046875 -1.40708935260772705078 -0.41795265674591058902 -0.85909110307693481445 -1.56142747402191162109 -1.39158022403717041016
-0.01003495417535299992 -0.60160869359970092773 -0.05363040789961810023 -0.43273952603340148926 1.59896445274353049548 0.40517759323120111636 -0.87787985801696777344 0.80754792690277099609 0.18239052593708030003 0.02439191192388530036 0.83743917942047119141
-1.31708455085754394531 -1.57409131526947021484 -1.64887475967407248767 0.94912320375442504883 0.47935336828231811523 -0.91655659675598144531 1.01569473743438720703 -0.21411964297294611148 -1.31638145446777343750 -1.24642753601074218750 1.04733455181121848376
0.22604846954345700349 -0.40209457278251647949 -0.10453382134437559647 0.18325416743755340576 1.41455769538879394531 -0.62270647287368774414 0.75709372758865356445 0.54476875066757202148 1.38942444324493408203 -1.26633608341217041016 1.05592072010040283203
-0.07574003934860229492 -0.68154984712600708008 -0.52139049768447875977 0.49153348803520202637 0.30949968099594110660 1.05741298198699951172 -1.05248737335205078125 0.69486868381500244141 -1.42241883277893088611 0.38746777176856989078 1.38362848758697509766
-2.07124495506286621094 -1.32327103614807128906 -0.62308216094970703125 1.36222445964813232422 0.29133626818656921387 1.41436135768890380859 -0.31773066520690917969 -0.12545922398567199707 1.69665312767028808594 -0.15646147727966300267 0.27533051371574401855
-0.24024561047554010562 0.07624341547489159321 0.02662284113466729940 -0.37933430075645441226 0.86498856544494628906 1.49066174030303955078 1.03853082656860351562 0.39018410444259638004 -0.13391059637069699373 -0.38813281059265131168 0.36783188581466669254
-0.51755112409591674805 -1.22971129417419433594 -0.32516995072364801578 1.29255461692810058594 -0.29750880599021911621 -0.46344587206840509586 -1.46209347248077392578 -0.07135819643735880069 0.30322673916816711426 -1.19841527938842751233 0.65388560295104980469
0.91957145929336558954 1.40424132347106911389 1.66341590881347656250 0.38284760713577270508 -0.05341967940330499820 1.10316872596740722656 1.16748702526092529297 1.42290592193603515625 -0.31378233432769769840 0.89068484306335449219 -0.24319298565387720279
-0.01508954353630539980 -0.50482106208801269531 0.81547540426254272461 1.40696227550506591797 -1.02248144149780273438 0.21577937901020050049 -0.77334064245223999023 1.56422078609466552734 -0.01487784739583730004 -1.01209115982055664062 1.23559415340423583984
1.12991094589233398438 1.54989326000213623047 0.34120270609855651855 -0.68519294261932373047 1.22906816005706809314 -0.29208600521087640933 -1.27876436710357688220 -0.71701681613922119141 1.48382973670959472656 1.61785352230072021484 -0.09119548648595809937
-0.11745837330818169331 -0.81722450256347656250 0.39355987310409540347 0.55990880727767944336 0.65065902471542358398 1.02154886722564697266 -1.13468170166015625000 1.39998030662536621094 -1.55713617801666259766 1.60938334465026855469 0.86401987075805664062
1.65738284587860107422 1.67238354682922363281 2.55248951911926269531 1.41066205501556396484 -1.62394642829895019531 -1.38906908035278320312 0.05738263577222819933 1.14830040931701660156 -1.31040942668914794922 1.38561260700225830078 1.38970744609832763672
-1.37524354457855224609 -1.29981505870819091797 -1.12437748908996582031 0.95976471900939941406 -0.38525027036666870117 1.39676642417907714844 -1.29032993316650390625 0.40998017787933349609 0.25994369387626647949 -1.01747441291809082031 0.86523258686065673828
0.15452674031257629395 0.60567003488540649414 -0.87874770164489746094 -1.68456685543060302734 -0.71980744600296020508 -0.95043534040451038702 -1.02943348884582519531 -0.85685169696807861328 -0.61793088912963867188 -1.23904323577880859375 -1.26007354259490966797
-0.27773901820182800293 -0.37908425927162170410 -1.35761916637420632092 0.08488582074642180009 1.30083954334259033203 -0.07480635493993749441 -0.09999215602874750308 -0.85178405046463012695 0.87792706489562988281 0.28945901989936828613 1.91510295867919921875
0.01023347489535800063 -0.83748823404312133789 -0.35719648003578180484 -0.11913230270147319445 0.95091986656188964844 0.78375691175460815430 0.38231980800628662109 -0.13141335546970359105 -0.61113923788070678711 -0.11305341869592659687 0.86323547363281250000
1.13994169235229492188 1.34166789054870605469 0.09742559492588040437 -0.96172708272933959961 -1.44604635238647460938 -0.96036958694457996710 1.46375429630279541016 -0.54221099615097045898 0.31535127758979797363 -1.60901772975921630859 -1.01461195945739768298
-0.79630434513092041016 -1.60234355926513671875 0.13357108831405639648 0.66583478450775146484 -0.10982295870780940661 0.08310242742300029406 -0.66137349605560302734 -0.79713481664657592773 -1.28770732879638671875 1.39475846290588378906 0.03223154321312900195
-0.60333704948425292969 -0.63447237014770507812 0.69033896923065185547 1.01785659790039062500 1.50716328620910644531 -1.65645837783813476562 1.54728150367736816406 1.09800028800964355469 -1.32857704162597656250 0.29974660277366638184 1.39524209499359130859
-0.39325299859046930484 -1.28846335411071777344 -0.77738255262374877930 -0.00576563226059069976 -0.92211616039276123047 -1.55475628376007080078 -0.14869926869869229402 -0.31692534685134887695 -0.71549141407012939453 -1.50651669502258300781 0.31255525350570678711
-0.73006832599639892578 -0.26305758953094482422 -0.52752190828323364258 -1.53675425052642822266 0.30587857961654657535 0.02352291345596310007 -0.76439219713211059570 -1.44997739791870117188 1.50354909896850608142 0.72227406501770019531 0.46313357353210449219
1.87375545501708962171 1.66420507431030273438 -1.02538824081420898438 -1.56621289253234863281 -1.33323597908020019531 -1.52674388885498046875 0.89165806770324707031 0.46769416332244867496 0.70654612779617309570 -1.24563300609588623047 0.06717166304588309544
-0.15822969377040860262 -0.71654158830642700195 -0.57911342382431030273 -0.45842146873474121094 1.08714699745178222656 1.07652938365936279297 -0.01966222375631329969 -0.98623347282409679071 -0.20078347623348230533 0.52585935592651367188 1.00566947460174560547
-0.04409779235720630297 -0.81265771389007568359 -0.50262647867202758789 -0.29682153463363647461 -0.59468978643417358398 -0.33671814203262329102 -0.76812094449996948242 -0.56723362207412719727 -0.05499619990587230334 0.15252205729484549779 0.46804094314575189761
-0.64199942350387573242 -0.56479549407958984375 0.76169699430465698242 1.26059544086456298828 -0.55468833446502685547 1.31629908084869384766 -1.41631114482879638672 1.23395693302154541016 1.44259405136108398438 -0.01905634067952630128 1.11713707447052001953
-1.19500994682311989514 -1.38668096065521240234 -0.39576312899589538574 0.86639100313186645508 -0.45363205671310419254 1.20157003402709960938 1.12280082702636718750 0.47012209892272949219 1.04909801483154296875 0.75703465938568115234 0.34610176086425781250
-0.04517336562275880291 0.83431738615036010742 -0.58820110559463500977 -1.62814283370971679688 -1.43523669242858886719 0.58202928304672241211 0.01473030541092150078 0.55221939086914062500 1.45493435859680175781 -0.23802155256271359529 -1.74295485019683837891
0.58019536733627319336 0.70586371421813964844 2.04518914222717285156 0.58731251955032348633 0.61018335819244384766 -0.80320185422897338867 -0.37451845407485961914 0.33693611621856689453 -1.09149754047393798828 -0.89749765396118164062 -1.34424793720245361328
1.05292916297912597656 0.39273133873939508609 -0.98247671127319335938 -1.49088382720947287829 -0.81900805234909057617 -1.15932643413543701172 1.23690640926361083984 -0.45127871632575988770 1.08498406410217285156 -1.16226696968078591077 -1.63225221633911110608
-1.70401132106781005859 -1.29482805728912353516 -1.05115997791290283203 -0.40147829055786127261 1.55579447746276855469 -0.37838867306709289551 -0.61559766530990600586 0.35810962319374078922 -1.38348126411438010486 -0.18363767862319940738 0.15845103561878198795
0.85924702882766723633 0.98994296789169322626 2.40914225578308105469 1.56649351119995117188 0.45477384328842157535 -1.13678431510925292969 -0.10368841886520380191 1.07786917686462402344 0.90657818317413318976 -1.49728310108184792249 -0.52060133218765258789
0.09017615020275110416 -0.01677037402987480164 1.10365426540374755859 1.31850421428680419922 -0.07466126978397369385 -0.76936966180801391602 0.22493611276149749756 0.64433634281158447266 1.48385226726531982422 -1.50421404838561989514 0.53619635105133056641
-0.66910088062286376953 -0.73629969358444213867 -0.92135429382324218750 -1.53996384143829367908 0.53292578458786010742 -1.44412004947662353516 0.38164427876472467593 -1.63274550437927246094 -1.07835984230041503906 -0.79440653324127197266 0.28440132737159729004
-0.05137696489691730151 0.15472276508808130435 0.32376965880393981934 -0.03569882363080970067 -0.16797047853469848633 0.03606634214520450243 1.16247248649597167969 1.26367366313934326172 -1.31779468059539794922 -0.12440163642168039493 0.14787746965885159578
0.77448236942291259766 0.69339781999588012695 0.01193300914019339992 -0.04560935124754900150 -1.32867372035980224609 0.62726265192031860352 -1.59686219692230224609 -0.82223623991012573242 -0.50514161586761474609 1.30222439765930175781 -2.10327506065368652344
-1.09261882305145263672 -0.81899422407150268555 -0.19587443768978118896 0.36460578441619867496 -1.45883154869079589844 1.02321696281433105469 -0.06674223393201819676 0.10684011131525039673 0.25768098235130310059 0.08706178516149519486 0.06050461530685419947
-1.30903363227844238281 -0.65906524658203125000 -0.17529009282588958740 1.01279544830322287829 0.51324653625488281250 -0.45643326640129089355 0.90279632806777965204 -0.19594813883304590396 0.75456076860427856445 -1.04555130004882790296 1.12149715423583984375
1.17239415645599365234 1.59462845325469970703 0.01044671703130000025 -1.10427045822143554688 0.03422178328037259881 -0.27208605408668518066 -0.55552655458450317383 -1.11717236042022705078 1.33971214294433593750 -1.54182755947113037109 0.04803379625082009746
-1.40927004814147949219 -1.24643385410308837891 -0.27167513966560358218 1.13447082042694091797 -0.00390232703648500006 1.14683449268341064453 -1.55990958213806152344 -1.58549427986145019531 -0.28477841615676879883 0.99659073352813720703 0.53573441505432128906
-0.38201829791069030762 0.14890615642070770264 -0.02379397116601459847 0.88143324851989746094 1.04607129096984863281 -1.48172783851623535156 -0.91833013296127319336 1.12911343574523925781 -1.17844128608703591077 1.54938971996307350842 1.14531016349792480469
0.52224892377853393555 1.24937677383422829358 1.61080276966094970703 0.12742647528648370914 -0.89493453502655029297 0.16217398643493649568 1.39419281482696510999 -0.35615745186805719547 1.03547048568725608142 -0.81585484743118286133 -1.84908580780029296875
0.75275218486785888672 0.80451154708862304688 -0.05653758347034450182 -0.07994712144136420506 1.41555774211883544922 -0.15395054221153259277 0.87377494573593139648 0.48691147565841669254 -0.29973474144935607910 1.60784435272216796875 -1.78647696971893310547
-1.97325134277343727796 -1.57217800617218017578 -0.97285944223403919562 0.85236275196075439453 -0.79075247049331665039 -0.90326464176177978516 -0.49612420797348022461 1.56705856323242209704 -1.19949114322662353516 0.09004609286785120181 0.43704125285148620605
0.12947137653827658910 -0.10418290644884109497 -0.59623420238494873047 0.85142523050308227539 0.88142472505569458008 1.32215487957000710217 1.34214627742767311780 0.52195733785629272461 -0.24357892572879791260 -0.65934610366821289062 1.13830554485321044922
0.75721865892410278320 0.23486652970314020328 -0.34195184707641601562 -0.66590875387191772461 0.06615362316370010376 1.35685014724731445312 0.82842040061950683594 -0.19660784304141989964 -0.74421793222427368164 -1.48512554168701149671 -1.00596976280212402344
-1.54771864414215087891 -1.58708727359771728516 -1.06029164791107177734 0.70317816734313964844 1.05076110363006591797 -1.60669374465942382812 -0.48423612117767328433 -1.21709990501403808594 0.42433905601501459293 -1.23342466354370117188 0.39691188931465148926
-0.24679295718669891357 0.38100120425224298648 1.16837513446807861328 0.83284217119216918945 -1.40955090522766113281 -1.14630365371704101562 1.01484465599060058594 0.55102431774139404297 -0.23059037327766410130 0.07709325104951850194 0.06118299067020410015
0.89074772596359252930 0.37665155529975891113 -0.26220151782035827637 -0.41521129012107849121 0.78291881084442138672 -1.27696454524993896484 0.02007501572370520154 -1.52219533920288085938 -1.04583311080932617188 -0.64445525407791137695 -1.67117607593536376953
0.88091921806335449219 1.58241820335388183594 0.77722585201263427734 -0.06111420691013329937 0.02309699170291419981 -0.43865767121315002441 1.02103245258331298828 -1.18462514877319335938 0.31447684764862060547 1.53385627269744873047 -0.34429648518562311343
-1.32761669158935569079 -0.58943009376525878906 0.71083694696426391602 1.48852145671844482422 1.19321966171264648438 -0.94621098041534423828 -0.04717051237821569959 1.05744171142578125000 -1.14168095588684082031 -0.32943350076675409488 1.30804884433746337891
1.53978407382965087891 0.85633188486099243164 1.97901594638824485095 1.46381342411041259766 -0.89202821254730224609 0.74483853578567504883 -1.05994582176208496094 0.89348572492599487305 1.05480885505676269531 -0.00285167503170660015 -0.33480045199394220523
1.69415998458862304688 1.56469964981079101562 0.05803902819752689707 -0.82459735870361328125 -1.23297405242919921875 -0.82092225551605224609 0.21505323052406311035 1.70951819419860839844 -0.24967759847640991211 -0.47647953033447260074 0.09517491608858100194
0.49334377050399780273 1.03921103477478049548 1.54626226425170898438 0.68240064382553100586 0.99741613864898681641 0.32413789629936218262 0.13605560362339019775 1.04681551456451416016 1.01088583469390869141 1.37269902229309082031 -1.49758696556091308594
1.06041097640991210938 0.55217945575714111328 0.93126744031906116827 1.05018579959869384766 -1.69203877449035644531 0.50474452972412109375 0.71900200843811035156 -0.44971233606338500977 -0.47762188315391540527 -0.44699540734291071109 -1.72947943210601806641
-0.35351637005805969238 -0.33107623457908630371 0.29282945394515991211 0.82395350933074951172 -0.07864009588956830110 -1.57363927364349365234 1.30899977684020996094 0.93833959102630615234 1.52029788494110107422 -1.31586468219757080078 1.03309905529022216797
0.63399147987365722656 0.12180104106664650654 0.57425981760025024414 1.40468764305114768298 -1.40891194343566894531 1.28615260124206542969 0.92593002319335937500 0.84962958097457885742 0.79422277212142944336 -1.20884621143341064453 -0.47664797306060791016
0.91339087486267078742 0.61090183258056640625 0.63610225915908813477 -0.28088882565498352051 -1.71072185039520263672 1.15654063224792480469 -0.07197607308626169376 0.66101491451263427734 -1.03213775157928489001 0.36571928858757019043 -2.36513280868530273438
-1.38618695735931396484 -1.36225807666778564453 -0.92989230155944824219 0.98371714353561401367 0.76784992218017578125 0.90929311513900756836 1.54681754112243630139 0.45987933874130249023 -1.53857719898223876953 0.20142580568790430240 0.98004847764968883173
-0.27754700183868408203 -0.68501609563827514648 -1.55257546901702880859 -0.09694107621908179540 0.54678070545196533203 -1.43455588817596435547 -0.02489208243787279992 0.71667784452438354492 0.84356558322906494141 -0.61932003498077392578 1.51031863689422607422
-0.00922652892768380077 -0.81601268053054809570 0.06990735232830040669 1.50693273544311523438 -0.57947129011154174805 -0.27781614661216730289 0.12363900244235989656 -0.13800153136253351382 1.02078962326049804688 -1.68763887882232688220 1.20216953754425048828
-0.24717882275581359863 -0.51166355609893798828 0.08640193939208980212 0.37766715884208679199 0.83470195531845092773 -1.11598742008209250720 -1.02670824527740478516 1.62883591651916503906 0.84073483943939208984 0.22698135673999780826 1.12358283996582031250
-1.09475207328796408923 -0.57194191217422485352 -0.21965886652469629459 0.32855063676834100894 0.95255851745605479852 -0.91369885206222523077 -0.05243728682398789837 -1.20578253269195556641 -1.32135832309722900391 -0.74724620580673217773 0.85302776098251342773
0.64283454418182373047 0.58752256631851196289 1.34781634807586669922 1.18820965290069580078 0.31436595320701599121 0.83779996633529663086 -0.29740560054779052734 -0.35954290628433227539 1.70942926406860351562 1.25179851055145263672 -1.11377620697021484375
0.21325287222862240877 -0.36464068293571472168 -0.25899228453636169434 -0.50917613506317138672 0.22412069141864771060 0.90812325477600097656 0.32795900106430048160 0.99307960271835316046 -1.31096649169921875000 -1.16374468803405761719 0.77045589685440063477
1.10087192058563232422 1.26468694210052490234 0.48173400759696960449 -0.77973002195358276367 0.81995898485183715820 0.60004252195358276367 -1.16963505744934082031 1.13993084430694580078 -0.53618919849395751953 1.34234583377838112561 -0.69677561521530151367
-1.21351587772369384766 -0.39791685342788690738 -0.59732300043106079102 -0.07930959016084669633 0.28098002076148981265 1.50215005874633789062 -0.10006467998027800126 -0.04174650460481640207 -0.13799047470092770662 1.60258829593658447266 1.04987382888793967517
-0.95384478569030761719 -1.42800915241241455078 -1.28904724121093750000 0.86603981256484985352 -1.37178444862365722656 1.57978820800781250000 -0.12318374961614600438 1.06977713108062744141 1.76357650756835937500 -1.11423635482788085938 0.75440883636474609375
0.90490674972534179688 0.14978390932083129883 1.52737748622894287109 1.32729184627532958984 0.11409588903188699893 0.88537347316741943359 0.37617617845535278320 0.75302147865295410156 1.17274916172027610095 -0.60889643430709838867 -0.74973845481872558594
0.86755841970443725586 1.03719282150268554688 -0.00888715498149389958 -0.96481734514236439093 0.60969096422195434570 0.23001055419445029515 -1.48083686828613281250 1.43963789939880371094 -1.30544221401214599609 -1.00335204601287841797 -1.65340566635131835938
-0.66950267553329467773 -1.64639127254486083984 -0.45736363530158991031 0.04560409113764760103 -1.35018944740295410156 0.50296157598495483398 1.06075167655944824219 1.27216684818267822266 0.84998691082000732422 1.07422339916229248047 -0.32244664430618280582
-0.85823023319244384766 -0.72578525543212890625 -0.09337537735700600361 -0.49140459299087518863 1.19673514366149902344 -0.27736127376556390933 -0.83743464946746826172 -0.14435081183910369873 -0.05053934082388870236 1.04064214229583740234 0.63812768459320068359
-0.53905481100082397461 -0.11318819969892500443 -0.82451742887496948242 -1.13193583488464355469 1.31688725948333740234 -0.29775068163871759586 1.46712613105773925781 0.17531593143939969148 -0.40198919177055358887 1.02269709110260009766 1.27069902420043967517
-1.26481533050537109375 -1.60782206058502197266 -0.96932905912399280890 1.43403279781341552734 -1.23573851585388183594 -0.96717637777328480109 0.96394735574722278937 1.60095381736755371094 -1.55947864055633544922 -0.14431412518024439029 0.20735837519168850984
0.70048326253890991211 0.97584414482116699219 1.31622791290283203125 0.49201726913452148438 -1.69604051113128662109 0.24788470566272730045 -1.67257189750671408923 -0.00800840184092519933 0.32420220971107477359 0.61902195215225219727 -1.89330995082855202405
-0.55642533302307128906 -1.47531199455261230469 -0.71095937490463256836 1.27954685688018798828 0.01932534389197820140 -0.06047833338379859924 -0.74399948120117187500 0.92607778310775756836 0.75492268800735473633 0.78659182786941528320 0.55523884296417236328
-0.33632433414459228516 0.60828632116317749023 -0.49734178185462951660 -1.47590494155883789062 1.10289144515991210938 -0.73283600807189941406 -0.69411003589630126953 0.38723468780517578125 -0.08388602733612060547 1.47628402709960937500 -0.36355593800544738770
1.49965584278106689453 1.54461121559143088611 -1.53509509563446044922 -1.69531917572021484375 1.02348113059997558594 -0.51146751642227172852 -1.17529273033142089844 -0.58776193857192993164 1.38580799102783203125 -0.10938390344381329622 1.28094005584716796875
1.42798840999603271484 1.50177860260009765625 0.88078927993774414062 0.19890303909778589420 1.21967267990112304688 -0.94840675592422485352 -1.43509650230407714844 -0.19004136323928830232 0.75417828559875488281 0.21456496417522430420 0.93717879056930541992
-1.89115965366363569800 -1.39244568347930908203 -0.03393034264445300013 1.07429766654968261719 -1.66037380695343017578 0.66562169790267944336 -0.77318751811981201172 1.73440408706665039062 -0.41445204615592950992 0.09220781922340390291 -0.04972867667675009984
-0.02231007255613800047 -0.27085015177726740054 -0.24870386719703668765 -0.13435876369476310033 -1.66037178039550781250 1.61050295829772949219 -0.58941745758056640625 0.24763002991676330566 -0.20904658734798428621 -0.67518919706344604492 0.19133670628070831299
0.27336981892585748843 0.87139052152633666992 1.01129817962646484375 -0.33030551671981811523 -1.43520164489746093750 1.37496626377105712891 1.03972601890563964844 1.14224445819854736328 -1.33936715126037597656 -1.49878668785095192639 -1.90093755722045898438
-1.36636710166931152344 -1.05786788463592529297 -1.47661805152893088611 -1.00947725772857688220 0.96894079446792602539 1.48618507385253906250 0.55626809597015380859 0.32303839921951288394 1.17663943767547607422 0.80933892726898193359 0.53980648517608642578
-0.18263030052185050267 0.38350600004196161441 -1.15403187274932861328 -1.35986459255218505859 -0.25613528490066528320 1.10347807407379150391 0.08856861293315880512 1.25261902809143088611 -0.35021832585334777832 -0.50571024417877197266 0.05796076729893680224
0.88892686367034912109 0.95922362804412841797 1.66631436347961447986 1.15005135536193847656 -1.71551406383514404297 0.46569141745567321777 0.83653104305267333984 0.63476014137268066406 0.02609341964125630117 -1.33161044120788552014 -1.57325148582458496094
0.38197854161262512207 0.28000894188880920410 1.42885315418243408203 1.48273265361785888672 0.23676551878452301025 1.65022683143615722656 1.11369180679321289062 -1.59261798858642578125 1.08375179767608642578 -1.04435813426971435547 -0.16748030483722681216
-2.35240602493286132812 -1.73338806629180908203 -0.96484923362731922492 0.26591184735298151187 0.17596930265426630191 1.32345759868621848376 -0.42559790611267089844 -1.06652963161468505859 0.67219936847686767578 -0.07148271799087520251 0.22594164311885830965
0.11349143087863919344 0.72834056615829467773 1.68531882762908935547 1.39382290840148925781 -1.12222146987915039062 0.87029272317886352539 -1.65227007865905761719 -0.39961138367652887515 0.04513669013977050087 -0.39164081215858459473 -0.71103817224502563477
0.49840176105499267578 1.27714097499847389905 2.81638550758361816406 1.36985325813293457031 -0.09205705672502509374 0.88882619142532348633 -0.81450146436691284180 -0.21634501218795770816 -0.24583683907985678929 0.45525732636451721191 -0.83043438196182250977
-2.08433437347412109375 -1.46492505073547363281 -0.91101199388504039423 1.33266425132751464844 -0.19238084554672241211 -0.17314814031124109439 1.08823585510253906250 1.68329536914825439453 0.37182343006134027652 0.18660457432270050049 0.42964014410972589664
2.30313491821289018091 1.66570472717285156250 0.93804609775543201788 0.15687218308448788728 -0.28060331940650939941 0.46463128924369812012 -0.33663699030876159668 1.39088630676269509046 -1.26068794727325439453 1.06311237812042236328 -0.87497204542160034180
-1.00157272815704367908 -0.64554411172866821289 -0.29119679331779479980 -0.16822585463523859195 -0.10648181289434430208 1.64548766613006591797 1.11099481582641601562 1.38779175281524658203 -0.27644637227058410645 -0.21814495325088500977 0.53102445602416992188
-0.85279232263565063477 -1.04986619949340820312 -0.59533983469009399414 0.66456836462020874023 0.40768626332283020020 -0.95126497745513916016 1.29884302616119384766 0.01343588903546330017 -1.30562150478363037109 1.43254625797271728516 0.88302141427993774414
-0.05066657066345209987 0.69132781028747558594 1.36371564865112304688 0.90217393636703480109 -1.42260885238647460938 -0.41520091891288757324 -1.02360200881958007812 0.36315232515335077457 1.32013845443725608142 -0.03323634341359130162 -0.83415561914443969727
-0.69598919153213500977 -1.42879271507263183594 -1.24986052513122558594 0.30685681104660028629 -0.75004345178604125977 0.21380321681499481201 1.31733381748199462891 -1.66464567184448242188 -0.01311016920953980008 -1.44608664512634277344 0.44919750094413757324
-0.79579085111618041992 0.09362005442380899600 0.43175646662712091617 0.78867888450622558594 0.28933036327362060547 1.65296506881713889392 -1.29524183273315429688 -0.14900414645671838931 -0.65908008813858032227 0.66235458850860595703 0.96133691072464000360
0.85148149728775024414 0.59087181091308593750 0.09216180443763730135 -0.44744792580604547672 1.09613442420959472656 -0.94796681404113758429 0.73518514633178710938 1.73883521556854248047 -1.05443286895751953125 -0.97540885210037242548 -1.62849724292755126953
0.46259900927543640137 0.57773494720458984375 -0.08646401762962339921 -1.70954561233520507812 0.85811156034469604492 -0.08783125132322310014 -0.49478474259376520328 -1.67528295516967751233 1.12024605274200439453 -1.15667748451232910156 -1.82213401794433593750
-1.74055528640747070312 -1.69937455654144287109 -1.27189815044403076172 -1.41225266456604003906 -1.13014674186706542969 -1.36845827102661110608 1.42968809604644775391 -1.36560595035552978516 -1.21105384826660156250 1.43851053714752197266 -0.40591448545455932617
-0.43144363164901727847 0.06853325664997099442 -0.14243152737617489900 0.01462419982999559921 0.82238906621932983398 -0.61462402343750000000 -1.50554239749908447266 1.72007799148559570312 -1.51612210273742675781 -1.34365820884704589844 0.80896234512329101562
1.38276386260986328125 1.19192564487457275391 -1.34975087642669677734 -1.76910674571990966797 -0.21574504673480979222 0.50819343328475952148 -0.45727914571762079410 1.26336658000946044922 0.70039010047912597656 0.25456082820892328433 0.03146812692284579882
-1.12131524085998535156 -1.52298545837402343750 -0.65017169713973999023 1.28709816932678222656 0.67315417528152465820 -1.63580203056335449219 -0.34340456128120422363 0.52916377782821655273 -1.23752188682556152344 -0.77101331949234008789 0.77580147981643676758
1.72319662570953369141 1.10879516601562500000 1.14189219474792480469 0.42622551321983337402 1.15875661373138449939 -0.71159762144088745117 0.02914024330675599878 0.31905201077461242676 -1.38010978698730490954 1.37444174289703369141 0.51622301340103149414
-0.36715847253799438477 0.10752277076244350085 -0.95030015707016002313 -1.60318028926849365234 0.46222031116485590152 0.80527031421661376953 0.46983414888381958008 -0.98587745428085316046 -1.39789724349975608142 1.13460457324981689453 0.24550542235374450684
-0.11195395886898039384 -0.16185110807418820467 -0.63129335641860961914 -0.46655687689781188965 -0.75262039899826049805 -0.05246122926473609921 0.74688726663589477539 0.32347923517227167300 -0.08444252610206599841 0.20878501236438751221 0.38277226686477661133
1.04254186153411887439 1.55491745471954367908 -0.02795639261603349857 -0.45072457194328308105 1.53333318233489990234 -0.68030911684036254883 0.91243666410446155890 -0.12563958764076230135 -1.35740530490875244141 0.77721822261810302734 0.35561382770538330078
-1.12071585655212402344 -0.64796429872512817383 0.00687909359112380027 0.95053768157958984375 -1.30303835868835449219 0.51754260063171386719 -0.35895141959190368652 -0.33029255270957941226 -1.28022110462188720703 0.20658873021602630615 0.60370850563049316406
-0.05458714812993999826 -0.50201839208602905273 0.26171144843101501465 0.71505212783813476562 0.17932125926017761230 0.84466105699539184570 -1.12033128738403320312 1.42149662971496582031 -1.56578052043914794922 -1.46439254283905029297 1.07375073432922363281
-0.39882043004035949707 -0.22139059007167810611 -0.36464703083038330078 1.21288430690765380859 -0.14928182959556579590 0.53636199235916137695 1.11557149887084960938 1.49745547771453857422 -0.56907463073730468750 1.42469561100006103516 1.39653396606445312500
0.65424799919128417969 0.05763144791126249833 -0.64744299650192260742 -1.17615044116973876953 1.53520882129669189453 -1.66277849674224831311 -1.39655327796936035156 1.59728300571441650391 1.55160284042358398438 1.32824218273162841797 -0.47057110071182250977
1.33666265010833740234 0.73620605468750000000 1.20515072345733642578 0.84793639183044433594 0.82307136058807373047 0.48607477545738220215 -1.54545402526855490954 1.07638430595397949219 -0.59023815393447875977 -1.45435249805450439453 -0.93443655967712402344
1.89014375209808349609 1.58083164691925048828 0.04092935100197789972 -0.62895542383193969727 1.54671394824981689453 -1.46514821052551269531 -1.16899561882019042969 -0.99897468090057361945 -0.68141335248947143555 0.59649384021759033203 0.66218650341033935547
1.84666621685028076172 1.65951466560363769531 0.61626708507537841797 -0.40970718860626220703 0.93368881940841674805 1.55439209938049316406 -0.41942158341407770328 -1.38958394527435302734 0.25648391246795648746 -1.40645015239715576172 0.27345168590545648746
-0.33327454328536987305 0.05393486097455019862 -1.29511368274688720703 -1.30553352832794189453 -1.00400865077972389905 -1.39072465896606445312 -0.66709941625595092773 1.19203877449035644531 0.50886291265487670898 -1.17753577232360839844 0.64459317922592163086
1.60294795036315917969 1.09142875671386718750 -0.79191654920578002930 -1.63512277603149391858 1.56568372249603271484 -1.26412117481231689453 0.38089209794998168945 1.62490844726562500000 0.57281792163848876953 -0.41088733077049249820 0.42394873499870300293
-1.65895831584930419922 -1.71273958683013916016 -0.16251787543296811189 1.42721354961395263672 0.29943919181823730469 -0.43043339252471918277 -1.65981566905975341797 -1.60711908340454101562 1.53720748424530029297 0.42375767230987548828 0.29850924015045160465
0.92693060636520396844 0.40893721580505371094 0.29607933759689331055 0.46421179175376892090 -0.09986979514360419530 0.25373169779777521304 1.51028585433959960938 1.33854973316192649158 -1.43319821357727050781 0.39507588744163507632 -1.51494705677032470703
1.00040864944458007812 0.72362995147705078125 -0.02355296909809110120 -0.03487678244709960240 -0.07438848167657849397 -1.24353265762329101562 0.60126250982284545898 -1.67822170257568359375 -1.16624712944030761719 -0.42405411601066589355 -1.91004920005798362048
-0.80316239595413208008 -0.65669566392898559570 -0.09694678336381909456 1.00987529754638671875 0.12025409936904900288 -0.16215801239013669099 0.78424698114395141602 -1.02523374557495117188 -0.59809654951095581055 -0.60362970829010009766 1.00928771495819091797
1.56431174278259277344 1.25047814846038818359 2.01689100265502929688 0.73680937290191650391 -0.04701589792966839876 -0.72680228948593139648 -0.94615101814270019531 -0.48137092590332031250 0.80681133270263671875 0.15588481724262229222 0.90785437822341918945
0.82172828912734985352 0.35101655125617980957 -0.69540089368820190430 -1.19544196128845192639 -1.57329821586608886719 1.49117445945739768298 -0.33538705110549921207 -1.33207464218139648438 -1.06994521617889404297 -0.77688324451446533203 -1.93300032615661598889
1.58036661148071289062 1.67880022525787353516 3.08296918869018510279 1.50210595130920410156 -1.26371228694915749280 -0.58225184679031372070 0.40909057855606079102 -1.13671255111694335938 -1.25238966941833496094 1.01582336425781250000 1.73285961151123046875
-1.08552968502044677734 -1.14910578727722167969 -0.18240974843502039127 -0.49006530642509460449 0.86256492137908935547 -0.56382340192794799805 -1.04087519645690917969 -0.19098328053951260652 0.27658754587173461914 -1.43750834465026855469 0.07501827925443639578
-0.10202497988939279727 0.27269420027732849121 0.00619602808728809962 -0.23369316756725311279 -1.24378705024719238281 1.44268441200256369861 -0.70116436481475830078 -0.98231774568557739258 -0.71942615509033203125 -0.01639056205749509984 -0.28050354123115539551
-1.23366451263427712171 -0.91335916519165039062 -0.54286599159240722656 0.65506005287170410156 1.17085194587707519531 -0.26692879199981689453 -0.64591866731643676758 1.30919933319091796875 0.46062910556793207340 1.12059926986694335938 0.73413258790969848633
0.45779198408126831055 0.02430295012891290143 1.38645052909851074219 1.49113285541534423828 1.03347504138946510999 -0.37171393632888788394 -0.85062229633331298828 -1.08509778976440429688 -0.39966589212417602539 0.35428908467292780093 0.41155263781547540836
-1.88648080825805686267 -1.57290315628051757812 -1.22478985786438010486 0.09016912430524820499 1.49823284149169921875 0.33279362320899957828 0.77912914752960205078 -0.89977127313613891602 -0.67951691150665283203 -0.07873840630054469714 0.71601611375808715820
-0.97237890958785999640 -0.39867156744003290347 -0.77953112125396728516 -0.85165750980377197266 -1.57853507995605490954 -1.55326187610626220703 -0.04523890092968940041 1.67260682582855224609 1.20851194858551047595 -1.26383078098297119141 0.40924093127250671387
-0.83360892534255981445 -1.12505877017974831311 -0.65119975805282592773 1.54876995086669921875 0.58659511804580688477 -0.33109974861145019531 -0.67930477857589721680 -0.17058789730072018709 -0.77089732885360717773 -0.44300007820129388980 0.99939125776290882452
1.05296003818511962891 1.40423834323883056641 2.16096210479736372534 1.22395098209381103516 -0.25250795483589172363 0.35584872961044311523 -0.82814341783523559570 1.02600061893463112561 0.10993617027997970581 -0.17382539808750149812 0.08489075303077689427
-0.54633736610412597656 0.18165242671966549959 -0.31582093238830560855 -0.07958573848009109497 -1.17035782337188720703 -1.04554629325866699219 -0.96747130155563354492 0.36992093920707702637 0.96513676643371582031 -0.98046475648880004883 0.55170077085494995117
0.40199315547943109683 0.28138965368270868472 -1.34931945800781250000 -1.81053197383880637439 -1.30159115791320800781 0.93836390972137440070 1.44936525821685791016 -1.31402492523193359375 -0.63288420438766479492 -0.44212210178375238590 -0.81257861852645874023
0.33561155200004577637 -0.28763127326965332031 -0.88547688722610473633 -1.78264749050140380859 1.51681017875671408923 -1.62341308593750000000 1.19595980644226074219 0.40236431360244750977 -0.78019666671752929688 -0.19412526488304129857 0.71015971899032592773
0.25889518857002258301 1.00459420680999755859 -0.39851236343383789062 -0.67861413955688476562 -0.30193397402763361148 -1.01894104480743408203 0.32914009690284729004 -1.22970283031463623047 -0.50699257850646972656 -0.92154639959335316046 -1.90953254699707031250
0.78695029020309448242 0.42894819378852838687 -0.79538512229919433594 -1.16638493537902832031 -1.26091957092285156250 0.00721739279106249979 -1.49262547492980957031 0.22959217429161069002 1.64161539077758789062 0.55121779441833496094 -1.63579440116882324219
1.37188339233398437500 1.29593634605407714844 -1.43307995796203591077 -1.82220554351806640625 -1.30946874618530273438 -0.69572126865386962891 1.52778124809265136719 -1.26712048053741455078 0.85452830791473388672 -1.44045794010162353516 -0.01959839649498459901
-0.26294201612472528629 0.40111881494522089175 -0.93759471178054798468 -0.70054394006729125977 1.52729082107543967517 -0.55434727668762207031 -1.54042041301727294922 -1.31842410564422607422 -1.47660589218139648438 -1.31192266941070556641 0.49395081400871271304
1.51721405982971191406 1.54556989669799804688 -0.99083840847015380859 -1.60469973087310791016 -1.15339863300323486328 0.34408906102180480957 -1.02743566036224365234 -0.12128760665655130557 1.26458323001861550061 1.15282809734344482422 0.52173221111297607422
-0.40457022190093988590 -0.13419702649116510562 0.30860042572021478824 0.64982765913009643555 -1.10450744628906250000 0.65347307920455932617 1.15575933456420898438 -0.25078794360160827637 0.23665201663970938939 1.13820075988769509046 0.82327800989151000977
2.05147480964660644531 1.48187959194183349609 3.13982796669006347656 1.50695407390594482422 -0.90908527374267578125 -0.60779953002929687500 0.42596742510795587711 -0.05381347984075540020 -0.89924550056457519531 0.65164971351623535156 1.65892350673675537109
-1.61984992027282714844 -1.13121449947357177734 -0.78433799743652343750 -0.53774327039718627930 1.57722878456115722656 -0.19937813282012939453 -0.61688667535781860352 -0.21530374884605399388 -0.19447837769985198975 0.58810269832611083984 0.57480210065841674805
0.35233250260353088379 -0.46985822916030878238 0.48598870635032648257 1.23662590980529807361 -1.18994307518005371094 -0.31633836030960077457 -1.58503007888793967517 -0.03199733421206470141 0.97352260351181041376 1.04661309719085693359 0.78740000724792480469
0.95300143957138061523 1.19553184509277343750 0.35252049565315241031 -1.44864141941070556641 -0.30061018466949457340 -1.09736418724060058594 -1.42880165576934792249 -0.61305272579193115234 -0.69978505373001098633 -1.49367475509643554688 -1.92884874343872070312
-0.78558892011642456055 -0.30496963858604431152 -1.13643383979797363281 -1.64829325675964355469 0.83132785558700561523 1.26930010318756103516 -1.27145540714263916016 -0.69113683700561523438 -0.27647948265075678043 -0.40124949812889099121 0.74999368190765380859
0.05472409352660170118 -0.63188123703002929688 0.15103782713413230199 1.29431807994842529297 0.02997692488133900032 1.58407378196716308594 0.52729243040084838867 1.60873675346374511719 -1.53027164936065673828 1.26617836952209472656 1.41335105895996093750
-0.88140875101089477539 -1.71387195587158203125 -1.01611840724945090564 0.73224294185638427734 0.63001030683517456055 0.21600033342838279027 0.58320164680480957031 -1.32941305637359619141 0.15015937387943259496 1.34554481506347656250 0.38691946864128107242
-0.62343281507492065430 -1.28322291374206542969 -0.44582754373550409488 -0.45214563608169550113 1.07222485542297363281 -1.19792973995208740234 1.68550384044647216797 -0.34768313169479370117 -1.30515766143798850329 0.06972751766443249788 0.42796349525451660156
0.58858817815780639648 1.08202719688415527344 0.74430567026138305664 0.14349479973316189851 -0.58870232105255126953 -0.77240258455276489258 -0.71395748853683471680 -0.57397395372390747070 -0.79768061637878417969 1.61375498771667480469 -1.96952652931213356702
0.06501971185207360004 0.43688029050827020816 1.05726730823516845703 0.99989521503448475226 -0.59993630647659301758 -0.73763132095336914062 -0.07660318166017529573 0.12157282233238220215 0.10971350967884059557 0.91292017698287963867 0.06559426337480539493
1.82939291000366210938 1.40368902683258056641 0.57673114538192749023 -0.39995959401130670718 -1.50479626655578591077 1.54178857803344726562 -1.00362408161163330078 0.72398310899734497070 1.08869218826293967517 1.65682995319366455078 0.24711064994335169009
-0.75704246759414672852 -0.65163141489028930664 -0.20020261406898490208 0.28886535763740539551 -0.41585567593574518375 -1.11792922019958496094 -1.33182561397552490234 -0.89136129617691040039 1.35148513317108154297 -1.26394164562225341797 0.75279307365417480469
0.68199867010116577148 1.16112768650054909436 -0.20462955534458160400 -0.95056772232055664062 -0.56496900320053100586 1.11766397953033447266 -0.38047486543655389957 -0.04631510004401200031 1.76537728309631369861 -0.09483097493648519338 -1.71249079704284690173
-0.25680351257324218750 0.05389396846294400301 -0.82953578233718872070 -1.12310421466827392578 0.29402711987495422363 -1.44316148757934570312 -0.12321239709854120425 -1.38038241863250710217 0.98494911193847656250 0.71091705560684204102 0.70338827371597290039
0.70063513517379760742 0.44160228967666620425 1.49409794807434082031 1.36027884483337402344 -1.31355893611907958984 -0.57001966238021850586 -1.14149057865142822266 -0.19915126264095300845 0.72627955675125122070 -1.35863804817199707031 -1.20206272602081298828
0.32182040810585021973 0.71657490730285644531 0.37240800261497497559 -0.32520273327827448062 1.50735831260681152344 -0.29859930276870727539 1.41257143020629882812 -1.43305039405822753906 0.14653274416923520174 -0.54795557260513305664 -1.09632849693298339844
