19.00000000000000000000 10.50000000000000000000 42.00000000000000000000 55.90000152587890625000 94.09999847412109375000 6.59999990463256835938 0.89999997615814208984 10332.00000000000000000000
16.00000000000000000000 12.19999980926513671875 46.00000000000000000000 48.00000000000000000000 62.29999923706054687500 3.40000009536743208471 0.60000002384185791016 8212.00000000000000000000
23.00000000000000000000 18.50000000000000000000 22.00000000000000000000 78.30000305175781250000 74.19999694824218750000 1.79999995231628417969 1.89999997615814208984 8014.00000000000000000000
30.00000000000000000000 2.50000000000000000000 22.00000000000000000000 63.79999923706054687500 1.60000002384185791016 10.69999980926513671875 0.00000000000000000000 12405.00000000000000000000
49.00000000000000000000 10.69999980926513671875 43.00000000000000000000 67.50000000000000000000 66.09999847412109375000 3.09999990463256835938 0.40000000596046447754 10908.00000000000000000000
17.00000000000000000000 10.80000019073486328125 34.00000000000000000000 58.00000000000000000000 36.40000152587890625000 7.80000019073486328125 0.89999997615814208984 11156.00000000000000000000
36.00000000000000000000 28.60000038146972656250 27.00000000000000000000 78.09999847412109375000 48.79999923706054687500 4.00000000000000000000 1.39999997615814208984 9742.00000000000000000000
52.00000000000000000000 3.40000009536743208471 17.00000000000000000000 2.00000000000000000000 1.39999997615814208984 12.89999961853027166114 0.00000000000000000000 13842.00000000000000000000
29.00000000000000000000 5.00000000000000000000 32.00000000000000000000 61.79999923706054687500 1.50000000000000000000 11.60000038146972833886 0.00000000000000000000 11876.00000000000000000000
37.00000000000000000000 11.30000019073486328125 34.00000000000000000000 73.40000152587890625000 90.59999847412109375000 1.89999997615814208984 0.80000001192092895508 7388.00000000000000000000
10.00000000000000000000 34.09999847412109375000 68.00000000000000000000 52.59999847412108664457 54.00000000000000000000 4.00000000000000000000 0.30000001192092889957 8231.00000000000000000000
8.00000000000000000000 23.29999923706054687500 29.00000000000000000000 79.00000000000000000000 55.50000000000000000000 2.09999990463256835938 1.50000000000000000000 8177.00000000000000000000
22.00000000000000000000 29.10000038146972656250 34.00000000000000000000 82.69999694824218750000 43.09999847412108664457 1.29999995231628417969 1.89999997615814208984 7995.00000000000000000000
13.00000000000000000000 10.50000000000000000000 36.00000000000000000000 73.50000000000000000000 19.60000038146972656250 4.80000019073486328125 1.20000004768371582031 9948.00000000000000000000
27.00000000000000000000 7.00000000000000000000 3.00000000000000000000 11.39999961853027166114 47.40000152587890625000 7.69999980926513671875 0.20000000298023221101 10080.00000000000000000000
20.00000000000000000000 11.89999961853027166114 46.00000000000000000000 57.00000000000000000000 71.19999694824218750000 4.80000019073486328125 0.89999997615814208984 11040.00000000000000000000
14.00000000000000000000 8.60000038146972656250 53.00000000000000000000 81.40000152587890625000 24.50000000000000000000 5.90000009536743164062 0.69999998807907104492 9730.00000000000000000000
45.00000000000000000000 4.90000009536743164062 27.00000000000000000000 46.59999847412108664457 3.09999990463256835938 10.89999961853027166114 0.00000000000000000000 13731.00000000000000000000
24.00000000000000000000 18.39999961853027699021 32.00000000000000000000 72.90000152587890625000 94.40000152587890625000 1.20000004768371582031 1.79999995231628417969 7342.00000000000000000000
34.00000000000000000000 3.00000000000000000000 17.00000000000000000000 51.20000076293945312500 1.50000000000000000000 13.80000019073486328125 0.00000000000000000000 12198.00000000000000000000
35.00000000000000000000 2.20000004768371582031 9.00000000000000000000 44.40000152587890625000 1.00000000000000000000 11.50000000000000000000 0.00000000000000000000 12765.00000000000000000000
43.00000000000000000000 10.39999961853027166114 25.00000000000000000000 40.79999923706054687500 42.50000000000000000000 10.19999980926513671875 0.50000000000000000000 12960.00000000000000000000
15.00000000000000000000 9.00000000000000000000 39.00000000000000000000 75.40000152587890625000 73.50000000000000000000 2.70000004768371582031 0.40000000596046447754 8564.00000000000000000000
21.00000000000000000000 17.39999961853027343750 32.00000000000000000000 68.59999847412109375000 98.90000152587890625000 1.70000004768371582031 2.20000004768371582031 7520.00000000000000000000
33.00000000000000000000 7.09999990463256835938 23.00000000000000000000 49.20000076293945312500 34.00000000000000000000 11.60000038146972833886 0.30000001192092889957 11428.00000000000000000000
28.00000000000000000000 15.60000038146972833886 28.00000000000000000000 57.79999923706054687500 35.09999847412109375000 7.50000000000000000000 1.00000000000000000000 11260.00000000000000000000
32.00000000000000000000 5.59999990463256835938 23.00000000000000000000 71.50000000000000000000 4.40000009536743164062 8.00000000000000000000 0.30000001192092889957 11230.00000000000000000000
41.00000000000000000000 5.40000009536743164062 27.00000000000000000000 85.09999847412109375000 1.79999995231628417969 8.89999961853027343750 0.00000000000000000000 11600.00000000000000000000
53.00000000000000000000 21.60000038146972656250 31.00000000000000000000 65.00000000000000000000 99.69999694824220171085 0.50000000000000000000 0.89999997615814208984 5583.00000000000000000000
56.00000000000000000000 2.00000000000000000000 11.00000000000000000000 7.69999980926513671875 1.70000004768371582031 10.89999961853027166114 0.00000000000000000000 13686.00000000000000000000
38.00000000000000000000 3.59999990463256835938 15.00000000000000000000 20.79999923706054687500 10.69999980926513671875 9.10000038146972833886 0.00000000000000000000 12102.00000000000000000000
44.00000000000000000000 16.50000000000000000000 40.00000000000000000000 72.69999694824218750000 59.79999923706054687500 2.70000004768371582031 0.80000001192092895508 9784.00000000000000000000
31.00000000000000000000 2.20000004768371582031 14.00000000000000000000 40.20000076293945312500 1.10000002384185791016 14.30000019073486328125 0.00000000000000000000 13722.00000000000000000000
9.00000000000000000000 21.79999923706054687500 4.00000000000000000000 73.09999847412109375000 46.20000076293945312500 2.59999990463256835938 1.29999995231628417969 8330.00000000000000000000
25.00000000000000000000 6.90000009536743164062 18.00000000000000000000 78.50000000000000000000 7.09999990463256835938 6.90000009536743164062 0.00000000000000000000 11104.00000000000000000000
