10.00000000000000000000 40.00000000000000000000 -37.00000000000000000000
-30.00000000000000000000 45.00000000000000000000 -103.00000000000000000000
40.00000000000000000000 50.00000000000000000000 8.00000000000000000000
-60.00000000000000000000 10.00000000000000000000 -93.00000000000000000000
-50.00000000000000000000 35.00000000000000000000 -130.00000000000000000000
10.00000000000000000000 25.00000000000000000000 -28.00000000000000000000
-60.00000000000000000000 15.00000000000000000000 -112.00000000000000000000
30.00000000000000000000 45.00000000000000000000 -8.00000000000000000000
20.00000000000000000000 40.00000000000000000000 -21.00000000000000000000
-50.00000000000000000000 30.00000000000000000000 -124.00000000000000000000
20.00000000000000000000 10.00000000000000000000 5.00000000000000000000
-60.00000000000000000000 45.00000000000000000000 -143.00000000000000000000
30.00000000000000000000 30.00000000000000000000 -5.00000000000000000000
-40.00000000000000000000 40.00000000000000000000 -117.00000000000000000000
-20.00000000000000000000 25.00000000000000000000 -72.00000000000000000000
-30.00000000000000000000 35.00000000000000000000 -96.00000000000000000000
-20.00000000000000000000 5.00000000000000000000 -25.00000000000000000000
-20.00000000000000000000 45.00000000000000000000 -86.00000000000000000000
0.00000000000000000000 35.00000000000000000000 -48.00000000000000000000
40.00000000000000000000 35.00000000000000000000 11.00000000000000000000
-60.00000000000000000000 5.00000000000000000000 -66.00000000000000000000
-40.00000000000000000000 45.00000000000000000000 -120.00000000000000000000
20.00000000000000000000 5.00000000000000000000 17.00000000000000000000
-40.00000000000000000000 30.00000000000000000000 -109.00000000000000000000
50.00000000000000000000 40.00000000000000000000 26.00000000000000000000
-30.00000000000000000000 25.00000000000000000000 -88.00000000000000000000
-40.00000000000000000000 25.00000000000000000000 -105.00000000000000000000
20.00000000000000000000 30.00000000000000000000 -18.00000000000000000000
-10.00000000000000000000 45.00000000000000000000 -70.00000000000000000000
30.00000000000000000000 5.00000000000000000000 27.00000000000000000000
-50.00000000000000000000 20.00000000000000000000 -108.00000000000000000000
-30.00000000000000000000 30.00000000000000000000 -92.00000000000000000000
0.00000000000000000000 5.00000000000000000000 -5.00000000000000000000
30.00000000000000000000 40.00000000000000000000 -7.00000000000000000000
50.00000000000000000000 5.00000000000000000000 48.00000000000000000000
-50.00000000000000000000 10.00000000000000000000 -80.00000000000000000000
50.00000000000000000000 10.00000000000000000000 40.00000000000000000000
-50.00000000000000000000 5.00000000000000000000 -56.00000000000000000000
0.00000000000000000000 25.00000000000000000000 -38.00000000000000000000
40.00000000000000000000 20.00000000000000000000 18.00000000000000000000
20.00000000000000000000 25.00000000000000000000 -15.00000000000000000000
50.00000000000000000000 25.00000000000000000000 30.00000000000000000000
40.00000000000000000000 40.00000000000000000000 10.00000000000000000000
0.00000000000000000000 10.00000000000000000000 -20.00000000000000000000
50.00000000000000000000 45.00000000000000000000 25.00000000000000000000
40.00000000000000000000 5.00000000000000000000 36.00000000000000000000
40.00000000000000000000 45.00000000000000000000 9.00000000000000000000
-40.00000000000000000000 35.00000000000000000000 -113.00000000000000000000
-20.00000000000000000000 50.00000000000000000000 -88.00000000000000000000
-60.00000000000000000000 35.00000000000000000000 -137.00000000000000000000
20.00000000000000000000 50.00000000000000000000 -23.00000000000000000000
-40.00000000000000000000 50.00000000000000000000 -123.00000000000000000000
-10.00000000000000000000 10.00000000000000000000 -30.00000000000000000000
10.00000000000000000000 30.00000000000000000000 -33.00000000000000000000
-50.00000000000000000000 45.00000000000000000000 -139.00000000000000000000
-40.00000000000000000000 15.00000000000000000000 -83.00000000000000000000
-60.00000000000000000000 40.00000000000000000000 -140.00000000000000000000
-30.00000000000000000000 5.00000000000000000000 -35.00000000000000000000
20.00000000000000000000 45.00000000000000000000 -22.00000000000000000000
-40.00000000000000000000 20.00000000000000000000 -94.00000000000000000000
10.00000000000000000000 20.00000000000000000000 -23.00000000000000000000
20.00000000000000000000 20.00000000000000000000 -10.00000000000000000000
30.00000000000000000000 15.00000000000000000000 10.00000000000000000000
0.00000000000000000000 40.00000000000000000000 -52.00000000000000000000
-10.00000000000000000000 50.00000000000000000000 -72.00000000000000000000
-10.00000000000000000000 25.00000000000000000000 -55.00000000000000000000
0.00000000000000000000 15.00000000000000000000 -29.00000000000000000000
40.00000000000000000000 15.00000000000000000000 23.00000000000000000000
10.00000000000000000000 45.00000000000000000000 -39.00000000000000000000
0.00000000000000000000 30.00000000000000000000 -44.00000000000000000000
-30.00000000000000000000 40.00000000000000000000 -100.00000000000000000000
-50.00000000000000000000 15.00000000000000000000 -97.00000000000000000000
50.00000000000000000000 30.00000000000000000000 28.00000000000000000000
-10.00000000000000000000 5.00000000000000000000 -15.00000000000000000000
40.00000000000000000000 30.00000000000000000000 13.00000000000000000000
-20.00000000000000000000 35.00000000000000000000 -80.00000000000000000000
-20.00000000000000000000 20.00000000000000000000 -64.00000000000000000000
10.00000000000000000000 5.00000000000000000000 5.00000000000000000000
30.00000000000000000000 10.00000000000000000000 18.00000000000000000000
-30.00000000000000000000 50.00000000000000000000 -105.00000000000000000000
40.00000000000000000000 10.00000000000000000000 29.00000000000000000000
-60.00000000000000000000 25.00000000000000000000 -130.00000000000000000000
30.00000000000000000000 20.00000000000000000000 4.00000000000000000000
-20.00000000000000000000 10.00000000000000000000 -43.00000000000000000000
-30.00000000000000000000 15.00000000000000000000 -70.00000000000000000000
50.00000000000000000000 20.00000000000000000000 32.00000000000000000000
-50.00000000000000000000 40.00000000000000000000 -135.00000000000000000000
10.00000000000000000000 35.00000000000000000000 -35.00000000000000000000
0.00000000000000000000 50.00000000000000000000 -55.00000000000000000000
-60.00000000000000000000 20.00000000000000000000 -121.00000000000000000000
