187.41000366210934657829 98.01999664306640625000 86.69999694824218750000 37.86000061035156250000 12.69999980926513671875 5.13999986648559570312 20.70000076293945312500 72.22000122070312500000 15.68999958038330078125 73.65000152587890625000 9.85999965667724609375
152.13999938964843750000 79.69000244140625000000 75.18000030517578125000 69.87000274658203125000 4.19999980926513671875 2.59999990463256835938 8.71000003814697265625 41.74000167846679687500 9.78999996185302734375 33.47000122070312500000 5.61999988555908203125
168.77999877929687500000 82.11000061035156250000 74.56999969482421875000 72.08999633789062500000 7.42000007629394531250 2.25999999046325683594 12.06999969482422052636 50.88000106811523437500 10.50000000000000000000 56.81000137329101562500 8.23999977111816406250
147.69000244140625000000 71.95999908447265625000 79.62999725341796875000 63.02999877929688210543 5.11000013351440429688 2.03999996185302778784 8.81000041961669921875 40.08000183105468750000 8.93999958038330078125 28.96999931335448863479 7.51000022888183593750
161.11000061035156250000 82.87000274658203125000 84.12000274658203125000 62.31000137329101562500 5.23000001907348632812 3.49000000953674316406 11.02999973297119140625 43.09999847412108664457 15.47999954223632812500 38.00999832153320312500 5.86000013351440429688
163.22999572753906250000 80.52999877929687500000 65.87000274658203125000 65.84999847412109375000 9.89999961853027166114 3.92000007629394486841 15.76000022888183593750 55.68000030517578125000 4.46999979019165039062 58.36000061035156250000 6.86999988555908203125
157.88000488281250000000 77.97000122070312500000 83.55999755859375000000 60.24000167846679687500 6.21999979019165039062 3.04999995231628417969 11.05000019073486328125 47.56000137329101562500 9.81000041961669921875 36.84999847412108664457 5.28000020980834960938
171.71000671386718750000 85.97000122070312500000 91.37999725341795453915 50.68999862670897726957 5.48999977111816406250 3.33999991416931152344 13.81999969482422052636 51.36999893188476562500 19.12000083923339843750 54.79000091552734375000 10.67000007629394353614
166.52000427246093750000 94.25000000000000000000 73.61000061035156250000 52.79999923706054687500 5.75000000000000000000 2.41000008583068847656 9.89000034332275390625 43.90000152587890625000 7.30000019073486328125 39.56999969482421875000 7.36000013351440429688
166.94999694824218750000 91.08999633789062500000 59.84999847412108664457 68.01999664306640625000 5.21000003814697265625 2.07999992370605468750 6.38000011444091796875 40.06000137329101562500 3.92000007629394486841 29.06999969482421875000 6.17000007629394531250
180.08999633789062500000 94.36000061035156250000 62.93999862670897726957 61.41999816894531250000 9.47999954223632812500 3.28999996185302778784 7.80000019073486328125 32.18000030517578125000 4.98000001907348632812 55.68000030517578125000 9.32999992370605646386
174.94000244140625000000 93.18000030517578125000 87.58000183105468750000 55.11999893188476562500 8.60999965667724609375 4.30000019073486328125 12.39000034332275390625 61.25000000000000000000 16.87999916076660156250 51.72999954223632812500 5.46000003814697265625
152.75000000000000000000 78.48000335693359375000 83.43000030517578125000 65.66999816894531250000 4.48000001907348632812 2.69000005722045898438 10.67000007629394353614 38.22999954223632812500 20.18000030517578125000 45.09999847412108664457 9.19999980926513671875
157.89999389648437500000 79.59999847412109375000 78.81999969482421875000 55.61000061035156250000 10.69999980926513671875 2.75999999046325683594 15.82999992370605646386 56.45999908447265625000 10.19999980926513671875 62.38999938964843750000 5.15000009536743164062
160.80999755859375000000 80.77999877929687500000 81.76999664306640625000 63.75999832153320312500 5.86999988555908203125 3.54999995231628417969 14.36999988555908203125 45.09999847412108664457 18.46999931335448863479 41.63999938964843750000 8.85000038146972656250
172.16000366210937500000 87.61000061035156250000 72.34999847412109375000 58.56000137329101562500 4.88000011444091796875 1.55999994277954101562 9.86999988555908203125 39.81999969482421875000 9.47999954223632812500 37.86999893188476562500 9.02999973297119140625
181.94000244140625000000 102.36000061035156250000 59.06999969482421875000 88.30999755859375000000 6.63000011444091796875 2.20000004768371582031 6.90999984741210937500 37.77999877929688210543 2.55999994277954101562 40.04000091552734375000 13.10999965667724609375
193.92999267578125000000 102.66999816894532671085 68.72000122070312500000 69.02999877929687500000 12.02000045776367187500 5.44000005722045898438 19.20000076293945312500 72.73999786376953125000 7.80000019073486328125 63.25000000000000000000 14.85999965667724609375
157.02000427246093750000 76.80000305175781250000 83.93000030517578125000 47.45000076293945312500 4.84000015258789062500 2.21000003814697265625 11.98999977111816406250 46.65000152587890625000 13.15999984741210937500 37.34000015258789062500 7.96999979019165039062
150.49000549316406250000 83.19999694824218750000 64.13999938964843750000 53.36999893188476562500 5.25000000000000000000 1.07000005245208740234 7.15000009536743164062 46.38000106811523437500 4.13000011444091796875 38.20000076293945312500 6.26000022888183593750
172.28999328613281250000 91.73999786376951703915 64.31999969482421875000 65.73000335693359375000 4.61000013351440429688 1.60000002384185791016 7.88999986648559570312 37.04000091552734375000 5.09999990463256835938 32.36999893188476562500 10.47999954223632812500
150.33000183105468750000 74.58000183105468750000 72.27999877929687500000 63.13000106811523437500 3.63000011444091796875 1.19000005722045898438 5.86999988555908203125 28.47999954223632812500 9.39000034332275390625 24.46999931335448863479 7.03000020980834960938
161.36000061035156250000 84.68000030517578125000 90.75000000000000000000 48.16999816894531250000 6.09999990463256835938 3.01999998092651367188 13.61999988555908203125 58.59000015258789062500 15.25000000000000000000 42.15000152587890625000 7.01999998092651367188
175.36999511718750000000 95.29000091552734375000 76.37000274658203125000 62.43999862670897726957 6.26999998092651367188 3.26999998092651367188 10.72000026702880859375 51.41999816894531250000 10.15999984741210937500 35.00000000000000000000 6.94000005722045898438
160.41999816894531250000 83.98999786376953125000 82.70999908447265625000 66.41000366210937500000 4.63999986648559570312 3.11999988555908203125 7.86999988555908203125 36.22999954223632812500 11.60000038146972833886 31.39999961853027699021 6.94000005722045898438
188.99000549316409092171 102.77999877929687500000 78.25000000000000000000 41.45999908447265625000 22.38999938964844105271 4.42000007629394531250 23.20000076293945312500 82.08999633789062500000 5.69999980926513671875 75.37000274658203125000 13.93000030517577947364
160.28999328613281250000 77.62999725341796875000 87.73999786376953125000 48.84999847412108664457 5.09999990463256835938 2.64000010490417480469 12.59000015258789062500 53.36999893188476562500 17.37999916076660156250 40.83000183105468750000 6.38999986648559570312
184.00000000000000000000 96.12000274658204546085 58.70000076293945312500 51.27000045776367187500 5.55000019073486328125 1.39999997615814208984 6.07999992370605468750 41.77999877929688210543 3.11999988555908203125 34.93000030517578125000 17.92000007629394531250
149.30000305175781250000 74.13999938964843750000 63.72000122070312500000 73.44999694824218750000 3.83999991416931196753 1.25999999046325683594 5.73000001907348632812 36.31000137329101562500 3.41000008583068847656 25.43000030517578125000 8.05000019073486328125
203.44000244140625000000 111.90000152587890625000 54.84999847412108664457 68.33999633789062500000 8.72000026702880859375 1.85000002384185791016 6.26000022888183593750 37.88000106811523437500 2.06999993324279785156 51.34000015258789062500 17.07999992370605468750
156.82000732421875000000 81.52999877929687500000 86.58000183105468750000 61.20999908447265625000 4.88000011444091796875 2.52999997138977050781 10.00000000000000000000 46.65000152587890625000 11.02000045776367187500 37.38000106811523437500 7.07000017166137695312
177.44000244140625000000 92.76999664306640625000 67.25000000000000000000 58.63000106811523437500 12.27999973297119140625 2.52999997138977050781 15.02000045776367187500 73.45999908447265625000 4.90999984741210937500 70.47000122070312500000 8.31000041961669921875
149.53999328613281250000 82.98000335693359375000 81.58000183105468750000 59.34999847412108664457 4.86000013351440429688 2.28999996185302778784 10.46000003814697265625 34.75000000000000000000 11.27000045776367187500 31.12000083923339843750 5.94999980926513671875
167.49000549316406250000 89.01000213623046875000 78.58000183105468750000 65.65000152587890625000 5.09999990463256835938 3.45000004768371582031 11.31999969482422052636 38.00000000000000000000 11.28999996185302734375 36.59000015258789062500 6.80999994277954101562
158.36000061035156250000 83.37999725341796875000 76.38999938964843750000 69.69999694824218750000 6.07999992370605468750 2.49000000953674316406 9.32999992370605646386 42.04999923706054687500 10.15999984741210937500 41.47000122070312500000 5.78000020980834960938
155.80999755859375000000 78.91999816894531250000 72.66000366210937500000 73.15000152587890625000 4.69999980926513671875 2.27999997138977050781 7.42999982833862304688 34.31000137329101562500 9.50000000000000000000 28.93000030517578125000 6.34000015258789062500
192.58999633789065342171 105.15000152587890625000 95.33999633789062500000 46.56000137329101562500 8.85999965667724609375 6.48999977111816406250 18.20000076293945312500 60.06000137329101562500 16.79999923706054687500 47.02999877929688210543 9.18999958038330078125
156.13999938964843750000 81.75000000000000000000 80.75000000000000000000 54.63000106811523437500 3.81999993324279785156 1.78999996185302712171 8.73999977111816406250 37.84999847412108664457 10.68000030517577947364 43.50999832153320312500 7.82000017166137695312
187.83999633789065342171 103.77999877929687500000 66.45999908447265625000 33.41999816894531250000 12.80000019073486328125 3.04999995231628417969 11.46000003814697265625 57.54000091552734375000 2.11999988555908203125 74.98000335693359375000 10.72000026702880859375
165.97999572753906250000 82.25000000000000000000 77.30999755859375000000 46.54999923706054687500 9.21000003814697265625 2.33999991416931152344 9.85999965667724609375 44.47999954223632812500 5.19999980926513671875 46.99000167846679687500 8.89000034332275390625
154.38999938964843750000 82.26000213623046875000 71.34999847412109375000 64.97000122070312500000 11.26000022888183593750 3.65000009536743208471 16.45000076293945312500 68.23999786376953125000 7.96999979019165039062 66.08999633789062500000 6.65000009536743164062
142.41000366210937500000 72.75000000000000000000 74.91000366210937500000 72.83000183105468750000 4.26999998092651367188 2.34999990463256835938 7.55000019073486328125 31.54999923706054687500 13.15999984741210937500 31.06999969482421875000 5.15000009536743164062
185.61999511718750000000 104.66999816894532671085 63.56000137329101562500 62.52000045776367187500 6.63000011444091796875 2.78999996185302778784 8.10999965667724609375 56.79999923706054687500 5.05000019073486328125 38.43999862670897726957 11.77999973297119140625
156.86999511718750000000 78.38999938964843750000 76.87000274658203125000 62.70999908447265625000 10.01000022888183593750 2.94000005722045898438 13.52999973297119140625 61.00000000000000000000 8.22999954223632812500 58.20000076293945312500 6.71000003814697265625
181.13999938964843750000 99.54000091552734375000 72.58999633789062500000 52.47000122070312500000 14.35999965667724609375 3.96000003814697265625 16.98999977111816406250 66.41999816894531250000 7.25000000000000000000 73.11000061035156250000 8.75000000000000000000
154.77999877929687500000 75.88999938964843750000 84.62999725341796875000 56.68999862670897726957 4.94000005722045898438 2.30999994277954101562 10.69999980926513671875 41.56999969482421875000 10.55000019073486328125 55.97000122070312500000 8.98999977111816406250
157.61000061035156250000 79.48000335693359375000 85.54000091552734375000 65.73999786376953125000 4.17999982833862304688 2.77999997138977050781 9.81999969482422052636 42.47000122070312500000 11.25000000000000000000 35.68000030517578125000 6.38999986648559570312
164.69999694824218750000 86.75000000000000000000 76.98999786376953125000 40.38000106811523437500 13.05000019073486328125 3.64000010490417480469 13.51000022888183593750 63.84000015258789062500 6.13999986648559570312 66.65000152587890625000 8.55000019073486328125
159.82000732421875000000 79.31999969482421875000 87.11000061035156250000 61.43999862670897726957 4.65999984741210937500 3.13000011444091796875 13.09000015258789062500 43.79999923706054687500 12.71000003814697265625 42.20999908447265625000 8.72000026702880859375
164.10000610351562500000 86.83999633789062500000 69.19000244140625000000 64.09999847412109375000 7.21999979019165039062 4.07000017166137695312 11.63000011444091796875 40.95000076293945312500 6.36000013351440429688 50.27999877929688210543 8.18999958038330078125
151.36000061035156250000 72.37999725341796875000 89.33999633789062500000 53.63999938964843750000 7.67000007629394531250 3.60999989509582519531 16.55999946594238281250 56.34000015258789062500 18.87999916076660156250 43.61000061035156250000 7.34999990463256835938
205.00000000000000000000 112.72000122070312500000 69.91000366210937500000 54.59000015258789062500 19.75000000000000000000 5.48999977111816406250 21.89999961853027699021 86.98999786376953125000 3.06999993324279785156 84.95999908447265625000 15.43999958038330078125
172.58999633789062500000 88.22000122070312500000 89.80000305175781250000 49.83000183105468750000 9.06000041961669921875 4.82999992370605468750 13.42000007629394353614 63.33000183105468750000 15.60999965667724609375 46.75999832153320312500 6.13999986648559570312
180.77999877929687500000 93.48000335693359375000 67.73999786376953125000 60.77000045776367187500 20.04999923706054687500 3.02999997138977050781 11.18999958038330078125 85.30000305175781250000 3.84999990463256791529 71.51999664306640625000 10.51000022888183593750
150.55000305175781250000 74.69999694824218750000 77.50000000000000000000 68.73000335693359375000 2.83999991416931152344 2.41000008583068847656 6.50000000000000000000 28.20000076293945312500 10.00000000000000000000 24.60000038146972656250 5.38999986648559570312
164.21000671386718750000 90.48000335693359375000 65.41000366210937500000 80.37000274658203125000 11.93999958038330078125 2.75999999046325683594 15.60999965667724609375 56.13000106811523437500 3.36999988555908203125 67.73999786376953125000 10.38000011444091796875
166.67999267578125000000 92.50000000000000000000 63.95000076293945312500 52.47999954223632812500 5.17999982833862304688 2.25000000000000000000 5.61999988555908203125 39.43999862670897726957 3.84999990463256791529 30.82999992370605113479 6.05999994277954101562
171.11999511718750000000 86.69000244140625000000 64.58999633789062500000 71.66000366210937500000 6.03000020980834960938 1.86000001430511474609 10.26000022888183593750 51.04999923706054687500 4.59000015258789062500 40.61000061035156250000 11.22999954223632812500
153.83999633789062500000 76.41999816894531250000 85.76000213623046875000 59.41999816894531250000 5.00000000000000000000 3.43000006675720214844 11.47999954223632812500 42.41999816894531250000 15.23999977111816406250 38.38999938964843750000 8.85000038146972656250
166.86000061035156250000 84.86000061035156250000 74.13999938964843750000 55.91999816894531250000 4.23000001907348632812 1.50999999046325683594 8.78999996185302734375 39.38000106811523437500 8.00000000000000000000 37.25999832153320312500 10.01000022888183593750
164.78999328613281250000 86.73000335693359375000 72.19999694824218750000 51.77000045776367187500 10.56000041961669921875 2.95000004768371582031 9.81000041961669921875 56.86000061035156250000 4.42000007629394531250 61.50999832153320312500 6.76999998092651367188
176.61000061035156250000 89.81999969482421875000 64.65000152587890625000 77.62999725341796875000 9.57999992370605646386 1.28999996185302712171 9.39000034332275390625 52.72999954223632812500 2.44000005722045898438 55.43999862670897726957 11.43999958038330078125
179.49000549316406250000 95.51999664306640625000 70.43000030517578125000 55.84000015258789062500 12.86999988555908203125 4.03000020980834960938 21.87000083923339843750 81.05000305175781250000 6.21999979019165039062 97.94000244140623578915 7.80000019073486328125
175.47000122070312500000 98.44000244140623578915 68.55000305175781250000 50.31999969482421875000 9.27000045776367187500 2.73000001907348632812 9.30000019073486328125 49.08000183105468750000 3.23000001907348632812 47.43999862670897726957 10.73999977111816406250
179.80000305175781250000 93.83000183105467328915 85.97000122070312500000 56.74000167846679687500 5.57000017166137695312 3.65000009536743208471 10.94999980926513671875 45.65000152587890625000 11.14999961853027166114 36.50999832153320312500 10.19999980926513671875
149.88999938964843750000 74.31999969482421875000 76.38999938964843750000 73.54000091552734375000 5.13999986648559570312 1.55999994277954101562 8.89999961853027343750 37.75999832153320312500 8.85999965667724609375 32.84999847412109375000 7.38000011444091796875
179.58000183105468750000 97.41000366210937500000 68.50000000000000000000 48.97000122070312500000 18.60000038146972656250 2.80999994277954101562 10.93999958038330078125 72.76999664306640625000 4.15999984741210937500 63.86999893188476562500 8.31999969482421875000
166.28999328613281250000 83.91999816894531250000 66.88999938964843750000 62.66999816894531250000 4.23000001907348632812 1.33000004291534423828 6.94000005722045898438 36.97000122070312500000 4.96999979019165039062 35.31999969482421875000 7.42000007629394531250
171.30999755859375000000 86.80999755859375000000 81.30999755859375000000 64.73000335693359375000 9.81000041961669921875 3.65000009536743208471 12.61999988555908203125 58.81999969482421875000 13.97000026702880859375 55.36999893188476562500 8.40999984741210937500
165.24000549316406250000 89.16999816894531250000 82.80000305175781250000 44.40999984741210937500 13.32999992370605646386 4.01000022888183593750 18.25000000000000000000 62.72999954223632812500 7.90999984741210937500 62.06000137329101562500 8.60000038146972656250
183.77999877929687500000 85.90000152587890625000 76.08999633789062500000 63.15000152587890625000 3.75000000000000000000 1.28999996185302712171 6.73999977111816406250 29.63999938964844105271 11.07999992370605646386 34.24000167846679687500 9.36999988555908203125
171.33999633789062500000 85.48999786376953125000 70.51999664306640625000 60.66999816894531250000 8.01000022888183593750 1.58000004291534423828 11.94999980926513671875 54.36000061035156250000 5.76000022888183593750 62.61000061035156250000 10.10999965667724609375
160.89999389648437500000 87.01999664306640625000 81.68000030517578125000 65.75000000000000000000 4.88999986648559570312 4.92999982833862304688 11.11999988555908203125 42.77999877929688210543 14.27999973297119140625 37.47000122070312500000 6.51000022888183593750
151.77000427246093750000 73.20999908447265625000 84.15000152587890625000 57.75999832153320312500 5.38999986648559570312 3.26999998092651367188 12.52999973297119140625 48.15999984741210937500 12.85000038146972833886 42.33000183105468750000 5.53999996185302734375
162.16999816894531250000 78.63999938964843750000 92.26999664306640625000 46.06999969482421875000 9.57999992370605646386 3.51999998092651367188 17.19000053405761718750 59.38000106811523437500 14.22000026702880859375 55.41999816894531250000 6.65000009536743164062
150.33999633789062500000 73.65000152587890625000 82.91000366210937500000 61.00000000000000000000 3.78999996185302734375 3.18000006675720214844 9.65999984741210937500 37.84000015258789062500 9.98999977111816406250 32.00000000000000000000 5.98000001907348632812
165.55000305175781250000 85.38999938964843750000 75.26999664306640625000 49.65999984741210937500 6.34999990463256835938 2.81999993324279785156 10.57999992370605646386 49.75999832153320312500 8.72000026702880859375 36.25000000000000000000 6.75000000000000000000
159.69000244140625000000 83.76999664306640625000 66.19999694824218750000 61.68000030517578125000 3.68000006675720214844 1.97000002861022927014 5.57000017166137695312 33.70999908447265625000 5.23000001907348632812 24.23999977111816406250 7.34999990463256835938
180.36000061035159092171 92.90000152587890625000 61.90999984741210937500 74.94999694824218750000 9.28999996185302734375 2.42000007629394531250 8.61999988555908203125 56.15999984741210937500 3.06999993324279785156 59.97999954223632812500 10.27000045776367187500
167.82000732421875000000 90.13999938964843750000 76.05999755859375000000 61.40999984741210937500 13.51000022888183593750 3.88000011444091796875 19.27000045776367187500 74.31999969482421875000 7.80999994277954101562 71.80999755859375000000 6.61999988555908203125
171.02999877929687500000 83.91000366210937500000 93.43000030517578125000 43.00999832153320312500 8.36999988555908203125 2.82999992370605468750 17.78000068664550781250 60.13000106811523437500 19.86000061035155894729 57.52999877929688210543 6.48000001907348632812
186.66999816894531250000 107.12000274658204546085 59.63999938964843750000 70.02999877929687500000 7.11999988555908203125 2.00000000000000000000 7.26000022888183593750 43.43000030517578125000 4.32999992370605468750 46.34999847412108664457 6.32000017166137695312
174.08999633789062500000 94.43000030517578125000 72.62999725341796875000 55.54999923706054687500 7.92000007629394531250 3.36999988555908203125 11.15999984741210937500 60.33000183105468750000 10.82999992370605646386 44.40999984741210937500 8.38000011444091796875
167.55999755859375000000 89.09999847412109375000 64.79000091552734375000 56.90999984741210937500 12.47000026702880859375 3.44000005722045898438 10.81999969482422052636 57.06999969482421875000 2.65000009536743208471 67.76999664306640625000 7.25000000000000000000
169.17999267578125000000 85.84999847412109375000 63.90999984741210937500 86.94999694824218750000 4.98999977111816406250 1.12000000476837158203 6.48999977111816406250 38.68999862670897726957 2.85999989509582519531 29.72999954223632812500 9.97000026702880859375
149.19999694824218750000 70.95999908447265625000 78.16999816894531250000 53.79000091552734375000 4.38999986648559570312 2.38000011444091796875 8.64000034332275390625 48.33000183105468750000 9.96000003814697265625 31.67000007629394531250 8.19999980926513671875
142.13000488281250000000 80.69000244140625000000 66.58999633789062500000 69.43000030517578125000 5.26000022888183593750 3.27999997138977050781 9.76000022888183593750 44.11999893188476562500 6.90999984741210937500 38.34999847412108664457 6.17999982833862304688
161.63000488281250000000 79.94000244140625000000 82.12000274658203125000 68.52999877929687500000 4.63000011444091796875 4.19000005722045898438 12.52000045776367187500 41.70999908447265625000 16.27000045776367187500 39.15999984741210937500 7.19999980926513671875
160.14999389648437500000 82.47000122070312500000 84.83999633789062500000 58.95999908447265625000 6.96000003814697265625 4.26999998092651367188 16.05999946594238281250 48.31999969482421875000 15.64000034332275390625 45.75999832153320312500 6.19000005722045898438
149.22000122070312500000 73.45999908447265625000 82.37000274658203125000 58.77000045776367187500 7.75000000000000000000 2.27999997138977050781 14.39999961853027166114 53.77000045776367187500 11.89000034332275390625 69.13999938964843750000 7.88000011444091796875
164.39999389648437500000 93.43000030517578125000 68.01000213623046875000 51.63000106811523437500 13.85999965667724609375 3.61999988555908203125 14.27000045776367187500 69.88999938964843750000 4.09000015258789062500 77.79000091552734375000 8.56000041961669921875
163.64999389648437500000 91.41000366210937500000 83.11000061035156250000 54.40000152587890625000 5.48000001907348632812 2.75999999046325683594 12.64999961853027166114 50.90000152587890625000 12.72999954223632812500 38.95000076293945312500 6.38999986648559570312
157.22999572753906250000 83.83999633789062500000 70.58999633789062500000 71.23999786376953125000 3.76999998092651367188 1.91999995708465598376 6.53000020980834960938 36.00000000000000000000 7.78000020980834960938 24.29000091552734375000 8.23999977111816406250
177.75999450683593750000 95.00000000000000000000 81.70999908447265625000 58.16999816894531250000 7.98999977111816406250 4.57000017166137695312 13.23999977111816406250 59.88000106811523437500 14.39999961853027166114 44.40000152587890625000 7.51999998092651367188
165.41999816894531250000 85.73000335693359375000 67.27999877929687500000 55.77000045776367187500 16.03000068664550781250 4.59999990463256835938 20.09000015258789062500 82.44999694824218750000 3.10999989509582519531 86.54000091552734375000 8.17000007629394531250
206.97000122070312500000 106.54000091552734375000 80.88999938964843750000 42.11999893188476562500 19.95999908447265625000 4.86000013351440429688 24.01000022888183949021 84.11000061035156250000 10.17000007629394353614 69.91000366210937500000 12.63000011444091796875
171.78999328613281250000 88.62999725341796875000 74.19999694824218750000 35.15999984741210937500 10.51000022888183593750 2.34999990463256835938 9.48999977111816406250 38.75999832153320312500 7.42000007629394531250 47.83000183105468750000 9.11999988555908203125
171.88000488281250000000 89.68000030517578125000 74.69000244140625000000 51.99000167846679687500 14.10000038146972833886 4.11999988555908203125 18.27000045776367187500 75.45999908447265625000 4.80000019073486328125 75.04000091552734375000 7.67999982833862304688
206.25999450683596592171 110.44000244140623578915 64.20999908447265625000 81.88999938964843750000 10.06000041961669921875 3.22000002861022904810 8.47000026702880859375 47.47999954223632812500 2.56999993324279785156 43.97000122070312500000 19.86000061035155894729
168.02999877929687500000 86.88999938964843750000 60.84000015258789062500 83.86000061035156250000 6.19000005722045898438 1.85000002384185791016 5.28999996185302734375 35.11999893188476562500 2.77999997138977050781 32.68999862670898437500 9.59000015258789062500
174.83999633789062500000 90.69000244140623578915 79.34999847412109375000 63.68000030517578125000 7.80999994277954101562 2.93000006675720214844 11.06000041961669921875 42.56000137329101562500 14.55000019073486328125 51.13000106811523437500 8.22999954223632812500
161.66000366210937500000 86.87999725341796875000 64.84999847412109375000 67.61000061035156250000 6.40999984741210937500 2.38000011444091796875 8.22000026702880859375 45.93000030517578125000 5.11999988555908203125 37.72999954223632812500 7.78000020980834960938
156.21000671386718750000 82.81999969482421875000 82.61000061035156250000 55.83000183105468750000 6.40000009536743164062 3.05999994277954101562 12.72000026702880859375 58.15999984741210937500 14.46000003814697265625 42.27999877929688210543 6.00000000000000000000
178.75999450683593750000 98.62999725341795453915 69.08999633789062500000 51.04000091552734375000 15.21000003814697265625 4.53999996185302734375 16.35000038146972656250 66.98999786376953125000 4.00000000000000000000 60.38000106811523437500 7.00000000000000000000
175.88000488281250000000 91.33999633789062500000 97.05000305175779828915 33.81000137329101562500 7.92999982833862304688 3.60999989509582519531 15.90999984741210937500 67.19000244140625000000 18.23999977111816406250 51.06999969482421875000 6.92000007629394531250
145.33000183105468750000 74.62000274658203125000 85.33999633789062500000 60.15000152587890625000 4.46999979019165039062 2.07999992370605468750 10.68000030517577947364 38.63000106811523437500 13.63000011444091796875 54.47999954223632812500 8.40999984741210937500
176.86999511718750000000 91.84999847412109375000 62.93999862670897726957 85.56999969482421875000 8.14000034332275390625 1.66999995708465576172 8.55000019073486328125 56.25000000000000000000 2.00999999046325683594 49.38999938964843750000 10.51000022888183593750
165.11999511718750000000 88.47000122070312500000 65.47000122070312500000 57.36000061035156250000 5.36999988555908203125 1.77999997138977050781 8.30000019073486328125 39.40999984741210937500 5.15000009536743164062 32.68999862670898437500 9.07999992370605646386
159.83999633789062500000 79.68000030517578125000 77.06999969482421875000 57.09999847412108664457 10.06000041961669921875 4.07000017166137695312 20.69000053405761718750 71.70999908447265625000 9.93999958038330078125 59.88000106811523437500 7.65999984741210937500
171.53999328613281250000 94.76999664306640625000 72.48999786376953125000 53.43000030517578125000 4.53000020980834960938 2.48000001907348632812 9.00000000000000000000 38.04999923706054687500 8.01000022888183593750 40.20000076293945312500 6.09000015258789062500
163.89999389648437500000 89.62000274658203125000 70.66999816894531250000 44.00999832153320312500 6.53000020980834960938 2.77999997138977050781 7.59000015258789062500 45.08000183105468750000 5.44999980926513671875 35.86000061035156250000 5.48999977111816406250
165.63999938964843750000 88.05999755859375000000 71.31999969482421875000 50.27999877929688210543 11.18999958038330078125 3.32999992370605468750 14.76000022888183593750 70.91999816894531250000 6.05000019073486328125 73.23000335693359375000 6.19000005722045898438
160.55999755859375000000 79.02999877929687500000 75.34999847412109375000 70.02999877929687500000 4.73999977111816406250 1.72000002861022949219 9.10000038146972833886 41.22000122070312500000 7.51000022888183593750 42.16999816894531250000 9.88000011444091796875
163.30999755859375000000 83.59999847412109375000 73.58999633789062500000 49.40999984741210937500 10.94999980926513671875 3.46000003814697265625 12.19999980926513671875 51.33000183105468750000 4.67000007629394531250 62.45999908447265625000 5.78999996185302734375
165.24000549316406250000 87.02999877929687500000 70.86000061035156250000 66.38999938964843750000 5.13999986648559570312 2.45000004768371582031 7.69000005722045898438 42.34000015258789062500 8.22000026702880859375 27.26000022888183949021 9.05000019073486328125
229.32000732421875000000 126.94999694824220171085 70.08000183105468750000 68.58999633789062500000 14.21000003814697265625 3.50999999046325683594 14.93999958038330078125 62.29000091552734375000 3.27999997138977050781 69.80000305175781250000 26.23999977111816406250
161.24000549316406250000 85.16000366210937500000 70.80000305175781250000 58.93999862670897726957 5.46000003814697265625 2.49000000953674316406 9.51000022888183593750 41.41999816894531250000 9.18000030517577947364 37.61000061035156250000 6.11000013351440429688
184.83000183105468750000 104.19999694824220171085 51.22000122070312500000 71.04000091552734375000 5.07000017166137695312 1.10000002384185791016 4.98999977111816406250 31.75000000000000000000 2.09999990463256835938 38.93999862670897726957 7.11999988555908203125
182.27999877929687500000 97.90000152587890625000 74.70999908447265625000 48.31999969482421875000 16.63999938964843750000 3.59999990463256835938 16.97999954223632812500 68.34999847412109375000 3.98000001907348632812 71.63999938964843750000 9.14000034332275390625
158.38999938964843750000 74.88999938964843750000 78.23000335693359375000 69.98000335693359375000 2.51999998092651367188 1.50000000000000000000 5.71999979019165039062 27.63999938964844105271 10.28999996185302734375 35.50000000000000000000 8.52999973297119140625
188.66000366210934657829 100.77999877929687500000 82.69999694824218750000 36.27999877929688210543 11.14999961853027166114 4.78000020980834960938 15.94999980926513671875 66.87999725341796875000 11.02999973297119140625 53.22000122070312500000 10.05000019073486328125
164.14999389648437500000 90.55000305175779828915 73.66000366210937500000 63.97000122070312500000 8.40999984741210937500 4.01999998092651367188 14.23999977111816406250 64.05999755859375000000 8.47000026702880859375 43.25999832153320312500 7.57000017166137695312
149.94000244140625000000 80.27999877929687500000 77.87999725341796875000 63.29000091552734375000 2.90000009536743208471 1.78999996185302712171 6.09999990463256835938 34.50999832153320312500 8.81999969482421875000 25.62999916076660156250 5.19999980926513671875
174.38999938964843750000 90.38999938964843750000 68.34999847412109375000 68.59999847412109375000 7.32000017166137695312 2.35999989509582519531 11.85000038146972833886 56.95000076293945312500 5.71000003814697265625 44.75000000000000000000 10.56000041961669921875
178.36999511718750000000 94.33999633789062500000 77.02999877929687500000 42.68999862670897726957 8.30000019073486328125 3.76999998092651367188 14.18999958038330078125 63.63999938964843750000 9.18000030517577947364 49.61000061035156250000 15.22999954223632812500
172.42999267578125000000 96.77999877929687500000 72.66999816894531250000 63.45999908447265625000 14.00000000000000000000 3.75000000000000000000 19.19000053405761718750 61.66999816894531250000 7.53999996185302734375 66.48999786376953125000 8.47000026702880859375
165.07000732421875000000 88.84999847412109375000 83.34999847412109375000 36.79999923706054687500 10.47999954223632812500 2.19000005722045898438 13.18000030517577947364 67.19999694824218750000 5.01000022888183593750 54.20000076293945312500 9.02999973297119140625
163.36999511718750000000 87.63999938964843750000 69.43000030517578125000 63.45000076293945312500 4.82000017166137695312 2.86999988555908203125 7.86000013351440429688 37.38999938964843750000 9.52000045776367187500 30.14999961853027699021 8.03999996185302734375
177.86999511718750000000 97.80000305175779828915 65.98000335693359375000 74.51999664306640625000 13.42000007629394353614 3.76999998092651367188 18.70999908447265625000 72.48999786376953125000 5.71000003814697265625 71.26999664306640625000 6.11000013351440429688
151.42999267578125000000 79.51999664306640625000 88.23999786376953125000 61.56999969482421875000 5.69000005722045898438 2.84999990463256835938 11.76000022888183593750 40.63999938964843750000 13.56000041961669921875 35.52999877929687500000 5.57999992370605468750
163.33000183105468750000 86.04000091552734375000 65.91999816894531250000 74.01000213623046875000 3.55999994277954101562 1.90999996662139892578 7.38999986648559570312 36.43000030517578125000 4.90000009536743164062 28.45000076293945312500 10.36999988555908203125
175.63000488281250000000 92.68000030517578125000 81.05000305175781250000 36.88000106811523437500 22.19000053405761718750 4.98000001907348632812 23.96999931335448863479 100.12000274658204546085 11.43000030517577947364 77.87999725341796875000 9.63000011444091796875
167.38999938964843750000 95.12999725341795453915 63.08000183105468750000 55.27999877929688210543 8.88000011444091796875 2.92000007629394531250 7.63000011444091796875 45.20999908447265625000 2.97000002861022904810 53.33000183105468750000 8.10000038146972656250
212.96000671386718750000 114.41000366210937500000 63.52000045776367187500 45.41999816894531250000 12.94999980926513671875 3.35999989509582519531 9.07999992370605646386 59.88000106811523437500 2.64000010490417480469 69.66999816894531250000 13.59000015258789062500
148.08999633789062500000 74.94000244140625000000 78.48999786376953125000 62.13000106811523437500 3.63000011444091796875 1.60000002384185791016 6.57000017166137695312 36.61000061035156250000 11.14000034332275390625 37.88999938964843750000 7.55999994277954101562
188.14999389648440342171 101.94000244140623578915 68.91999816894531250000 45.72000122070312500000 7.80000019073486328125 1.74000000953674316406 9.19999980926513671875 52.27999877929688210543 4.80000019073486328125 46.06000137329101562500 15.43000030517577947364
164.03999328613281250000 79.91999816894531250000 78.61000061035156250000 69.58000183105468750000 6.84999990463256835938 2.34999990463256835938 10.98999977111816406250 53.56999969482421875000 11.31999969482422052636 43.52000045776367187500 8.13000011444091796875
166.96000671386718750000 85.25000000000000000000 78.98999786376953125000 60.08000183105468750000 12.34000015258789062500 4.90999984741210937500 18.51000022888183949021 86.87000274658203125000 16.19000053405761718750 64.44000244140625000000 6.53000020980834960938
162.13999938964843750000 85.58999633789062500000 82.23000335693359375000 57.97000122070312500000 5.07999992370605468750 2.54999995231628417969 9.92000007629394353614 44.70999908447265625000 11.76000022888183593750 33.95999908447265625000 5.90999984741210937500
149.27000427246093750000 75.69000244140625000000 70.56999969482421875000 57.97000122070312500000 10.97000026702880859375 2.94000005722045898438 17.30999946594238281250 65.30999755859375000000 6.88000011444091796875 63.47000122070312500000 6.94000005722045898438
177.58000183105468750000 100.37000274658204546085 63.84000015258789062500 28.37000083923339843750 9.86999988555908203125 2.48000001907348632812 8.85000038146972656250 54.29000091552734375000 2.93000006675720214844 65.11000061035156250000 8.34000015258789062500
162.85000610351562500000 86.65000152587890625000 82.00000000000000000000 67.51999664306640625000 4.73999977111816406250 2.85999989509582519531 9.38000011444091796875 39.34999847412108664457 9.82999992370605646386 33.52999877929687500000 6.71999979019165039062
157.75999450683593750000 77.88999938964843750000 77.98999786376953125000 57.97000122070312500000 4.03999996185302734375 2.21000003814697265625 9.46000003814697265625 37.04999923706054687500 9.73999977111816406250 29.09000015258789062500 6.90000009536743164062
196.22999572753903407829 102.72000122070312500000 67.51999664306640625000 36.00000000000000000000 11.44999980926513671875 3.64000010490417480469 11.78999996185302734375 71.76000213623046875000 4.63999986648559570312 55.09000015258789062500 9.26000022888183593750
176.36000061035156250000 98.29000091552734375000 96.23000335693359375000 39.18999862670897726957 8.22999954223632812500 4.71999979019165039062 16.94000053405761718750 59.27999877929688210543 19.59000015258789062500 47.47999954223632812500 8.56000041961669921875
153.63999938964843750000 76.68000030517578125000 86.48000335693359375000 59.84000015258789062500 5.53999996185302734375 3.09999990463256835938 10.84000015258789062500 41.59999847412108664457 14.68999958038330078125 38.79999923706054687500 10.09000015258789062500
170.08000183105468750000 92.30000305175779828915 57.09999847412108664457 68.83999633789062500000 7.30000019073486328125 1.66999995708465576172 6.69000005722045898438 44.27999877929688210543 2.79999995231628417969 49.06000137329101562500 9.82999992370605646386
166.33000183105468750000 86.23999786376953125000 69.26000213623046875000 75.36000061035156250000 3.70000004768371582031 2.43000006675720214844 7.82000017166137695312 32.93999862670898437500 8.30000019073486328125 29.39999961853027699021 7.55000019073486328125
189.36999511718750000000 106.59999847412109375000 60.58000183105468750000 58.65999984741210937500 16.82999992370605468750 2.26999998092651367188 9.43000030517577947364 68.27999877929687500000 2.29999995231628417969 68.81999969482421875000 8.78999996185302734375
158.39999389648437500000 76.45999908447265625000 74.16999816894531250000 57.49000167846679687500 6.36999988555908203125 3.08999991416931152344 9.69999980926513671875 54.81000137329101562500 9.43999958038330078125 38.50999832153320312500 6.78000020980834960938
182.27999877929687500000 92.66999816894532671085 97.19999694824220171085 37.77999877929688210543 10.06999969482422052636 5.07999992370605468750 18.95000076293945312500 68.87999725341796875000 17.79999923706054687500 52.61999893188476562500 6.48999977111816406250
159.75999450683593750000 79.61000061035156250000 84.44000244140625000000 66.00000000000000000000 4.63999986648559570312 3.33999991416931152344 10.00000000000000000000 38.47999954223632812500 15.13000011444091796875 36.54000091552734375000 5.88000011444091796875
155.97999572753906250000 78.25000000000000000000 82.40000152587890625000 60.31000137329101562500 4.69000005722045898438 2.47000002861022904810 11.36999988555908203125 39.84000015258789062500 12.47000026702880859375 48.29999923706054687500 7.07999992370605468750
170.16000366210937500000 83.91999816894531250000 85.56999969482421875000 55.88000106811523437500 7.92000007629394531250 4.94000005722045898438 20.36000061035155894729 70.02999877929687500000 18.67000007629394531250 52.72999954223632812500 6.44999980926513671875
200.22999572753903407829 112.41000366210937500000 62.13999938964843750000 51.86000061035156250000 14.65999984741210937500 2.90000009536743208471 12.77999973297119140625 64.05999755859375000000 3.06999993324279785156 64.38999938964843750000 8.31000041961669921875
146.82000732421875000000 73.66000366210937500000 82.26000213623046875000 68.98000335693359375000 5.42999982833862304688 3.01999998092651367188 10.15999984741210937500 37.65999984741210937500 14.92000007629394353614 39.54999923706054687500 8.23999977111816406250
160.61000061035156250000 82.08000183105468750000 80.98000335693359375000 58.40000152587890625000 4.76999998092651367188 2.54999995231628417969 10.40999984741210937500 39.95000076293945312500 14.72000026702880859375 35.81999969482421875000 6.67000007629394531250
159.72999572753906250000 84.66999816894531250000 81.55000305175781250000 61.70000076293945312500 5.21999979019165039062 3.31999993324279785156 9.94999980926513671875 44.08000183105468750000 12.35000038146972833886 32.86000061035156250000 5.23000001907348632812
152.19999694824218750000 80.23000335693359375000 79.41999816894531250000 66.00000000000000000000 3.46000003814697265625 3.20000004768371582031 7.86999988555908203125 32.72999954223632812500 10.30000019073486328125 30.46999931335448863479 5.84000015258789062500
195.91999816894531250000 105.44999694824220171085 68.55999755859375000000 55.54999923706054687500 7.40000009536743164062 2.91000008583068847656 11.10999965667724609375 63.09000015258789062500 7.36000013351440429688 42.68999862670897726957 18.92000007629394531250
154.41999816894531250000 80.52999877929687500000 69.48000335693359375000 63.20000076293945312500 5.09000015258789062500 2.50999999046325683594 8.32999992370605468750 39.91999816894531250000 7.80999994277954101562 34.40000152587890625000 7.05000019073486328125
172.13999938964843750000 87.87999725341796875000 86.48999786376953125000 40.22000122070312500000 4.32000017166137695312 1.89999997615814208984 11.00000000000000000000 40.93000030517578125000 11.57999992370605646386 54.25000000000000000000 7.46000003814697265625
154.41999816894531250000 79.73999786376953125000 80.37999725341796875000 57.31000137329101562500 4.34000015258789062500 1.57000005245208740234 9.72999954223632812500 40.00999832153320312500 6.98999977111816406250 47.22000122070312500000 8.25000000000000000000
151.91999816894531250000 76.51999664306640625000 82.87000274658203125000 62.88000106811523437500 4.34999990463256835938 2.75999999046325683594 9.65999984741210937500 36.45999908447265625000 12.27999973297119140625 33.27000045776367187500 6.55999994277954101562
157.36000061035156250000 76.45999908447265625000 82.93000030517578125000 72.20999908447265625000 5.73999977111816406250 2.75999999046325683594 10.85999965667724609375 49.93999862670897726957 9.76000022888183593750 38.63999938964843750000 7.23000001907348632812
161.82000732421875000000 85.41000366210937500000 81.69999694824218750000 29.86000061035155894729 12.81999969482422052636 2.47000002861022904810 12.26000022888183593750 50.41999816894531250000 5.61999988555908203125 65.31999969482421875000 6.28000020980834960938
174.78999328613281250000 102.47000122070312500000 68.18000030517578125000 45.61999893188476562500 14.13000011444091796875 3.10999989509582519531 10.00000000000000000000 59.88000106811523437500 3.02999997138977050781 62.63000106811523437500 7.30000019073486328125
171.61000061035156250000 92.01999664306640625000 87.77999877929687500000 42.36999893188476562500 11.14000034332275390625 3.95000004768371582031 13.35000038146972833886 56.06000137329101562500 12.32999992370605646386 56.15999984741210937500 7.80000019073486328125
165.36000061035156250000 83.73999786376953125000 81.55999755859375000000 56.38000106811523437500 14.28999996185302734375 3.59999990463256835938 21.39999961853027699021 80.25000000000000000000 9.60000038146972833886 70.05999755859375000000 7.00000000000000000000
170.00000000000000000000 92.29000091552734375000 60.95000076293945312500 70.80000305175781250000 10.81999969482422052636 2.24000000953674316406 7.55000019073486328125 52.41999816894531250000 2.97000002861022904810 39.84999847412108664457 5.53000020980834960938
168.71000671386718750000 87.76999664306640625000 82.58000183105468750000 66.54000091552734375000 5.63000011444091796875 3.09999990463256835938 9.57999992370605646386 41.29999923706054687500 8.72000026702880859375 33.29999923706054687500 8.77000045776367187500
167.46000671386718750000 90.48000335693359375000 68.56999969482421875000 77.30999755859375000000 8.25000000000000000000 4.82000017166137695312 15.18999958038330078125 57.08000183105468750000 9.72999954223632812500 49.20000076293945312500 7.92999982833862304688
174.67999267578125000000 94.97000122070312500000 64.27999877929687500000 44.22000122070312500000 8.43000030517578125000 1.91999995708465598376 6.90000009536743164062 43.40000152587890625000 2.76999998092651367188 50.09000015258789062500 9.02999973297119140625
163.50000000000000000000 85.33000183105468750000 74.23999786376953125000 71.33000183105468750000 6.09999990463256835938 4.05000019073486328125 10.92000007629394353614 47.00000000000000000000 10.60000038146972833886 41.08000183105468750000 5.46999979019165039062
163.71000671386718750000 88.75000000000000000000 67.08999633789062500000 50.93999862670897726957 7.90000009536743164062 2.55999994277954101562 7.42999982833862304688 40.20000076293945312500 7.63000011444091796875 40.40999984741210937500 7.44000005722045898438
182.36999511718750000000 97.40000152587890625000 75.22000122070312500000 62.61000061035156250000 7.09999990463256835938 3.53999996185302778784 10.01000022888183593750 41.79000091552734375000 11.31999969482422052636 41.09999847412108664457 10.72999954223632812500
179.57000732421875000000 91.50000000000000000000 74.45999908447265625000 41.24000167846679687500 13.47999954223632812500 2.91000008583068847656 14.71000003814697265625 70.52999877929687500000 4.07000017166137695312 70.51000213623046875000 8.51000022888183593750
146.36999511718750000000 73.55000305175781250000 73.16000366210937500000 62.65999984741210937500 5.38000011444091796875 1.72000002861022949219 6.05000019073486328125 39.68000030517578125000 4.28000020980834960938 32.25000000000000000000 7.88999986648559570312
165.97999572753906250000 81.55000305175781250000 86.72000122070312500000 64.88999938964843750000 4.51000022888183593750 2.99000000953674316406 11.68999958038330078125 42.99000167846679687500 17.37000083923339843750 46.97999954223632812500 7.01999998092651367188
161.39999389648437500000 91.11000061035156250000 85.05999755859375000000 60.54999923706054687500 9.28999996185302734375 4.59000015258789062500 16.70000076293945312500 58.02999877929688210543 16.14999961853027343750 50.93000030517578125000 6.48999977111816406250
193.27000427246090907829 104.13999938964843750000 65.25000000000000000000 44.81999969482421875000 13.32999992370605646386 2.52999997138977050781 8.93999958038330078125 61.86000061035156250000 3.43000006675720214844 58.61999893188476562500 16.40999984741210937500
194.52000427246090907829 108.68000030517578125000 55.33000183105468750000 48.75000000000000000000 5.92000007629394531250 1.80999994277954101562 4.55000019073486328125 35.22999954223632812500 1.88999998569488525391 44.04999923706054687500 8.43999958038330078125
183.72999572753903407829 95.98000335693359375000 67.87999725341796875000 66.77999877929687500000 7.98999977111816406250 2.56999993324279785156 10.10999965667724609375 48.61000061035156250000 8.80000019073486328125 44.00999832153320312500 7.55000019073486328125
171.27000427246093750000 87.02999877929687500000 60.63000106811523437500 70.83000183105468750000 7.59000015258789062500 2.00000000000000000000 6.96000003814697265625 38.54000091552734375000 4.15000009536743164062 38.52000045776367187500 9.17000007629394353614
175.19999694824218750000 92.33999633789062500000 71.62000274658203125000 52.56999969482421875000 10.18999958038330078125 3.51999998092651367188 13.93000030517577947364 64.37000274658203125000 3.52999997138977050781 66.52999877929687500000 8.11999988555908203125
184.82000732421875000000 96.98000335693359375000 54.84000015258789062500 76.25000000000000000000 11.89999961853027166114 2.00000000000000000000 6.69000005722045898438 56.24000167846679687500 2.35999989509582519531 48.81000137329101562500 9.18000030517577947364
145.10000610351562500000 72.05000305175781250000 80.13999938964843750000 75.36000061035156250000 6.78000020980834960938 1.67999994754791259766 10.57999992370605646386 45.11999893188476562500 9.77000045776367187500 37.06999969482421875000 7.11000013351440429688
177.08999633789062500000 99.61000061035156250000 69.12000274658203125000 38.88000106811523437500 11.81999969482422052636 3.09999990463256835938 11.76000022888183593750 53.79999923706054687500 2.89000010490417480469 63.29000091552734375000 9.02000045776367187500
159.22999572753906250000 88.83999633789062500000 71.29000091552734375000 69.34999847412109375000 3.38000011444091796875 2.25999999046325683594 6.15000009536743164062 31.48999977111816406250 7.59000015258789062500 25.70000076293945312500 5.38999986648559570312
208.25999450683596592171 115.98999786376951703915 58.90000152587890625000 76.87000274658203125000 10.55000019073486328125 4.96999979019165039062 15.57999992370605646386 63.40999984741210937500 3.92000007629394486841 67.68000030517578125000 13.56999969482422052636
157.46000671386718750000 83.62999725341796875000 83.51999664306640625000 50.77000045776367187500 5.28000020980834960938 4.26000022888183593750 11.00000000000000000000 43.77999877929688210543 9.71000003814697265625 35.45000076293945312500 5.23000001907348632812
182.88000488281250000000 94.19000244140623578915 78.05000305175781250000 37.25000000000000000000 19.36000061035155894729 3.73000001907348632812 17.52000045776367187500 78.05999755859375000000 6.32000017166137695312 73.86000061035156250000 6.92999982833862304688
157.75999450683593750000 79.26999664306640625000 86.51999664306640625000 59.81000137329101562500 6.50000000000000000000 4.28000020980834960938 14.47000026702880859375 49.34000015258789062500 14.57999992370605646386 42.31999969482421875000 6.65999984741210937500
167.33000183105468750000 91.45999908447265625000 79.95999908447265625000 40.68000030517578125000 6.82000017166137695312 3.77999997138977050781 14.21000003814697265625 55.36000061035156250000 10.73999977111816406250 42.66999816894531250000 7.69000005722045898438
163.69000244140625000000 76.40000152587890625000 62.08000183105468750000 72.12000274658203125000 6.25000000000000000000 1.25000000000000000000 4.61999988555908203125 43.54000091552734375000 3.14000010490417480469 34.20999908447265625000 9.92000007629394353614
155.67999267578125000000 81.36000061035156250000 78.63999938964843750000 65.55000305175781250000 5.13999986648559570312 4.23999977111816406250 10.30000019073486328125 40.27000045776367187500 11.84000015258789062500 32.50000000000000000000 6.65000009536743164062
181.55000305175781250000 96.83999633789062500000 63.45000076293945312500 77.22000122070312500000 8.64999961853027343750 1.53999996185302712171 10.22000026702880859375 54.36000061035156250000 1.87999999523162841797 52.88999938964843750000 13.02000045776367187500
153.03999328613281250000 81.97000122070312500000 82.87999725341796875000 65.34999847412109375000 4.71000003814697265625 2.90000009536743208471 10.44999980926513671875 41.31999969482421875000 15.60000038146972833886 36.66999816894531250000 6.82000017166137695312
184.66999816894531250000 99.20999908447265625000 98.94999694824220171085 43.45000076293945312500 12.40999984741210937500 6.53000020980834960938 21.14999961853027699021 79.61000061035156250000 19.37000083923339843750 60.58000183105468750000 8.02999973297119140625
197.86999511718750000000 100.27999877929687500000 61.25999832153320312500 65.75000000000000000000 11.94999980926513671875 3.13000011444091796875 15.03999996185302734375 68.04000091552734375000 3.11999988555908203125 68.58999633789062500000 14.77999973297119140625
161.35000610351562500000 81.87000274658203125000 69.61000061035156250000 61.00999832153320312500 7.51000022888183593750 3.89000010490417480469 10.53999996185302734375 51.25000000000000000000 7.82999992370605468750 39.15999984741210937500 8.47000026702880859375
167.16999816894531250000 84.05000305175781250000 70.01000213623046875000 30.97999954223632812500 7.38999986648559570312 1.85000002384185791016 11.14000034332275390625 51.79000091552734375000 4.65999984741210937500 50.47000122070312500000 7.21999979019165039062
169.33999633789062500000 85.63999938964843750000 58.65000152587890625000 73.31999969482421875000 4.21999979019165039062 1.24000000953674316406 5.11000013351440429688 40.27999877929688210543 1.91999995708465598376 33.81999969482421875000 8.82999992370605468750
179.82000732421875000000 97.77999877929687500000 66.20999908447265625000 39.27000045776367187500 9.00000000000000000000 2.43000006675720214844 8.60000038146972656250 46.77999877929688210543 3.54999995231628417969 49.49000167846679687500 11.77999973297119140625
159.47000122070312500000 81.16999816894531250000 65.76000213623046875000 70.69000244140625000000 3.07999992370605468750 1.15999996662139892578 6.03999996185302734375 26.54000091552734375000 7.15000009536743164062 35.95000076293945312500 8.77999973297119140625
163.17999267578125000000 83.44999694824218750000 82.08000183105468750000 45.70000076293945312500 13.21000003814697265625 4.42999982833862304688 16.00000000000000000000 65.37999725341796875000 10.82999992370605646386 66.01000213623046875000 7.05999994277954101562
163.00999450683593750000 85.55000305175781250000 78.61000061035156250000 41.75999832153320312500 10.14999961853027166114 2.75000000000000000000 12.73999977111816406250 62.75000000000000000000 8.57999992370605468750 58.59999847412108664457 6.40999984741210937500
163.88000488281250000000 89.34999847412109375000 81.94999694824218750000 55.27000045776367187500 6.59000015258789062500 2.75000000000000000000 10.61999988555908203125 48.63000106811523437500 10.10999965667724609375 39.93999862670897726957 5.88999986648559570312
158.49000549316406250000 73.76000213623046875000 81.01000213623046875000 68.55999755859375000000 4.09999990463256835938 2.26999998092651367188 8.89999961853027343750 38.29000091552734375000 11.46000003814697265625 31.34000015258789062500 7.73000001907348632812
157.02999877929687500000 73.06999969482421875000 83.41999816894531250000 65.48000335693359375000 5.03000020980834960938 2.82999992370605468750 13.78999996185302734375 41.29999923706054687500 15.02000045776367187500 48.52999877929688210543 7.28999996185302734375
177.19999694824218750000 93.69999694824220171085 68.62000274658203125000 76.62000274658203125000 6.46000003814697265625 4.48000001907348632812 13.10000038146972833886 45.88999938964843750000 11.59000015258789062500 48.54999923706054687500 9.75000000000000000000
152.42999267578125000000 76.55999755859375000000 72.29000091552734375000 66.88999938964843750000 5.76000022888183593750 1.49000000953674316406 9.27000045776367187500 43.77999877929688210543 5.38000011444091796875 45.59000015258789062500 7.96000003814697265625
145.30000305175781250000 76.47000122070312500000 76.95999908447265625000 72.76999664306640625000 2.91000008583068847656 1.26999998092651367188 4.13999986648559570312 21.56999969482421875000 9.32999992370605646386 20.25000000000000000000 5.57000017166137695312
170.86000061035156250000 94.69000244140623578915 63.18000030517578125000 66.25000000000000000000 9.39999961853027166114 3.20000004768371582031 11.71000003814697265625 54.74000167846679687500 4.67999982833862304688 53.97999954223632812500 8.76000022888183593750
178.52000427246093750000 95.69999694824220171085 68.55000305175781250000 69.86000061035156250000 8.56999969482421875000 2.28999996185302778784 12.50000000000000000000 53.70000076293945312500 3.80999994277954101562 51.20000076293945312500 12.30000019073486328125
158.66000366210937500000 75.45999908447265625000 79.65000152587890625000 65.76999664306640625000 4.98999977111816406250 1.58000004291534423828 7.13999986648559570312 42.99000167846679687500 6.86999988555908203125 37.36999893188476562500 6.82999992370605468750
156.69000244140625000000 83.23999786376953125000 77.29000091552734375000 65.41000366210937500000 6.28999996185302734375 2.67000007629394531250 10.11999988555908203125 34.38000106811523437500 13.42000007629394353614 41.52999877929688210543 6.73000001907348632812
180.91999816894531250000 93.94999694824220171085 70.61000061035156250000 62.41999816894531250000 20.54999923706054687500 3.52999997138977050781 19.35000038146972656250 81.83999633789062500000 7.90000009536743164062 76.87000274658203125000 6.78000020980834960938
164.50000000000000000000 81.00000000000000000000 80.19000244140625000000 65.84999847412109375000 7.55000019073486328125 3.69000005722045898438 12.51000022888183593750 37.49000167846679687500 12.46000003814697265625 48.25000000000000000000 9.07999992370605646386
166.33999633789062500000 89.93000030517578125000 76.41999816894531250000 65.73000335693359375000 9.17000007629394353614 2.46000003814697265625 11.97999954223632812500 46.90999984741210937500 8.31000041961669921875 54.61999893188476562500 6.21999979019165039062
151.91999816894531250000 77.16999816894531250000 79.22000122070312500000 63.33000183105468750000 4.40000009536743164062 1.69000005722045898438 5.73000001907348632812 29.90999984741210937500 4.40000009536743164062 23.48999977111816406250 6.19000005722045898438
148.77000427246093750000 73.26000213623046875000 83.80000305175781250000 53.13000106811523437500 8.85000038146972656250 2.92000007629394531250 14.21000003814697265625 63.22000122070312500000 9.76000022888183593750 55.95999908447265625000 6.34000015258789062500
169.82000732421875000000 92.62999725341795453915 65.15000152587890625000 71.12999725341796875000 3.40000009536743208471 2.23000001907348632812 6.69999980926513671875 35.06000137329101562500 4.19999980926513671875 22.75000000000000000000 6.55999994277954101562
161.41000366210937500000 86.83000183105468750000 65.66999816894531250000 51.00000000000000000000 7.07999992370605468750 2.43000006675720214844 7.07000017166137695312 47.41999816894531250000 4.21000003814697265625 41.68000030517578125000 9.06999969482422052636
168.25999450683593750000 81.52999877929687500000 71.91000366210937500000 53.49000167846679687500 4.96999979019165039062 2.50999999046325683594 8.77999973297119140625 50.63999938964843750000 7.67999982833862304688 34.61999893188476562500 10.15999984741210937500
156.63000488281250000000 81.84999847412109375000 80.23000335693359375000 60.68999862670897726957 4.88000011444091796875 2.22000002861022904810 8.64999961853027343750 42.59999847412108664457 12.64000034332275390625 33.09999847412109375000 4.80000019073486328125
190.97000122070312500000 100.62999725341795453915 59.16999816894531250000 72.19000244140625000000 11.14999961853027166114 3.59999990463256835938 16.54000091552734375000 66.84999847412109375000 6.32000017166137695312 65.23000335693359375000 12.14999961853027166114
157.55999755859375000000 77.41999816894531250000 76.09999847412109375000 69.44999694824218750000 6.30999994277954101562 1.45000004768371582031 8.64000034332275390625 45.13999938964843750000 5.92000007629394531250 39.81000137329101562500 7.05999994277954101562
157.69999694824218750000 82.62000274658203125000 74.47000122070312500000 59.72000122070312500000 9.11999988555908203125 1.98000001907348632812 9.18000030517577947364 53.59999847412108664457 3.71000003814697265625 50.97999954223632812500 4.82000017166137695312
163.55999755859375000000 83.30000305175781250000 75.16000366210937500000 64.80999755859375000000 4.86000013351440429688 1.62999999523162841797 8.65999984741210937500 42.11000061035156250000 8.72999954223632812500 31.02000045776367187500 7.44999980926513671875
162.38999938964843750000 83.40000152587890625000 81.48999786376953125000 58.00999832153320312500 5.44999980926513671875 2.16000008583068847656 8.73999977111816406250 51.22999954223632812500 10.94999980926513671875 34.29000091552734375000 6.28999996185302734375
181.75000000000000000000 94.72000122070312500000 92.55999755859376421085 28.69000053405761718750 16.31999969482421875000 4.26000022888183593750 16.52000045776367187500 75.19000244140625000000 11.55000019073486328125 75.00000000000000000000 8.21000003814697265625
178.25000000000000000000 95.29000091552734375000 72.25000000000000000000 27.81999969482421875000 11.26000022888183593750 2.78999996185302778784 11.88000011444091796875 54.52000045776367187500 4.23000001907348632812 65.87000274658203125000 8.01000022888183593750
149.21000671386718750000 77.69999694824218750000 76.47000122070312500000 71.98000335693359375000 5.01000022888183593750 1.49000000953674316406 7.11000013351440429688 37.27999877929688210543 6.92000007629394531250 32.25999832153320312500 7.17999982833862304688
186.44000244140625000000 98.26000213623048296085 80.79000091552734375000 57.93000030517578125000 6.98000001907348632812 2.49000000953674316406 9.14999961853027166114 51.38999938964843750000 8.97999954223632812500 37.13000106811523437500 6.38999986648559570312
176.78999328613281250000 83.48000335693359375000 67.09999847412109375000 61.18000030517578125000 11.32999992370605646386 2.39000010490417480469 12.52999973297119140625 66.59999847412109375000 4.69999980926513671875 59.00000000000000000000 10.06000041961669921875
180.77999877929687500000 95.27999877929687500000 63.95000076293945312500 44.65999984741210937500 9.76000022888183593750 3.04999995231628417969 7.94999980926513671875 47.25999832153320312500 1.59000003337860107422 50.84999847412108664457 6.82999992370605468750
170.27000427246093750000 89.66999816894531250000 72.45999908447265625000 62.27999877929688210543 5.11999988555908203125 2.76999998092651367188 11.01000022888183593750 49.18000030517578125000 9.34000015258789062500 38.56000137329101562500 9.92000007629394353614
164.25000000000000000000 89.29000091552734375000 64.36000061035156250000 67.37000274658203125000 9.72000026702880859375 2.44000005722045898438 10.52999973297119140625 48.43000030517578125000 3.74000000953674316406 52.77000045776367187500 7.13000011444091796875
163.77999877929687500000 82.91000366210937500000 92.01999664306640625000 48.70999908447265625000 6.78000020980834960938 3.55999994277954101562 15.88000011444091796875 62.74000167846679687500 16.25000000000000000000 50.72000122070312500000 4.23999977111816406250
162.77000427246093750000 78.68000030517578125000 84.52999877929687500000 59.33000183105468750000 4.11999988555908203125 1.89999997615814208984 10.02999973297119140625 37.86999893188476562500 14.81000041961669921875 48.68999862670897726957 9.78999996185302734375
174.47000122070312500000 97.45999908447265625000 70.25000000000000000000 73.87999725341796875000 3.64000010490417480469 2.25999999046325683594 7.69999980926513671875 31.72999954223632812500 9.42000007629394353614 29.53000068664550781250 6.36999988555908203125
168.97000122070312500000 89.18000030517578125000 84.93000030517578125000 63.04999923706054687500 5.46999979019165039062 3.46000003814697265625 9.53999996185302734375 40.58000183105468750000 13.72000026702880859375 34.02999877929687500000 7.23999977111816406250
176.96000671386718750000 99.29000091552734375000 73.43000030517578125000 70.30000305175781250000 11.00000000000000000000 3.70000004768371582031 16.36000061035156250000 65.55999755859375000000 12.97999954223632812500 63.72000122070312500000 7.57999992370605468750
231.72999572753903407829 121.11000061035156250000 58.58000183105468750000 57.41999816894531250000 8.14000034332275390625 1.92999994754791281970 6.26999998092651367188 41.72000122070312500000 2.46000003814697265625 47.91999816894531250000 30.43000030517578125000
156.22999572753906250000 81.66999816894531250000 78.11000061035156250000 68.50000000000000000000 5.40999984741210937500 2.70000004768371582031 8.34000015258789062500 37.68000030517578125000 10.52000045776367187500 33.45999908447265625000 6.98999977111816406250
202.41000366210934657829 103.30000305175779828915 74.87000274658203125000 49.33000183105468750000 10.10999965667724609375 3.76999998092651367188 13.22000026702880859375 73.63999938964843750000 7.78999996185302734375 53.54000091552734375000 16.04999923706054687500
171.27000427246093750000 92.33999633789062500000 64.16000366210937500000 73.12000274658203125000 10.55000019073486328125 2.66000008583068847656 7.88000011444091796875 43.11000061035156250000 2.96000003814697265625 56.63000106811523437500 7.96999979019165039062
181.07000732421875000000 99.91000366210937500000 72.86000061035156250000 41.20999908447265625000 5.67000007629394531250 2.22000002861022904810 7.01000022888183593750 37.90000152587890625000 4.84999990463256835938 30.97999954223632812500 8.57999992370605468750
154.27999877929687500000 80.29000091552734375000 83.08999633789062500000 64.44999694824218750000 5.98999977111816406250 4.01000022888183593750 13.14999961853027166114 55.22999954223632812500 12.82999992370605646386 42.04000091552734375000 6.94999980926513671875
183.33999633789065342171 105.81999969482421875000 61.56000137329101562500 71.80000305175781250000 8.89999961853027343750 2.25000000000000000000 11.18000030517577947364 51.29000091552734375000 2.63000011444091796875 62.04000091552734375000 7.32999992370605468750
156.97999572753906250000 86.37000274658203125000 78.48999786376953125000 57.90999984741210937500 5.65000009536743164062 3.75999999046325683594 11.35000038146972833886 41.72000122070312500000 11.10000038146972833886 36.15999984741210937500 5.90000009536743164062
176.07000732421875000000 91.76000213623048296085 71.26999664306640625000 47.15000152587890625000 12.40999984741210937500 2.80999994277954101562 12.75000000000000000000 66.23000335693359375000 3.99000000953674316406 73.59999847412109375000 9.36999988555908203125
173.22999572753906250000 96.84999847412109375000 61.90999984741210937500 73.68000030517578125000 3.95000004768371582031 1.50999999046325683594 5.09000015258789062500 39.70000076293945312500 3.88000011444091796875 30.78000068664550781250 8.81999969482421875000
186.97000122070312500000 102.70999908447265625000 66.94999694824218750000 69.22000122070312500000 8.59000015258789062500 1.89999997615814208984 11.06999969482422052636 60.61000061035156250000 4.86999988555908203125 46.97000122070312500000 12.11999988555908203125
186.94000244140625000000 99.05999755859376421085 89.79000091552734375000 50.70000076293945312500 9.52999973297119140625 5.90999984741210937500 18.28000068664550781250 63.79999923706054687500 19.94000053405761718750 59.49000167846679687500 10.27999973297119140625
149.86999511718750000000 84.08000183105468750000 69.97000122070312500000 74.58000183105468750000 4.00000000000000000000 2.43000006675720214844 8.56000041961669921875 31.43000030517578125000 7.84000015258789062500 31.63999938964844105271 5.53999996185302734375
170.83999633789062500000 91.70999908447265625000 65.68000030517578125000 63.68000030517578125000 12.80000019073486328125 3.25999999046325683594 16.21999931335449218750 59.31999969482421875000 4.98999977111816406250 70.12999725341796875000 8.80000019073486328125
164.89999389648437500000 79.66999816894531250000 69.01000213623046875000 74.90000152587890625000 3.99000000953674316406 1.53999996185302712171 6.71000003814697265625 32.47000122070312500000 6.92000007629394531250 30.77000045776367187500 7.88999986648559570312
182.66999816894531250000 95.41999816894532671085 62.11999893188476562500 66.44000244140625000000 9.13000011444091796875 2.79999995231628417969 8.60000038146972656250 48.16999816894531250000 4.07999992370605468750 45.11000061035156250000 15.30000019073486328125
145.32000732421875000000 71.50000000000000000000 84.91000366210937500000 59.06999969482421875000 4.26000022888183593750 2.23000001907348632812 10.80000019073486328125 36.52000045776367187500 13.86999988555908203125 50.34000015258789062500 7.30999994277954101562
170.78999328613281250000 90.38999938964843750000 79.73999786376953125000 56.68999862670897726957 9.56999969482422052636 3.52999997138977050781 12.77000045776367187500 60.38000106811523437500 10.67000007629394353614 50.08000183105468750000 4.57000017166137695312
181.69999694824218750000 92.93000030517578125000 91.51000213623048296085 57.99000167846679687500 8.60999965667724609375 3.19000005722045898438 20.62999916076660156250 60.13000106811523437500 20.25000000000000000000 83.30999755859375000000 9.61999988555908203125
160.86000061035156250000 85.69999694824218750000 65.54000091552734375000 51.38999938964843750000 4.96000003814697265625 1.50999999046325683594 7.86999988555908203125 45.09999847412108664457 7.11000013351440429688 30.87000083923339843750 8.47999954223632812500
157.50999450683593750000 77.36000061035156250000 86.59999847412109375000 52.18999862670897726957 6.05999994277954101562 2.30999994277954101562 13.80000019073486328125 50.18000030517578125000 15.27999973297119140625 62.81000137329101562500 7.26000022888183593750
171.35000610351562500000 88.38999938964843750000 88.20999908447265625000 55.27999877929688210543 9.07999992370605646386 3.99000000953674316406 10.50000000000000000000 60.36999893188476562500 14.63000011444091796875 55.00999832153320312500 9.19999980926513671875
183.63000488281250000000 97.84999847412109375000 72.37999725341796875000 29.20000076293945312500 11.51000022888183593750 3.36999988555908203125 9.64000034332275390625 45.79000091552734375000 6.69000005722045898438 72.72000122070312500000 11.89999961853027166114
163.47000122070312500000 78.73999786376953125000 86.13999938964843750000 63.22000122070312500000 10.57999992370605646386 3.22000002861022904810 22.79999923706054687500 70.16999816894531250000 15.57999992370605646386 80.37000274658203125000 7.40000009536743164062
216.66999816894531250000 119.30000305175779828915 67.69999694824218750000 44.68000030517578125000 11.69999980926513671875 2.97000002861022904810 10.82999992370605646386 53.86999893188476562500 2.80999994277954101562 63.77999877929688210543 22.95000076293945312500
161.77000427246093750000 85.44999694824218750000 70.05999755859375000000 67.04000091552734375000 3.69000005722045898438 2.20000004768371582031 7.75000000000000000000 32.84999847412109375000 7.32000017166137695312 29.69000053405761718750 6.46000003814697265625
175.49000549316406250000 94.86000061035156250000 66.77999877929687500000 44.95000076293945312500 9.77000045776367187500 2.29999995231628417969 9.94999980926513671875 49.29000091552734375000 3.05999994277954101562 70.08000183105468750000 6.86999988555908203125
155.77999877929687500000 82.73000335693359375000 72.97000122070312500000 64.95999908447265625000 4.32999992370605468750 1.70000004768371582031 5.82999992370605468750 32.45000076293945312500 6.94999980926513671875 28.17000007629394531250 5.17999982833862304688
184.94999694824218750000 99.26999664306640625000 68.70999908447265625000 43.97999954223632812500 7.65999984741210937500 1.75000000000000000000 10.10999965667724609375 54.99000167846679687500 4.57999992370605468750 51.38000106811523437500 11.18000030517577947364
160.42999267578125000000 82.34999847412109375000 79.83999633789062500000 58.56999969482421875000 10.39000034332275390625 3.84999990463256791529 16.37999916076660156250 62.36999893188476562500 7.65000009536743164062 56.45999908447265625000 7.88999986648559570312
165.13999938964843750000 78.51999664306640625000 75.68000030517578125000 56.15000152587890625000 8.44999980926513671875 1.88999998569488525391 14.98999977111816406250 54.61000061035156250000 9.02000045776367187500 70.72000122070312500000 8.68999958038330078125
164.58999633789062500000 88.16000366210937500000 64.08999633789062500000 38.15000152587890625000 5.23000001907348632812 2.04999995231628417969 5.55999994277954101562 35.99000167846679687500 4.15999984741210937500 27.55999946594238281250 7.90000009536743164062
166.77999877929687500000 92.16000366210937500000 65.36000061035156250000 64.93000030517578125000 5.38000011444091796875 2.24000000953674316406 7.82999992370605468750 42.38999938964843750000 5.90999984741210937500 31.29000091552734375000 6.94000005722045898438
181.64999389648440342171 100.31999969482421875000 75.44999694824218750000 35.75999832153320312500 16.17000007629394531250 3.29999995231628417969 13.97999954223632812500 69.88999938964843750000 3.23000001907348632812 75.61000061035156250000 7.38000011444091796875
170.27000427246093750000 96.23000335693359375000 70.51999664306640625000 33.29000091552734375000 12.89000034332275390625 2.72000002861022904810 12.75000000000000000000 70.47000122070312500000 4.42000007629394531250 82.91999816894531250000 6.23999977111816406250
160.80999755859375000000 81.22000122070312500000 79.37999725341796875000 48.52000045776367187500 4.38999986648559570312 2.52999997138977050781 10.06000041961669921875 40.90999984741210937500 9.73999977111816406250 36.45999908447265625000 9.60999965667724609375
146.25000000000000000000 75.48999786376953125000 81.72000122070312500000 62.93000030517578125000 5.42999982833862304688 2.88000011444091796875 10.43000030517577947364 45.11999893188476562500 8.93000030517578125000 34.56999969482421875000 6.03999996185302734375
170.36000061035156250000 87.08999633789062500000 72.80999755859375000000 68.47000122070312500000 5.09000015258789062500 2.56999993324279785156 10.39000034332275390625 44.45999908447265625000 8.59000015258789062500 34.77000045776367187500 6.80999994277954101562
158.61000061035156250000 82.12999725341796875000 82.02999877929687500000 57.83000183105468750000 5.44000005722045898438 2.39000010490417480469 9.77000045776367187500 44.36000061035156250000 13.13000011444091796875 32.09000015258789062500 4.44000005722045898438
167.77999877929687500000 84.38999938964843750000 64.95999908447265625000 60.04000091552734375000 6.11000013351440429688 2.02999997138977050781 9.73999977111816406250 47.72000122070312500000 5.15000009536743164062 43.77999877929688210543 10.27000045776367187500
161.88000488281250000000 89.16000366210937500000 63.93999862670897726957 71.51000213623046875000 7.88999986648559570312 1.86000001430511474609 6.38999986648559570312 43.93999862670897726957 2.50999999046325683594 45.54000091552734375000 5.88999986648559570312
176.92999267578125000000 95.50000000000000000000 65.80000305175781250000 61.40000152587890625000 9.07999992370605646386 2.81999993324279785156 8.28999996185302734375 49.52000045776367187500 2.13000011444091796875 57.47999954223632812500 6.71999979019165039062
212.24000549316409092171 118.58999633789062500000 51.25999832153320312500 51.45999908447265625000 13.60000038146972833886 3.30999994277954101562 7.84000015258789062500 71.52999877929687500000 2.00000000000000000000 81.76000213623046875000 12.39000034332275390625
172.41000366210937500000 92.58000183105467328915 73.97000122070312500000 75.33999633789062500000 10.18999958038330078125 3.73000001907348632812 12.97000026702880859375 64.79000091552734375000 13.38000011444091796875 49.90000152587890625000 7.15999984741210937500
193.60000610351559657829 99.55999755859376421085 63.90999984741210937500 69.37999725341796875000 8.18999958038330078125 1.75999999046325683594 8.52000045776367187500 51.65999984741210937500 3.50000000000000000000 49.81000137329101562500 14.02000045776367187500
154.24000549316406250000 80.05000305175781250000 75.73999786376953125000 76.55000305175781250000 5.01000022888183593750 2.23000001907348632812 7.78999996185302734375 36.84000015258789062500 11.47000026702880859375 32.93000030517578125000 4.15000009536743164062
197.38000488281250000000 116.04000091552734375000 67.77999877929687500000 28.50000000000000000000 10.18000030517577947364 3.42000007629394531250 7.88999986648559570312 51.97999954223632812500 2.68000006675720214844 57.29999923706054687500 13.76000022888183593750
165.19000244140625000000 89.19999694824218750000 84.80000305175781250000 65.69000244140625000000 4.55000019073486328125 2.49000000953674316406 8.64000034332275390625 34.52999877929687500000 10.81999969482422052636 30.57999992370605113479 7.65999984741210937500
163.16000366210937500000 78.13999938964843750000 77.31999969482421875000 65.20999908447265625000 4.73000001907348632812 2.82999992370605468750 9.60999965667724609375 40.56999969482421875000 10.67000007629394353614 30.04000091552734375000 7.09999990463256835938
184.66999816894531250000 98.05000305175779828915 72.48999786376953125000 58.99000167846679687500 10.27999973297119140625 3.03999996185302778784 13.39000034332275390625 40.43000030517578125000 9.25000000000000000000 55.15999984741210937500 9.53999996185302734375
167.55000305175781250000 82.47000122070312500000 84.86000061035156250000 55.84999847412108664457 6.44000005722045898438 5.32999992370605468750 11.46000003814697265625 62.06000137329101562500 13.23999977111816406250 36.93000030517578125000 7.88999986648559570312
169.53999328613281250000 89.34999847412109375000 86.79000091552734375000 48.99000167846679687500 9.77999973297119140625 4.98000001907348632812 13.77000045776367187500 59.40000152587890625000 17.95000076293945312500 59.59000015258789062500 5.63999986648559570312
195.63999938964843750000 107.08000183105467328915 66.00000000000000000000 55.24000167846679687500 10.19999980926513671875 2.75999999046325683594 7.98999977111816406250 43.84000015258789062500 2.42000007629394531250 45.97999954223632812500 13.48999977111816406250
181.61000061035159092171 93.45999908447265625000 59.59999847412108664457 76.33999633789062500000 5.76999998092651367188 1.16999995708465576172 5.25000000000000000000 36.86000061035156250000 1.98000001907348632812 33.41999816894531250000 15.10999965667724609375
201.02000427246090907829 110.16999816894532671085 75.48000335693359375000 57.06999969482421875000 17.60000038146972656250 3.31999993324279785156 16.63999938964843750000 76.33000183105468750000 3.94000005722045898438 74.94999694824218750000 11.73999977111816406250
169.42999267578125000000 91.58999633789062500000 59.43999862670897726957 65.11000061035156250000 8.00000000000000000000 2.16000008583068847656 7.11000013351440429688 43.25999832153320312500 4.69000005722045898438 35.97000122070312500000 8.90999984741210937500
151.16000366210937500000 78.56999969482421875000 82.13999938964843750000 60.00999832153320312500 4.05999994277954101562 2.34999990463256835938 8.42000007629394531250 40.66999816894531250000 14.27999973297119140625 31.40999984741210937500 7.03000020980834960938
181.38999938964843750000 97.51999664306640625000 69.52999877929687500000 41.95000076293945312500 19.39999961853027699021 4.21000003814697265625 21.73999977111816406250 72.63999938964843750000 4.09999990463256835938 81.08999633789062500000 8.06000041961669921875
150.85000610351562500000 82.26999664306640625000 75.33999633789062500000 72.84999847412109375000 4.00000000000000000000 2.68000006675720214844 7.25000000000000000000 29.43000030517578125000 12.19999980926513671875 30.53000068664550781250 6.90999984741210937500
163.97000122070312500000 85.37999725341796875000 83.40000152587890625000 62.75999832153320312500 7.50000000000000000000 4.19999980926513671875 12.22999954223632812500 48.90999984741210937500 14.56000041961669921875 50.59000015258789062500 5.80999994277954101562
179.47000122070312500000 88.72000122070312500000 69.62000274658203125000 63.79000091552734375000 4.69999980926513671875 1.95000004768371604236 9.06000041961669921875 46.43000030517578125000 8.26000022888183593750 32.25999832153320312500 6.11999988555908203125
169.71000671386718750000 86.62999725341796875000 71.88999938964843750000 70.55999755859375000000 5.82000017166137695312 2.22000002861022904810 10.52999973297119140625 53.65000152587890625000 7.26000022888183593750 33.52000045776367187500 8.75000000000000000000
155.55000305175781250000 77.79000091552734375000 77.98999786376953125000 71.01000213623046875000 6.65000009536743164062 2.43000006675720214844 13.75000000000000000000 50.61000061035156250000 14.80000019073486328125 46.11999893188476562500 8.06999969482421875000
203.75000000000000000000 107.90000152587890625000 72.55000305175781250000 58.50999832153320312500 20.29000091552734375000 3.44000005722045898438 17.34000015258789062500 83.08000183105468750000 5.61000013351440429688 73.55000305175781250000 12.42000007629394353614
157.49000549316406250000 89.08999633789062500000 67.87000274658203125000 69.81999969482421875000 4.71000003814697265625 3.05999994277954101562 10.46000003814697265625 37.36000061035156250000 7.69000005722045898438 37.45999908447265625000 7.40999984741210937500
161.63999938964843750000 84.48000335693359375000 72.33999633789062500000 64.02999877929687500000 4.84000015258789062500 1.51999998092651367188 9.13000011444091796875 43.74000167846679687500 8.81999969482421875000 33.84999847412109375000 7.44000005722045898438
159.94000244140625000000 88.61000061035156250000 60.18999862670897726957 71.06999969482421875000 4.46000003814697265625 1.50000000000000000000 5.26000022888183593750 36.72000122070312500000 3.56999993324279785156 24.95000076293945312500 7.86999988555908203125
172.83999633789062500000 87.33000183105468750000 79.73000335693359375000 57.13999938964843750000 4.92000007629394531250 2.84999990463256835938 6.94000005722045898438 40.16999816894531250000 8.52000045776367187500 27.68000030517578125000 9.07999992370605646386
172.85000610351562500000 92.51999664306640625000 71.01000213623046875000 69.58000183105468750000 10.03999996185302734375 4.30000019073486328125 11.60999965667724609375 54.02000045776367187500 7.05999994277954101562 56.66999816894531250000 8.10999965667724609375
175.91999816894531250000 95.04000091552734375000 66.09999847412109375000 65.66999816894531250000 5.71999979019165039062 2.77999997138977050781 8.96000003814697265625 40.36000061035156250000 6.86999988555908203125 35.91999816894531250000 6.65999984741210937500
150.07000732421875000000 77.95999908447265625000 77.33999633789062500000 66.30999755859375000000 3.88000011444091796875 2.77999997138977050781 7.92999982833862304688 40.86000061035156250000 8.78999996185302734375 30.50000000000000000000 5.42000007629394531250
164.72999572753906250000 93.58000183105467328915 65.44999694824218750000 47.15999984741210937500 13.14999961853027166114 3.25999999046325683594 12.01000022888183593750 53.13999938964843750000 2.79999995231628417969 73.76000213623046875000 6.32999992370605468750
158.66000366210937500000 83.30999755859375000000 66.51000213623046875000 60.43999862670897726957 3.25999999046325683594 1.85000002384185791016 6.11000013351440429688 28.69000053405761718750 4.11000013351440429688 25.86000061035155894729 4.53999996185302734375
158.69000244140625000000 89.01999664306640625000 64.84999847412109375000 75.98000335693359375000 4.65999984741210937500 2.24000000953674316406 6.51999998092651367188 39.72000122070312500000 4.01000022888183593750 30.02000045776367187500 5.76999998092651367188
171.36999511718750000000 88.11000061035156250000 60.33000183105468750000 67.81999969482421875000 8.52000045776367187500 1.41999995708465576172 9.42000007629394353614 55.16999816894531250000 2.39000010490417480469 40.86999893188476562500 9.35000038146972833886
150.36999511718750000000 78.84999847412109375000 69.29000091552734375000 76.45999908447265625000 4.07000017166137695312 2.15000009536743208471 6.19999980926513671875 31.15999984741210937500 7.94000005722045898438 27.59000015258789062500 5.40999984741210937500
182.41000366210934657829 87.33000183105468750000 62.72999954223632812500 69.40000152587890625000 7.61999988555908203125 1.59000003337860107422 9.81999969482422052636 51.09000015258789062500 2.54999995231628417969 57.90999984741210937500 11.94999980926513671875
164.72000122070312500000 87.34999847412109375000 77.19000244140625000000 60.77000045776367187500 7.67000007629394531250 3.86999988555908203125 12.43000030517577947364 63.09999847412108664457 11.30000019073486328125 48.88999938964843750000 5.57000017166137695312
166.00000000000000000000 88.19999694824218750000 78.30999755859375000000 39.18000030517578125000 12.47000026702880859375 3.14000010490417480469 17.89999961853027343750 77.37000274658203125000 5.96999979019165039062 70.18000030517578125000 9.35000038146972833886
173.83999633789062500000 85.66999816894531250000 62.81000137329101562500 66.16000366210937500000 5.88999986648559570312 1.40999996662139892578 8.27000045776367187500 44.38999938964843750000 3.63000011444091796875 41.45999908447265625000 8.02000045776367187500
187.38000488281250000000 106.44000244140623578915 64.26999664306640625000 43.50000000000000000000 15.63000011444091796875 4.19000005722045898438 12.36999988555908203125 67.51999664306640625000 2.11999988555908203125 74.73999786376953125000 9.13000011444091796875
168.08999633789062500000 81.16999816894531250000 90.93000030517578125000 56.72999954223632812500 5.80000019073486328125 2.54999995231628417969 14.34000015258789062500 56.15000152587890625000 22.04999923706054687500 63.59999847412108664457 8.61999988555908203125
213.89999389648440342171 118.19999694824220171085 63.88000106811523437500 61.22999954223632812500 10.31999969482422052636 2.01999998092651367188 8.75000000000000000000 44.97999954223632812500 2.35999989509582519531 59.75999832153320312500 22.98999977111816406250
167.27999877929687500000 95.61000061035156250000 67.12000274658203125000 67.01000213623046875000 13.98999977111816406250 3.64000010490417480469 15.89000034332275390625 60.49000167846679687500 3.80999994277954101562 71.45999908447265625000 5.57999992370605468750
163.02999877929687500000 84.80999755859375000000 67.16000366210937500000 65.61000061035156250000 3.89000010490417480469 2.46000003814697265625 5.94999980926513671875 38.90999984741210937500 5.67000007629394531250 28.71999931335448863479 8.35999965667724609375
152.89999389648437500000 78.05999755859375000000 79.01999664306640625000 67.16999816894531250000 3.80999994277954101562 3.24000000953674316406 9.92000007629394353614 33.93999862670898437500 12.98999977111816406250 44.27999877929688210543 6.71999979019165039062
176.60000610351562500000 94.97000122070312500000 75.68000030517578125000 61.63000106811523437500 7.80999994277954101562 4.90000009536743164062 15.50000000000000000000 61.84000015258789062500 8.17000007629394531250 46.59000015258789062500 9.18000030517577947364
166.71000671386718750000 92.26999664306640625000 67.62000274658203125000 71.40000152587890625000 6.84000015258789062500 1.97000002861022927014 7.44000005722045898438 41.50999832153320312500 3.84999990463256791529 35.47000122070312500000 6.30999994277954101562
171.50000000000000000000 90.31999969482421875000 76.98999786376953125000 32.70999908447265625000 13.92000007629394353614 3.00000000000000000000 13.14000034332275390625 68.66999816894531250000 4.63999986648559570312 72.51999664306640625000 8.69999980926513671875
177.94999694824218750000 90.84999847412109375000 74.87999725341796875000 55.86000061035156250000 9.84000015258789062500 3.38000011444091796875 10.72000026702880859375 45.18999862670897726957 10.68000030517577947364 43.59999847412108664457 7.76000022888183593750
156.94000244140625000000 79.40000152587890625000 86.41000366210937500000 50.97999954223632812500 7.11000013351440429688 3.13000011444091796875 13.51000022888183593750 43.54000091552734375000 14.30000019073486328125 47.79999923706054687500 7.34000015258789062500
154.17999267578125000000 80.37000274658203125000 75.06999969482421875000 67.26000213623046875000 4.65999984741210937500 1.57000005245208740234 8.13000011444091796875 37.22000122070312500000 10.94999980926513671875 26.35000038146972656250 5.96000003814697265625
194.36000061035159092171 105.51000213623048296085 69.56999969482421875000 47.86000061035156250000 15.11999988555908203125 4.65000009536743164062 17.77000045776367187500 70.65000152587890625000 6.34000015258789062500 69.76999664306640625000 16.61000061035156250000
171.67999267578125000000 96.26999664306640625000 74.43000030517578125000 44.97000122070312500000 5.80999994277954101562 1.94000005722045898438 8.90999984741210937500 53.20999908447265625000 9.01000022888183593750 38.49000167846679687500 6.21999979019165039062
171.58000183105468750000 89.22000122070312500000 80.23000335693359375000 53.68000030517578125000 7.42000007629394531250 4.96999979019165039062 14.10999965667724609375 57.40000152587890625000 12.14000034332275390625 44.84000015258789062500 7.65000009536743164062
160.42999267578125000000 81.98999786376953125000 71.47000122070312500000 49.31999969482421875000 4.82999992370605468750 1.92999994754791281970 10.43000030517577947364 37.61000061035156250000 8.26000022888183593750 45.54000091552734375000 5.61000013351440429688
173.38000488281250000000 82.36000061035156250000 90.16000366210937500000 52.15999984741210937500 6.59999990463256835938 2.04999995231628417969 15.10000038146972833886 53.72000122070312500000 16.37999916076660156250 54.97000122070312500000 10.93999958038330078125
144.75000000000000000000 74.58000183105468750000 78.54000091552734375000 70.94999694824218750000 3.01999998092651367188 1.87999999523162841797 6.28999996185302734375 27.95000076293945312500 11.72999954223632812500 24.71999931335448863479 6.96000003814697265625
166.00000000000000000000 80.80999755859375000000 77.18000030517578125000 57.54999923706054687500 11.22999954223632812500 2.43000006675720214844 15.78999996185302734375 67.91000366210937500000 7.26999998092651367188 65.55000305175781250000 9.52999973297119140625
150.41999816894531250000 78.61000061035156250000 79.43000030517578125000 66.31999969482421875000 3.75000000000000000000 1.95000004768371604236 5.69000005722045898438 29.59000015258789062500 8.17000007629394531250 24.78000068664550781250 6.78999996185302734375
174.22999572753906250000 93.95999908447265625000 82.44999694824218750000 64.22000122070312500000 5.42000007629394531250 4.78000020980834960938 10.88000011444091796875 52.65999984741210937500 15.01000022888183593750 37.95000076293945312500 6.46000003814697265625
177.00999450683593750000 88.06999969482421875000 58.25999832153320312500 47.75000000000000000000 7.84999990463256835938 1.64999997615814208984 9.53999996185302734375 55.38000106811523437500 3.08999991416931152344 49.11999893188476562500 6.80000019073486328125
170.99000549316406250000 92.94000244140623578915 78.16000366210937500000 45.29000091552734375000 6.53999996185302734375 2.00000000000000000000 10.05000019073486328125 50.95000076293945312500 3.75000000000000000000 38.54000091552734375000 10.09000015258789062500
161.72000122070312500000 82.23999786376953125000 73.55999755859375000000 46.86999893188476562500 10.34000015258789062500 2.93000006675720214844 13.31999969482422052636 51.95999908447265625000 5.09999990463256835938 54.20000076293945312500 8.18999958038330078125
182.44000244140625000000 96.19999694824220171085 68.05999755859375000000 59.63999938964843750000 12.34000015258789062500 2.35999989509582519531 14.44999980926513671875 68.01999664306640625000 3.01999998092651367188 58.68999862670897726957 11.22000026702880859375
151.80999755859375000000 76.31999969482421875000 71.27999877929687500000 72.66999816894531250000 3.51999998092651367188 1.74000000953674316406 7.69999980926513671875 30.05999946594238281250 9.43000030517577947364 27.11000061035155894729 7.26999998092651367188
167.44999694824218750000 81.91000366210937500000 79.33000183105468750000 39.99000167846679687500 11.15999984741210937500 3.73000001907348632812 17.96999931335449218750 75.51999664306640625000 7.51999998092651367188 63.09000015258789062500 6.63000011444091796875
164.11999511718750000000 86.05999755859375000000 86.13999938964843750000 62.27999877929688210543 6.53000020980834960938 3.15000009536743208471 11.35000038146972833886 48.40000152587890625000 10.93999958038330078125 38.93000030517578125000 8.17000007629394531250
150.64999389648437500000 72.83999633789062500000 78.80999755859375000000 62.11999893188476562500 5.63999986648559570312 2.28999996185302778784 11.39999961853027166114 48.13999938964843750000 7.36000013351440429688 40.95000076293945312500 7.61999988555908203125
222.55999755859372157829 132.03999328613281250000 56.68000030517578125000 50.04000091552734375000 11.13000011444091796875 2.24000000953674316406 7.40999984741210937500 48.34000015258789062500 2.73000001907348632812 71.58999633789062500000 17.78000068664550781250
164.22999572753906250000 83.30000305175781250000 72.31999969482421875000 66.26999664306640625000 3.35999989509582519531 2.32999992370605468750 6.76999998092651367188 34.34000015258789062500 5.82000017166137695312 26.34000015258789062500 8.43000030517578125000
173.60000610351562500000 95.84999847412109375000 74.25000000000000000000 34.79999923706054687500 10.56999969482422052636 3.39000010490417480469 11.89999961853027166114 48.52999877929688210543 9.14999961853027166114 66.01999664306640625000 8.27000045776367187500
158.67999267578125000000 82.98999786376953125000 91.30000305175779828915 44.29000091552734375000 10.35999965667724609375 2.92000007629394531250 19.57999992370605113479 61.93999862670897726957 15.77000045776367187500 62.63999938964843750000 7.59999990463256835938
174.63999938964843750000 86.59999847412109375000 69.95999908447265625000 63.20999908447265625000 5.03000020980834960938 1.54999995231628417969 4.78000020980834960938 32.70999908447265625000 4.63999986648559570312 29.45999908447265625000 7.76999998092651367188
173.21000671386718750000 84.94999694824218750000 82.16000366210937500000 58.61000061035156250000 8.93000030517578125000 3.96000003814697265625 13.81999969482422052636 59.34999847412108664457 17.39999961853027343750 48.00000000000000000000 8.32999992370605468750
168.42999267578125000000 89.43000030517578125000 73.33000183105468750000 45.72999954223632812500 8.23999977111816406250 1.62999999523162841797 11.65999984741210937500 52.93000030517578125000 5.61999988555908203125 57.58000183105468750000 8.78999996185302734375
167.17999267578125000000 92.12999725341795453915 63.33000183105468750000 53.68999862670897726957 5.63000011444091796875 2.00000000000000000000 7.32000017166137695312 42.34999847412108664457 5.09000015258789062500 31.10000038146972656250 8.31999969482421875000
155.72999572753906250000 77.75000000000000000000 70.16999816894531250000 68.23999786376953125000 4.34000015258789062500 1.73000001907348632812 5.17000007629394531250 36.52000045776367187500 6.13999986648559570312 21.79999923706054687500 5.94000005722045898438
178.82000732421875000000 97.54000091552734375000 50.90999984741210937500 59.88999938964843750000 8.03999996185302734375 1.91999995708465598376 7.13000011444091796875 36.15999984741210937500 1.85000002384185791016 54.52000045776367187500 6.11999988555908203125
153.25999450683593750000 78.91000366210937500000 67.98000335693359375000 63.86000061035156250000 8.97999954223632812500 2.63000011444091796875 13.35000038146972833886 63.33000183105468750000 3.11999988555908203125 58.90000152587890625000 5.94999980926513671875
160.64999389648437500000 74.16000366210937500000 83.87999725341796875000 60.47999954223632812500 4.01999998092651367188 2.27999997138977050781 11.72999954223632812500 35.99000167846679687500 14.82999992370605646386 49.22000122070312500000 7.07999992370605468750
202.19999694824218750000 111.81999969482421875000 64.41999816894531250000 70.88999938964843750000 14.13000011444091796875 3.13000011444091796875 14.38000011444091796875 75.70999908447265625000 8.05000019073486328125 67.98999786376953125000 14.07999992370605646386
154.14999389648437500000 73.62999725341796875000 79.98000335693359375000 66.01999664306640625000 3.50000000000000000000 1.64999997615814208984 7.15999984741210937500 34.70999908447265625000 10.60000038146972833886 38.61000061035156250000 7.09000015258789062500
173.22000122070312500000 93.34999847412109375000 73.73999786376953125000 60.27000045776367187500 13.51000022888183593750 5.65000009536743164062 19.54000091552734375000 69.76000213623046875000 9.61999988555908203125 73.04000091552734375000 6.53000020980834960938
150.27000427246093750000 75.86000061035156250000 73.38999938964843750000 75.75000000000000000000 4.71999979019165039062 1.73000001907348632812 6.80999994277954101562 32.50999832153320312500 8.50000000000000000000 26.79999923706054687500 6.67000007629394531250
167.10000610351562500000 91.12999725341795453915 83.16999816894531250000 62.18999862670897726957 5.32999992370605468750 4.57000017166137695312 11.18000030517577947364 46.65999984741210937500 12.94999980926513671875 38.22999954223632812500 6.32000017166137695312
173.35000610351562500000 90.63999938964843750000 77.13999938964843750000 33.34000015258789062500 7.57000017166137695312 2.16000008583068847656 10.65999984741210937500 44.20000076293945312500 6.90999984741210937500 44.47999954223632812500 7.82999992370605468750
163.02999877929687500000 79.55000305175781250000 80.62999725341796875000 67.62999725341796875000 7.73999977111816406250 3.24000000953674316406 16.15999984741210937500 60.93999862670897726957 14.22999954223632812500 62.68000030517578125000 5.36999988555908203125
196.52999877929687500000 109.30000305175779828915 62.79000091552734375000 54.93999862670897726957 11.42000007629394353614 3.98000001907348632812 12.39999961853027166114 63.13000106811523437500 3.34999990463256835938 57.02000045776367187500 11.27000045776367187500
151.91999816894531250000 68.11000061035156250000 82.98000335693359375000 66.38999938964843750000 4.88999986648559570312 2.18000006675720214844 9.86999988555908203125 44.95000076293945312500 11.93000030517577947364 35.66999816894531250000 8.60000038146972656250
173.05999755859375000000 97.55000305175779828915 74.38999938964843750000 53.31000137329101562500 5.96000003814697265625 2.29999995231628417969 11.31000041961669921875 63.38000106811523437500 9.76000022888183593750 42.06000137329101562500 9.06999969482422052636
151.72999572753906250000 80.02999877929687500000 66.83000183105468750000 61.45000076293945312500 4.82000017166137695312 2.19000005722045898438 7.17999982833862304688 42.54999923706054687500 5.46999979019165039062 27.63999938964844105271 5.98999977111816406250
166.05000305175781250000 85.51000213623046875000 75.51999664306640625000 69.23999786376953125000 5.53000020980834960938 2.52999997138977050781 8.18000030517578125000 46.20000076293945312500 7.57999992370605468750 32.22000122070312500000 7.48999977111816406250
166.42999267578125000000 85.58999633789062500000 81.62999725341796875000 63.93999862670897726957 4.92000007629394531250 3.34999990463256835938 9.15999984741210937500 49.68000030517578125000 11.07999992370605646386 30.60000038146972656250 7.38000011444091796875
179.13000488281250000000 97.40000152587890625000 56.52000045776367187500 85.33999633789062500000 4.61000013351440429688 1.20000004768371582031 4.55999994277954101562 30.09000015258789062500 2.19000005722045898438 28.87999916076660156250 10.10000038146972833886
174.42999267578125000000 92.86000061035156250000 68.06999969482421875000 55.72999954223632812500 5.88999986648559570312 2.64000010490417480469 7.38999986648559570312 32.93000030517578125000 7.86000013351440429688 32.25999832153320312500 9.72999954223632812500
151.28999328613281250000 82.00000000000000000000 81.44000244140625000000 54.81999969482421875000 5.76000022888183593750 3.84999990463256791529 10.05000019073486328125 42.88999938964843750000 9.61999988555908203125 37.02999877929688210543 5.46000003814697265625
