35.00000000000000000000 274.00000000000000000000 82.00000000000000000000 10.30000019073486328125
8.00000000000000000000 19.00000000000000000000 61.00000000000000000000 20.10000038146972656250
14.00000000000000000000 20.00000000000000000000 63.00000000000000000000 16.60000038146972656250
89.00000000000000000000 229.00000000000000000000 90.00000000000000000000 10.30000019073486328125
10.00000000000000000000 264.00000000000000000000 73.00000000000000000000 14.30000019073486328125
27.00000000000000000000 175.00000000000000000000 81.00000000000000000000 14.89999961853027166114
39.00000000000000000000 83.00000000000000000000 81.00000000000000000000 6.90000009536743164062
30.00000000000000000000 193.00000000000000000000 70.00000000000000000000 6.90000009536743164062
36.00000000000000000000 139.00000000000000000000 81.00000000000000000000 10.30000019073486328125
32.00000000000000000000 236.00000000000000000000 81.00000000000000000000 9.19999980926513671875
14.00000000000000000000 274.00000000000000000000 68.00000000000000000000 10.89999961853027166114
11.00000000000000000000 290.00000000000000000000 66.00000000000000000000 9.19999980926513671875
18.00000000000000000000 131.00000000000000000000 76.00000000000000000000 8.00000000000000000000
1.00000000000000000000 8.00000000000000000000 59.00000000000000000000 9.69999980926513671875
76.00000000000000000000 203.00000000000000000000 97.00000000000000000000 9.69999980926513671875
45.00000000000000000000 252.00000000000000000000 81.00000000000000000000 14.89999961853027166114
44.00000000000000000000 190.00000000000000000000 78.00000000000000000000 10.30000019073486328125
23.00000000000000000000 148.00000000000000000000 82.00000000000000000000 8.00000000000000000000
23.00000000000000000000 299.00000000000000000000 65.00000000000000000000 8.60000038146972656250
41.00000000000000000000 190.00000000000000000000 67.00000000000000000000 7.40000009536743164062
13.00000000000000000000 137.00000000000000000000 76.00000000000000000000 10.30000019073486328125
9.00000000000000000000 36.00000000000000000000 72.00000000000000000000 14.30000019073486328125
47.00000000000000000000 95.00000000000000000000 87.00000000000000000000 7.40000009536743164062
23.00000000000000000000 115.00000000000000000000 76.00000000000000000000 7.40000009536743164062
110.00000000000000000000 207.00000000000000000000 90.00000000000000000000 8.00000000000000000000
20.00000000000000000000 81.00000000000000000000 82.00000000000000000000 8.60000038146972656250
97.00000000000000000000 267.00000000000000000000 92.00000000000000000000 6.30000019073486328125
85.00000000000000000000 188.00000000000000000000 94.00000000000000000000 6.30000019073486328125
115.00000000000000000000 223.00000000000000000000 79.00000000000000000000 5.69999980926513671875
24.00000000000000000000 259.00000000000000000000 73.00000000000000000000 9.69999980926513671875
9.00000000000000000000 24.00000000000000000000 71.00000000000000000000 10.89999961853027166114
63.00000000000000000000 220.00000000000000000000 85.00000000000000000000 11.50000000000000000000
4.00000000000000000000 25.00000000000000000000 61.00000000000000000000 9.69999980926513671875
52.00000000000000000000 82.00000000000000000000 86.00000000000000000000 12.00000000000000000000
135.00000000000000000000 269.00000000000000000000 84.00000000000000000000 4.00000000000000000000
39.00000000000000000000 323.00000000000000000000 87.00000000000000000000 11.50000000000000000000
14.00000000000000000000 191.00000000000000000000 75.00000000000000000000 14.30000019073486328125
40.00000000000000000000 314.00000000000000000000 83.00000000000000000000 10.89999961853027166114
44.00000000000000000000 236.00000000000000000000 81.00000000000000000000 14.89999961853027166114
21.00000000000000000000 230.00000000000000000000 75.00000000000000000000 10.89999961853027166114
82.00000000000000000000 213.00000000000000000000 88.00000000000000000000 7.40000009536743164062
16.00000000000000000000 77.00000000000000000000 82.00000000000000000000 7.40000009536743164062
77.00000000000000000000 276.00000000000000000000 88.00000000000000000000 5.09999990463256835938
73.00000000000000000000 215.00000000000000000000 86.00000000000000000000 8.00000000000000000000
32.00000000000000000000 92.00000000000000000000 61.00000000000000000000 12.00000000000000000000
21.00000000000000000000 259.00000000000000000000 77.00000000000000000000 15.50000000000000000000
16.00000000000000000000 7.00000000000000000000 74.00000000000000000000 6.90000009536743164062
14.00000000000000000000 334.00000000000000000000 64.00000000000000000000 11.50000000000000000000
37.00000000000000000000 279.00000000000000000000 76.00000000000000000000 7.40000009536743164062
12.00000000000000000000 149.00000000000000000000 74.00000000000000000000 12.60000038146972833886
28.00000000000000000000 238.00000000000000000000 77.00000000000000000000 6.30000019073486328125
45.00000000000000000000 212.00000000000000000000 79.00000000000000000000 9.69999980926513671875
34.00000000000000000000 307.00000000000000000000 66.00000000000000000000 12.00000000000000000000
79.00000000000000000000 187.00000000000000000000 87.00000000000000000000 5.09999990463256835938
80.00000000000000000000 294.00000000000000000000 86.00000000000000000000 8.60000038146972656250
11.00000000000000000000 44.00000000000000000000 62.00000000000000000000 9.69999980926513671875
16.00000000000000000000 201.00000000000000000000 82.00000000000000000000 8.00000000000000000000
18.00000000000000000000 313.00000000000000000000 62.00000000000000000000 11.50000000000000000000
59.00000000000000000000 254.00000000000000000000 81.00000000000000000000 9.19999980926513671875
23.00000000000000000000 13.00000000000000000000 67.00000000000000000000 12.00000000000000000000
91.00000000000000000000 189.00000000000000000000 93.00000000000000000000 4.59999990463256835938
71.00000000000000000000 291.00000000000000000000 90.00000000000000000000 13.80000019073486328125
44.00000000000000000000 192.00000000000000000000 86.00000000000000000000 11.50000000000000000000
31.00000000000000000000 244.00000000000000000000 78.00000000000000000000 10.89999961853027166114
18.00000000000000000000 65.00000000000000000000 58.00000000000000000000 13.19999980926513671875
50.00000000000000000000 275.00000000000000000000 86.00000000000000000000 7.40000009536743164062
13.00000000000000000000 112.00000000000000000000 71.00000000000000000000 11.50000000000000000000
78.00000000000000000000 197.00000000000000000000 92.00000000000000000000 5.09999990463256835938
21.00000000000000000000 259.00000000000000000000 76.00000000000000000000 15.50000000000000000000
20.00000000000000000000 223.00000000000000000000 68.00000000000000000000 11.50000000000000000000
22.00000000000000000000 71.00000000000000000000 77.00000000000000000000 10.30000019073486328125
59.00000000000000000000 51.00000000000000000000 79.00000000000000000000 6.30000019073486328125
73.00000000000000000000 183.00000000000000000000 93.00000000000000000000 2.79999995231628417969
30.00000000000000000000 322.00000000000000000000 68.00000000000000000000 11.50000000000000000000
23.00000000000000000000 14.00000000000000000000 71.00000000000000000000 9.19999980926513671875
46.00000000000000000000 237.00000000000000000000 78.00000000000000000000 6.90000009536743164062
12.00000000000000000000 120.00000000000000000000 73.00000000000000000000 11.50000000000000000000
7.00000000000000000000 48.00000000000000000000 80.00000000000000000000 14.30000019073486328125
64.00000000000000000000 253.00000000000000000000 83.00000000000000000000 7.40000009536743164062
11.00000000000000000000 320.00000000000000000000 73.00000000000000000000 16.60000038146972656250
49.00000000000000000000 248.00000000000000000000 85.00000000000000000000 9.19999980926513671875
84.00000000000000000000 237.00000000000000000000 96.00000000000000000000 6.30000019073486328125
20.00000000000000000000 37.00000000000000000000 65.00000000000000000000 9.19999980926513671875
