14.00000000000000000000 79.00000000000000000000 120.00000000000000000000 117.00000000000000000000 114.00000000000000000000 109.00000000000000000000
14.00000000000000000000 89.00000000000000000000 126.00000000000000000000 115.00000000000000000000 113.00000000000000000000 90.00000000000000000000
13.00000000000000000000 109.00000000000000000000 128.00000000000000000000 145.00000000000000000000 125.00000000000000000000 119.00000000000000000000
11.00000000000000000000 91.00000000000000000000 105.00000000000000000000 130.00000000000000000000 115.00000000000000000000 111.00000000000000000000
12.00000000000000000000 91.00000000000000000000 120.00000000000000000000 105.00000000000000000000 131.00000000000000000000 123.00000000000000000000
13.00000000000000000000 54.00000000000000000000 117.00000000000000000000 114.00000000000000000000 119.00000000000000000000 98.00000000000000000000
19.00000000000000000000 113.00000000000000000000 128.00000000000000000000 112.00000000000000000000 114.00000000000000000000 114.00000000000000000000
13.00000000000000000000 92.00000000000000000000 120.00000000000000000000 113.00000000000000000000 114.00000000000000000000 127.00000000000000000000
9.00000000000000000000 65.00000000000000000000 114.00000000000000000000 102.00000000000000000000 112.00000000000000000000 122.00000000000000000000
10.00000000000000000000 100.00000000000000000000 120.00000000000000000000 115.00000000000000000000 109.00000000000000000000 106.00000000000000000000
8.00000000000000000000 95.00000000000000000000 140.00000000000000000000 130.00000000000000000000 126.00000000000000000000 118.00000000000000000000
7.00000000000000000000 73.00000000000000000000 120.00000000000000000000 102.00000000000000000000 111.00000000000000000000 121.00000000000000000000
14.00000000000000000000 64.00000000000000000000 126.00000000000000000000 125.00000000000000000000 114.00000000000000000000 96.00000000000000000000
4.00000000000000000000 110.00000000000000000000 116.00000000000000000000 92.00000000000000000000 105.00000000000000000000 103.00000000000000000000
13.00000000000000000000 102.00000000000000000000 119.00000000000000000000 103.00000000000000000000 101.00000000000000000000 86.00000000000000000000
13.00000000000000000000 78.00000000000000000000 108.00000000000000000000 90.00000000000000000000 86.00000000000000000000 80.00000000000000000000
13.00000000000000000000 109.00000000000000000000 102.00000000000000000000 107.00000000000000000000 113.00000000000000000000 108.00000000000000000000
10.00000000000000000000 90.00000000000000000000 122.00000000000000000000 127.00000000000000000000 129.00000000000000000000 126.00000000000000000000
17.00000000000000000000 75.00000000000000000000 119.00000000000000000000 101.00000000000000000000 102.00000000000000000000 97.00000000000000000000
15.00000000000000000000 104.00000000000000000000 108.00000000000000000000 124.00000000000000000000 116.00000000000000000000 113.00000000000000000000
14.00000000000000000000 92.00000000000000000000 115.00000000000000000000 113.00000000000000000000 113.00000000000000000000 112.00000000000000000000
12.00000000000000000000 88.00000000000000000000 114.00000000000000000000 138.00000000000000000000 124.00000000000000000000 122.00000000000000000000
6.00000000000000000000 92.00000000000000000000 116.00000000000000000000 121.00000000000000000000 119.00000000000000000000 109.00000000000000000000
14.00000000000000000000 88.00000000000000000000 133.00000000000000000000 121.00000000000000000000 115.00000000000000000000 97.00000000000000000000
10.00000000000000000000 67.00000000000000000000 116.00000000000000000000 113.00000000000000000000 113.00000000000000000000 91.00000000000000000000
14.00000000000000000000 67.00000000000000000000 109.00000000000000000000 92.00000000000000000000 87.00000000000000000000 74.00000000000000000000
13.00000000000000000000 74.00000000000000000000 121.00000000000000000000 132.00000000000000000000 132.00000000000000000000 113.00000000000000000000
16.00000000000000000000 109.00000000000000000000 99.00000000000000000000 126.00000000000000000000 139.00000000000000000000 132.00000000000000000000
15.00000000000000000000 65.00000000000000000000 110.00000000000000000000 111.00000000000000000000 114.00000000000000000000 95.00000000000000000000
15.00000000000000000000 84.00000000000000000000 125.00000000000000000000 108.00000000000000000000 116.00000000000000000000 101.00000000000000000000
8.00000000000000000000 64.00000000000000000000 125.00000000000000000000 109.00000000000000000000 96.00000000000000000000 87.00000000000000000000
13.00000000000000000000 104.00000000000000000000 105.00000000000000000000 107.00000000000000000000 106.00000000000000000000 104.00000000000000000000
11.00000000000000000000 88.00000000000000000000 112.00000000000000000000 107.00000000000000000000 110.00000000000000000000 103.00000000000000000000
8.00000000000000000000 88.00000000000000000000 122.00000000000000000000 112.00000000000000000000 119.00000000000000000000 97.00000000000000000000
12.00000000000000000000 100.00000000000000000000 104.00000000000000000000 114.00000000000000000000 104.00000000000000000000 100.00000000000000000000
13.00000000000000000000 109.00000000000000000000 112.00000000000000000000 113.00000000000000000000 125.00000000000000000000 128.00000000000000000000
12.00000000000000000000 53.00000000000000000000 81.00000000000000000000 87.00000000000000000000 80.00000000000000000000 66.00000000000000000000
14.00000000000000000000 90.00000000000000000000 95.00000000000000000000 89.00000000000000000000 115.00000000000000000000 97.00000000000000000000
16.00000000000000000000 87.00000000000000000000 113.00000000000000000000 97.00000000000000000000 101.00000000000000000000 109.00000000000000000000
12.00000000000000000000 98.00000000000000000000 142.00000000000000000000 135.00000000000000000000 147.00000000000000000000 123.00000000000000000000
13.00000000000000000000 78.00000000000000000000 102.00000000000000000000 90.00000000000000000000 99.00000000000000000000 73.00000000000000000000
10.00000000000000000000 105.00000000000000000000 125.00000000000000000000 111.00000000000000000000 129.00000000000000000000 110.00000000000000000000
9.00000000000000000000 95.00000000000000000000 136.00000000000000000000 115.00000000000000000000 118.00000000000000000000 104.00000000000000000000
9.00000000000000000000 66.00000000000000000000 105.00000000000000000000 109.00000000000000000000 90.00000000000000000000 105.00000000000000000000
15.00000000000000000000 80.00000000000000000000 104.00000000000000000000 107.00000000000000000000 107.00000000000000000000 96.00000000000000000000
15.00000000000000000000 83.00000000000000000000 101.00000000000000000000 93.00000000000000000000 99.00000000000000000000 88.00000000000000000000
