18.65106773376464843750 37.40825653076171875000 63.50000000000000000000 41.79999923706054687500 1532.00000000000000000000
-0.63684308528900146484 14.58610439300537287011 92.50000000000000000000 -14.60000038146972833886 1519.00000000000000000000
23.82696342468261718750 47.78949737548828125000 63.50000000000000000000 53.40000152587890625000 1533.00000000000000000000
-14.65724945068359375000 38.18344116210937500000 111.00000000000000000000 -40.90000152587890625000 1464.00000000000000000000
-2.07782030105590820312 9.37244224548339843750 102.50000000000000000000 -9.60000038146972833886 1537.00000000000000000000
-21.46211433410644531250 -43.04634094238281250000 63.50000000000000000000 -48.09999847412108664457 1642.00000000000000000000
-0.51945507526397705078 2.34311056137084960938 102.50000000000000000000 -2.40000009536743208471 1602.00000000000000000000
-11.36026382446289062500 29.59449958801269175979 111.00000000000000000000 -31.70000076293945312500 1441.00000000000000000000
16.02696228027343750000 -17.18681144714355468750 133.00000000000000000000 23.50000000000000000000 1717.00000000000000000000
16.59703254699707031250 3.67947340011596679688 12.50000000000000000000 17.00000000000000000000 1608.00000000000000000000
-8.00826549530029296875 36.12295150756835937500 102.50000000000000000000 -37.00000000000000000000 1465.00000000000000000000
0.97271227836608875617 -22.27877426147460937500 92.50000000000000000000 22.29999923706054687500 1725.00000000000000000000
-4.46125745773315429688 -4.16019010543823242188 43.00000000000000000000 -6.09999990463256835938 1617.00000000000000000000
-18.61855506896972656250 19.96595573425292968750 133.00000000000000000000 -27.29999923706054687500 1495.00000000000000000000
10.39640903472900390625 20.85197067260742542771 63.50000000000000000000 23.29999923706054687500 1536.00000000000000000000
1.77530908584594726562 -40.66126251220703125000 92.50000000000000000000 40.70000076293945312500 1690.00000000000000000000
-7.63838148117065429688 8.19116115570068359375 133.00000000000000000000 -11.19999980926513671875 1525.00000000000000000000
20.73274993896484375000 -22.23315238952636718750 133.00000000000000000000 30.39999961853027699021 1710.00000000000000000000
-11.06006431579589843750 49.88872528076171875000 102.50000000000000000000 -51.09999847412108664457 1429.00000000000000000000
-13.91276645660400390625 14.91961479187011541114 133.00000000000000000000 -20.39999961853027699021 1489.00000000000000000000
-0.03489550948142999820 0.79923856258392333984 92.50000000000000000000 -0.80000001192092895508 1599.00000000000000000000
-4.73045682907104492188 12.32326126098632812500 111.00000000000000000000 -13.19999980926513671875 1506.00000000000000000000
0.26607826352119440250 -6.09419393539428710938 92.50000000000000000000 6.09999990463256835938 1645.00000000000000000000
-6.00158548355102539062 6.43591260910034179688 133.00000000000000000000 -8.80000019073486328125 1538.00000000000000000000
6.47154426574707031250 -29.19124984741210937500 102.50000000000000000000 29.89999961853027699021 1750.00000000000000000000
-9.20697784423827947364 9.87327480316161931739 133.00000000000000000000 -13.50000000000000000000 1509.00000000000000000000
-6.06030941009521484375 27.33628845214844105271 102.50000000000000000000 -28.00000000000000000000 1457.00000000000000000000
12.44891834259033203125 24.96866798400878906250 63.50000000000000000000 27.89999961853027699021 1536.00000000000000000000
-9.50169944763183593750 42.85939788818360085543 102.50000000000000000000 -43.90000152587890625000 1486.00000000000000000000
9.39347934722900390625 -42.37124633789063210543 102.50000000000000000000 43.40000152587890625000 1704.00000000000000000000
-15.30458545684814453125 -30.69624710083008167771 63.50000000000000000000 -34.29999923706054687500 1684.00000000000000000000
-5.51921033859252929688 24.89554786682128906250 102.50000000000000000000 -25.50000000000000000000 1455.00000000000000000000
4.97811126708984375000 -22.45480728149414062500 102.50000000000000000000 23.00000000000000000000 1753.00000000000000000000
-0.02164396084845060172 0.09762959927320480347 102.50000000000000000000 -0.10000000149011610551 1581.00000000000000000000
6.54718446731567382812 -7.02099561691284179688 133.00000000000000000000 9.60000038146972833886 1679.00000000000000000000
14.26304435729980468750 -37.15650177001953125000 111.00000000000000000000 39.79999923706054687500 1764.00000000000000000000
10.75089931488037287011 10.02537536621093750000 43.00000000000000000000 14.69999980926513671875 1584.00000000000000000000
-3.52796554565429687500 15.91362380981445134864 102.50000000000000000000 -16.29999923706054687500 1501.00000000000000000000
3.94931006431579589844 3.68279123306274414062 43.00000000000000000000 5.40000009536743164062 1587.00000000000000000000
0.21502077579498291016 -0.56014829874038696289 111.00000000000000000000 0.60000002384185791016 1621.00000000000000000000
5.47592210769653320312 -24.70028877258300781250 102.50000000000000000000 25.29999923706054687500 1750.00000000000000000000
-12.34417057037353515625 13.23750209808349609375 133.00000000000000000000 -18.10000038146972656250 1494.00000000000000000000
-4.19807291030883789062 -0.93069040775299083368 12.50000000000000000000 -4.30000019073486328125 1591.00000000000000000000
10.14181232452392578125 -26.42032623291015980271 111.00000000000000000000 28.29999923706054687500 1758.00000000000000000000
6.96935558319091796875 -31.43673133850097656250 102.50000000000000000000 32.20000076293945312500 1758.00000000000000000000
-4.02577686309814453125 18.15910530090332031250 102.50000000000000000000 -18.60000038146972656250 1491.00000000000000000000
2.18636941909790039062 4.38517856597900390625 63.50000000000000000000 4.90000009536743164062 1553.00000000000000000000
-9.14705562591552734375 -18.34615516662597656250 63.50000000000000000000 -20.50000000000000000000 1667.00000000000000000000
-11.19956493377685546875 -22.46285247802734375000 63.50000000000000000000 -25.10000038146972656250 1687.00000000000000000000
8.11577987670898437500 -8.70310878753662109375 133.00000000000000000000 11.89999961853027166114 1669.00000000000000000000
1.86351323127746559827 -4.85461807250976562500 111.00000000000000000000 5.19999980926513671875 1601.00000000000000000000
0.56705200672149658203 -12.98762702941894353614 92.50000000000000000000 13.00000000000000000000 1641.00000000000000000000
-0.74152958393096923828 16.98381996154785156250 92.50000000000000000000 -17.00000000000000000000 1500.00000000000000000000
-8.20088577270507812500 -1.81809270381927490234 12.50000000000000000000 -8.39999961853027343750 1559.00000000000000000000
-26.26236152648925425979 -5.82222557067871093750 12.50000000000000000000 -26.89999961853027699021 1584.00000000000000000000
-12.87182521820068359375 -12.00317096710205078125 43.00000000000000000000 -17.60000038146972656250 1626.00000000000000000000
10.88691234588623046875 -49.10768890380859375000 102.50000000000000000000 50.29999923706054687500 1740.00000000000000000000
17.47935295104980468750 16.29976081848144531250 43.00000000000000000000 23.89999961853027699021 1574.00000000000000000000
22.30134773254394531250 -23.91526603698730468750 133.00000000000000000000 32.70000076293945312500 1711.00000000000000000000
4.23887920379638671875 8.50187683105468750000 63.50000000000000000000 9.50000000000000000000 1557.00000000000000000000
-4.52358770370483398438 20.40458679199218750000 102.50000000000000000000 -20.89999961853027699021 1481.00000000000000000000
-10.77557468414306640625 11.55538845062256037011 133.00000000000000000000 -15.80000019073486328125 1501.00000000000000000000
-13.27762603759765625000 -2.94357872009277299341 12.50000000000000000000 -13.60000038146972833886 1589.00000000000000000000
19.67732238769531250000 39.46660232543945312500 63.50000000000000000000 44.09999847412108664457 1549.00000000000000000000
-7.04992532730102539062 -14.13996315002441406250 63.50000000000000000000 -15.80000019073486328125 1658.00000000000000000000
-23.91925239562988281250 -5.30277061462402343750 12.50000000000000000000 -24.50000000000000000000 1572.00000000000000000000
-8.07319736480712890625 36.41584014892578125000 102.50000000000000000000 -37.29999923706054687500 1448.00000000000000000000
-3.00851058959960937500 13.57051372528076171875 102.50000000000000000000 -13.89999961853027166114 1498.00000000000000000000
15.91362380981445134864 3.52796554565429687500 12.50000000000000000000 16.29999923706054687500 1603.00000000000000000000
5.19633531570434570312 -13.53691577911376953125 111.00000000000000000000 14.50000000000000000000 1706.00000000000000000000
-17.35709571838378906250 -34.81294631958007812500 63.50000000000000000000 -38.90000152587890625000 1618.00000000000000000000
5.27199840545654296875 1.16877388954162597656 12.50000000000000000000 5.40000009536743164062 1618.00000000000000000000
0.06542908400297159366 -1.49857234954833984375 92.50000000000000000000 1.50000000000000000000 1583.00000000000000000000
1.67498457431793190686 -38.36345291137695312500 92.50000000000000000000 38.40000152587890625000 1729.00000000000000000000
2.19406104087829589844 2.04599499702453613281 43.00000000000000000000 3.00000000000000000000 1606.00000000000000000000
1.03926706314086914062 -2.70738339424133300781 111.00000000000000000000 2.90000009536743208471 1629.00000000000000000000
4.48029994964599609375 -20.20932769775390269729 102.50000000000000000000 20.70000076293945312500 1734.00000000000000000000
-1.44380164146423339844 33.06849288940429687500 92.50000000000000000000 -33.09999847412109375000 1479.00000000000000000000
11.42266464233398437500 22.91032028198242542771 63.50000000000000000000 25.60000038146972656250 1535.00000000000000000000
-3.57125353813171386719 16.10888481140136718750 102.50000000000000000000 -16.50000000000000000000 1479.00000000000000000000
-11.18971157073974609375 -10.43457508087158203125 43.00000000000000000000 -15.30000019073486328125 1626.00000000000000000000
5.90880107879638671875 -26.65287971496582031250 102.50000000000000000000 27.29999923706054687500 1752.00000000000000000000
-28.03013229370116832229 30.05863571166991832229 133.00000000000000000000 -41.09999847412108664457 1493.00000000000000000000
-7.20319604873657226562 18.76496696472167968750 111.00000000000000000000 -20.10000038146972656250 1468.00000000000000000000
-19.40960502624512074021 -38.92964553833007812500 63.50000000000000000000 -43.50000000000000000000 1644.00000000000000000000
-6.06829023361206054688 -12.17110729217529119239 63.50000000000000000000 -13.60000038146972833886 1629.00000000000000000000
-18.77848052978515980271 48.91961669921875000000 111.00000000000000000000 -52.40000152587890625000 1428.00000000000000000000
-1.14282798767089843750 26.17506408691406250000 92.50000000000000000000 -26.20000076293945312500 1481.00000000000000000000
19.16146659851074574021 17.86835670471191406250 43.00000000000000000000 26.19999885559082031250 1572.00000000000000000000
-2.01288843154907226562 9.07955265045166015625 102.50000000000000000000 -9.30000019073486328125 1506.00000000000000000000
0.93069040775299083368 -4.19807291030883789062 102.50000000000000000000 4.30000019073486328125 1634.00000000000000000000
0.13385935127735129613 0.26848033070564270020 63.50000000000000000000 0.30000001192092889957 1591.00000000000000000000
-6.51483249664306640625 29.38651084899902343750 102.50000000000000000000 -30.10000038146972656250 1456.00000000000000000000
0.51194757223129272461 0.47739884257316589355 43.00000000000000000000 0.69999998807907104492 1593.00000000000000000000
0.27279934287071228027 -0.29254147410392761230 133.00000000000000000000 0.40000000596046447754 1616.00000000000000000000
1.27368617057800292969 -29.17220878601074574021 92.50000000000000000000 29.20000076293945312500 1741.00000000000000000000
-11.12977409362792968750 -2.46741151809692382812 12.50000000000000000000 -11.39999961853027166114 1572.00000000000000000000
6.92606782913208007812 -31.24147224426269175979 102.50000000000000000000 32.00000000000000000000 1762.00000000000000000000
-9.58827495574951171875 43.24991226196289062500 102.50000000000000000000 -44.29999923706054687500 1448.00000000000000000000
-21.67377281188964843750 -4.80495977401733398438 12.50000000000000000000 -22.20000076293945312500 1569.00000000000000000000
13.47517395019531250000 27.02701759338378906250 63.50000000000000000000 30.20000076293945312500 1519.00000000000000000000
-3.90621042251586914062 10.17602634429931640625 111.00000000000000000000 -10.89999961853027166114 1517.00000000000000000000
1.96960055828094482422 -8.88429450988769531250 102.50000000000000000000 9.10000038146972833886 1665.00000000000000000000
-22.48837089538574574021 -45.10469436645507812500 63.50000000000000000000 -50.40000152587890625000 1616.00000000000000000000
18.15910530090332031250 4.02577686309814453125 12.50000000000000000000 18.60000038146972656250 1606.00000000000000000000
-12.18451023101806640625 31.74173355102539062500 111.00000000000000000000 -34.00000000000000000000 1430.00000000000000000000
25.88992309570312500000 24.14274215698242542771 43.00000000000000000000 35.40000152587890625000 1558.00000000000000000000
0.16575366258621210269 -3.79638314247131347656 92.50000000000000000000 3.79999995231628417969 1594.00000000000000000000
11.42266273498535156250 2.53234338760376020971 12.50000000000000000000 11.69999980926513671875 1613.00000000000000000000
-29.66692924499512074021 31.81388664245605113479 133.00000000000000000000 -43.50000000000000000000 1495.00000000000000000000
3.21262407302856445312 6.44352722167968838818 63.50000000000000000000 7.19999980926513671875 1573.00000000000000000000
-4.01578044891357421875 -8.05440902709960937500 63.50000000000000000000 -9.00000000000000000000 1597.00000000000000000000
2.42412352561950683594 -10.93451499938964843750 102.50000000000000000000 11.19999980926513671875 1687.00000000000000000000
7.42387866973876953125 -33.48695373535156250000 102.50000000000000000000 34.29999923706054687500 1765.00000000000000000000
8.34389972686767578125 16.73527336120605468750 63.50000000000000000000 18.70000076293945312500 1528.00000000000000000000
22.45255851745605113479 20.93734931945800781250 43.00000000000000000000 30.69999885559082031250 1581.00000000000000000000
-24.60265922546386718750 -5.45427846908569335938 12.50000000000000000000 -25.20000076293945312500 1573.00000000000000000000
7.92168951034545898438 -35.73243331909179687500 102.50000000000000000000 36.59999847412108664457 1775.00000000000000000000
0.47616717219352722168 -2.14785122871398925781 102.50000000000000000000 2.20000004768371582031 1626.00000000000000000000
3.91755700111389204565 -17.67095756530761718750 102.50000000000000000000 18.10000038146972656250 1730.00000000000000000000
-3.07344245910644531250 13.86340332031250000000 102.50000000000000000000 -14.19999980926513671875 1498.00000000000000000000
5.41099023818969726562 -24.40740013122558238479 102.50000000000000000000 25.00000000000000000000 1753.00000000000000000000
-24.71975517272948863479 -23.05154418945312500000 43.00000000000000000000 -33.79999923706054687500 1585.00000000000000000000
-5.02139902114868164062 22.65006828308105113479 102.50000000000000000000 -23.20000076293945312500 1468.00000000000000000000
-24.89294052124023437500 26.69441032409667968750 133.00000000000000000000 -36.50000000000000000000 1507.00000000000000000000
0.78103679418563842773 0.17315168678760520238 12.50000000000000000000 0.80000001192092895508 1595.00000000000000000000
13.43879795074462712989 -35.00926589965820312500 111.00000000000000000000 37.50000000000000000000 1715.00000000000000000000
-2.25771808624267578125 5.88155698776245117188 111.00000000000000000000 -6.30000019073486328125 1540.00000000000000000000
4.91317939758300781250 -22.16192054748535156250 102.50000000000000000000 22.70000076293945312500 1753.00000000000000000000
6.42825651168823242188 -28.99599266052246093750 102.50000000000000000000 29.70000076293945312500 1752.00000000000000000000
-2.86439299583435058594 3.07168531417846679688 133.00000000000000000000 -4.19999980926513671875 1561.00000000000000000000
-0.56274294853210449219 2.53836941719055220190 102.50000000000000000000 -2.59999990463256835938 1562.00000000000000000000
14.54604816436767578125 29.17485809326171875000 63.50000000000000000000 32.59999847412109375000 1536.00000000000000000000
0.66737663745880126953 -15.28543758392333984375 92.50000000000000000000 15.30000019073486328125 1669.00000000000000000000
4.97858810424804687500 -5.33888196945190429688 133.00000000000000000000 7.30000019073486328125 1691.00000000000000000000
-17.04995918273925781250 18.28384208679199218750 133.00000000000000000000 -25.00000000000000000000 1487.00000000000000000000
27.82443618774414062500 6.16852903366088867188 12.50000000000000000000 28.50000000000000000000 1631.00000000000000000000
-7.05593109130859375000 31.82724761962890269729 102.50000000000000000000 -32.59999847412109375000 1452.00000000000000000000
-13.00875663757324218750 33.88896942138671875000 111.00000000000000000000 -36.29999923706054687500 1434.00000000000000000000
7.61510896682739257812 1.68822908401489257812 12.50000000000000000000 7.80000019073486328125 1607.00000000000000000000
-11.01677703857422052636 49.69347000122070312500 102.50000000000000000000 -50.90000152587890625000 1433.00000000000000000000
-0.23554469645023340396 5.39486026763916015625 92.50000000000000000000 -5.40000009536743164062 1548.00000000000000000000
1.37401068210601806641 -31.47001838684082031250 92.50000000000000000000 31.50000000000000000000 1754.00000000000000000000
-12.22581958770751953125 -24.52120208740234375000 63.50000000000000000000 -27.39999961853027699021 1682.00000000000000000000
8.46278858184814453125 -38.17317199707031250000 102.50000000000000000000 39.09999847412108664457 1769.00000000000000000000
-16.30574226379394531250 42.47790908813476562500 111.00000000000000000000 -45.50000000000000000000 1442.00000000000000000000
21.08799362182616832229 4.67509555816650390625 12.50000000000000000000 21.60000038146972656250 1618.00000000000000000000
-7.57538652420043856495 34.17036056518554687500 102.50000000000000000000 -35.00000000000000000000 1453.00000000000000000000
-17.95423316955566406250 46.77237701416016335543 111.00000000000000000000 -50.09999847412108664457 1434.00000000000000000000
3.46303391456604003906 -15.62073612213134765625 102.50000000000000000000 16.00000000000000000000 1711.00000000000000000000
-14.55393791198730468750 -13.57176685333251953125 43.00000000000000000000 -19.89999961853027699021 1586.00000000000000000000
2.46741151809692382812 -11.12977409362792968750 102.50000000000000000000 11.39999961853027166114 1674.00000000000000000000
-0.13522009551525110416 3.09704947471618652344 92.50000000000000000000 -3.09999990463256835938 1578.00000000000000000000
6.02058124542236328125 -15.68415069580077947364 111.00000000000000000000 16.79999923706054687500 1723.00000000000000000000
0.46672743558883661441 -10.68981647491455078125 92.50000000000000000000 10.69999980926513671875 1675.00000000000000000000
16.77161979675292968750 -43.69156265258789062500 111.00000000000000000000 46.79999923706054687500 1765.00000000000000000000
-2.55398750305175781250 11.52029323577880859375 102.50000000000000000000 -11.80000019073486328125 1515.00000000000000000000
-4.56687593460083007812 20.59984588623046875000 102.50000000000000000000 -21.10000038146972656250 1475.00000000000000000000
15.57230472564697265625 31.23321151733398437500 63.50000000000000000000 34.90000152587890625000 1550.00000000000000000000
19.16415405273437144729 -20.55103874206542968750 133.00000000000000000000 28.10000038146972656250 1715.00000000000000000000
2.96522259712219238281 -13.37525558471679687500 102.50000000000000000000 13.69999980926513671875 1709.00000000000000000000
-2.51069951057434082031 11.32503414154052734375 102.50000000000000000000 -11.60000038146972833886 1521.00000000000000000000
17.59586524963378906250 -45.83879852294921875000 111.00000000000000000000 49.09999847412108664457 1744.00000000000000000000
-6.55812025070190429688 29.58176803588867187500 102.50000000000000000000 -30.29999923706054687500 1455.00000000000000000000
-6.01702117919921875000 27.14102745056152343750 102.50000000000000000000 -27.79999923706054687500 1454.00000000000000000000
29.48414039611816406250 6.53647661209106445312 12.50000000000000000000 30.20000076293945312500 1629.00000000000000000000
-28.50784492492676136521 -6.32003688812255859375 12.50000000000000000000 -29.20000076293945312500 1565.00000000000000000000
1.97595822811126708984 -45.25688552856445312500 92.50000000000000000000 45.29999923706054687500 1738.00000000000000000000
18.84251213073730468750 4.17728424072265625000 12.50000000000000000000 19.29999923706054687500 1607.00000000000000000000
-1.55836522579193115234 7.02933120727539062500 102.50000000000000000000 -7.19999980926513671875 1541.00000000000000000000
-7.01264381408691406250 31.63199234008789062500 102.50000000000000000000 -32.40000152587890625000 1459.00000000000000000000
-20.43585968017578125000 -40.98799133300781250000 63.50000000000000000000 -45.79999923706054687500 1647.00000000000000000000
-1.46444404125213623047 -0.32465940713882440738 12.50000000000000000000 -1.50000000000000000000 1580.00000000000000000000
-15.48136329650878728614 16.60173034667968750000 133.00000000000000000000 -22.70000076293945312500 1493.00000000000000000000
-16.23605346679687500000 -15.14036369323730468750 43.00000000000000000000 -22.20000076293945312500 1624.00000000000000000000
1.92631244659423850329 -8.68903446197509765625 102.50000000000000000000 8.89999961853027343750 1678.00000000000000000000
20.84358024597167968750 19.43695259094238281250 43.00000000000000000000 28.50000000000000000000 1548.00000000000000000000
-7.51045465469360351562 33.87747192382812500000 102.50000000000000000000 -34.70000076293945312500 1451.00000000000000000000
-4.06906461715698242188 18.35436439514160156250 102.50000000000000000000 -18.79999923706054687500 1481.00000000000000000000
20.70357894897460937500 41.52495574951171875000 63.50000000000000000000 46.40000152587890625000 1551.00000000000000000000
-2.05022144317626908716 -0.45452317595481872559 12.50000000000000000000 -2.09999990463256835938 1586.00000000000000000000
-1.54412639141082763672 35.36631011962890625000 92.50000000000000000000 -35.40000152587890625000 1505.00000000000000000000
6.84482812881469726562 -17.83138656616210937500 111.00000000000000000000 19.10000038146972656250 1734.00000000000000000000
-8.88752460479736328125 23.15279388427734375000 111.00000000000000000000 -24.79999923706054687500 1454.00000000000000000000
3.54784250259399414062 -9.24244594573974609375 111.00000000000000000000 9.89999961853027166114 1677.00000000000000000000
-1.24315249919891357422 28.47287368774414062500 92.50000000000000000000 -28.50000000000000000000 1485.00000000000000000000
15.79724025726318359375 14.73116493225097656250 43.00000000000000000000 21.60000038146972656250 1578.00000000000000000000
-26.84814071655273082229 -5.95208930969238281250 12.50000000000000000000 -27.50000000000000000000 1558.00000000000000000000
0.97397828102111816406 -4.39333200454711914062 102.50000000000000000000 4.50000000000000000000 1648.00000000000000000000
0.09762959927320480347 0.02164396084845060172 12.50000000000000000000 0.10000000149011610551 1580.00000000000000000000
12.61455154418945134864 -32.86203002929687500000 111.00000000000000000000 35.20000076293945312500 1751.00000000000000000000
-0.06493188440799710359 0.29288882017135620117 102.50000000000000000000 -0.30000001192092889957 1590.00000000000000000000
-1.74477553367614768298 39.96192932128906250000 92.50000000000000000000 -40.00000000000000000000 1481.00000000000000000000
3.02651762962341308594 0.67096281051635742188 12.50000000000000000000 3.09999990463256835938 1649.00000000000000000000
22.80070686340332031250 45.73114395141601562500 63.50000000000000000000 51.09999847412108664457 1539.00000000000000000000
-10.17330932617187677636 -20.40450286865234375000 63.50000000000000000000 -22.79999923706054687500 1671.00000000000000000000
3.98248887062072798315 -17.96384620666503906250 102.50000000000000000000 18.39999961853027699021 1710.00000000000000000000
8.49332046508789062500 -22.12585639953613281250 111.00000000000000000000 23.70000076293945312500 1738.00000000000000000000
-13.25207519531250000000 -26.57955169677734375000 63.50000000000000000000 -29.70000076293945312500 1668.00000000000000000000
5.97373342514038085938 -26.94577026367187500000 102.50000000000000000000 27.60000038146972656250 1745.00000000000000000000
-23.32434463500976917771 25.01229667663574574021 133.00000000000000000000 -34.20000076293945312500 1508.00000000000000000000
-0.53651845455169677734 12.28829288482666015625 92.50000000000000000000 -12.30000019073486328125 1543.00000000000000000000
-6.37894916534423828125 16.61773109436035156250 111.00000000000000000000 -17.79999923706054687500 1465.00000000000000000000
4.37208890914916992188 -11.38968086242675781250 111.00000000000000000000 12.19999980926513671875 1665.00000000000000000000
-10.44636726379394353614 -2.31590390205383300781 12.50000000000000000000 -10.69999980926513671875 1578.00000000000000000000
7.66907405853271484375 -19.97862052917480468750 111.00000000000000000000 21.39999961853027699021 1732.00000000000000000000
-20.11169815063476917771 -4.45865631103515625000 12.50000000000000000000 -20.60000038146972656250 1586.00000000000000000000
-1.96327042579650878906 -3.93771123886108398438 63.50000000000000000000 -4.40000009536743164062 1624.00000000000000000000
14.39016532897949218750 -15.43156337738037287011 133.00000000000000000000 21.10000038146972656250 1715.00000000000000000000
9.68437671661376953125 -10.38522243499756037011 133.00000000000000000000 14.19999980926513671875 1692.00000000000000000000
8.91731262207031250000 -40.22339630126953125000 102.50000000000000000000 41.20000076293945312500 1748.00000000000000000000
-6.63881301879882812500 -1.47178936004638671875 12.50000000000000000000 -6.80000019073486328125 1592.00000000000000000000
-8.88429450988769531250 -1.96960055828094482422 12.50000000000000000000 -9.10000038146972833886 1562.00000000000000000000
-10.04279804229736328125 45.30013656616210937500 102.50000000000000000000 -46.40000152587890625000 1409.00000000000000000000
1.84139561653137207031 -1.97465503215789794922 133.00000000000000000000 2.70000004768371582031 1630.00000000000000000000
-5.04203557968139648438 -10.11275863647460937500 63.50000000000000000000 -11.30000019073486328125 1605.00000000000000000000
-21.75574684143066406250 23.33018302917480468750 133.00000000000000000000 -31.89999961853027699021 1505.00000000000000000000
22.65006828308105113479 5.02139902114868164062 12.50000000000000000000 23.20000076293945312500 1613.00000000000000000000
2.44074010848999023438 0.54109901189804077148 12.50000000000000000000 2.50000000000000000000 1580.00000000000000000000
-23.11077690124512074021 -21.55114936828613281250 43.00000000000000000000 -31.60000038146972656250 1600.00000000000000000000
0.76770120859146118164 -17.58324813842773437500 92.50000000000000000000 17.60000038146972656250 1673.00000000000000000000
-4.43298912048339843750 4.75379896163940429688 133.00000000000000000000 -6.50000000000000000000 1558.00000000000000000000
13.76577377319335937500 3.05179858207702636719 12.50000000000000000000 14.10000038146972833886 1608.00000000000000000000
12.82156753540039062500 -13.74944877624511541114 133.00000000000000000000 18.79999923706054687500 1712.00000000000000000000
-2.77914404869079589844 -2.59159374237060502466 43.00000000000000000000 -3.79999995231628417969 1595.00000000000000000000
1.57465982437133789062 -36.06563949584960937500 92.50000000000000000000 36.09999847412108664457 1719.00000000000000000000
-15.52310657501220880761 -3.44138979911804199219 12.50000000000000000000 -15.89999961853027166114 1588.00000000000000000000
-17.86621665954589843750 -3.96084475517272949219 12.50000000000000000000 -18.29999923706054687500 1585.00000000000000000000
1.42850148677825927734 -6.44355344772338867188 102.50000000000000000000 6.59999990463256835938 1654.00000000000000000000
-5.06468677520752041943 22.84532546997070312500 102.50000000000000000000 -23.39999961853027699021 1466.00000000000000000000
-10.54060935974121271386 47.54561614990233664457 102.50000000000000000000 -48.70000076293945312500 1416.00000000000000000000
-0.43619388341903680972 9.99048233032226562500 92.50000000000000000000 -10.00000000000000000000 1537.00000000000000000000
2.92193484306335449219 -13.17999553680419921875 102.50000000000000000000 13.50000000000000000000 1688.00000000000000000000
-1.29579687118530273438 1.38957202434539794922 133.00000000000000000000 -1.89999997615814208984 1576.00000000000000000000
-22.35717773437500000000 -4.95646715164184570312 12.50000000000000000000 -22.89999961853027699021 1573.00000000000000000000
1.47178936004638671875 -6.63881301879882812500 102.50000000000000000000 6.80000019073486328125 1680.00000000000000000000
8.39785671234130859375 -37.88028335571289062500 102.50000000000000000000 38.79999923706054687500 1757.00000000000000000000
-5.95540571212768554688 -1.32028162479400634766 12.50000000000000000000 -6.09999990463256835938 1574.00000000000000000000
-8.54936504364013671875 38.56369400024414062500 102.50000000000000000000 -39.50000000000000000000 1469.00000000000000000000
12.43301296234130859375 11.59397220611572443261 43.00000000000000000000 17.00000000000000000000 1583.00000000000000000000
3.40999174118041992188 -3.65676856040954589844 133.00000000000000000000 5.00000000000000000000 1647.00000000000000000000
9.86058998107910156250 2.18604016304016113281 12.50000000000000000000 10.10000038146972833886 1612.00000000000000000000
