1871.00000000000000000000 88.30000305175781250000 125.30000305175779828915 143.19999694824218750000 162.39999389648437500000 145.50000000000000000000 91.69999694824220171085 103.00000000000000000000 110.00000000000000000000 80.30000305175781250000 89.00000000000000000000 105.40000152587890625000 90.30000305175779828915
1910.00000000000000000000 26.39999961853027699021 31.50000000000000000000 21.39999961853027699021 8.39999961853027343750 22.20000076293945312500 12.30000019073486328125 14.10000038146972833886 11.50000000000000000000 26.20000076293945312500 38.29999923706054687500 4.90000009536743164062 5.80000019073486328125
1856.00000000000000000000 0.50000000000000000000 4.90000009536743164062 0.40000000596046447754 6.50000000000000000000 0.00000000000000000000 5.00000000000000000000 4.59999990463256835938 5.90000009536743164062 4.40000009536743164062 4.50000000000000000000 7.69999980926513671875 7.19999980926513671875
1814.00000000000000000000 22.20000076293945312500 12.00000000000000000000 5.69999980926513671875 23.79999923706054687500 5.80000019073486328125 14.89999961853027166114 18.50000000000000000000 2.29999995231628417969 8.10000038146972656250 19.29999923706054687500 14.50000000000000000000 20.10000038146972656250
1869.00000000000000000000 60.90000152587890625000 59.29999923706054687500 52.70000076293945312500 41.00000000000000000000 104.00000000000000000000 108.40000152587890625000 59.20000076293945312500 79.59999847412109375000 80.59999847412109375000 59.40000152587890625000 77.40000152587890625000 104.30000305175779828915
1890.00000000000000000000 5.30000019073486328125 0.60000002384185791016 5.09999990463256835938 1.60000002384185791016 4.80000019073486328125 1.29999995231628417969 11.60000038146972833886 8.50000000000000000000 17.20000076293945312500 11.19999980926513671875 9.60000038146972833886 7.80000019073486328125
1842.00000000000000000000 20.39999961853027699021 22.10000038146972656250 21.70000076293945312500 26.89999961853027699021 24.89999961853027699021 20.50000000000000000000 12.60000038146972833886 26.50000000000000000000 18.50000000000000000000 38.09999847412108664457 40.50000000000000000000 17.60000038146972656250
1782.00000000000000000000 54.00000000000000000000 37.50000000000000000000 37.00000000000000000000 41.00000000000000000000 54.29999923706054687500 38.00000000000000000000 37.00000000000000000000 44.00000000000000000000 34.00000000000000000000 23.20000076293945312500 31.50000000000000000000 30.00000000000000000000
1940.00000000000000000000 50.50000000000000000000 59.40000152587890625000 83.30000305175781250000 60.70000076293945312500 54.40000152587890625000 83.90000152587890625000 67.50000000000000000000 105.50000000000000000000 66.50000000000000000000 55.00000000000000000000 58.40000152587890625000 68.30000305175781250000
1883.00000000000000000000 60.59999847412108664457 46.90000152587890625000 42.79999923706054687500 82.09999847412109375000 32.09999847412109375000 76.50000000000000000000 80.59999847412109375000 46.00000000000000000000 52.59999847412108664457 83.80000305175781250000 84.50000000000000000000 75.90000152587890625000
1753.00000000000000000000 44.00000000000000000000 32.00000000000000000000 45.70000076293945312500 38.00000000000000000000 36.00000000000000000000 31.70000076293945312500 22.20000076293945312500 39.00000000000000000000 28.00000000000000000000 25.00000000000000000000 20.00000000000000000000 6.69999980926513671875
1899.00000000000000000000 19.50000000000000000000 9.19999980926513671875 18.10000038146972656250 14.19999980926513671875 7.69999980926513671875 20.50000000000000000000 13.50000000000000000000 2.90000009536743208471 8.39999961853027343750 13.00000000000000000000 7.80000019073486328125 10.50000000000000000000
1784.00000000000000000000 13.00000000000000000000 8.00000000000000000000 11.00000000000000000000 10.00000000000000000000 6.00000000000000000000 9.00000000000000000000 6.00000000000000000000 10.00000000000000000000 10.00000000000000000000 8.00000000000000000000 17.00000000000000000000 14.00000000000000000000
1971.00000000000000000000 91.30000305175779828915 79.00000000000000000000 60.70000076293945312500 71.80000305175781250000 57.50000000000000000000 49.79999923706054687500 81.00000000000000000000 61.40000152587890625000 50.20000076293945312500 51.70000076293945312500 63.20000076293945312500 82.19999694824218750000
1824.00000000000000000000 21.60000038146972656250 10.80000019073486328125 0.00000000000000000000 19.39999961853027699021 2.79999995231628417969 0.00000000000000000000 0.00000000000000000000 1.39999997615814208984 20.50000000000000000000 25.20000076293945312500 0.00000000000000000000 0.80000001192092895508
1928.00000000000000000000 83.50000000000000000000 73.50000000000000000000 85.40000152587890625000 80.59999847412109375000 76.90000152587890625000 91.40000152587890625000 98.00000000000000000000 83.80000305175781250000 89.69999694824218750000 61.40000152587890625000 50.29999923706054687500 59.00000000000000000000
1785.00000000000000000000 6.50000000000000000000 8.00000000000000000000 9.00000000000000000000 15.69999980926513671875 20.70000076293945312500 26.29999923706054687500 36.29999923706054687500 20.00000000000000000000 32.00000000000000000000 47.20000076293945312500 40.20000076293945312500 27.29999923706054687500
1862.00000000000000000000 63.09999847412108664457 64.50000000000000000000 43.59999847412108664457 53.70000076293945312500 64.40000152587890625000 84.00000000000000000000 73.40000152587890625000 62.50000000000000000000 66.59999847412109375000 42.00000000000000000000 50.59999847412108664457 40.90000152587890625000
1959.00000000000000000000 217.39999389648440342171 143.10000610351562500000 185.69999694824218750000 163.30000305175781250000 172.00000000000000000000 168.69999694824218750000 149.60000610351562500000 199.60000610351559657829 145.19999694824218750000 111.40000152587890625000 124.00000000000000000000 125.00000000000000000000
1828.00000000000000000000 52.79999923706054687500 64.40000152587890625000 65.00000000000000000000 61.09999847412108664457 89.09999847412109375000 98.00000000000000000000 54.29999923706054687500 76.40000152587890625000 50.40000152587890625000 54.70000076293945312500 57.00000000000000000000 46.59999847412108664457
1870.00000000000000000000 77.30000305175781250000 114.90000152587890625000 159.39999389648437500000 160.00000000000000000000 176.00000000000000000000 135.60000610351562500000 132.39999389648437500000 153.80000305175781250000 136.00000000000000000000 146.39999389648437500000 147.50000000000000000000 130.00000000000000000000
1775.00000000000000000000 4.40000009536743164062 0.00000000000000000000 11.60000038146972833886 11.19999980926513671875 3.90000009536743208471 12.30000019073486328125 1.00000000000000000000 7.90000009536743164062 3.20000004768371582031 5.59999990463256835938 15.10000038146972833886 7.90000009536743164062
1793.00000000000000000000 56.00000000000000000000 55.00000000000000000000 55.50000000000000000000 53.00000000000000000000 52.29999923706054687500 51.00000000000000000000 50.00000000000000000000 29.29999923706054687500 24.00000000000000000000 47.00000000000000000000 44.00000000000000000000 45.70000076293945312500
1880.00000000000000000000 24.00000000000000000000 27.50000000000000000000 19.50000000000000000000 19.29999923706054687500 23.50000000000000000000 34.09999847412109375000 21.89999961853027699021 48.09999847412108664457 66.00000000000000000000 43.00000000000000000000 30.70000076293945312500 29.60000038146972656250
1769.00000000000000000000 73.90000152587890625000 64.19999694824218750000 64.30000305175781250000 96.69999694824220171085 73.59999847412109375000 94.40000152587890625000 118.59999847412109375000 120.30000305175779828915 148.80000305175781250000 158.19999694824218750000 148.10000610351562500000 112.00000000000000000000
1839.00000000000000000000 107.59999847412109375000 102.50000000000000000000 77.69999694824218750000 61.79999923706054687500 53.79999923706054687500 54.59999847412108664457 84.69999694824218750000 131.19999694824218750000 132.69999694824218750000 90.80000305175779828915 68.80000305175781250000 63.59999847412108664457
1789.00000000000000000000 114.00000000000000000000 125.30000305175779828915 120.00000000000000000000 123.30000305175779828915 123.50000000000000000000 120.00000000000000000000 117.00000000000000000000 103.00000000000000000000 112.00000000000000000000 89.69999694824218750000 134.00000000000000000000 135.50000000000000000000
1967.00000000000000000000 110.90000152587890625000 93.59999847412109375000 111.80000305175779828915 69.50000000000000000000 86.50000000000000000000 67.30000305175781250000 91.50000000000000000000 107.19999694824220171085 76.80000305175781250000 88.19999694824218750000 94.30000305175779828915 126.40000152587890625000
1798.00000000000000000000 2.00000000000000000000 4.00000000000000000000 12.39999961853027166114 1.10000002384185791016 0.00000000000000000000 0.00000000000000000000 0.00000000000000000000 3.00000000000000000000 2.40000009536743208471 1.50000000000000000000 12.50000000000000000000 9.89999961853027166114
1752.00000000000000000000 35.00000000000000000000 50.00000000000000000000 71.00000000000000000000 59.29999923706054687500 59.70000076293945312500 39.59999847412108664457 78.40000152587890625000 29.29999923706054687500 27.10000038146972656250 46.59999847412108664457 37.59999847412108664457 40.00000000000000000000
1773.00000000000000000000 54.59999847412108664457 29.00000000000000000000 51.20000076293945312500 32.90000152587890625000 41.09999847412108664457 28.39999961853027699021 27.70000076293945312500 12.69999980926513671875 29.29999923706054687500 26.29999923706054687500 40.90000152587890625000 43.20000076293945312500
1845.00000000000000000000 25.70000076293945312500 43.59999847412108664457 43.29999923706054687500 56.90000152587890625000 47.79999923706054687500 31.10000038146972656250 30.60000038146972656250 32.29999923706054687500 29.60000038146972656250 40.70000076293945312500 39.40000152587890625000 59.70000076293945312500
1878.00000000000000000000 3.29999995231628417969 6.00000000000000000000 7.80000019073486328125 0.10000000149011610551 5.80000019073486328125 6.40000009536743164062 0.10000000149011610551 0.00000000000000000000 5.30000019073486328125 1.10000002384185791016 4.09999990463256835938 0.50000000000000000000
1844.00000000000000000000 9.39999961853027166114 14.69999980926513671875 13.60000038146972833886 20.79999923706054687500 12.00000000000000000000 3.70000004768371582031 21.20000076293945312500 23.89999961853027699021 6.90000009536743164062 21.50000000000000000000 10.69999980926513671875 21.60000038146972656250
1826.00000000000000000000 17.70000076293945312500 18.20000076293945312500 36.70000076293945312500 24.00000000000000000000 32.40000152587890625000 37.09999847412108664457 52.50000000000000000000 39.59999847412108664457 18.89999961853027699021 50.59999847412108664457 39.50000000000000000000 68.09999847412109375000
1857.00000000000000000000 13.69999980926513671875 7.40000009536743164062 5.19999980926513671875 11.10000038146972833886 29.20000076293945312500 16.00000000000000000000 22.20000076293945312500 16.89999961853027343750 42.40000152587890625000 40.59999847412108664457 31.39999961853027699021 37.20000076293945312500
1803.00000000000000000000 50.00000000000000000000 50.79999923706054687500 29.50000000000000000000 25.00000000000000000000 44.29999923706054687500 36.00000000000000000000 48.29999923706054687500 34.09999847412109375000 45.29999923706054687500 54.29999923706054687500 51.00000000000000000000 48.00000000000000000000
1815.00000000000000000000 19.20000076293945312500 32.20000076293945312500 26.20000076293945312500 31.60000038146972656250 9.80000019073486328125 55.90000152587890625000 35.50000000000000000000 47.20000076293945312500 31.50000000000000000000 33.50000000000000000000 37.20000076293945312500 65.00000000000000000000
1805.00000000000000000000 61.00000000000000000000 44.09999847412108664457 51.40000152587890625000 37.50000000000000000000 39.00000000000000000000 40.50000000000000000000 37.59999847412108664457 42.70000076293945312500 44.40000152587890625000 29.39999961853027699021 41.00000000000000000000 38.29999923706054687500
1926.00000000000000000000 71.80000305175781250000 70.00000000000000000000 62.50000000000000000000 38.50000000000000000000 64.30000305175781250000 73.50000000000000000000 52.29999923706054687500 61.59999847412108664457 60.79999923706054687500 71.50000000000000000000 60.50000000000000000000 79.40000152587890625000
1917.00000000000000000000 74.69999694824218750000 71.90000152587890625000 94.80000305175779828915 74.69999694824218750000 114.09999847412109375000 114.90000152587890625000 119.80000305175779828915 154.50000000000000000000 129.39999389648437500000 72.19999694824218750000 96.40000152587890625000 129.30000305175781250000
1924.00000000000000000000 0.50000000000000000000 5.09999990463256835938 1.79999995231628417969 11.30000019073486328125 20.79999923706054687500 24.00000000000000000000 28.10000038146972656250 19.29999923706054687500 25.10000038146972656250 25.60000038146972656250 22.50000000000000000000 16.50000000000000000000
1944.00000000000000000000 3.70000004768371582031 0.50000000000000000000 11.00000000000000000000 0.30000001192092889957 2.50000000000000000000 5.00000000000000000000 5.00000000000000000000 16.70000076293945312500 14.30000019073486328125 16.89999961853027343750 10.80000019073486328125 28.39999961853027699021
1913.00000000000000000000 2.29999995231628417969 2.90000009536743208471 0.50000000000000000000 0.89999997615814208984 0.00000000000000000000 0.00000000000000000000 1.70000004768371582031 0.20000000298023221101 1.20000004768371582031 3.09999990463256835938 0.69999998807907104492 3.79999995231628417969
1975.00000000000000000000 18.89999961853027699021 11.50000000000000000000 11.50000000000000000000 5.09999990463256835938 9.00000000000000000000 11.39999961853027166114 28.20000076293945312500 39.70000076293945312500 13.89999961853027166114 9.10000038146972833886 19.39999961853027699021 7.80000019073486328125
1762.00000000000000000000 43.79999923706054687500 72.80000305175781250000 45.70000076293945312500 60.20000076293945312500 39.90000152587890625000 77.09999847412109375000 33.79999923706054687500 67.69999694824218750000 68.50000000000000000000 69.30000305175781250000 77.80000305175781250000 77.19999694824218750000
1811.00000000000000000000 0.00000000000000000000 0.00000000000000000000 0.00000000000000000000 0.00000000000000000000 0.00000000000000000000 0.00000000000000000000 6.59999990463256835938 0.00000000000000000000 2.40000009536743208471 6.09999990463256835938 0.80000001192092895508 1.10000002384185791016
1962.00000000000000000000 38.70000076293945312500 50.29999923706054687500 45.59999847412108664457 46.40000152587890625000 43.70000076293945312500 42.00000000000000000000 21.79999923706054687500 21.79999923706054687500 51.29999923706054687500 39.50000000000000000000 26.89999961853027699021 23.20000076293945312500
1794.00000000000000000000 45.00000000000000000000 44.00000000000000000000 38.00000000000000000000 28.39999961853027699021 55.70000076293945312500 41.50000000000000000000 41.00000000000000000000 40.00000000000000000000 11.10000038146972833886 28.50000000000000000000 67.40000152587890625000 51.40000152587890625000
1934.00000000000000000000 3.40000009536743208471 7.80000019073486328125 4.30000019073486328125 11.30000019073486328125 19.70000076293945312500 6.69999980926513671875 9.30000019073486328125 8.30000019073486328125 4.00000000000000000000 5.69999980926513671875 8.69999980926513671875 15.39999961853027166114
1957.00000000000000000000 165.00000000000000000000 130.19999694824218750000 157.39999389648437500000 175.19999694824218750000 164.60000610351562500000 200.69999694824218750000 187.19999694824218750000 158.00000000000000000000 235.80000305175781250000 253.80000305175781250000 210.89999389648440342171 239.39999389648440342171
1905.00000000000000000000 54.79999923706054687500 85.80000305175781250000 56.50000000000000000000 39.29999923706054687500 48.00000000000000000000 49.00000000000000000000 73.00000000000000000000 58.79999923706054687500 55.00000000000000000000 78.69999694824218750000 107.19999694824220171085 55.50000000000000000000
1763.00000000000000000000 56.50000000000000000000 31.89999961853027699021 34.20000076293945312500 32.90000152587890625000 32.70000076293945312500 35.79999923706054687500 54.20000076293945312500 26.50000000000000000000 68.09999847412109375000 46.29999923706054687500 60.90000152587890625000 61.40000152587890625000
1821.00000000000000000000 21.50000000000000000000 4.30000019073486328125 5.69999980926513671875 9.19999980926513671875 1.70000004768371582031 1.79999995231628417969 2.50000000000000000000 4.80000019073486328125 4.40000009536743164062 18.79999923706054687500 4.40000009536743164062 0.00000000000000000000
1758.00000000000000000000 37.59999847412108664457 52.00000000000000000000 49.00000000000000000000 72.30000305175781250000 46.40000152587890625000 45.00000000000000000000 44.00000000000000000000 38.70000076293945312500 62.50000000000000000000 37.70000076293945312500 43.00000000000000000000 43.00000000000000000000
1831.00000000000000000000 47.50000000000000000000 50.09999847412108664457 93.40000152587890625000 54.59999847412108664457 38.09999847412108664457 33.40000152587890625000 45.20000076293945312500 54.90000152587890625000 37.90000152587890625000 46.20000076293945312500 43.50000000000000000000 28.89999961853027699021
1885.00000000000000000000 42.79999923706054687500 71.80000305175781250000 49.79999923706054687500 55.00000000000000000000 73.00000000000000000000 83.69999694824218750000 66.50000000000000000000 50.00000000000000000000 39.59999847412108664457 38.70000076293945312500 33.29999923706054687500 21.70000076293945312500
1810.00000000000000000000 0.00000000000000000000 0.00000000000000000000 0.00000000000000000000 0.00000000000000000000 0.00000000000000000000 0.00000000000000000000 0.00000000000000000000 0.00000000000000000000 0.00000000000000000000 0.00000000000000000000 0.00000000000000000000 0.00000000000000000000
1850.00000000000000000000 78.00000000000000000000 89.40000152587890625000 82.59999847412109375000 44.09999847412108664457 61.59999847412108664457 70.00000000000000000000 39.09999847412108664457 61.59999847412108664457 86.19999694824218750000 71.00000000000000000000 54.79999923706054687500 60.00000000000000000000
1948.00000000000000000000 108.50000000000000000000 86.09999847412109375000 94.80000305175779828915 189.69999694824218750000 174.00000000000000000000 167.80000305175781250000 142.19999694824218750000 157.89999389648437500000 143.30000305175781250000 136.30000305175781250000 95.80000305175779828915 138.00000000000000000000
1843.00000000000000000000 13.30000019073486328125 3.50000000000000000000 8.30000019073486328125 8.80000019073486328125 21.10000038146972656250 10.50000000000000000000 9.50000000000000000000 11.80000019073486328125 4.19999980926513671875 5.30000019073486328125 19.10000038146972656250 12.69999980926513671875
1961.00000000000000000000 57.90000152587890625000 46.09999847412108664457 53.00000000000000000000 61.40000152587890625000 51.00000000000000000000 77.40000152587890625000 70.19999694824218750000 55.90000152587890625000 63.59999847412108664457 37.70000076293945312500 32.59999847412109375000 40.00000000000000000000
1974.00000000000000000000 27.60000038146972656250 26.00000000000000000000 21.29999923706054687500 40.29999923706054687500 39.50000000000000000000 36.00000000000000000000 55.79999923706054687500 33.59999847412109375000 40.20000076293945312500 47.09999847412108664457 25.00000000000000000000 20.50000000000000000000
1778.00000000000000000000 177.30000305175781250000 109.30000305175779828915 134.00000000000000000000 145.00000000000000000000 238.89999389648440342171 171.60000610351562500000 153.00000000000000000000 140.00000000000000000000 171.69999694824218750000 156.30000305175781250000 150.30000305175781250000 105.00000000000000000000
1895.00000000000000000000 63.29999923706054687500 67.19999694824218750000 61.00000000000000000000 76.90000152587890625000 67.50000000000000000000 71.50000000000000000000 47.79999923706054687500 68.90000152587890625000 57.70000076293945312500 67.90000152587890625000 47.20000076293945312500 70.69999694824218750000
1759.00000000000000000000 48.29999923706054687500 44.00000000000000000000 46.79999923706054687500 47.00000000000000000000 49.00000000000000000000 50.00000000000000000000 51.00000000000000000000 71.30000305175781250000 77.19999694824218750000 59.70000076293945312500 46.29999923706054687500 57.00000000000000000000
1893.00000000000000000000 75.00000000000000000000 73.00000000000000000000 65.69999694824218750000 88.09999847412109375000 84.69999694824218750000 88.19999694824218750000 88.80000305175781250000 129.19999694824218750000 77.90000152587890625000 79.69999694824218750000 75.09999847412109375000 93.80000305175779828915
1937.00000000000000000000 132.50000000000000000000 128.50000000000000000000 83.90000152587890625000 109.30000305175779828915 116.69999694824220171085 130.30000305175781250000 145.10000610351562500000 137.69999694824218750000 100.69999694824220171085 124.90000152587890625000 74.40000152587890625000 88.80000305175781250000
1867.00000000000000000000 0.00000000000000000000 0.69999998807907104492 9.19999980926513671875 5.09999990463256835938 2.90000009536743208471 1.50000000000000000000 5.00000000000000000000 4.90000009536743164062 9.80000019073486328125 13.50000000000000000000 9.30000019073486328125 25.20000076293945312500
1788.00000000000000000000 138.00000000000000000000 129.19999694824218750000 143.30000305175781250000 108.50000000000000000000 113.00000000000000000000 154.19999694824218750000 141.50000000000000000000 136.00000000000000000000 141.00000000000000000000 142.00000000000000000000 94.69999694824220171085 129.50000000000000000000
1930.00000000000000000000 65.30000305175781250000 49.20000076293945312500 35.00000000000000000000 38.20000076293945312500 36.79999923706054687500 28.79999923706054687500 21.89999961853027699021 24.89999961853027699021 32.09999847412109375000 34.40000152587890625000 35.59999847412109375000 25.79999923706054687500
1812.00000000000000000000 11.30000019073486328125 1.89999997615814208984 0.69999998807907104492 0.00000000000000000000 1.00000000000000000000 1.29999995231628417969 0.50000000000000000000 15.60000038146972833886 5.19999980926513671875 3.90000009536743208471 7.90000009536743164062 10.10000038146972833886
1835.00000000000000000000 7.50000000000000000000 24.50000000000000000000 19.70000076293945312500 61.50000000000000000000 43.59999847412108664457 33.20000076293945312500 59.79999923706054687500 59.00000000000000000000 100.80000305175779828915 95.19999694824220171085 100.00000000000000000000 77.50000000000000000000
1965.00000000000000000000 17.50000000000000000000 14.19999980926513671875 11.69999980926513671875 6.80000019073486328125 24.10000038146972656250 15.89999961853027166114 11.89999961853027166114 8.89999961853027343750 16.79999923706054687500 20.10000038146972656250 15.80000019073486328125 17.00000000000000000000
1939.00000000000000000000 80.30000305175781250000 77.40000152587890625000 64.59999847412109375000 109.09999847412109375000 118.30000305175779828915 101.00000000000000000000 97.59999847412109375000 105.80000305175779828915 112.59999847412109375000 88.09999847412109375000 68.09999847412109375000 42.09999847412108664457
1980.00000000000000000000 159.60000610351562500000 155.00000000000000000000 126.19999694824220171085 164.10000610351562500000 179.89999389648437500000 157.30000305175781250000 136.30000305175781250000 135.39999389648437500000 155.00000000000000000000 164.69999694824218750000 147.89999389648437500000 174.39999389648437500000
1779.00000000000000000000 114.69999694824220171085 165.69999694824218750000 118.00000000000000000000 145.00000000000000000000 140.00000000000000000000 113.69999694824220171085 143.00000000000000000000 112.00000000000000000000 111.00000000000000000000 124.00000000000000000000 114.00000000000000000000 110.00000000000000000000
1929.00000000000000000000 68.90000152587890625000 64.09999847412109375000 50.20000076293945312500 52.79999923706054687500 58.20000076293945312500 71.90000152587890625000 70.19999694824218750000 65.80000305175781250000 34.40000152587890625000 54.00000000000000000000 81.09999847412109375000 108.00000000000000000000
1771.00000000000000000000 36.00000000000000000000 46.20000076293945312500 46.70000076293945312500 64.90000152587890625000 152.69999694824218750000 119.50000000000000000000 67.69999694824218750000 58.50000000000000000000 101.40000152587890625000 90.00000000000000000000 99.69999694824220171085 95.69999694824220171085
1772.00000000000000000000 100.90000152587890625000 90.80000305175779828915 31.10000038146972656250 92.19999694824220171085 38.00000000000000000000 57.00000000000000000000 77.30000305175781250000 56.20000076293945312500 50.50000000000000000000 78.59999847412109375000 61.29999923706054687500 64.00000000000000000000
1802.00000000000000000000 47.79999923706054687500 47.00000000000000000000 40.79999923706054687500 42.00000000000000000000 44.00000000000000000000 46.00000000000000000000 48.00000000000000000000 50.00000000000000000000 51.79999923706054687500 38.50000000000000000000 34.50000000000000000000 50.00000000000000000000
1859.00000000000000000000 83.69999694824218750000 87.59999847412109375000 90.30000305175779828915 85.69999694824218750000 91.00000000000000000000 87.09999847412109375000 95.19999694824220171085 106.80000305175779828915 105.80000305175779828915 114.59999847412109375000 97.19999694824220171085 81.00000000000000000000
1907.00000000000000000000 76.40000152587890625000 108.19999694824220171085 60.70000076293945312500 52.59999847412108664457 42.90000152587890625000 40.40000152587890625000 49.70000076293945312500 54.29999923706054687500 85.00000000000000000000 65.40000152587890625000 61.50000000000000000000 47.29999923706054687500
1853.00000000000000000000 41.09999847412108664457 42.90000152587890625000 37.70000076293945312500 47.59999847412108664457 34.70000076293945312500 40.00000000000000000000 45.90000152587890625000 50.40000152587890625000 33.50000000000000000000 42.29999923706054687500 28.79999923706054687500 23.39999961853027699021
1866.00000000000000000000 31.60000038146972656250 38.40000152587890625000 24.60000038146972656250 17.60000038146972656250 12.89999961853027166114 16.50000000000000000000 9.30000019073486328125 12.69999980926513671875 7.30000019073486328125 14.10000038146972833886 9.00000000000000000000 1.50000000000000000000
1941.00000000000000000000 45.59999847412108664457 44.50000000000000000000 46.40000152587890625000 32.79999923706054687500 29.50000000000000000000 59.79999923706054687500 66.90000152587890625000 60.00000000000000000000 65.90000152587890625000 46.29999923706054687500 38.29999923706054687500 33.70000076293945312500
1889.00000000000000000000 0.80000001192092895508 8.50000000000000000000 7.00000000000000000000 4.30000019073486328125 2.40000009536743208471 6.40000009536743164062 9.69999980926513671875 20.60000038146972656250 6.50000000000000000000 2.09999990463256835938 0.20000000298023221101 6.69999980926513671875
1781.00000000000000000000 98.69999694824220171085 74.69999694824218750000 53.00000000000000000000 68.30000305175781250000 104.69999694824220171085 97.69999694824220171085 73.50000000000000000000 66.00000000000000000000 51.00000000000000000000 27.29999923706054687500 67.00000000000000000000 35.20000076293945312500
1945.00000000000000000000 18.50000000000000000000 12.69999980926513671875 21.50000000000000000000 32.00000000000000000000 30.60000038146972656250 36.20000076293945312500 42.59999847412108664457 25.89999961853027699021 34.90000152587890625000 68.80000305175781250000 46.00000000000000000000 27.39999961853027699021
1966.00000000000000000000 28.20000076293945312500 24.39999961853027699021 25.29999923706054687500 48.70000076293945312500 45.29999923706054687500 47.70000076293945312500 56.70000076293945312500 51.20000076293945312500 50.20000076293945312500 57.20000076293945312500 57.20000076293945312500 70.40000152587890625000
1942.00000000000000000000 35.59999847412109375000 52.79999923706054687500 54.20000076293945312500 60.70000076293945312500 25.00000000000000000000 11.39999961853027166114 17.70000076293945312500 20.20000076293945312500 17.20000076293945312500 19.20000076293945312500 30.70000076293945312500 22.50000000000000000000
1981.00000000000000000000 114.00000000000000000000 141.30000305175781250000 135.50000000000000000000 156.39999389648437500000 127.50000000000000000000 90.00000000000000000000 143.80000305175781250000 158.69999694824218750000 167.30000305175781250000 162.39999389648437500000 137.50000000000000000000 150.10000610351562500000
1896.00000000000000000000 29.00000000000000000000 57.40000152587890625000 52.00000000000000000000 43.79999923706054687500 27.70000076293945312500 49.00000000000000000000 45.00000000000000000000 27.20000076293945312500 61.29999923706054687500 28.39999961853027699021 38.00000000000000000000 42.59999847412108664457
1952.00000000000000000000 40.70000076293945312500 22.70000076293945312500 22.00000000000000000000 29.10000038146972656250 23.39999961853027699021 36.40000152587890625000 39.29999923706054687500 54.90000152587890625000 28.20000076293945312500 23.79999923706054687500 22.10000038146972656250 34.29999923706054687500
1860.00000000000000000000 81.50000000000000000000 88.00000000000000000000 98.90000152587890625000 71.40000152587890625000 107.09999847412109375000 108.59999847412109375000 116.69999694824220171085 100.30000305175779828915 92.19999694824220171085 90.09999847412109375000 97.90000152587890625000 95.59999847412109375000
1888.00000000000000000000 12.69999980926513671875 7.09999990463256835938 7.80000019073486328125 5.09999990463256835938 7.00000000000000000000 7.09999990463256835938 3.09999990463256835938 2.79999995231628417969 8.80000019073486328125 2.09999990463256835938 10.69999980926513671875 6.69999980926513671875
1892.00000000000000000000 69.09999847412109375000 75.59999847412109375000 49.90000152587890625000 69.59999847412109375000 79.59999847412109375000 76.30000305175781250000 76.80000305175781250000 101.40000152587890625000 62.79999923706054687500 70.50000000000000000000 65.40000152587890625000 78.59999847412109375000
1804.00000000000000000000 45.29999923706054687500 48.29999923706054687500 48.00000000000000000000 50.59999847412108664457 33.40000152587890625000 34.79999923706054687500 29.79999923706054687500 43.09999847412108664457 53.00000000000000000000 62.29999923706054687500 61.00000000000000000000 60.00000000000000000000
1851.00000000000000000000 75.50000000000000000000 105.40000152587890625000 64.59999847412109375000 56.50000000000000000000 62.59999847412108664457 63.20000076293945312500 36.09999847412108664457 57.40000152587890625000 67.90000152587890625000 62.50000000000000000000 50.90000152587890625000 71.40000152587890625000
1751.00000000000000000000 70.00000000000000000000 43.50000000000000000000 45.29999923706054687500 56.40000152587890625000 60.70000076293945312500 50.70000076293945312500 66.30000305175781250000 59.79999923706054687500 23.50000000000000000000 23.20000076293945312500 28.50000000000000000000 44.00000000000000000000
1806.00000000000000000000 39.00000000000000000000 29.60000038146972656250 32.70000076293945312500 27.70000076293945312500 26.39999961853027699021 25.60000038146972656250 30.00000000000000000000 26.29999923706054687500 24.00000000000000000000 27.00000000000000000000 25.00000000000000000000 24.00000000000000000000
1977.00000000000000000000 16.39999961853027343750 23.10000038146972656250 8.69999980926513671875 12.89999961853027166114 18.60000038146972656250 38.50000000000000000000 21.39999961853027699021 30.10000038146972656250 44.00000000000000000000 43.79999923706054687500 29.10000038146972656250 43.20000076293945312500
1881.00000000000000000000 36.40000152587890625000 53.20000076293945312500 51.50000000000000000000 51.70000076293945312500 43.50000000000000000000 60.50000000000000000000 76.90000152587890625000 58.00000000000000000000 53.20000076293945312500 64.00000000000000000000 54.79999923706054687500 47.29999923706054687500
1864.00000000000000000000 57.70000076293945312500 47.09999847412108664457 66.30000305175781250000 35.79999923706054687500 40.59999847412108664457 57.79999923706054687500 54.70000076293945312500 54.79999923706054687500 28.50000000000000000000 33.90000152587890625000 57.59999847412108664457 28.60000038146972656250
1963.00000000000000000000 19.79999923706054687500 24.39999961853027699021 17.10000038146972656250 29.29999923706054687500 43.00000000000000000000 35.90000152587890625000 19.60000038146972656250 33.20000076293945312500 38.79999923706054687500 35.29999923706054687500 23.39999961853027699021 14.89999961853027166114
1947.00000000000000000000 115.69999694824220171085 113.40000152587890625000 129.80000305175781250000 149.80000305175781250000 201.30000305175781250000 163.89999389648437500000 157.89999389648437500000 188.80000305175781250000 169.39999389648437500000 163.60000610351562500000 128.00000000000000000000 116.50000000000000000000
1786.00000000000000000000 37.20000076293945312500 47.59999847412108664457 47.70000076293945312500 85.40000152587890625000 92.30000305175779828915 59.00000000000000000000 83.00000000000000000000 89.69999694824218750000 111.50000000000000000000 112.30000305175779828915 116.00000000000000000000 112.69999694824220171085
1754.00000000000000000000 0.00000000000000000000 3.00000000000000000000 1.70000004768371582031 13.69999980926513671875 20.70000076293945312500 26.70000076293945312500 18.79999923706054687500 12.30000019073486328125 8.19999980926513671875 24.10000038146972656250 13.19999980926513671875 4.19999980926513671875
1918.00000000000000000000 96.00000000000000000000 65.30000305175781250000 72.19999694824218750000 80.50000000000000000000 76.69999694824218750000 59.40000152587890625000 107.59999847412109375000 101.69999694824220171085 79.90000152587890625000 85.00000000000000000000 83.40000152587890625000 59.20000076293945312500
1836.00000000000000000000 88.59999847412109375000 107.59999847412109375000 98.09999847412109375000 142.89999389648437500000 111.40000152587890625000 124.69999694824220171085 116.69999694824220171085 107.80000305175779828915 95.09999847412109375000 137.39999389648437500000 120.90000152587890625000 206.19999694824218750000
1816.00000000000000000000 26.29999923706054687500 68.80000305175781250000 73.69999694824218750000 58.79999923706054687500 44.29999923706054687500 43.59999847412108664457 38.79999923706054687500 23.20000076293945312500 47.79999923706054687500 56.40000152587890625000 38.09999847412108664457 29.89999961853027699021
1970.00000000000000000000 111.50000000000000000000 127.80000305175779828915 102.90000152587890625000 109.50000000000000000000 127.50000000000000000000 106.80000305175779828915 112.50000000000000000000 93.00000000000000000000 99.50000000000000000000 86.59999847412109375000 95.19999694824220171085 83.50000000000000000000
1868.00000000000000000000 15.60000038146972833886 15.80000019073486328125 26.50000000000000000000 36.59999847412108664457 26.70000076293945312500 31.10000038146972656250 28.60000038146972656250 34.40000152587890625000 43.79999923706054687500 61.70000076293945312500 59.09999847412108664457 67.59999847412109375000
1912.00000000000000000000 0.30000001192092889957 0.00000000000000000000 4.90000009536743164062 4.50000000000000000000 4.40000009536743164062 4.09999990463256835938 3.00000000000000000000 0.30000001192092889957 9.50000000000000000000 4.59999990463256835938 1.10000002384185791016 6.40000009536743164062
1873.00000000000000000000 86.69999694824218750000 107.00000000000000000000 98.30000305175779828915 76.19999694824218750000 47.90000152587890625000 44.79999923706054687500 66.90000152587890625000 68.19999694824218750000 47.50000000000000000000 47.40000152587890625000 55.40000152587890625000 49.20000076293945312500
1834.00000000000000000000 4.90000009536743164062 18.10000038146972656250 3.90000009536743208471 1.39999997615814208984 8.80000019073486328125 7.80000019073486328125 8.69999980926513671875 4.00000000000000000000 11.50000000000000000000 24.79999923706054687500 30.50000000000000000000 34.50000000000000000000
1898.00000000000000000000 30.20000076293945312500 36.40000152587890625000 38.29999923706054687500 14.50000000000000000000 25.79999923706054687500 22.29999923706054687500 9.00000000000000000000 31.39999961853027699021 34.79999923706054687500 34.40000152587890625000 30.89999961853027699021 12.60000038146972833886
1909.00000000000000000000 56.70000076293945312500 46.59999847412108664457 66.30000305175781250000 32.29999923706054687500 36.00000000000000000000 22.60000038146972656250 35.79999923706054687500 23.10000038146972656250 38.79999923706054687500 58.40000152587890625000 55.79999923706054687500 54.20000076293945312500
1903.00000000000000000000 8.30000019073486328125 17.00000000000000000000 13.50000000000000000000 26.10000038146972656250 14.60000038146972833886 16.29999923706054687500 27.89999961853027699021 28.79999923706054687500 11.10000038146972833886 38.90000152587890625000 44.50000000000000000000 45.59999847412108664457
1882.00000000000000000000 45.00000000000000000000 69.30000305175781250000 67.50000000000000000000 95.80000305175779828915 64.09999847412109375000 45.20000076293945312500 45.40000152587890625000 40.40000152587890625000 57.70000076293945312500 59.20000076293945312500 84.40000152587890625000 41.79999923706054687500
1823.00000000000000000000 0.00000000000000000000 0.00000000000000000000 0.60000002384185791016 0.00000000000000000000 0.00000000000000000000 0.00000000000000000000 0.50000000000000000000 0.00000000000000000000 0.00000000000000000000 0.00000000000000000000 0.00000000000000000000 20.39999961853027699021
1825.00000000000000000000 5.00000000000000000000 15.50000000000000000000 22.39999961853027699021 3.79999995231628417969 15.39999961853027166114 15.39999961853027166114 30.89999961853027699021 25.39999961853027699021 15.69999980926513671875 15.60000038146972833886 11.69999980926513671875 22.00000000000000000000
1829.00000000000000000000 43.00000000000000000000 49.40000152587890625000 72.30000305175781250000 95.00000000000000000000 67.50000000000000000000 73.90000152587890625000 90.80000305175779828915 78.30000305175781250000 52.79999923706054687500 57.20000076293945312500 67.59999847412109375000 56.50000000000000000000
1766.00000000000000000000 12.00000000000000000000 11.00000000000000000000 36.59999847412108664457 6.00000000000000000000 26.79999923706054687500 3.00000000000000000000 3.29999995231628417969 4.00000000000000000000 4.30000019073486328125 5.00000000000000000000 5.69999980926513671875 19.20000076293945312500
1877.00000000000000000000 24.39999961853027699021 8.69999980926513671875 11.69999980926513671875 15.80000019073486328125 21.20000076293945312500 13.39999961853027166114 5.90000009536743164062 6.30000019073486328125 16.39999961853027343750 6.69999980926513671875 14.50000000000000000000 2.29999995231628417969
1848.00000000000000000000 159.10000610351562500000 111.80000305175779828915 108.90000152587890625000 107.09999847412109375000 102.19999694824220171085 123.80000305175779828915 139.19999694824218750000 132.50000000000000000000 100.30000305175779828915 132.39999389648437500000 114.59999847412109375000 159.89999389648437500000
1783.00000000000000000000 28.00000000000000000000 38.70000076293945312500 26.70000076293945312500 28.29999923706054687500 23.00000000000000000000 25.20000076293945312500 32.20000076293945312500 20.00000000000000000000 18.00000000000000000000 8.00000000000000000000 15.00000000000000000000 10.50000000000000000000
1841.00000000000000000000 24.00000000000000000000 29.89999961853027699021 29.70000076293945312500 42.59999847412108664457 67.40000152587890625000 55.70000076293945312500 30.79999923706054687500 39.29999923706054687500 35.09999847412109375000 28.50000000000000000000 19.79999923706054687500 38.79999923706054687500
1956.00000000000000000000 73.59999847412109375000 124.00000000000000000000 118.40000152587890625000 110.69999694824220171085 136.60000610351562500000 116.59999847412109375000 129.10000610351562500000 169.60000610351562500000 173.19999694824218750000 155.30000305175781250000 201.30000305175781250000 192.10000610351559657829
1922.00000000000000000000 11.80000019073486328125 26.39999961853027699021 54.70000076293945312500 11.00000000000000000000 8.00000000000000000000 5.80000019073486328125 10.89999961853027166114 6.50000000000000000000 4.69999980926513671875 6.19999980926513671875 7.40000009536743164062 17.50000000000000000000
1767.00000000000000000000 27.39999961853027699021 30.00000000000000000000 43.00000000000000000000 32.90000152587890625000 29.79999923706054687500 33.29999923706054687500 21.89999961853027699021 40.79999923706054687500 42.70000076293945312500 44.09999847412108664457 54.70000076293945312500 53.29999923706054687500
1950.00000000000000000000 101.59999847412109375000 94.80000305175779828915 109.69999694824220171085 113.40000152587890625000 106.19999694824220171085 83.59999847412109375000 91.00000000000000000000 85.19999694824218750000 51.29999923706054687500 61.40000152587890625000 54.79999923706054687500 54.09999847412108664457
1749.00000000000000000000 58.00000000000000000000 62.59999847412108664457 70.00000000000000000000 55.70000076293945312500 85.00000000000000000000 83.50000000000000000000 94.80000305175779828915 66.30000305175781250000 75.90000152587890625000 75.50000000000000000000 158.60000610351562500000 85.19999694824218750000
1983.00000000000000000000 84.30000305175781250000 51.00000000000000000000 66.50000000000000000000 80.69999694824218750000 99.19999694824220171085 91.09999847412109375000 82.19999694824218750000 71.80000305175781250000 50.29999923706054687500 55.79999923706054687500 33.29999923706054687500 33.40000152587890625000
1906.00000000000000000000 45.50000000000000000000 31.29999923706054687500 64.50000000000000000000 55.29999923706054687500 57.70000076293945312500 63.20000076293945312500 103.59999847412109375000 47.70000076293945312500 56.09999847412108664457 17.79999923706054687500 38.90000152587890625000 64.69999694824218750000
1972.00000000000000000000 61.50000000000000000000 88.40000152587890625000 80.09999847412109375000 63.20000076293945312500 80.50000000000000000000 88.00000000000000000000 76.50000000000000000000 76.80000305175781250000 64.00000000000000000000 61.29999923706054687500 41.59999847412108664457 45.29999923706054687500
1797.00000000000000000000 14.39999961853027166114 4.19999980926513671875 4.00000000000000000000 4.00000000000000000000 7.30000019073486328125 11.10000038146972833886 4.30000019073486328125 6.00000000000000000000 5.69999980926513671875 6.90000009536743164062 5.80000019073486328125 3.00000000000000000000
1976.00000000000000000000 8.10000038146972656250 4.30000019073486328125 21.89999961853027699021 18.79999923706054687500 12.39999961853027166114 12.19999980926513671875 1.89999997615814208984 16.39999961853027343750 13.50000000000000000000 20.60000038146972656250 5.19999980926513671875 15.30000019073486328125
1978.00000000000000000000 51.90000152587890625000 93.59999847412109375000 76.50000000000000000000 99.69999694824220171085 82.69999694824218750000 95.09999847412109375000 70.40000152587890625000 58.09999847412108664457 138.19999694824218750000 125.09999847412109375000 97.90000152587890625000 122.69999694824220171085
1774.00000000000000000000 46.79999923706054687500 65.40000152587890625000 55.70000076293945312500 43.79999923706054687500 51.29999923706054687500 28.50000000000000000000 17.50000000000000000000 6.59999990463256835938 7.90000009536743164062 14.00000000000000000000 17.70000076293945312500 12.19999980926513671875
1832.00000000000000000000 30.89999961853027699021 55.50000000000000000000 55.09999847412108664457 26.89999961853027699021 41.29999923706054687500 26.70000076293945312500 13.89999961853027166114 8.89999961853027343750 8.19999980926513671875 21.10000038146972656250 14.30000019073486328125 27.50000000000000000000
1761.00000000000000000000 70.00000000000000000000 91.00000000000000000000 80.69999694824218750000 71.69999694824218750000 107.19999694824220171085 99.30000305175779828915 94.09999847412109375000 91.09999847412109375000 100.69999694824220171085 88.69999694824218750000 89.69999694824218750000 46.00000000000000000000
1756.00000000000000000000 12.50000000000000000000 7.09999990463256835938 5.40000009536743164062 9.39999961853027166114 12.50000000000000000000 12.89999961853027166114 3.59999990463256835938 6.40000009536743164062 11.80000019073486328125 14.30000019073486328125 17.00000000000000000000 9.39999961853027166114
1849.00000000000000000000 156.69999694824218750000 131.69999694824218750000 96.50000000000000000000 102.50000000000000000000 80.59999847412109375000 81.19999694824218750000 78.00000000000000000000 61.29999923706054687500 93.69999694824220171085 71.50000000000000000000 99.69999694824220171085 97.00000000000000000000
1855.00000000000000000000 12.30000019073486328125 11.39999961853027166114 17.39999961853027343750 4.40000009536743164062 9.10000038146972833886 5.30000019073486328125 0.40000000596046447754 3.09999990463256835938 0.00000000000000000000 9.69999980926513671875 4.30000019073486328125 3.09999990463256835938
1757.00000000000000000000 14.10000038146972833886 21.20000076293945312500 26.20000076293945312500 30.00000000000000000000 38.09999847412108664457 12.80000019073486328125 25.00000000000000000000 51.29999923706054687500 39.70000076293945312500 32.50000000000000000000 64.69999694824218750000 33.50000000000000000000
1792.00000000000000000000 58.00000000000000000000 64.00000000000000000000 63.00000000000000000000 75.69999694824218750000 62.00000000000000000000 61.00000000000000000000 45.79999923706054687500 60.00000000000000000000 59.00000000000000000000 59.00000000000000000000 57.00000000000000000000 56.00000000000000000000
1927.00000000000000000000 81.59999847412109375000 93.00000000000000000000 69.59999847412109375000 93.50000000000000000000 79.09999847412109375000 59.09999847412108664457 54.90000152587890625000 53.79999923706054687500 68.40000152587890625000 63.09999847412108664457 67.19999694824218750000 45.20000076293945312500
1813.00000000000000000000 0.00000000000000000000 10.30000019073486328125 1.89999997615814208984 16.60000038146972656250 5.50000000000000000000 11.19999980926513671875 18.29999923706054687500 8.39999961853027343750 15.30000019073486328125 27.79999923706054687500 16.70000076293945312500 14.30000019073486328125
1808.00000000000000000000 0.00000000000000000000 4.50000000000000000000 0.00000000000000000000 12.30000019073486328125 13.50000000000000000000 13.50000000000000000000 6.69999980926513671875 8.00000000000000000000 11.69999980926513671875 4.69999980926513671875 10.50000000000000000000 12.30000019073486328125
1875.00000000000000000000 14.60000038146972833886 22.20000076293945312500 33.79999923706054687500 29.10000038146972656250 11.50000000000000000000 23.89999961853027699021 12.50000000000000000000 14.60000038146972833886 2.40000009536743208471 12.69999980926513671875 17.70000076293945312500 9.89999961853027166114
1960.00000000000000000000 146.30000305175781250000 106.00000000000000000000 102.19999694824220171085 122.00000000000000000000 119.59999847412109375000 110.19999694824220171085 121.69999694824220171085 134.10000610351562500000 127.19999694824220171085 82.80000305175781250000 89.59999847412109375000 85.59999847412109375000
1876.00000000000000000000 14.30000019073486328125 15.00000000000000000000 31.20000076293945312500 2.29999995231628417969 5.09999990463256835938 1.60000002384185791016 15.19999980926513671875 8.80000019073486328125 9.89999961853027166114 14.30000019073486328125 9.89999961853027166114 8.19999980926513671875
1914.00000000000000000000 2.79999995231628417969 2.59999990463256835938 3.09999990463256835938 17.29999923706054687500 5.19999980926513671875 11.39999961853027166114 5.40000009536743164062 7.69999980926513671875 12.69999980926513671875 8.19999980926513671875 16.39999961853027343750 22.29999923706054687500
1897.00000000000000000000 40.59999847412108664457 29.39999961853027699021 29.10000038146972656250 31.00000000000000000000 20.00000000000000000000 11.30000019073486328125 27.60000038146972656250 21.79999923706054687500 48.09999847412108664457 14.30000019073486328125 8.39999961853027343750 33.29999923706054687500
1887.00000000000000000000 10.30000019073486328125 13.19999980926513671875 4.19999980926513671875 6.90000009536743164062 20.00000000000000000000 15.69999980926513671875 23.29999923706054687500 21.39999961853027699021 7.40000009536743164062 6.59999990463256835938 6.90000009536743164062 20.70000076293945312500
1935.00000000000000000000 18.89999961853027699021 20.50000000000000000000 23.10000038146972656250 12.19999980926513671875 27.29999923706054687500 45.70000076293945312500 33.90000152587890625000 30.10000038146972656250 42.09999847412108664457 53.20000076293945312500 64.19999694824218750000 61.50000000000000000000
1795.00000000000000000000 21.39999961853027699021 39.90000152587890625000 12.60000038146972833886 18.60000038146972656250 31.00000000000000000000 17.10000038146972656250 12.89999961853027166114 25.70000076293945312500 13.50000000000000000000 19.50000000000000000000 25.00000000000000000000 18.00000000000000000000
1901.00000000000000000000 0.20000000298023221101 2.40000009536743208471 4.50000000000000000000 0.00000000000000000000 10.19999980926513671875 5.80000019073486328125 0.69999998807907104492 1.00000000000000000000 0.60000002384185791016 3.70000004768371582031 3.79999995231628417969 0.00000000000000000000
1908.00000000000000000000 39.20000076293945312500 33.90000152587890625000 28.70000076293945312500 57.59999847412108664457 40.79999923706054687500 48.09999847412108664457 39.50000000000000000000 90.50000000000000000000 86.90000152587890625000 32.29999923706054687500 45.50000000000000000000 39.50000000000000000000
1936.00000000000000000000 62.79999923706054687500 74.30000305175781250000 77.09999847412109375000 74.90000152587890625000 54.59999847412108664457 70.00000000000000000000 52.29999923706054687500 87.00000000000000000000 76.00000000000000000000 89.00000000000000000000 115.40000152587890625000 123.40000152587890625000
1969.00000000000000000000 104.40000152587890625000 120.50000000000000000000 135.80000305175781250000 106.80000305175779828915 120.00000000000000000000 106.00000000000000000000 96.80000305175779828915 98.00000000000000000000 91.30000305175779828915 95.69999694824220171085 93.50000000000000000000 97.90000152587890625000
1796.00000000000000000000 22.00000000000000000000 23.79999923706054687500 15.69999980926513671875 31.70000076293945312500 21.00000000000000000000 6.69999980926513671875 26.89999961853027699021 1.50000000000000000000 18.39999961853027699021 11.00000000000000000000 8.39999961853027343750 5.09999990463256835938
1760.00000000000000000000 67.30000305175781250000 59.50000000000000000000 74.69999694824218750000 58.29999923706054687500 72.00000000000000000000 48.29999923706054687500 66.00000000000000000000 75.59999847412109375000 61.29999923706054687500 50.59999847412108664457 59.70000076293945312500 61.00000000000000000000
1833.00000000000000000000 11.30000019073486328125 14.89999961853027166114 11.80000019073486328125 2.79999995231628417969 12.89999961853027166114 1.00000000000000000000 7.00000000000000000000 5.69999980926513671875 11.60000038146972833886 7.50000000000000000000 5.90000009536743164062 9.89999961853027166114
1911.00000000000000000000 3.40000009536743208471 9.00000000000000000000 7.80000019073486328125 16.50000000000000000000 9.00000000000000000000 2.20000004768371582031 3.50000000000000000000 4.00000000000000000000 4.00000000000000000000 2.59999990463256835938 4.19999980926513671875 2.20000004768371582031
1968.00000000000000000000 121.80000305175779828915 111.90000152587890625000 92.19999694824220171085 81.19999694824218750000 127.19999694824220171085 110.30000305175779828915 96.09999847412109375000 109.30000305175779828915 117.19999694824220171085 107.69999694824220171085 86.00000000000000000000 109.80000305175779828915
1921.00000000000000000000 31.50000000000000000000 28.29999923706054687500 26.70000076293945312500 32.40000152587890625000 22.20000076293945312500 33.70000076293945312500 41.90000152587890625000 22.79999923706054687500 17.79999923706054687500 18.20000076293945312500 17.79999923706054687500 20.29999923706054687500
1765.00000000000000000000 24.00000000000000000000 26.00000000000000000000 25.00000000000000000000 22.00000000000000000000 20.20000076293945312500 20.00000000000000000000 27.00000000000000000000 29.70000076293945312500 16.00000000000000000000 14.00000000000000000000 14.00000000000000000000 13.00000000000000000000
1768.00000000000000000000 53.50000000000000000000 66.09999847412109375000 46.29999923706054687500 42.70000076293945312500 77.69999694824218750000 77.40000152587890625000 52.59999847412108664457 66.80000305175781250000 74.80000305175781250000 77.80000305175781250000 90.59999847412109375000 111.80000305175779828915
1847.00000000000000000000 62.59999847412108664457 44.90000152587890625000 85.69999694824218750000 44.70000076293945312500 75.40000152587890625000 85.30000305175781250000 52.20000076293945312500 140.60000610351562500000 161.19999694824218750000 180.39999389648440342171 138.89999389648437500000 109.59999847412109375000
1879.00000000000000000000 0.80000001192092895508 0.60000002384185791016 0.00000000000000000000 6.19999980926513671875 2.40000009536743208471 4.80000019073486328125 7.50000000000000000000 10.69999980926513671875 6.09999990463256835938 12.30000019073486328125 12.89999961853027166114 7.19999980926513671875
1780.00000000000000000000 70.00000000000000000000 98.00000000000000000000 98.00000000000000000000 95.00000000000000000000 107.19999694824220171085 88.00000000000000000000 86.00000000000000000000 86.00000000000000000000 93.69999694824220171085 77.00000000000000000000 60.00000000000000000000 58.70000076293945312500
1932.00000000000000000000 12.10000038146972833886 10.60000038146972833886 11.19999980926513671875 11.19999980926513671875 17.89999961853027343750 22.20000076293945312500 9.60000038146972833886 6.80000019073486328125 4.00000000000000000000 8.89999961853027343750 8.19999980926513671875 11.00000000000000000000
1874.00000000000000000000 60.79999923706054687500 64.19999694824218750000 46.40000152587890625000 32.00000000000000000000 44.59999847412108664457 38.20000076293945312500 67.80000305175781250000 61.29999923706054687500 28.00000000000000000000 34.29999923706054687500 28.89999961853027699021 29.29999923706054687500
1750.00000000000000000000 73.30000305175781250000 75.90000152587890625000 89.19999694824218750000 88.30000305175781250000 90.00000000000000000000 100.00000000000000000000 85.40000152587890625000 103.00000000000000000000 91.19999694824220171085 65.69999694824218750000 63.29999923706054687500 75.40000152587890625000
