5400.00000000000000000000 10320.00000000000000000000 1.00000000000000000000 78.00000000000000000000 584.00000000000000000000 3.00000000000000000000 51.00000000000000000000
5400.00000000000000000000 11940.00000000000000000000 1.00000000000000000000 77.00000000000000000000 325.00000000000000000000 2.00000000000000000000 38.00000000000000000000
4800.00000000000000000000 13560.00000000000000000000 1.00000000000000000000 82.00000000000000000000 338.00000000000000000000 2.00000000000000000000 11.00000000000000000000
6600.00000000000000000000 15360.00097656250000000000 0.00000000000000000000 83.00000000000000000000 340.00000000000000000000 3.00000000000000000000 64.00000000000000000000
4380.00000000000000000000 10020.00097656250000000000 1.00000000000000000000 93.00000000000000000000 313.00000000000000000000 0.00000000000000000000 7.50000000000000000000
6600.00000000000000000000 12240.00097656250000000000 0.00000000000000000000 83.00000000000000000000 536.00000000000000000000 3.00000000000000000000 215.50000000000000000000
5400.00000000000000000000 9420.00000000000000000000 1.00000000000000000000 72.00000000000000000000 589.00000000000000000000 3.00000000000000000000 49.00000000000000000000
6000.00000000000000000000 8940.00000000000000000000 0.00000000000000000000 80.00000000000000000000 686.00000000000000000000 2.00000000000000000000 272.00000000000000000000
4380.00000000000000000000 9720.00000000000000000000 1.00000000000000000000 93.00000000000000000000 303.00000000000000000000 2.00000000000000000000 4.50000000000000000000
5100.00000000000000000000 7860.00000000000000000000 0.00000000000000000000 84.00000000000000000000 535.00000000000000000000 2.00000000000000000000 180.00000000000000000000
6000.00000000000000000000 11940.00000000000000000000 1.00000000000000000000 86.00000000000000000000 486.00000000000000000000 3.00000000000000000000 78.50000000000000000000
5400.00000000000000000000 11880.00000000000000000000 1.00000000000000000000 66.00000000000000000000 302.00000000000000000000 2.00000000000000000000 26.00000000000000000000
5640.00000000000000000000 10080.00000000000000000000 1.00000000000000000000 90.00000000000000000000 368.00000000000000000000 2.00000000000000000000 55.00000000000000000000
6000.00000000000000000000 14400.00000000000000000000 0.00000000000000000000 96.00000000000000000000 402.00000000000000000000 4.00000000000000000000 45.50000000000000000000
6000.00000000000000000000 16320.00097656250000000000 0.00000000000000000000 97.00000000000000000000 354.00000000000000000000 2.00000000000000000000 24.00000000000000000000
6000.00000000000000000000 12960.00000000000000000000 0.00000000000000000000 66.00000000000000000000 355.00000000000000000000 3.00000000000000000000 64.00000000000000000000
5700.00000000000000000000 9000.00000000000000000000 1.00000000000000000000 76.00000000000000000000 667.00000000000000000000 2.00000000000000000000 90.00000000000000000000
4380.00000000000000000000 9600.00000000000000000000 1.00000000000000000000 92.00000000000000000000 305.00000000000000000000 0.00000000000000000000 6.25000000000000000000
4500.00000000000000000000 7980.00000000000000000000 1.00000000000000000000 80.00000000000000000000 298.00000000000000000000 2.00000000000000000000 8.00000000000000000000
5400.00000000000000000000 8400.00000000000000000000 1.00000000000000000000 70.00000000000000000000 628.00000000000000000000 2.00000000000000000000 82.00000000000000000000
5100.00000000000000000000 11160.00000000000000000000 1.00000000000000000000 98.00000000000000000000 571.00000000000000000000 3.00000000000000000000 115.00000000000000000000
5400.00000000000000000000 10680.00097656250000000000 0.00000000000000000000 88.00000000000000000000 359.00000000000000000000 2.00000000000000000000 38.00000000000000000000
5400.00000000000000000000 11640.00000000000000000000 0.00000000000000000000 96.00000000000000000000 474.00000000000000000000 2.00000000000000000000 113.00000000000000000000
6300.00000000000000000000 9780.00000000000000000000 1.00000000000000000000 66.00000000000000000000 394.00000000000000000000 2.00000000000000000000 86.50000000000000000000
5100.00000000000000000000 10020.00097656250000000000 1.00000000000000000000 87.00000000000000000000 508.00000000000000000000 4.00000000000000000000 123.00000000000000000000
4020.00000000000000000000 9840.00000000000000000000 1.00000000000000000000 92.00000000000000000000 528.00000000000000000000 1.00000000000000000000 44.00000000000000000000
4800.00000000000000000000 8580.00000000000000000000 1.00000000000000000000 98.00000000000000000000 774.00000000000000000000 2.00000000000000000000 381.00000000000000000000
6120.00000000000000000000 9360.00000000000000000000 1.00000000000000000000 78.00000000000000000000 624.00000000000000000000 2.00000000000000000000 208.50000000000000000000
4290.00000000000000000000 9180.00097656250000000000 1.00000000000000000000 69.00000000000000000000 280.00000000000000000000 2.00000000000000000000 5.00000000000000000000
5700.00000000000000000000 9780.00000000000000000000 1.00000000000000000000 74.00000000000000000000 542.00000000000000000000 2.00000000000000000000 116.50000000000000000000
4800.00000000000000000000 8340.00000000000000000000 1.00000000000000000000 87.00000000000000000000 647.00000000000000000000 2.00000000000000000000 163.00000000000000000000
4380.00000000000000000000 10500.00097656250000000000 1.00000000000000000000 89.00000000000000000000 310.00000000000000000000 2.00000000000000000000 0.00000000000000000000
5700.00000000000000000000 8280.00000000000000000000 1.00000000000000000000 65.00000000000000000000 714.00000000000000000000 3.00000000000000000000 241.00000000000000000000
4800.00000000000000000000 9780.00000000000000000000 1.00000000000000000000 75.00000000000000000000 619.00000000000000000000 2.00000000000000000000 144.00000000000000000000
4800.00000000000000000000 9240.00000000000000000000 1.00000000000000000000 84.00000000000000000000 571.00000000000000000000 4.00000000000000000000 214.00000000000000000000
4800.00000000000000000000 9000.00000000000000000000 1.00000000000000000000 77.00000000000000000000 505.00000000000000000000 2.00000000000000000000 63.00000000000000000000
5100.00000000000000000000 9660.00000000000000000000 1.00000000000000000000 66.00000000000000000000 554.00000000000000000000 0.00000000000000000000 96.00000000000000000000
5400.00000000000000000000 9540.00000000000000000000 1.00000000000000000000 66.00000000000000000000 534.00000000000000000000 3.00000000000000000000 122.00000000000000000000
6000.00000000000000000000 12360.00000000000000000000 0.00000000000000000000 86.00000000000000000000 348.00000000000000000000 3.00000000000000000000 25.00000000000000000000
4620.00000000000000000000 9420.00000000000000000000 1.00000000000000000000 96.00000000000000000000 385.00000000000000000000 2.00000000000000000000 52.00000000000000000000
8100.00000000000000000000 13979.99902343750000000000 0.00000000000000000000 66.00000000000000000000 369.00000000000000000000 4.00000000000000000000 54.50000000000000000000
5220.00000000000000000000 10080.00000000000000000000 0.00000000000000000000 85.00000000000000000000 344.00000000000000000000 2.00000000000000000000 29.00000000000000000000
6600.00000000000000000000 11220.00000000000000000000 0.00000000000000000000 66.00000000000000000000 369.00000000000000000000 3.00000000000000000000 84.00000000000000000000
6000.00000000000000000000 15120.00000000000000000000 0.00000000000000000000 67.00000000000000000000 315.00000000000000000000 3.00000000000000000000 35.50000000000000000000
3900.00000000000000000000 8760.00000000000000000000 1.00000000000000000000 98.00000000000000000000 327.00000000000000000000 2.00000000000000000000 0.00000000000000000000
6000.00000000000000000000 11580.00000000000000000000 0.00000000000000000000 83.00000000000000000000 521.00000000000000000000 3.00000000000000000000 108.00000000000000000000
5700.00000000000000000000 10620.00000000000000000000 1.00000000000000000000 88.00000000000000000000 410.00000000000000000000 3.00000000000000000000 61.00000000000000000000
5400.00000000000000000000 8640.00000000000000000000 1.00000000000000000000 65.00000000000000000000 603.00000000000000000000 0.00000000000000000000 173.00000000000000000000
5280.00000000000000000000 8040.00000000000000000000 1.00000000000000000000 88.00000000000000000000 745.00000000000000000000 0.00000000000000000000 90.00000000000000000000
5400.00000000000000000000 9600.00000000000000000000 1.00000000000000000000 98.00000000000000000000 568.00000000000000000000 2.00000000000000000000 244.00000000000000000000
5220.00000000000000000000 7860.00000000000000000000 1.00000000000000000000 70.00000000000000000000 671.00000000000000000000 0.00000000000000000000 102.00000000000000000000
5280.00000000000000000000 9780.00000000000000000000 1.00000000000000000000 88.00000000000000000000 653.00000000000000000000 2.00000000000000000000 107.00000000000000000000
5280.00000000000000000000 8760.00000000000000000000 1.00000000000000000000 98.00000000000000000000 557.00000000000000000000 0.00000000000000000000 190.00000000000000000000
6000.00000000000000000000 12180.00000000000000000000 0.00000000000000000000 91.00000000000000000000 364.00000000000000000000 2.00000000000000000000 49.00000000000000000000
5160.00000000000000000000 10680.00097656250000000000 1.00000000000000000000 87.00000000000000000000 320.00000000000000000000 2.00000000000000000000 18.00000000000000000000
5400.00000000000000000000 8940.00000000000000000000 1.00000000000000000000 88.00000000000000000000 338.00000000000000000000 2.00000000000000000000 26.00000000000000000000
6000.00000000000000000000 10140.00000000000000000000 0.00000000000000000000 82.00000000000000000000 363.00000000000000000000 2.00000000000000000000 32.00000000000000000000
4620.00000000000000000000 11100.00000000000000000000 0.00000000000000000000 77.00000000000000000000 293.00000000000000000000 2.00000000000000000000 11.50000000000000000000
6300.00000000000000000000 12060.00000000000000000000 0.00000000000000000000 82.00000000000000000000 357.00000000000000000000 3.00000000000000000000 72.00000000000000000000
5400.00000000000000000000 9480.00000000000000000000 0.00000000000000000000 88.00000000000000000000 690.00000000000000000000 3.00000000000000000000 359.00000000000000000000
5700.00000000000000000000 10260.00000000000000000000 1.00000000000000000000 82.00000000000000000000 362.00000000000000000000 3.00000000000000000000 51.00000000000000000000
4800.00000000000000000000 8820.00000000000000000000 1.00000000000000000000 76.00000000000000000000 482.00000000000000000000 2.00000000000000000000 6.00000000000000000000
5400.00000000000000000000 12660.00097656250000000000 0.00000000000000000000 91.00000000000000000000 331.00000000000000000000 3.00000000000000000000 17.50000000000000000000
5400.00000000000000000000 10440.00000000000000000000 1.00000000000000000000 72.00000000000000000000 604.00000000000000000000 2.00000000000000000000 169.00000000000000000000
4800.00000000000000000000 9240.00000000000000000000 1.00000000000000000000 73.00000000000000000000 590.00000000000000000000 2.00000000000000000000 228.00000000000000000000
5400.00000000000000000000 8640.00000000000000000000 1.00000000000000000000 66.00000000000000000000 771.00000000000000000000 0.00000000000000000000 228.00000000000000000000
5520.00000000000000000000 9600.00000000000000000000 1.00000000000000000000 82.00000000000000000000 558.00000000000000000000 2.00000000000000000000 97.00000000000000000000
5400.00000000000000000000 13320.00000000000000000000 1.00000000000000000000 86.00000000000000000000 329.00000000000000000000 3.00000000000000000000 24.00000000000000000000
5400.00000000000000000000 12600.00000000000000000000 0.00000000000000000000 78.00000000000000000000 305.00000000000000000000 2.00000000000000000000 7.00000000000000000000
