1.00000000000000000000 4.40000009536743164062 78.00000000000000000000
19.00000000000000000000 4.50000000000000000000 84.00000000000000000000
5.00000000000000000000 4.00000000000000000000 71.00000000000000000000
17.00000000000000000000 3.20000004768371582031 53.00000000000000000000
20.00000000000000000000 4.59999990463256835938 69.00000000000000000000
18.00000000000000000000 5.09999990463256835938 81.00000000000000000000
4.00000000000000000000 3.40000009536743208471 86.00000000000000000000
7.00000000000000000000 4.69999980926513671875 73.00000000000000000000
19.00000000000000000000 4.69999980926513671875 87.00000000000000000000
8.00000000000000000000 2.70000004768371582031 61.00000000000000000000
4.00000000000000000000 3.70000004768371582031 79.00000000000000000000
20.00000000000000000000 4.59999990463256835938 77.00000000000000000000
19.00000000000000000000 4.30000019073486328125 89.00000000000000000000
22.00000000000000000000 3.00000000000000000000 72.00000000000000000000
2.00000000000000000000 4.09999990463256835938 91.00000000000000000000
3.00000000000000000000 1.89999997615814208984 49.00000000000000000000
6.00000000000000000000 1.70000004768371582031 51.00000000000000000000
21.00000000000000000000 4.80000019073486328125 80.00000000000000000000
23.00000000000000000000 2.20000004768371582031 51.00000000000000000000
3.00000000000000000000 4.50000000000000000000 76.00000000000000000000
16.00000000000000000000 4.69999980926513671875 76.00000000000000000000
6.00000000000000000000 4.40000009536743164062 83.00000000000000000000
1.00000000000000000000 4.00000000000000000000 76.00000000000000000000
2.00000000000000000000 1.79999995231628417969 42.00000000000000000000
6.00000000000000000000 4.59999990463256835938 80.00000000000000000000
4.00000000000000000000 4.30000019073486328125 68.00000000000000000000
1.00000000000000000000 2.29999995231628417969 50.00000000000000000000
4.00000000000000000000 3.59999990463256835938 86.00000000000000000000
17.00000000000000000000 4.30000019073486328125 74.00000000000000000000
23.00000000000000000000 4.40000009536743164062 83.00000000000000000000
4.00000000000000000000 2.50000000000000000000 66.00000000000000000000
22.00000000000000000000 4.69999980926513671875 80.00000000000000000000
5.00000000000000000000 3.29999995231628417969 76.00000000000000000000
2.00000000000000000000 4.30000019073486328125 80.00000000000000000000
16.00000000000000000000 4.50000000000000000000 76.00000000000000000000
17.00000000000000000000 4.00000000000000000000 70.00000000000000000000
23.00000000000000000000 4.19999980926513671875 81.00000000000000000000
16.00000000000000000000 4.09999990463256835938 82.00000000000000000000
4.00000000000000000000 3.70000004768371582031 73.00000000000000000000
3.00000000000000000000 1.79999995231628417969 51.00000000000000000000
23.00000000000000000000 4.50000000000000000000 79.00000000000000000000
7.00000000000000000000 3.50000000000000000000 81.00000000000000000000
2.00000000000000000000 1.70000004768371582031 56.00000000000000000000
8.00000000000000000000 4.50000000000000000000 81.00000000000000000000
20.00000000000000000000 4.19999980926513671875 77.00000000000000000000
8.00000000000000000000 1.89999997615814208984 61.00000000000000000000
17.00000000000000000000 4.40000009536743164062 81.00000000000000000000
18.00000000000000000000 4.00000000000000000000 78.00000000000000000000
8.00000000000000000000 4.09999990463256835938 83.00000000000000000000
2.00000000000000000000 3.09999990463256835938 57.00000000000000000000
3.00000000000000000000 4.59999990463256835938 85.00000000000000000000
8.00000000000000000000 4.09999990463256835938 79.00000000000000000000
17.00000000000000000000 4.00000000000000000000 71.00000000000000000000
1.00000000000000000000 1.70000004768371582031 58.00000000000000000000
22.00000000000000000000 4.19999980926513671875 86.00000000000000000000
16.00000000000000000000 4.19999980926513671875 80.00000000000000000000
1.00000000000000000000 4.00000000000000000000 68.00000000000000000000
22.00000000000000000000 2.90000009536743208471 60.00000000000000000000
7.00000000000000000000 4.09999990463256835938 78.00000000000000000000
17.00000000000000000000 4.69999980926513671875 73.00000000000000000000
23.00000000000000000000 1.70000004768371582031 51.00000000000000000000
7.00000000000000000000 4.30000019073486328125 89.00000000000000000000
23.00000000000000000000 4.69999980926513671875 88.00000000000000000000
20.00000000000000000000 4.69999980926513671875 80.00000000000000000000
1.00000000000000000000 3.40000009536743208471 75.00000000000000000000
18.00000000000000000000 4.40000009536743164062 75.00000000000000000000
18.00000000000000000000 3.79999995231628417969 75.00000000000000000000
3.00000000000000000000 1.79999995231628417969 45.00000000000000000000
8.00000000000000000000 4.09999990463256835938 88.00000000000000000000
6.00000000000000000000 3.50000000000000000000 73.00000000000000000000
22.00000000000000000000 4.30000019073486328125 80.00000000000000000000
17.00000000000000000000 3.90000009536743208471 83.00000000000000000000
8.00000000000000000000 4.40000009536743164062 73.00000000000000000000
3.00000000000000000000 4.69999980926513671875 88.00000000000000000000
21.00000000000000000000 4.80000019073486328125 80.00000000000000000000
6.00000000000000000000 4.59999990463256835938 95.00000000000000000000
4.00000000000000000000 4.00000000000000000000 75.00000000000000000000
20.00000000000000000000 2.59999990463256835938 67.00000000000000000000
7.00000000000000000000 1.79999995231628417969 55.00000000000000000000
22.00000000000000000000 2.20000004768371582031 51.00000000000000000000
8.00000000000000000000 4.00000000000000000000 75.00000000000000000000
21.00000000000000000000 1.89999997615814208984 62.00000000000000000000
17.00000000000000000000 4.50000000000000000000 82.00000000000000000000
5.00000000000000000000 4.30000019073486328125 83.00000000000000000000
20.00000000000000000000 2.90000009536743208471 60.00000000000000000000
3.00000000000000000000 3.50000000000000000000 82.00000000000000000000
8.00000000000000000000 4.19999980926513671875 77.00000000000000000000
8.00000000000000000000 4.09999990463256835938 70.00000000000000000000
19.00000000000000000000 1.89999997615814208984 49.00000000000000000000
20.00000000000000000000 1.89999997615814208984 54.00000000000000000000
17.00000000000000000000 4.09999990463256835938 77.00000000000000000000
1.00000000000000000000 4.69999980926513671875 93.00000000000000000000
8.00000000000000000000 4.80000019073486328125 80.00000000000000000000
16.00000000000000000000 4.40000009536743164062 72.00000000000000000000
2.00000000000000000000 3.90000009536743208471 80.00000000000000000000
22.00000000000000000000 5.09999990463256835938 91.00000000000000000000
18.00000000000000000000 4.80000019073486328125 82.00000000000000000000
19.00000000000000000000 3.79999995231628417969 72.00000000000000000000
21.00000000000000000000 4.69999980926513671875 84.00000000000000000000
4.00000000000000000000 4.50000000000000000000 84.00000000000000000000
6.00000000000000000000 1.70000004768371582031 50.00000000000000000000
23.00000000000000000000 2.09999990463256835938 61.00000000000000000000
3.00000000000000000000 3.90000009536743208471 82.00000000000000000000
18.00000000000000000000 2.20000004768371582031 58.00000000000000000000
20.00000000000000000000 3.29999995231628417969 62.00000000000000000000
17.00000000000000000000 2.20000004768371582031 62.00000000000000000000
21.00000000000000000000 3.70000004768371582031 84.00000000000000000000
4.00000000000000000000 3.79999995231628417969 75.00000000000000000000
6.00000000000000000000 1.89999997615814208984 51.00000000000000000000
5.00000000000000000000 3.70000004768371582031 72.00000000000000000000
19.00000000000000000000 4.80000019073486328125 81.00000000000000000000
4.00000000000000000000 4.09999990463256835938 70.00000000000000000000
3.00000000000000000000 4.59999990463256835938 80.00000000000000000000
22.00000000000000000000 4.00000000000000000000 74.00000000000000000000
5.00000000000000000000 3.70000004768371582031 77.00000000000000000000
17.00000000000000000000 4.09999990463256835938 66.00000000000000000000
21.00000000000000000000 2.00000000000000000000 51.00000000000000000000
19.00000000000000000000 2.20000004768371582031 57.00000000000000000000
21.00000000000000000000 4.50000000000000000000 71.00000000000000000000
1.00000000000000000000 1.70000004768371582031 55.00000000000000000000
18.00000000000000000000 4.30000019073486328125 77.00000000000000000000
22.00000000000000000000 2.09999990463256835938 54.00000000000000000000
17.00000000000000000000 4.59999990463256835938 84.00000000000000000000
1.00000000000000000000 4.59999990463256835938 74.00000000000000000000
5.00000000000000000000 1.89999997615814208984 57.00000000000000000000
21.00000000000000000000 5.09999990463256835938 81.00000000000000000000
1.00000000000000000000 4.90000009536743164062 76.00000000000000000000
5.00000000000000000000 4.40000009536743164062 81.00000000000000000000
4.00000000000000000000 3.79999995231628417969 75.00000000000000000000
23.00000000000000000000 4.19999980926513671875 76.00000000000000000000
5.00000000000000000000 4.09999990463256835938 76.00000000000000000000
3.00000000000000000000 4.30000019073486328125 84.00000000000000000000
19.00000000000000000000 4.30000019073486328125 82.00000000000000000000
7.00000000000000000000 1.79999995231628417969 61.00000000000000000000
22.00000000000000000000 4.59999990463256835938 75.00000000000000000000
6.00000000000000000000 1.79999995231628417969 55.00000000000000000000
7.00000000000000000000 3.90000009536743208471 73.00000000000000000000
18.00000000000000000000 4.09999990463256835938 77.00000000000000000000
23.00000000000000000000 4.00000000000000000000 71.00000000000000000000
4.00000000000000000000 3.79999995231628417969 60.00000000000000000000
3.00000000000000000000 2.29999995231628417969 53.00000000000000000000
18.00000000000000000000 1.79999995231628417969 53.00000000000000000000
20.00000000000000000000 4.69999980926513671875 75.00000000000000000000
4.00000000000000000000 3.70000004768371582031 67.00000000000000000000
5.00000000000000000000 2.90000009536743208471 56.00000000000000000000
6.00000000000000000000 4.00000000000000000000 82.00000000000000000000
8.00000000000000000000 2.00000000000000000000 51.00000000000000000000
21.00000000000000000000 2.00000000000000000000 51.00000000000000000000
16.00000000000000000000 2.09999990463256835938 52.00000000000000000000
2.00000000000000000000 2.00000000000000000000 51.00000000000000000000
5.00000000000000000000 4.59999990463256835938 83.00000000000000000000
20.00000000000000000000 4.40000009536743164062 80.00000000000000000000
22.00000000000000000000 4.50000000000000000000 70.00000000000000000000
4.00000000000000000000 3.79999995231628417969 72.00000000000000000000
7.00000000000000000000 4.50000000000000000000 86.00000000000000000000
2.00000000000000000000 3.70000004768371582031 69.00000000000000000000
7.00000000000000000000 1.79999995231628417969 44.00000000000000000000
18.00000000000000000000 2.20000004768371582031 51.00000000000000000000
6.00000000000000000000 3.70000004768371582031 83.00000000000000000000
16.00000000000000000000 4.30000019073486328125 75.00000000000000000000
20.00000000000000000000 4.30000019073486328125 73.00000000000000000000
6.00000000000000000000 1.79999995231628417969 54.00000000000000000000
17.00000000000000000000 4.80000019073486328125 91.00000000000000000000
1.00000000000000000000 4.09999990463256835938 84.00000000000000000000
20.00000000000000000000 3.29999995231628417969 66.00000000000000000000
19.00000000000000000000 4.40000009536743164062 75.00000000000000000000
