-1.12000000000000010658 -1.16999999999999992895 0.00000000000000000000
0.07299999999999999545 -0.00169000000000000010 1.00000000000000000000
-0.00625999999999999994 -0.95899999999999996358 0.00000000000000000000
-0.70899999999999996358 -0.26200000000000001066 1.00000000000000000000
0.65100000000000002309 0.74399999999999999467 0.00000000000000000000
1.13999999999999990230 0.60699999999999998401 0.00000000000000000000
-1.53000000000000002665 -1.01000000000000000888 1.00000000000000000000
1.21999999999999997335 -0.34499999999999997335 0.00000000000000000000
0.74199999999999999289 0.74399999999999999467 0.00000000000000000000
1.62000000000000010658 0.05639999999999999875 0.00000000000000000000
-0.33500000000000001998 -1.68999999999999994671 0.00000000000000000000
-0.13500000000000000888 -1.10000000000000008882 0.00000000000000000000
0.05260000000000000092 -1.31000000000000005329 0.00000000000000000000
1.25000000000000000000 -0.00262999999999999996 0.00000000000000000000
-0.47899999999999998135 0.91000000000000003109 0.00000000000000000000
1.33000000000000007105 1.51000000000000000888 1.00000000000000000000
-0.98299999999999998490 1.10000000000000008882 0.00000000000000000000
-0.76700000000000001510 -1.19999999999999995559 0.00000000000000000000
-0.52900000000000002576 -0.35699999999999998401 1.00000000000000000000
0.09189999999999999558 -0.15399999999999999800 1.00000000000000000000
-0.81899999999999995026 1.26000000000000000888 0.00000000000000000000
1.05000000000000004441 -0.46700000000000002620 1.00000000000000000000
-0.33600000000000002087 0.18199999999999999512 1.00000000000000000000
-0.63900000000000001243 1.28000000000000002665 0.00000000000000000000
0.19100000000000000311 -1.29000000000000003553 0.00000000000000000000
-1.15999999999999992006 -0.28499999999999997558 1.00000000000000000000
-0.34699999999999997513 -1.14999999999999991118 0.00000000000000000000
-0.65800000000000002931 -1.31000000000000005329 0.00000000000000000000
0.13700000000000001066 1.68999999999999994671 0.00000000000000000000
1.20999999999999996447 1.31000000000000005329 1.00000000000000000000
0.23400000000000001354 -0.41299999999999997824 1.00000000000000000000
-1.64999999999999991118 -0.72299999999999997602 1.00000000000000000000
0.69499999999999995115 0.65100000000000002309 0.00000000000000000000
0.14299999999999998823 0.84499999999999997335 0.00000000000000000000
-0.21499999999999999667 -1.01000000000000000888 0.00000000000000000000
1.52000000000000001776 0.40899999999999997469 0.00000000000000000000
-0.58399999999999996358 0.09370000000000000551 1.00000000000000000000
-0.95999999999999996447 1.34000000000000007994 0.00000000000000000000
-0.17999999999999999334 0.59499999999999997335 1.00000000000000000000
-0.40899999999999997469 0.34899999999999997691 1.00000000000000000000
-0.10599999999999999700 -0.31600000000000000311 1.00000000000000000000
0.83799999999999996714 1.50000000000000000000 0.00000000000000000000
-0.06859999999999999432 1.71999999999999997335 0.00000000000000000000
0.78600000000000003197 0.94499999999999995115 0.00000000000000000000
0.32600000000000001199 1.44999999999999995559 0.00000000000000000000
0.90800000000000002931 1.47999999999999998224 1.00000000000000000000
1.61000000000000009770 0.58199999999999996181 0.00000000000000000000
-0.76800000000000001599 -1.04000000000000003553 0.00000000000000000000
1.15999999999999992006 0.15099999999999999534 1.00000000000000000000
-0.86899999999999999467 1.37999999999999989342 0.00000000000000000000
-0.59199999999999997069 -1.16999999999999992895 0.00000000000000000000
-2.00000000000000000000 -1.71999999999999997335 1.00000000000000000000
-0.71499999999999996891 0.08590000000000000413 1.00000000000000000000
-0.01600000000000000033 -0.44800000000000000933 1.00000000000000000000
1.14999999999999991118 0.56499999999999994671 0.00000000000000000000
-1.28000000000000002665 -1.12000000000000010658 1.00000000000000000000
-0.03470000000000000168 1.30000000000000004441 0.00000000000000000000
-1.11000000000000009770 0.27600000000000002309 1.00000000000000000000
-0.75300000000000000266 -1.08000000000000007105 0.00000000000000000000
-0.21900000000000000022 -0.19500000000000000666 1.00000000000000000000
0.17100000000000001310 2.10999999999999987566 1.00000000000000000000
1.51000000000000000888 1.52000000000000001776 1.00000000000000000000
-0.82599999999999995648 -0.96599999999999996980 0.00000000000000000000
0.18499999999999999778 0.26100000000000000977 1.00000000000000000000
0.58699999999999996625 0.32200000000000000844 1.00000000000000000000
0.46899999999999997247 -0.32100000000000000755 1.00000000000000000000
-0.82799999999999995826 -0.83899999999999996803 0.00000000000000000000
1.58000000000000007105 -0.46800000000000002709 0.00000000000000000000
0.78100000000000002753 1.08000000000000007105 0.00000000000000000000
0.23000000000000000999 -1.14999999999999991118 0.00000000000000000000
-0.02610000000000000167 -1.37999999999999989342 0.00000000000000000000
-0.13800000000000001155 -0.05240000000000000213 1.00000000000000000000
-1.02000000000000001776 0.88300000000000000711 0.00000000000000000000
-0.11000000000000000056 -1.20999999999999996447 0.00000000000000000000
-0.48699999999999998845 -0.79700000000000004174 0.00000000000000000000
1.82000000000000006217 -0.64300000000000001599 0.00000000000000000000
-1.37999999999999989342 0.09729999999999999760 1.00000000000000000000
0.47299999999999997602 0.33900000000000002354 1.00000000000000000000
-1.92999999999999993783 0.52500000000000002220 0.00000000000000000000
1.01000000000000000888 0.86499999999999999112 0.00000000000000000000
-0.04819999999999999979 1.52000000000000001776 0.00000000000000000000
0.73999999999999999112 1.35000000000000008882 1.00000000000000000000
2.60000000000000008882 0.95099999999999995648 1.00000000000000000000
2.20000000000000017764 1.26000000000000000888 1.00000000000000000000
-1.39999999999999991118 -0.38600000000000000977 1.00000000000000000000
1.50000000000000000000 1.50000000000000000000 1.00000000000000000000
0.64600000000000001865 0.77800000000000002487 0.00000000000000000000
0.56599999999999994760 -0.97699999999999997957 1.00000000000000000000
-0.75700000000000000622 0.29799999999999998712 1.00000000000000000000
1.69999999999999995559 -0.55400000000000004796 0.00000000000000000000
-2.04000000000000003553 0.13100000000000000533 0.00000000000000000000
1.44999999999999995559 0.27300000000000002043 0.00000000000000000000
-0.63900000000000001243 0.52200000000000001954 1.00000000000000000000
-0.30699999999999999512 0.93799999999999994493 0.00000000000000000000
-0.31500000000000000222 -1.30000000000000004441 0.00000000000000000000
1.29000000000000003553 -0.39100000000000001421 0.00000000000000000000
-0.78600000000000003197 -1.33000000000000007105 0.00000000000000000000
0.82399999999999995470 0.58699999999999996625 1.00000000000000000000
-0.90200000000000002398 -0.35999999999999998668 1.00000000000000000000
-0.55900000000000005240 0.05940000000000000141 1.00000000000000000000
-0.20799999999999999045 0.33200000000000001732 1.00000000000000000000
0.73299999999999998490 0.92600000000000004530 0.00000000000000000000
1.29000000000000003553 -1.42999999999999993783 1.00000000000000000000
0.47999999999999998224 -1.10000000000000008882 0.00000000000000000000
0.46600000000000002531 0.32200000000000000844 1.00000000000000000000
1.11000000000000009770 -0.10599999999999999700 0.00000000000000000000
-0.99899999999999999911 1.19999999999999995559 0.00000000000000000000
-0.10599999999999999700 0.55200000000000004619 1.00000000000000000000
-0.39600000000000001865 -1.37999999999999989342 0.00000000000000000000
0.26400000000000001243 -0.60499999999999998224 1.00000000000000000000
0.60599999999999998312 -0.87700000000000000178 0.00000000000000000000
-0.93000000000000004885 -0.50200000000000000178 1.00000000000000000000
0.32000000000000000666 0.28199999999999997291 1.00000000000000000000
0.89800000000000002043 -0.71899999999999997247 1.00000000000000000000
-1.62999999999999989342 -0.36299999999999998934 1.00000000000000000000
1.23999999999999999112 0.82799999999999995826 0.00000000000000000000
0.59999999999999997780 -0.38000000000000000444 1.00000000000000000000
0.20599999999999998868 1.18999999999999994671 0.00000000000000000000
0.19500000000000000666 -1.27000000000000001776 0.00000000000000000000
-0.89000000000000001332 -1.16999999999999992895 0.00000000000000000000
1.85000000000000008882 1.37999999999999989342 1.00000000000000000000
1.12999999999999989342 1.51000000000000000888 1.00000000000000000000
-1.51000000000000000888 0.48099999999999998312 0.00000000000000000000
-0.16900000000000001132 -0.60099999999999997868 1.00000000000000000000
-1.43999999999999994671 -0.42999999999999999334 1.00000000000000000000
-1.44999999999999995559 -1.29000000000000003553 1.00000000000000000000
-0.38900000000000001243 -1.32000000000000006217 0.00000000000000000000
-1.60000000000000008882 -1.43999999999999994671 1.00000000000000000000
1.87999999999999989342 0.32500000000000001110 0.00000000000000000000
-0.94899999999999995470 1.00000000000000000000 0.00000000000000000000
0.39000000000000001332 -1.19999999999999995559 0.00000000000000000000
0.41499999999999998002 -1.00000000000000000000 0.00000000000000000000
0.51500000000000001332 2.20999999999999996447 0.00000000000000000000
-0.17100000000000001310 -1.09000000000000007994 0.00000000000000000000
1.03000000000000002665 -0.80500000000000004885 1.00000000000000000000
-0.58299999999999996270 -1.05000000000000004441 0.00000000000000000000
1.53000000000000002665 0.08379999999999999949 0.00000000000000000000
0.25400000000000000355 2.41999999999999992895 0.00000000000000000000
0.18199999999999999512 -0.08229999999999999816 1.00000000000000000000
-0.21399999999999999578 -1.27000000000000001776 0.00000000000000000000
-1.28000000000000002665 -0.25900000000000000799 1.00000000000000000000
0.05290000000000000258 1.52000000000000001776 0.00000000000000000000
-0.75800000000000000711 -1.20999999999999996447 0.00000000000000000000
0.14299999999999998823 0.33700000000000002176 1.00000000000000000000
0.33000000000000001554 -1.47999999999999998224 0.00000000000000000000
-1.55000000000000004441 0.38600000000000000977 0.00000000000000000000
0.73899999999999999023 0.67300000000000004263 0.00000000000000000000
1.71999999999999997335 -0.25900000000000000799 0.00000000000000000000
0.01789999999999999925 -0.69999999999999995559 1.00000000000000000000
-0.68000000000000004885 0.31400000000000000133 1.00000000000000000000
0.31400000000000000133 1.54000000000000003553 0.00000000000000000000
1.37999999999999989342 -1.36000000000000009770 1.00000000000000000000
2.04000000000000003553 -0.46200000000000002176 0.00000000000000000000
2.00999999999999978684 -0.69499999999999995115 0.00000000000000000000
-1.68999999999999994671 -1.13999999999999990230 1.00000000000000000000
-1.06000000000000005329 1.03000000000000002665 0.00000000000000000000
-0.40300000000000002487 -0.48799999999999998934 1.00000000000000000000
1.17999999999999993783 0.59699999999999997513 0.00000000000000000000
-0.83799999999999996714 0.35599999999999998312 1.00000000000000000000
-0.01430000000000000021 1.55000000000000004441 0.00000000000000000000
1.86000000000000009770 -0.35999999999999998668 0.00000000000000000000
-0.22300000000000000377 1.04000000000000003553 0.00000000000000000000
-0.29899999999999998801 -1.13999999999999990230 0.00000000000000000000
1.31000000000000005329 -1.39999999999999991118 1.00000000000000000000
0.07370000000000000162 0.12399999999999999911 1.00000000000000000000
0.89700000000000001954 1.07000000000000006217 0.00000000000000000000
-0.50600000000000000533 -1.09000000000000007994 0.00000000000000000000
-1.17999999999999993783 1.16999999999999992895 0.00000000000000000000
-1.33000000000000007105 -0.86099999999999998757 1.00000000000000000000
-1.55000000000000004441 0.37800000000000000266 0.00000000000000000000
1.97999999999999998224 -0.02520000000000000018 0.00000000000000000000
0.11200000000000000233 0.02850000000000000103 1.00000000000000000000
-1.03000000000000002665 0.65400000000000002576 0.00000000000000000000
0.95199999999999995737 0.83599999999999996536 0.00000000000000000000
-0.23000000000000000999 -1.02000000000000001776 0.00000000000000000000
-0.76700000000000001510 -1.30000000000000004441 0.00000000000000000000
-0.63100000000000000533 -0.91400000000000003464 0.00000000000000000000
-0.37700000000000000178 -0.61699999999999999289 1.00000000000000000000
-1.10000000000000008882 -1.12999999999999989342 0.00000000000000000000
-0.56799999999999994937 -1.36000000000000009770 0.00000000000000000000
0.17699999999999999067 0.73099999999999998312 1.00000000000000000000
-0.39400000000000001688 -0.33800000000000002265 1.00000000000000000000
2.70999999999999996447 1.35000000000000008882 1.00000000000000000000
1.01000000000000000888 -0.93999999999999994671 1.00000000000000000000
-1.09000000000000007994 -0.46300000000000002265 1.00000000000000000000
-1.10000000000000008882 0.41899999999999998357 1.00000000000000000000
-0.38800000000000001155 -1.08000000000000007105 0.00000000000000000000
-1.16999999999999992895 0.22200000000000000289 1.00000000000000000000
-0.60499999999999998224 -1.52000000000000001776 0.00000000000000000000
-0.10799999999999999878 -0.79300000000000003819 1.00000000000000000000
0.83399999999999996358 -0.17699999999999999067 1.00000000000000000000
-0.14899999999999999356 0.81599999999999994760 1.00000000000000000000
1.72999999999999998224 0.97899999999999998135 1.00000000000000000000
0.88000000000000000444 -0.24099999999999999201 0.00000000000000000000
-0.71599999999999996980 -0.19400000000000000577 1.00000000000000000000
1.14999999999999991118 0.82399999999999995470 0.00000000000000000000
-0.65300000000000002487 -0.73399999999999998579 0.00000000000000000000
-1.97999999999999998224 0.87500000000000000000 0.00000000000000000000
0.06040000000000000230 1.63999999999999990230 0.00000000000000000000
1.17999999999999993783 -0.33500000000000001998 1.00000000000000000000
0.79900000000000004352 -0.98999999999999999112 1.00000000000000000000
-0.13700000000000001066 1.43999999999999994671 0.00000000000000000000
-0.22200000000000000289 2.47000000000000019540 0.00000000000000000000
-0.56100000000000005418 -0.78700000000000003286 1.00000000000000000000
-0.73899999999999999023 1.32000000000000006217 0.00000000000000000000
0.61699999999999999289 -0.00959999999999999916 1.00000000000000000000
-0.18399999999999999689 -0.75100000000000000089 1.00000000000000000000
0.09729999999999999760 -1.33000000000000007105 0.00000000000000000000
-0.49599999999999999645 1.40999999999999992006 0.00000000000000000000
-0.48899999999999999023 -1.12999999999999989342 0.00000000000000000000
-1.75000000000000000000 -1.91999999999999992895 1.00000000000000000000
0.72599999999999997868 0.28899999999999997913 0.00000000000000000000
-0.55800000000000005151 -1.72999999999999998224 0.00000000000000000000
-0.88000000000000000444 -1.27000000000000001776 0.00000000000000000000
0.73499999999999998668 0.57099999999999995204 0.00000000000000000000
0.57099999999999995204 -1.53000000000000002665 0.00000000000000000000
-0.29999999999999998890 -1.04000000000000003553 0.00000000000000000000
-0.16600000000000000866 0.16500000000000000777 1.00000000000000000000
0.85099999999999997868 0.94999999999999995559 0.00000000000000000000
1.08000000000000007105 0.08799999999999999489 0.00000000000000000000
1.36000000000000009770 0.25800000000000000711 0.00000000000000000000
0.86699999999999999289 0.81000000000000005329 0.00000000000000000000
-0.68500000000000005329 0.45900000000000001910 1.00000000000000000000
-1.18999999999999994671 -0.52900000000000002576 1.00000000000000000000
0.60599999999999998312 1.77000000000000001776 1.00000000000000000000
-2.06000000000000005329 -1.22999999999999998224 1.00000000000000000000
0.56899999999999995026 1.62000000000000010658 1.00000000000000000000
0.91500000000000003553 1.14999999999999991118 0.00000000000000000000
0.34999999999999997780 0.88900000000000001243 0.00000000000000000000
0.60499999999999998224 0.37800000000000000266 1.00000000000000000000
0.61599999999999999201 1.77000000000000001776 1.00000000000000000000
-0.43399999999999999689 -1.15999999999999992006 0.00000000000000000000
0.18399999999999999689 1.69999999999999995559 1.00000000000000000000
-0.57899999999999995914 -0.74799999999999999822 1.00000000000000000000
1.00000000000000000000 0.28499999999999997558 1.00000000000000000000
-0.36899999999999999467 0.69199999999999994849 1.00000000000000000000
1.57000000000000006217 -0.90900000000000003020 1.00000000000000000000
-1.80000000000000004441 0.67600000000000004530 0.00000000000000000000
0.12099999999999999645 -1.30000000000000004441 0.00000000000000000000
1.62999999999999989342 -2.16000000000000014211 1.00000000000000000000
0.45500000000000001554 -0.86899999999999999467 1.00000000000000000000
0.36999999999999999556 1.03000000000000002665 0.00000000000000000000
-0.85199999999999997957 -0.58999999999999996891 1.00000000000000000000
-1.01000000000000000888 -0.77100000000000001865 1.00000000000000000000
2.20999999999999996447 1.20999999999999996447 1.00000000000000000000
-0.21799999999999999933 2.08999999999999985789 0.00000000000000000000
-1.87000000000000010658 0.37299999999999999822 0.00000000000000000000
-1.18999999999999994671 -0.97599999999999997868 0.00000000000000000000
0.81200000000000005507 -0.19500000000000000666 1.00000000000000000000
0.17100000000000001310 -0.50200000000000000178 1.00000000000000000000
1.87000000000000010658 -0.23899999999999999023 0.00000000000000000000
0.91500000000000003553 -1.27000000000000001776 1.00000000000000000000
-0.75100000000000000089 -1.37000000000000010658 0.00000000000000000000
-0.23400000000000001354 -0.97399999999999997691 0.00000000000000000000
-0.14899999999999999356 -1.19999999999999995559 0.00000000000000000000
-0.87700000000000000178 -1.08000000000000007105 0.00000000000000000000
-1.03000000000000002665 -0.85799999999999998490 1.00000000000000000000
1.31000000000000005329 -0.23799999999999998934 0.00000000000000000000
0.37800000000000000266 0.98699999999999998845 0.00000000000000000000
1.12000000000000010658 0.29299999999999998268 0.00000000000000000000
0.30299999999999999156 -1.35000000000000008882 0.00000000000000000000
-0.29699999999999998623 -0.46700000000000002620 1.00000000000000000000
1.30000000000000004441 -1.28000000000000002665 1.00000000000000000000
-2.77000000000000001776 0.09619999999999999385 0.00000000000000000000
-0.99399999999999999467 1.13999999999999990230 0.00000000000000000000
0.61399999999999999023 0.90800000000000002931 0.00000000000000000000
1.40999999999999992006 -1.47999999999999998224 1.00000000000000000000
-1.37000000000000010658 -0.90400000000000002576 1.00000000000000000000
-1.21999999999999997335 -0.68000000000000004885 1.00000000000000000000
-0.67500000000000004441 1.17999999999999993783 0.00000000000000000000
1.10000000000000008882 -0.36399999999999999023 1.00000000000000000000
-1.87000000000000010658 -0.45100000000000001199 1.00000000000000000000
-0.66500000000000003553 -1.04000000000000003553 0.00000000000000000000
-1.22999999999999998224 -0.80600000000000004974 1.00000000000000000000
0.05850000000000000339 -0.37800000000000000266 1.00000000000000000000
1.09000000000000007994 -0.53800000000000003375 1.00000000000000000000
-0.11700000000000000677 1.46999999999999997335 0.00000000000000000000
-0.38700000000000001066 0.10399999999999999523 1.00000000000000000000
-0.71699999999999997069 1.00000000000000000000 0.00000000000000000000
1.91999999999999992895 0.04290000000000000063 0.00000000000000000000
-1.19999999999999995559 -0.24799999999999999822 1.00000000000000000000
0.52700000000000002398 -1.02000000000000001776 0.00000000000000000000
-1.12999999999999989342 -0.44300000000000000488 1.00000000000000000000
-1.77000000000000001776 0.45700000000000001732 0.00000000000000000000
0.92300000000000004263 0.16600000000000000866 1.00000000000000000000
-0.83199999999999996181 -1.33000000000000007105 0.00000000000000000000
-0.96799999999999997158 -0.22600000000000000644 1.00000000000000000000
0.80200000000000004619 1.20999999999999996447 0.00000000000000000000
1.12999999999999989342 1.37999999999999989342 1.00000000000000000000
0.06619999999999999496 1.62000000000000010658 0.00000000000000000000
-0.03070000000000000159 0.67800000000000004707 1.00000000000000000000
1.44999999999999995559 0.16900000000000001132 0.00000000000000000000
-1.51000000000000000888 -0.76900000000000001688 1.00000000000000000000
1.46999999999999997335 1.38999999999999990230 1.00000000000000000000
1.29000000000000003553 -1.04000000000000003553 1.00000000000000000000
-0.85099999999999997868 -1.26000000000000000888 0.00000000000000000000
-0.21099999999999999312 -0.49199999999999999289 1.00000000000000000000
1.07000000000000006217 0.08770000000000000018 0.00000000000000000000
1.06000000000000005329 0.76300000000000001155 0.00000000000000000000
-0.65100000000000002309 -0.15900000000000000244 1.00000000000000000000
1.90999999999999992006 1.37000000000000010658 1.00000000000000000000
0.94199999999999994849 0.24799999999999999822 0.00000000000000000000
0.97499999999999997780 1.47999999999999998224 0.00000000000000000000
1.51000000000000000888 -1.14999999999999991118 1.00000000000000000000
-0.04179999999999999688 -1.02000000000000001776 0.00000000000000000000
-1.62000000000000010658 1.02000000000000001776 0.00000000000000000000
-0.05449999999999999983 -1.44999999999999995559 0.00000000000000000000
0.10199999999999999345 -1.03000000000000002665 0.00000000000000000000
-0.32300000000000000933 -0.26400000000000001243 1.00000000000000000000
-1.38999999999999990230 -0.15599999999999999978 1.00000000000000000000
0.94799999999999995381 0.98499999999999998668 0.00000000000000000000
0.28999999999999998002 -0.48099999999999998312 1.00000000000000000000
-1.41999999999999992895 1.12999999999999989342 0.00000000000000000000
-0.80800000000000005151 -1.50000000000000000000 0.00000000000000000000
0.24899999999999999911 -1.45999999999999996447 0.00000000000000000000
-0.04610000000000000209 1.64999999999999991118 0.00000000000000000000
0.24699999999999999734 -0.95999999999999996447 0.00000000000000000000
0.93899999999999994582 -0.35099999999999997868 1.00000000000000000000
1.68999999999999994671 -0.72399999999999997691 0.00000000000000000000
-0.53900000000000003464 1.40999999999999992006 0.00000000000000000000
0.75000000000000000000 1.91999999999999992895 1.00000000000000000000
0.67700000000000004619 1.03000000000000002665 0.00000000000000000000
-0.59399999999999997247 -1.20999999999999996447 0.00000000000000000000
0.42399999999999998801 0.05330000000000000016 1.00000000000000000000
-1.33000000000000007105 -0.64700000000000001954 1.00000000000000000000
0.90300000000000002487 -0.33900000000000002354 1.00000000000000000000
-0.59299999999999997158 -1.58000000000000007105 0.00000000000000000000
-1.37000000000000010658 -0.12299999999999999822 1.00000000000000000000
0.89900000000000002132 -0.23499999999999998668 1.00000000000000000000
0.62199999999999999734 -0.54600000000000004086 1.00000000000000000000
0.16700000000000000955 -0.79300000000000003819 1.00000000000000000000
0.28399999999999997469 2.37000000000000010658 0.00000000000000000000
-1.31000000000000005329 0.46300000000000002265 0.00000000000000000000
-1.44999999999999995559 -0.06969999999999999807 1.00000000000000000000
-0.69599999999999995204 -1.19999999999999995559 0.00000000000000000000
0.52700000000000002398 1.17999999999999993783 0.00000000000000000000
1.01000000000000000888 1.53000000000000002665 1.00000000000000000000
-0.74399999999999999467 -0.41499999999999998002 1.00000000000000000000
-0.24299999999999999378 1.76000000000000000888 1.00000000000000000000
0.66900000000000003908 0.97999999999999998224 0.00000000000000000000
1.54000000000000003553 -0.26000000000000000888 0.00000000000000000000
-1.51000000000000000888 -0.27600000000000002309 1.00000000000000000000
1.19999999999999995559 1.54000000000000003553 1.00000000000000000000
-0.45300000000000001377 -0.07370000000000000162 1.00000000000000000000
-1.34000000000000007994 0.80500000000000004885 0.00000000000000000000
0.02089999999999999844 -0.97299999999999997602 0.00000000000000000000
0.34100000000000002531 -1.42999999999999993783 0.00000000000000000000
-1.43999999999999994671 -0.35799999999999998490 1.00000000000000000000
-0.55000000000000004441 0.23599999999999998757 1.00000000000000000000
0.83999999999999996891 -0.17599999999999998979 1.00000000000000000000
1.13999999999999990230 -1.57000000000000006217 1.00000000000000000000
0.68300000000000005151 1.60000000000000008882 1.00000000000000000000
-0.02319999999999999840 -1.23999999999999999112 0.00000000000000000000
0.61299999999999998934 -0.21099999999999999312 1.00000000000000000000
0.65200000000000002398 -0.64600000000000001865 1.00000000000000000000
-0.85299999999999998046 -1.16999999999999992895 0.00000000000000000000
0.69999999999999995559 1.13999999999999990230 0.00000000000000000000
0.15700000000000000067 0.95599999999999996092 0.00000000000000000000
0.37700000000000000178 1.71999999999999997335 1.00000000000000000000
-0.15800000000000000155 0.35799999999999998490 1.00000000000000000000
1.32000000000000006217 -0.14399999999999998912 0.00000000000000000000
-1.12000000000000010658 0.55900000000000005240 1.00000000000000000000
-0.85099999999999997868 0.18900000000000000133 1.00000000000000000000
0.70099999999999995648 0.56399999999999994582 0.00000000000000000000
0.53400000000000003020 -0.76300000000000001155 1.00000000000000000000
-1.57000000000000006217 -0.40100000000000002309 1.00000000000000000000
0.03250000000000000111 -1.45999999999999996447 0.00000000000000000000
0.99799999999999999822 0.36999999999999999556 0.00000000000000000000
-0.25000000000000000000 -1.22999999999999998224 0.00000000000000000000
-0.25500000000000000444 -0.14199999999999998734 1.00000000000000000000
-0.15199999999999999623 -0.66900000000000003908 0.00000000000000000000
-1.87999999999999989342 -0.97899999999999998135 1.00000000000000000000
-0.12299999999999999822 -1.07000000000000006217 0.00000000000000000000
-1.12999999999999989342 0.41099999999999997646 1.00000000000000000000
1.01000000000000000888 0.44600000000000000755 0.00000000000000000000
1.86000000000000009770 -0.21299999999999999489 0.00000000000000000000
-0.37900000000000000355 0.63800000000000001155 1.00000000000000000000
0.54300000000000003819 0.91300000000000003375 0.00000000000000000000
0.36399999999999999023 -0.26900000000000001688 1.00000000000000000000
-0.36599999999999999201 -0.88200000000000000622 0.00000000000000000000
1.02000000000000001776 0.97599999999999997868 0.00000000000000000000
0.27200000000000001954 1.82000000000000006217 1.00000000000000000000
0.21099999999999999312 -1.28000000000000002665 0.00000000000000000000
-1.72999999999999998224 -1.32000000000000006217 1.00000000000000000000
-1.53000000000000002665 0.65600000000000002753 0.00000000000000000000
-0.28599999999999997646 -0.57099999999999995204 1.00000000000000000000
-0.40200000000000002398 -1.11000000000000009770 0.00000000000000000000
0.21199999999999999400 1.81000000000000005329 0.00000000000000000000
-0.63400000000000000799 1.64999999999999991118 0.00000000000000000000
-0.87600000000000000089 0.23200000000000001177 1.00000000000000000000
0.07349999999999999589 -1.01000000000000000888 0.00000000000000000000
0.52700000000000002398 -0.25100000000000000089 1.00000000000000000000
-0.87900000000000000355 -0.97499999999999997780 0.00000000000000000000
0.79400000000000003908 0.76200000000000001066 0.00000000000000000000
2.04000000000000003553 1.36000000000000009770 1.00000000000000000000
-0.61299999999999998934 0.77500000000000002220 1.00000000000000000000
-0.45200000000000001288 -1.21999999999999997335 0.00000000000000000000
0.87399999999999999911 1.79000000000000003553 0.00000000000000000000
-1.37000000000000010658 0.96799999999999997158 0.00000000000000000000
-1.31000000000000005329 -0.49799999999999999822 1.00000000000000000000
1.23999999999999999112 0.27300000000000002043 0.00000000000000000000
1.15999999999999992006 0.77600000000000002309 0.00000000000000000000
-1.53000000000000002665 -1.16999999999999992895 1.00000000000000000000
-0.49699999999999999734 1.07000000000000006217 0.00000000000000000000
-0.12099999999999999645 -0.49799999999999999822 1.00000000000000000000
-0.83599999999999996536 -1.36000000000000009770 0.00000000000000000000
-0.87700000000000000178 -0.40100000000000002309 1.00000000000000000000
-0.59299999999999997158 1.28000000000000002665 0.00000000000000000000
1.05000000000000004441 -1.11000000000000009770 1.00000000000000000000
-0.74799999999999999822 -0.03400000000000000244 1.00000000000000000000
-0.51500000000000001332 0.97599999999999997868 0.00000000000000000000
-2.10000000000000008882 -1.06000000000000005329 1.00000000000000000000
-1.98999999999999999112 -0.91200000000000003286 1.00000000000000000000
1.14999999999999991118 -1.01000000000000000888 1.00000000000000000000
0.85599999999999998312 -1.11000000000000009770 1.00000000000000000000
-1.04000000000000003553 0.93700000000000005507 0.00000000000000000000
0.25800000000000000711 0.30899999999999999689 1.00000000000000000000
-1.11000000000000009770 1.10000000000000008882 0.00000000000000000000
-1.80000000000000004441 -1.25000000000000000000 1.00000000000000000000
-0.09310000000000000220 1.52000000000000001776 0.00000000000000000000
-0.74199999999999999289 0.35999999999999998668 1.00000000000000000000
-0.49399999999999999467 -0.71899999999999997247 0.00000000000000000000
-0.21399999999999999578 0.38000000000000000444 1.00000000000000000000
-2.06999999999999984013 -0.52100000000000001865 1.00000000000000000000
-0.53400000000000003020 1.14999999999999991118 0.00000000000000000000
-0.32900000000000001465 -0.85799999999999998490 0.00000000000000000000
-0.96999999999999997335 -1.60000000000000008882 0.00000000000000000000
-0.13700000000000001066 -1.15999999999999992006 0.00000000000000000000
-0.45500000000000001554 0.86799999999999999378 0.00000000000000000000
0.41199999999999997735 -0.12399999999999999911 1.00000000000000000000
0.33300000000000001821 -0.84499999999999997335 1.00000000000000000000
0.41599999999999998090 1.86000000000000009770 1.00000000000000000000
1.29000000000000003553 -0.15099999999999999534 0.00000000000000000000
-0.63300000000000000711 0.25700000000000000622 1.00000000000000000000
-0.71599999999999996980 -1.18999999999999994671 0.00000000000000000000
-1.18999999999999994671 -0.77400000000000002132 1.00000000000000000000
-1.68999999999999994671 -1.87000000000000010658 1.00000000000000000000
0.67600000000000004530 0.89200000000000001510 0.00000000000000000000
-1.95999999999999996447 -1.09000000000000007994 1.00000000000000000000
1.11000000000000009770 0.68500000000000005329 0.00000000000000000000
0.28399999999999997469 2.31000000000000005329 0.00000000000000000000
1.41999999999999992895 1.80000000000000004441 1.00000000000000000000
1.02000000000000001776 0.71999999999999997335 0.00000000000000000000
0.14299999999999998823 -0.78600000000000003197 0.00000000000000000000
-0.49099999999999999201 1.21999999999999997335 0.00000000000000000000
0.88300000000000000711 -1.00000000000000000000 1.00000000000000000000
0.82199999999999995293 0.50100000000000000089 0.00000000000000000000
1.34000000000000007994 -1.07000000000000006217 1.00000000000000000000
-0.75300000000000000266 -0.32100000000000000755 1.00000000000000000000
-0.87600000000000000089 0.92000000000000003997 0.00000000000000000000
1.10000000000000008882 0.13100000000000000533 0.00000000000000000000
2.35000000000000008882 1.20999999999999996447 1.00000000000000000000
-0.71799999999999997158 -1.25000000000000000000 0.00000000000000000000
-1.47999999999999998224 -0.29699999999999998623 1.00000000000000000000
-0.11799999999999999378 -1.26000000000000000888 0.00000000000000000000
-0.02730000000000000135 0.73899999999999999023 1.00000000000000000000
1.77000000000000001776 0.10899999999999999967 0.00000000000000000000
-1.22999999999999998224 -1.14999999999999991118 1.00000000000000000000
-0.78400000000000003020 -0.00647000000000000006 1.00000000000000000000
0.00294999999999999993 -0.12500000000000000000 1.00000000000000000000
1.30000000000000004441 0.55500000000000004885 0.00000000000000000000
0.93000000000000004885 0.65000000000000002220 0.00000000000000000000
-0.71999999999999997335 0.18900000000000000133 1.00000000000000000000
-1.25000000000000000000 0.51200000000000001066 1.00000000000000000000
0.33500000000000001998 1.14999999999999991118 0.00000000000000000000
-1.52000000000000001776 0.50600000000000000533 0.00000000000000000000
-0.97299999999999997602 0.71199999999999996625 0.00000000000000000000
1.62999999999999989342 0.05449999999999999983 0.00000000000000000000
1.20999999999999996447 0.35399999999999998135 0.00000000000000000000
-0.01069999999999999944 -0.95999999999999996447 0.00000000000000000000
-0.30499999999999999334 1.17999999999999993783 0.00000000000000000000
0.47199999999999997513 0.28899999999999997913 1.00000000000000000000
-1.44999999999999995559 -0.20300000000000001377 1.00000000000000000000
-0.31700000000000000400 1.77000000000000001776 0.00000000000000000000
0.40300000000000002487 -0.99699999999999999734 0.00000000000000000000
-1.12999999999999989342 0.65400000000000002576 0.00000000000000000000
-0.88100000000000000533 -1.59000000000000007994 0.00000000000000000000
0.30099999999999998979 -0.92800000000000004707 0.00000000000000000000
-1.21999999999999997335 0.08359999999999999376 1.00000000000000000000
-0.00124000000000000000 -0.93799999999999994493 1.00000000000000000000
-0.68799999999999994493 -1.13999999999999990230 0.00000000000000000000
1.09000000000000007994 1.20999999999999996447 0.00000000000000000000
1.23999999999999999112 -1.33000000000000007105 1.00000000000000000000
0.57999999999999996003 1.16999999999999992895 0.00000000000000000000
-0.78600000000000003197 -0.64000000000000001332 1.00000000000000000000
1.14999999999999991118 -0.45100000000000001199 1.00000000000000000000
-0.12099999999999999645 -1.05000000000000004441 0.00000000000000000000
0.77800000000000002487 0.95199999999999995737 0.00000000000000000000
1.05000000000000004441 0.21900000000000000022 0.00000000000000000000
0.03790000000000000313 -1.63999999999999990230 0.00000000000000000000
0.02560000000000000123 0.22800000000000000822 1.00000000000000000000
-1.91999999999999992895 -1.16999999999999992895 1.00000000000000000000
0.62700000000000000178 0.23400000000000001354 0.00000000000000000000
-1.65999999999999992006 -0.56000000000000005329 1.00000000000000000000
-0.06740000000000000158 1.85000000000000008882 0.00000000000000000000
-0.71699999999999997069 0.45500000000000001554 1.00000000000000000000
-0.98699999999999998845 -0.86299999999999998934 1.00000000000000000000
1.29000000000000003553 -0.49899999999999999911 0.00000000000000000000
-0.09080000000000000571 -0.84599999999999997424 0.00000000000000000000
0.03429999999999999716 -1.17999999999999993783 0.00000000000000000000
1.52000000000000001776 0.35599999999999998312 0.00000000000000000000
1.31000000000000005329 -0.25400000000000000355 0.00000000000000000000
1.08000000000000007105 1.37000000000000010658 1.00000000000000000000
-1.86000000000000009770 -1.30000000000000004441 1.00000000000000000000
-2.06000000000000005329 -0.33200000000000001732 0.00000000000000000000
1.97999999999999998224 1.27000000000000001776 1.00000000000000000000
1.37999999999999989342 0.87700000000000000178 0.00000000000000000000
-1.86000000000000009770 -0.96299999999999996714 1.00000000000000000000
-1.33000000000000007105 -0.58099999999999996092 1.00000000000000000000
-1.52000000000000001776 0.93400000000000005240 0.00000000000000000000
-0.86599999999999999201 0.75100000000000000089 0.00000000000000000000
1.20999999999999996447 -0.27100000000000001865 0.00000000000000000000
1.37999999999999989342 -0.64500000000000001776 1.00000000000000000000
0.05380000000000000060 -1.01000000000000000888 0.00000000000000000000
-0.28000000000000002665 -1.30000000000000004441 0.00000000000000000000
0.52900000000000002576 1.62000000000000010658 0.00000000000000000000
-0.02270000000000000143 0.16300000000000000600 1.00000000000000000000
-0.29799999999999998712 -0.24299999999999999378 1.00000000000000000000
-0.33800000000000002265 -0.91000000000000003109 0.00000000000000000000
0.52300000000000002043 1.05000000000000004441 0.00000000000000000000
-0.86699999999999999289 1.09000000000000007994 0.00000000000000000000
-0.79300000000000003819 0.90500000000000002665 1.00000000000000000000
-2.60000000000000008882 0.21699999999999999845 0.00000000000000000000
0.04130000000000000338 0.34499999999999997335 1.00000000000000000000
0.39500000000000001776 1.20999999999999996447 0.00000000000000000000
-1.07000000000000006217 -0.03899999999999999994 1.00000000000000000000
-0.48399999999999998579 0.61499999999999999112 1.00000000000000000000
1.33000000000000007105 -0.70399999999999995914 0.00000000000000000000
-0.02549999999999999836 -1.30000000000000004441 0.00000000000000000000
0.73099999999999998312 1.73999999999999999112 1.00000000000000000000
-0.89700000000000001954 -1.04000000000000003553 0.00000000000000000000
-0.44800000000000000933 -0.35399999999999998135 1.00000000000000000000
-1.29000000000000003553 -1.03000000000000002665 1.00000000000000000000
-0.63000000000000000444 0.94899999999999995470 0.00000000000000000000
0.00902000000000000024 -0.43399999999999999689 1.00000000000000000000
1.44999999999999995559 -0.18800000000000000044 0.00000000000000000000
-1.31000000000000005329 0.91600000000000003642 0.00000000000000000000
1.00000000000000000000 1.16999999999999992895 0.00000000000000000000
-0.46700000000000002620 -0.94499999999999995115 0.00000000000000000000
-1.92999999999999993783 -0.31500000000000000222 1.00000000000000000000
1.25000000000000000000 -1.37999999999999989342 1.00000000000000000000
2.06000000000000005329 -0.89300000000000001599 0.00000000000000000000
-0.01750000000000000167 -1.20999999999999996447 0.00000000000000000000
1.18999999999999994671 -1.34000000000000007994 1.00000000000000000000
0.19600000000000000755 1.27000000000000001776 0.00000000000000000000
0.05979999999999999899 -1.26000000000000000888 0.00000000000000000000
1.37999999999999989342 1.25000000000000000000 1.00000000000000000000
-1.62999999999999989342 0.72799999999999998046 0.00000000000000000000
0.72399999999999997691 -0.57399999999999995470 1.00000000000000000000
-0.69299999999999994937 -0.11300000000000000322 1.00000000000000000000
0.98999999999999999112 0.77100000000000001865 0.00000000000000000000
-0.34100000000000002531 -0.03579999999999999849 1.00000000000000000000
-1.60000000000000008882 0.63200000000000000622 0.00000000000000000000
0.68200000000000005063 1.50000000000000000000 0.00000000000000000000
-0.51100000000000000977 1.53000000000000002665 0.00000000000000000000
-1.11000000000000009770 -0.82099999999999995204 1.00000000000000000000
-0.62800000000000000266 -0.26700000000000001510 1.00000000000000000000
0.28100000000000002753 -0.40000000000000002220 1.00000000000000000000
-1.02000000000000001776 -0.03080000000000000099 1.00000000000000000000
0.61499999999999999112 0.55800000000000005151 0.00000000000000000000
-0.71099999999999996536 0.95999999999999996447 0.00000000000000000000
0.71299999999999996714 1.02000000000000001776 0.00000000000000000000
-0.02419999999999999929 -0.65900000000000003020 1.00000000000000000000
-1.87000000000000010658 -1.16999999999999992895 1.00000000000000000000
0.18399999999999999689 0.55800000000000005151 1.00000000000000000000
-0.36899999999999999467 -0.98399999999999998579 0.00000000000000000000
-0.55800000000000005151 0.57199999999999995293 1.00000000000000000000
-1.39999999999999991118 0.24699999999999999734 1.00000000000000000000
-2.00000000000000000000 0.40300000000000002487 0.00000000000000000000
-1.66999999999999992895 -0.26600000000000001421 1.00000000000000000000
1.33000000000000007105 -0.48599999999999998757 1.00000000000000000000
-1.47999999999999998224 -1.22999999999999998224 1.00000000000000000000
1.13999999999999990230 -0.20899999999999999134 1.00000000000000000000
0.09629999999999999671 -1.37999999999999989342 0.00000000000000000000
-0.42099999999999998535 -0.73099999999999998312 0.00000000000000000000
0.47899999999999998135 -0.82099999999999995204 0.00000000000000000000
1.66999999999999992895 -0.97799999999999998046 0.00000000000000000000
-0.14099999999999998646 -0.79700000000000004174 0.00000000000000000000
0.73099999999999998312 1.31000000000000005329 0.00000000000000000000
1.18999999999999994671 0.11300000000000000322 1.00000000000000000000
0.31800000000000000488 0.62099999999999999645 1.00000000000000000000
1.12000000000000010658 -1.21999999999999997335 1.00000000000000000000
0.79900000000000004352 0.99499999999999999556 0.00000000000000000000
0.84499999999999997335 0.00713999999999999965 1.00000000000000000000
-0.06969999999999999807 1.56000000000000005329 0.00000000000000000000
1.05000000000000004441 -0.95999999999999996447 1.00000000000000000000
0.66000000000000003109 0.83499999999999996447 0.00000000000000000000
-1.91999999999999992895 -1.50000000000000000000 1.00000000000000000000
-0.97399999999999997691 -0.81799999999999994937 1.00000000000000000000
0.01280000000000000061 1.29000000000000003553 0.00000000000000000000
0.52900000000000002576 0.13300000000000000711 0.00000000000000000000
-0.16700000000000000955 1.07000000000000006217 0.00000000000000000000
-0.89100000000000001421 0.59299999999999997158 0.00000000000000000000
-0.52900000000000002576 -1.21999999999999997335 0.00000000000000000000
1.08000000000000007105 0.43699999999999999956 0.00000000000000000000
0.07449999999999999678 1.78000000000000002665 0.00000000000000000000
-0.59499999999999997335 0.62500000000000000000 1.00000000000000000000
-0.14199999999999998734 0.23100000000000001088 1.00000000000000000000
1.08000000000000007105 0.14799999999999999267 1.00000000000000000000
-1.52000000000000001776 -0.99299999999999999378 1.00000000000000000000
0.57799999999999995826 -0.62199999999999999734 1.00000000000000000000
-0.33400000000000001910 0.17999999999999999334 1.00000000000000000000
0.10299999999999999434 0.32900000000000001465 1.00000000000000000000
0.31700000000000000400 -0.02330000000000000127 1.00000000000000000000
0.41699999999999998179 -1.28000000000000002665 0.00000000000000000000
-1.02000000000000001776 0.96799999999999997158 0.00000000000000000000
-0.57899999999999995914 0.79000000000000003553 0.00000000000000000000
0.76200000000000001066 -0.33400000000000001910 1.00000000000000000000
-0.45500000000000001554 -1.30000000000000004441 0.00000000000000000000
0.41999999999999998446 1.10000000000000008882 0.00000000000000000000
1.15999999999999992006 0.84699999999999997513 0.00000000000000000000
-1.04000000000000003553 0.98399999999999998579 0.00000000000000000000
-0.21499999999999999667 -0.21699999999999999845 1.00000000000000000000
-0.20200000000000001288 0.71199999999999996625 1.00000000000000000000
-0.76000000000000000888 -1.26000000000000000888 0.00000000000000000000
0.40000000000000002220 1.67999999999999993783 1.00000000000000000000
0.40600000000000002753 -0.70699999999999996181 1.00000000000000000000
0.77700000000000002398 0.31199999999999999956 0.00000000000000000000
-0.86699999999999999289 0.21399999999999999578 1.00000000000000000000
-0.98699999999999998845 -0.73499999999999998668 1.00000000000000000000
-0.75000000000000000000 -0.88100000000000000533 0.00000000000000000000
-0.73399999999999998579 0.88100000000000000533 0.00000000000000000000
1.33000000000000007105 1.69999999999999995559 1.00000000000000000000
1.13999999999999990230 -0.11400000000000000411 0.00000000000000000000
-0.19000000000000000222 0.16800000000000001044 1.00000000000000000000
-0.18399999999999999689 -1.39999999999999991118 0.00000000000000000000
-0.69899999999999995470 -0.00057799999999999995 1.00000000000000000000
1.43999999999999994671 -1.69999999999999995559 1.00000000000000000000
-0.07649999999999999856 -1.12000000000000010658 0.00000000000000000000
0.70799999999999996270 0.96099999999999996536 0.00000000000000000000
1.12999999999999989342 0.42899999999999999245 0.00000000000000000000
-0.71999999999999997335 -1.38999999999999990230 0.00000000000000000000
-1.08000000000000007105 0.89000000000000001332 0.00000000000000000000
-0.20000000000000001110 -1.02000000000000001776 0.00000000000000000000
0.72599999999999997868 -0.62600000000000000089 1.00000000000000000000
0.85399999999999998135 0.09489999999999999825 1.00000000000000000000
0.22600000000000000644 -1.37999999999999989342 0.00000000000000000000
-1.78000000000000002665 -0.37800000000000000266 1.00000000000000000000
1.79000000000000003553 -0.83399999999999996358 0.00000000000000000000
-1.89999999999999991118 -1.45999999999999996447 1.00000000000000000000
0.95199999999999995737 0.42699999999999999067 0.00000000000000000000
0.84699999999999997513 1.39999999999999991118 0.00000000000000000000
-0.74899999999999999911 1.26000000000000000888 0.00000000000000000000
0.52200000000000001954 1.36000000000000009770 1.00000000000000000000
1.52000000000000001776 -1.34000000000000007994 1.00000000000000000000
1.34000000000000007994 -1.80000000000000004441 1.00000000000000000000
0.20799999999999999045 -0.42699999999999999067 1.00000000000000000000
-0.11899999999999999467 2.06000000000000005329 1.00000000000000000000
1.35000000000000008882 -0.51800000000000001599 0.00000000000000000000
0.99599999999999999645 1.45999999999999996447 1.00000000000000000000
0.49599999999999999645 -0.61399999999999999023 1.00000000000000000000
-1.34000000000000007994 -0.41899999999999998357 1.00000000000000000000
-0.43900000000000000133 -0.88400000000000000799 1.00000000000000000000
-0.55000000000000004441 -1.07000000000000006217 0.00000000000000000000
-1.11000000000000009770 0.65500000000000002665 1.00000000000000000000
0.65900000000000003020 0.91300000000000003375 0.00000000000000000000
0.13600000000000000977 1.45999999999999996447 1.00000000000000000000
1.38999999999999990230 0.50400000000000000355 0.00000000000000000000
0.81100000000000005418 0.00911000000000000004 1.00000000000000000000
1.17999999999999993783 0.20399999999999998690 0.00000000000000000000
-2.08999999999999985789 0.60399999999999998135 0.00000000000000000000
1.33000000000000007105 0.33500000000000001998 0.00000000000000000000
-0.30999999999999999778 -1.27000000000000001776 0.00000000000000000000
1.03000000000000002665 -0.38200000000000000622 1.00000000000000000000
0.25500000000000000444 0.41199999999999997735 0.00000000000000000000
-1.10000000000000008882 0.81100000000000005418 0.00000000000000000000
-1.30000000000000004441 0.65100000000000002309 1.00000000000000000000
-0.71099999999999996536 0.07589999999999999525 1.00000000000000000000
0.14499999999999999001 -0.41499999999999998002 1.00000000000000000000
0.70999999999999996447 1.69999999999999995559 1.00000000000000000000
-1.59000000000000007994 0.13800000000000001155 0.00000000000000000000
-1.13999999999999990230 -0.92700000000000004619 1.00000000000000000000
1.03000000000000002665 1.61000000000000009770 0.00000000000000000000
0.03459999999999999881 1.69999999999999995559 0.00000000000000000000
1.41999999999999992895 -0.04649999999999999967 0.00000000000000000000
-1.53000000000000002665 -0.66500000000000003553 1.00000000000000000000
0.38400000000000000799 -0.31400000000000000133 1.00000000000000000000
0.49399999999999999467 1.17999999999999993783 0.00000000000000000000
-0.07850000000000000033 -1.15999999999999992006 0.00000000000000000000
2.20000000000000017764 1.13999999999999990230 1.00000000000000000000
-0.29799999999999998712 -1.26000000000000000888 0.00000000000000000000
1.06000000000000005329 0.26600000000000001421 0.00000000000000000000
0.02350000000000000006 -0.17999999999999999334 1.00000000000000000000
-1.75000000000000000000 -1.27000000000000001776 1.00000000000000000000
0.22200000000000000289 1.46999999999999997335 1.00000000000000000000
0.22000000000000000111 2.08000000000000007105 0.00000000000000000000
-1.59000000000000007994 -0.68000000000000004885 1.00000000000000000000
0.73999999999999999112 0.05299999999999999850 1.00000000000000000000
-1.82000000000000006217 -1.78000000000000002665 1.00000000000000000000
-1.12999999999999989342 -1.06000000000000005329 0.00000000000000000000
0.31600000000000000311 1.42999999999999993783 1.00000000000000000000
1.69999999999999995559 -0.48899999999999999023 0.00000000000000000000
-1.33000000000000007105 -0.11999999999999999556 1.00000000000000000000
-1.57000000000000006217 -0.56100000000000005418 1.00000000000000000000
0.57899999999999995914 -1.02000000000000001776 1.00000000000000000000
0.55800000000000005151 -1.06000000000000005329 1.00000000000000000000
1.96999999999999997335 -0.77200000000000001954 0.00000000000000000000
0.35199999999999997957 0.33300000000000001821 1.00000000000000000000
1.22999999999999998224 -0.14599999999999999090 1.00000000000000000000
0.93300000000000005151 0.71599999999999996980 0.00000000000000000000
0.75000000000000000000 1.62999999999999989342 1.00000000000000000000
0.80900000000000005240 0.74099999999999999201 0.00000000000000000000
-1.57000000000000006217 0.90500000000000002665 0.00000000000000000000
-0.80000000000000004441 -0.28199999999999997291 1.00000000000000000000
1.87999999999999989342 -0.36799999999999999378 0.00000000000000000000
1.29000000000000003553 1.07000000000000006217 0.00000000000000000000
1.39999999999999991118 0.37700000000000000178 0.00000000000000000000
0.13300000000000000711 -0.56799999999999994937 1.00000000000000000000
-1.55000000000000004441 -0.74399999999999999467 1.00000000000000000000
0.98099999999999998312 0.09210000000000000131 0.00000000000000000000
-0.00144999999999999990 -0.69999999999999995559 1.00000000000000000000
-1.69999999999999995559 -1.15999999999999992006 1.00000000000000000000
0.14099999999999998646 0.09470000000000000639 1.00000000000000000000
1.01000000000000000888 -0.20499999999999998779 1.00000000000000000000
1.01000000000000000888 0.55500000000000004885 0.00000000000000000000
-0.03370000000000000079 -1.36000000000000009770 0.00000000000000000000
0.46899999999999997247 1.90999999999999992006 0.00000000000000000000
0.54600000000000004086 -1.12000000000000010658 0.00000000000000000000
0.40400000000000002576 0.00999000000000000062 1.00000000000000000000
1.45999999999999996447 -0.41699999999999998179 1.00000000000000000000
0.35799999999999998490 -0.88700000000000001066 1.00000000000000000000
1.07000000000000006217 0.43800000000000000044 0.00000000000000000000
-0.30299999999999999156 -0.88300000000000000711 0.00000000000000000000
-0.72399999999999997691 -1.47999999999999998224 0.00000000000000000000
-0.95899999999999996358 0.40999999999999997558 1.00000000000000000000
0.36399999999999999023 -0.85799999999999998490 0.00000000000000000000
1.85000000000000008882 -0.37700000000000000178 0.00000000000000000000
-0.00948000000000000058 -0.33600000000000002087 1.00000000000000000000
-1.21999999999999997335 -0.10699999999999999789 1.00000000000000000000
-0.81299999999999994493 -1.22999999999999998224 0.00000000000000000000
0.41299999999999997824 0.47299999999999997602 1.00000000000000000000
-0.48399999999999998579 -1.19999999999999995559 0.00000000000000000000
1.29000000000000003553 0.64400000000000001688 0.00000000000000000000
0.65900000000000003020 1.07000000000000006217 0.00000000000000000000
-0.95399999999999995914 -1.18999999999999994671 0.00000000000000000000
2.43999999999999994671 -0.44800000000000000933 0.00000000000000000000
-0.29799999999999998712 0.15800000000000000155 1.00000000000000000000
0.56899999999999995026 0.48099999999999998312 1.00000000000000000000
-0.24099999999999999201 -0.37399999999999999911 1.00000000000000000000
0.47899999999999998135 1.47999999999999998224 0.00000000000000000000
0.89600000000000001865 -1.27000000000000001776 1.00000000000000000000
-1.14999999999999991118 -0.54500000000000003997 1.00000000000000000000
-0.06180000000000000077 0.35799999999999998490 1.00000000000000000000
0.70099999999999995648 0.02369999999999999885 1.00000000000000000000
-0.34100000000000002531 1.55000000000000004441 0.00000000000000000000
-0.00816000000000000059 -1.37999999999999989342 0.00000000000000000000
0.93300000000000005151 1.20999999999999996447 0.00000000000000000000
-0.07149999999999999412 1.40999999999999992006 0.00000000000000000000
1.02000000000000001776 0.44000000000000000222 0.00000000000000000000
1.38999999999999990230 0.26200000000000001066 0.00000000000000000000
