2.16079288797644064601 1.85871395983094389592 -0.33289803978683241148 1.89018334070935889457 3.15024601552342975452
1.35721248347944678514 1.17179575340654240634 4.70925939975757934519 3.27799101257947178567 1.52346838812743756719
1.02612924949162387378 -1.04513997861515539611 3.81568230662195517766 3.82479622890408021973 4.84343503676864628460
1.53253001390375853674 1.69776522821167930033 2.99013455322352683652 2.39120060175420379167 4.47894167407773124978
3.88950326554684711056 2.43634207224755350296 1.71285452655852266091 4.49533253925175113608 4.78109610207140800497
4.98679254679683481299 2.77513761331656416687 1.61584392561707002045 4.20009304991016119146 1.20389259824060435022
-0.04698021719289423997 2.12958023184389055871 1.59258092029967235348 1.98250068058964812323 3.36665278418694224882
3.57355665886205420279 3.94095560196026539757 1.08991595775921679135 3.03745884341466254597 2.34221099722952397215
1.84234900010488233946 3.93857077022547752421 2.25570779585886471708 4.54297266641674912790 4.32906563535584965052
1.45475281335049411169 2.02433587297947248373 4.35085993584432451087 4.91256327561602734733 -0.00139878498431862978
3.26820199450072657044 2.53391641443234139075 1.06002295052413586518 -0.23206044329196076625 2.31230335877045645177
3.94383061488253394700 1.67565937601921177702 2.12516445092472761047 -0.05760013370720191983 4.64975459939744251159
1.98961335994289845175 -0.05211351407560218391 2.72391625159364547670 2.86793145602921661919 2.03962346725456544760
4.06096653011804775701 -0.02193186037822499046 3.50511356889248659741 3.60108379570786496515 3.07625256299162597173
2.64540503119393921594 4.13598872322712018956 2.88293720045210966063 1.04784265580630586712 4.72143757359856763856
2.00286785439188630420 4.51968264892421878187 4.16086114981275301261 4.50556578837802668147 4.75853142656278649270
-0.09143324326566285021 4.74265864953598459408 3.08949654253259220482 2.00419384359164087783 4.73105294739327497666
1.12963610965554295262 3.32478158879583318708 2.17488460783168147117 -0.47807111363171778118 1.86190695561894381527
2.12921004602913033210 1.16721996493901469805 1.55464579296931493246 4.46264553860606749680 2.03509042070599788232
1.38808309814527452986 3.77523130837409537364 4.61045256601509834127 -0.07528117293803245069 2.76528484286035780571
1.45587296525570852879 3.90207419917198228276 4.74123298929199954443 -0.03879469210720439681 4.80057560489320955810
3.98016696278573256507 4.84043607410767418031 1.41376496887613312126 -0.00148560066160495757 2.92335791775181563779
3.73148161118963406224 -0.11325645345173462886 3.29581503436202938317 2.40160265557857766083 3.66266871298405449764
3.16021168191704449058 2.72083241284597532328 4.59739759218126486928 -0.07211700566349436847 1.21248900766474720925
2.07123493371208144964 -0.00185786326975927456 3.75807544614167232666 1.79370066902014224652 4.57143470866360956961
1.43853958824530892002 3.25375135996499897928 2.97481877639093905685 -0.19249352376389886055 3.12620732076835272650
1.84549169473421104115 2.09326592104834574570 3.15798975476100851623 -0.03514681180420187179 3.39187554274321056980
2.34682735930606156671 1.60855446885565678272 -0.03173059863075906872 2.15955375068496469027 3.20946899490460735294
4.59290964402664414479 3.25494111604717151209 2.59720145573596816746 2.24713417765269607429 4.99654790810800619738
4.45453224611388343135 4.51487067376298867316 -0.00057882343253702281 4.98742288748969997414 3.59355709854021343475
-0.00606009906675747997 2.87004656025941740083 3.49367037765526999848 2.87170104449622520804 3.06524583154354024472
-0.00177416113835452446 2.00444775152488796621 2.45724164776539044652 1.17388267172497817725 1.05878045961103994799
3.62966708523084369276 -0.00128367030043871058 4.24546287211295592101 3.33122794929465282365 3.87521814930406005573
-0.00280570743708277552 4.00097507651865669231 2.97745090181356042436 3.53798993588011301270 2.90319143441566485109
3.19939771100110759150 -0.00158072535450442956 2.42150516673541638113 1.94328949622164870448 3.71302882231878950137
3.89667083093017785345 -0.00151445632416246810 4.36771437271889162446 4.47762308117023710707 4.66999545745043853628
-0.04585194151799732581 4.17926225667547779352 2.75111920008494204026 1.76531956535731371360 4.65048122361706450789
3.89265043705718172262 1.73454259929717480304 2.49999841540847311805 2.46030552530794688337 2.60204271819839583202
4.88892274662813974828 1.47464268443806290065 -0.00179944679223521028 3.62211662623060526300 1.79454269594126891718
2.15826809839588040774 3.63902753388013433522 2.74760105128930876006 1.58543142731040065385 -0.02316628704265649707
2.98320233695638492577 -0.04050290960294162385 4.55994273988344822612 1.58836984701041972201 1.99966817861434087433
3.71499410122157547320 2.18553722456501198224 3.52319896121040487813 4.77685510316581130041 -0.04181514679099988113
1.75314976877348405182 3.53682891648698216613 4.59635437036072858064 2.46266598346325071844 2.74996509699985969277
4.95993752605141491330 4.70847385416633912314 -0.03159620524152215171 2.89935367666280274790 2.90033295737267726722
2.93574530472486960875 4.71862589004156873784 4.55956558272948431210 -0.01039554314725817802 1.79000915859307507816
4.06248732544741386619 2.27336638482764952229 3.73214288754393797021 4.21225826325495766866 3.19787897533262821526
3.22532805917413600838 3.31960185806338481385 4.19918781607731173011 3.27439407323771902725 -0.02806259910253122367
-0.00322490835781171804 3.75067943509389190027 1.55714025331782757178 1.34763339031214313124 3.80968401780871834816
4.90824318645505819347 4.26112674331554508456 2.37461509087173139321 -0.09795946542639369370 1.14916514300207417421
-0.36195237492084958442 2.26456603854516425045 3.96605068863748488894 4.22791564227782146190 2.48273010864661491937
1.03968509364173566922 1.61694642767075258405 1.53218597093515151997 3.46616404535322741864 4.90979110058472301148
1.30149594448884364795 1.08497564174990701602 1.68049989098527641218 -0.12444675589065411214 1.95399281938475333220
1.00774774271649958379 2.23394057039031324052 3.25627944720272566315 2.77116265653528914825 2.98250144803187655640
2.18466545766865349876 1.37116783369667727399 1.64749229198198632318 4.63691624784981382135 4.01533491045499246752
4.55686709654080246423 3.39581485307453778688 -0.01394281785759480044 4.65942784092450246192 1.79343532442286868189
3.31664704086035078134 1.14269322155451291678 1.43752404142871981207 -0.19510892545152236366 2.40137518175831932155
2.81797209659671832327 3.63154223847275448023 4.54448755453350283773 -0.01053189418952215489 3.97492060198048280384
2.01454279161580362967 -0.23002849964046725995 4.90796453949048050447 1.81420654619579968525 4.93181034766689307958
1.49244514914663772842 2.38816783940354415705 2.02430206198500561854 1.46166976439549989308 1.01140874365687150060
1.77643640573995265086 1.76314033313542051218 1.84535592623096933451 4.47924039175326083040 -0.01042852297298979720
3.53671233241812510428 4.54552462207131746652 -0.08208504012750826584 4.79982523977117203628 4.69613390246599315958
4.93322650658094730147 3.42435724995924362091 4.17189431854239423103 3.44121522751279496077 -0.12016950041630988788
3.25532375895134684640 3.07164961882183629172 1.06833755307766953280 -1.11751647279917598610 4.71999521769607177646
4.92475709772858838420 -0.47804804346704515838 4.37375839759140117025 1.30277736834155444257 2.06389599365268061604
3.25192323474018341045 4.86602186020214144690 -0.03524835615690917467 2.95314688433788363753 3.03555146801746156271
4.28875523277648085241 1.38050856862414805803 -0.01527951009642495271 4.47194913702741292383 2.53150280200739974390
3.05226760888153814122 3.27789233839110982771 1.32988715500040965978 -0.37900083267576767376 1.51502033565382587810
4.02463417146638136046 -0.04202993760829731168 3.09194505650735207425 3.75223774779070540220 2.58663756110203335581
1.28493122078385146878 3.54225332699715078633 4.27095241088588473133 4.51838466152105411311 -0.00035363794834486777
2.29280969827057790056 1.86031479930094700848 4.19483367249675165311 -0.13099333030574941694 2.59124610663701959723
3.15320806080591964360 -0.38626605177177714134 1.40397743268791153071 3.33636650839380033418 1.61055840493964907978
3.78782350272637158284 4.14007583105352594544 -0.00975096620317032065 1.21642800549891205719 1.94934302912018608822
3.81993511142372854650 2.50948596608634666438 2.86366495694788536497 -0.12268096135502422339 4.93721788228474967042
3.26382120370708017632 2.75613035976850051512 2.02859840431650972903 -0.64152114925169356763 1.67181825775954440161
2.18989049361997478726 1.03718478439652361800 2.85480425314594077335 2.15569069730313689348 -0.29482195676777672722
3.33013992278751924658 2.87555943222523957559 3.25521187489822372285 1.99723474560979363801 2.64043425299479483925
1.50166805513137369132 1.18451467220740935815 2.68359837399943756964 3.13674353263709093653 4.00284046339204824250
3.71446500512367183688 -0.10830740765257060310 2.83837737097517939233 4.32416510129797870832 1.62998579254973696706
1.96291745602552270000 3.67477671309475484307 -0.01001327478783041805 2.25500848197703529507 2.88874465401886082461
4.00616468340304887619 1.25371221259395149161 4.99093157457483904693 3.24181055484235658426 -0.38129700142114186789
1.03458352119517327239 2.54438081719890707433 3.75912109160949325926 4.76189506408446838748 -0.00027009014707274391
4.64597849529864248552 4.69742456657150242449 3.47979894380399734644 -0.00682609752914303900 3.52716827578737568416
3.39990950325433471946 3.40782821704517902006 3.40216169717696281793 4.77643750813343892503 -0.01187704407815861132
3.58339912815535921453 4.65319078642547001579 3.14703173399713831415 4.86469719783027620963 4.97239170152232468070
3.08859629680041525290 1.30262106705725511091 -2.84239239596762294227 3.18048951864248152788 1.20426273330400723793
2.98501089383676454503 4.26828671657894531677 3.47833329756802323018 4.78146775702731652302 2.85644993362961630012
3.95812049930505427398 3.23687492263776155355 2.74406330445606272406 2.32243481022213416054 1.40442633005073114205
4.78997890880064858266 -0.06890813900859098229 1.05138069920398447010 3.33656412592707596332 1.97148975167101525585
2.93741438277519817390 4.63876469228396715039 1.64536341955110021473 -0.10736288060537195477 4.69137814055212931663
-0.13599851414266186933 2.91405348810434494666 4.70160885409632367526 3.46158884483337869753 1.68757069379557744782
3.00867617249047647476 2.36592087933850514503 2.52774359135895876349 -0.81640719620459367700 3.82279864919230716325
3.59913581983391228647 3.58440044631327170421 2.45712074275213465668 3.56490779221060583026 3.61873637328083841425
1.52138489330484150130 4.13904246510676721016 3.70695928188361634170 -0.08687255640152055647 3.88456236369472440728
-0.17962955557694629261 3.42643055810302632480 4.80455703172787007560 2.26400036759538414444 2.48387669946702738244
1.57716114250807626362 -0.03651836075372227181 3.35319389313795346297 1.83961007841999268919 3.45687530496856609830
3.09795989570370045030 1.30373148585448195291 4.30360702946707540661 2.87166010002333926820 3.74302478521346371210
1.21357349158103122733 3.16431216958489835989 1.33934542503988796014 -0.01474937996974369850 4.41269015052544411049
2.93210589216225736564 4.82525072498925489128 3.27896557258840903870 1.43299179682921629109 -0.05874101987597717123
1.20201559015913828077 4.09525336019262997667 -2.62325737075644704888 2.85636172000415688998 2.11321439176629466417
3.77086660831980724495 3.57549149273161415152 1.77962984302551507909 -0.25721291898824411026 2.16830342531411757179
3.83456604003334122766 3.03433682538720983501 2.77980302264074374818 -0.02510097636753520073 1.87951415950823230716
-0.04295400626181487824 3.61443401749542658763 3.77145101041825769883 4.78897999933549112228 3.98087339881575585920
4.42647182199016420157 1.28428884528395581555 -0.01309922308336503201 3.50651779655740902797 2.03868970784664815810
1.48996551961772683015 2.84771523846716601014 1.37714943502871323133 3.86221591353641224842 2.49582961625054355892
4.52768361301447885836 -0.81868572562589891906 2.62124338314350469048 4.00874377137696136231 4.82634372614558326831
2.76300172401743449058 2.93552347668232327393 2.66514765087793170650 3.23094268085786939793 -0.04695643481690876808
3.77031283578626297270 -0.16626225516040840646 4.82292884371091012952 1.46901228580522857925 2.50421637038156008614
3.72150368709593282190 1.30840293557335662911 4.58028448943507271451 1.27603855392043197270 -1.02679182934653789872
2.48948826165882142192 2.18526335749014233301 1.75644396646295897213 -0.00391049966830713924 4.84291417810161473056
4.43777922847160155584 -0.00593911739810963624 2.52424118599704172539 1.97420862503300975632 1.11371428245205672525
1.70302765826796553839 3.36526980153844057497 3.90225914441047638803 -0.00771453760436396994 1.05202999074093561660
4.05715362846968297106 1.40430021833175011636 -1.35017840709603587079 2.26130687585268574935 4.35022898084560161180
1.85358031777058673839 3.35610811595924696249 3.93914433268737784744 1.95310403169301238790 -0.00293848070198436109
3.25041427683458916675 3.07119437136792194920 3.31994837831062561406 -0.00025323828032142295 2.21621167745563374396
-0.03348511444302487705 1.26981760962149614613 3.07232959564296459476 2.36871318344438330783 4.93019964547742972627
4.58495644347697073329 -0.05102857310371690380 3.98566396465593308918 4.78404179819688479824 1.73506717347771655113
2.61192012311894394827 2.84028905457516911426 -0.00232001444522104451 4.55789978006522744636 3.10278327636646844567
4.43773733666441660972 2.07590736090852123752 2.65126473448748356532 2.93722608057545997440 2.55545936328619882616
3.11138484468234732816 -0.98929750302787711203 1.18197758979889533393 4.34914683216686803746 1.87769800793017171969
1.25460820510975556985 1.99025524820009103166 2.86641582136929473634 -0.37427887557601313695 2.42910122190725008551
4.95551331077620815790 3.67361430337886663011 4.90276708059042576338 3.24051997431700344876 4.52554844402014566640
4.83835565457580418780 4.11402871339141817941 1.03224954769841570368 4.98237256151286800332 -0.15427600216724238202
3.40398864275170076610 1.37085850967107125697 3.80888951442328460573 -0.24578607095291257756 3.65807466012094062435
1.05042548867805063395 3.62048550217317588462 2.42157307546715694357 1.97451542756392850464 4.71476557055927614215
1.78555708889766950875 1.10959205521299830721 2.63175126823226435135 1.98005551805344692795 -0.17249144651637954295
2.75824890970001135315 1.15205919695912362144 -9.29195941273264836013 1.61483437780785488158 3.03176602341490886161
1.79149255423128828113 3.41233174834695507371 2.01177001431494950623 -1.23864250641716999723 4.18054991745357540367
1.54163126431014463336 1.05100851125529759500 1.84200475031422694627 -0.11448359855886196257 3.83123211400894314593
4.40073104145852056490 2.17938186448868531642 2.57044192252977898860 4.56753453830137878811 1.85629942826729044114
2.56176358862059982968 2.51295185377931895587 2.21767810347534588544 3.09056976686290729717 1.27316834843564974378
4.40203646768685974422 -0.00695058954074214298 2.68573188528530160113 1.02087733430989446859 2.35888915577389157718
2.31007933799235098959 3.89819289154479520221 2.10864011535292572574 1.05906501035743705330 -0.08839324313530162736
4.10476050890556276585 1.33555785184159914181 4.52991865115042458001 4.18678908270182592588 -0.24403992388697268168
1.07631931124049540216 1.26416420653990657641 3.23183614608341329699 2.77101505792003521833 2.47774823891416717814
1.57516280927560670122 4.14801652234341666770 4.34048979344981411543 -0.09387863445518662697 3.50156899739475235833
4.06143324143766015766 -0.01589413818777819093 1.70122751526980708903 1.38624735551434197234 2.87075218008260701907
3.27325557278779788462 3.67190299355504290446 3.06677305503136787834 2.52333255414136248262 -0.02995358319428172156
4.32482507339703303728 1.77270951938576137863 3.07135741512450444191 4.45706200861322265894 2.09031738325862459504
4.10002639929854950651 3.28117099360317654444 -0.00320266882396163599 2.32642172775398892171 2.69254604049731405269
2.17563211669171252538 1.06250902714940576033 4.30664958859986768402 -0.34539128669930513338 4.86660430711822478145
-0.02636003949979096386 1.41819400105576676197 3.36795948423356916734 2.55897309314579235462 2.82163229289768313635
4.39004790127518340626 2.84207145990639808986 3.84297844630093043961 1.29835808140452568793 -0.64270106626335810063
-4.11316429331428778937 1.69307146731251956240 1.73209605438132552280 3.30880397773918621951 3.28703240288803089086
1.57674457577864135516 2.40130611578452901611 4.75550683658194106584 2.23712833336083161129 1.14641427732400824624
1.78074526515426434514 1.66245164343005935592 2.28432043051932121003 2.82411934937107345078 1.25740465628825281996
2.01457139160393206012 -0.50086121136258243691 2.47735120029119970653 4.05987207213274903239 2.13719480646567161486
1.67550473965809487709 4.71099109422385353696 3.99472334366802073191 2.02579941110432759643 1.28642556795775631073
-0.03603066690503551467 4.60547919437604846848 4.24909378682156457785 2.53479910190643975554 4.27806910296549158801
1.53289622041451512047 2.03013636732746327596 2.06081325838262641170 3.66449771919156308542 2.62523978906012089851
3.65658998403727464321 -1.42511920298910377269 4.01318427781629161188 1.88771734760494869221 3.22235801308865132953
-0.05868098018483140083 4.39083494806496510421 3.36583591187115871435 4.84418508856014007335 3.13194720649457059025
4.51055510628664357853 2.47181366851067485513 2.44146816920826648101 -0.05001661625739087236 4.77470735445916361073
4.38653341006529906565 4.01547370871955244809 1.74652839411157323468 1.76874335126528903217 -0.65864613704448715659
3.82174263431376326494 -0.00164551377421912233 2.92791827586579112008 3.79486937087640940902 2.38478115982234273318
1.15154651380321393361 2.37727003423719596142 2.14744283180153150425 -1.86385955421808602317 3.47718718850938968146
4.11414546713902584685 -0.10901108804298070831 2.44018122399998471650 3.08330928957129568602 4.55712575721803059281
1.83502287996920854241 -0.08253750805295226312 2.70902286742584363921 3.61876563819409780010 4.87762838139019816452
3.85907708703568319564 4.08885990795101506023 3.20746292451022085856 2.14811198033300909671 -0.14351404711844278905
-0.01478063233285607098 3.56895637741808124943 3.76161174259354602611 1.19495688302355107524 1.46031503622429825739
4.76271001051458142683 4.88800737832125342663 1.83700843579488681812 -0.00314565223010363805 2.27247138752351673929
4.56826892304839393688 2.59515823963950831299 3.90111738605845737027 -0.02319468158157474147 4.28663768051820781579
-0.06966638165310572173 3.91978252959351580742 4.10645231463241522363 2.68163489518706477099 2.60427044216718206471
1.15310703365994404734 -1.53969667763479467482 1.94971037645677691685 4.95462277093515268689 3.62601981320541888465
1.52938084810259278257 2.75267104991380406886 3.97698699097073626874 1.70633195601063780700 -0.00715448162070464206
1.71616680095762363933 3.47467061141214372810 3.40300760704331750617 2.04203212960205160442 -0.00369109462524067674
3.13485492507298291187 2.90583256507520726331 2.85565552463739491529 4.86884303419001884805 1.61218291828833315549
2.17128370164074402382 -1.15013364110854920952 1.38507177073907961073 4.31955129264429515956 3.82051946203409764635
3.04628391303805656776 3.59787424143373302243 -0.00039290990590124306 2.79192367129703766793 1.04651162309987899590
1.97012267312721878199 1.35296258353187459633 2.75808469429079794466 -0.10241106403599774255 4.49773163324440261590
1.31109996780396853566 4.72261970481197934646 1.48331268731772292213 1.40455288011454682007 4.67014232506357274133
2.58121581681224476768 4.71877667050686966377 3.22844094017767213600 2.21150947728236779710 3.04210838714694187246
1.12520425738410345673 4.29627816557987074475 3.96777399005663999887 1.18219699466135663712 -0.00090534821813665516
1.93622519908092005636 4.13478400476080665271 2.00355865570496760597 1.54563950845053676986 2.23218127546334832445
4.88106097411590056367 3.29954090236085439969 1.98251815879941606369 3.21779382850826767282 3.08987384927458563766
3.47660401517217110268 1.52031002689293570640 -0.00409191266171689879 2.63545907553343861096 3.89913009280291378289
1.06786421377608986560 -0.06623840312265365238 2.60540544164729848120 2.16139912761080443815 4.67357929907860558671
4.24227964044028205137 -0.00259003657106170659 1.77795847164294729126 1.16346509697528022187 4.39652424619210258072
2.68213437328437231955 -0.02009084935634720265 1.95071627059692831452 3.46127926793620632751 4.59919874388784677421
-0.00681365421551627642 1.96465925288008458338 1.98358059525745700213 1.75226011380003487972 1.97242273874283746693
1.55851216708468554017 -0.07875336258766388320 2.74994704730706640561 1.93755913598383644469 3.23114420482854169947
2.95034863736551722369 1.67473185183118911112 2.27285246145870800660 4.73953443419299880190 -0.13804486533611498578
-0.15288463993248205264 3.28402126132111948920 2.23771741453478911765 3.17011025220035014272 2.32391572816718872119
4.87231028159222212537 4.03079790371775636970 3.73234424169505096813 4.51553480603678103478 -0.02151281808087202735
1.70151841685247484648 4.93613772349736912304 1.66255065897449716417 2.39419527806431098327 -0.00894831142959480810
1.68358853951785381042 4.58812093964562350834 1.62498075901237548635 -0.74590237798531777713 1.20468275158512128087
1.22743983283326851819 3.36720806760650459566 -0.04016109257514557940 4.16442345415824100030 4.77897235065563208423
1.81655365483538977500 2.99727153231857457172 2.71356772801473278278 -0.19879805331588132344 4.05907349472005751778
4.61173566132413625951 2.06926088258503382278 -0.01015229567620727635 1.38660602564368140577 4.23147056703466972749
1.16344589026771849660 -0.22141320753947893452 3.46615574802397752308 1.42620638992058301753 3.58657366385071441073
1.52906815674871410238 1.54052205636275241218 2.27415898029401208902 3.54397262922935851748 -0.02068624918014008371
3.52473316388469859461 4.63879664317447737432 1.99999720927832624895 1.09002392431667338712 1.41970562554569790237
3.96417986980484515769 -0.00809054966855078835 2.97531917340406693029 3.13641484331748809922 1.25376138412855420157
3.07235060627935618882 4.21771924778560780567 4.56823150676626976718 2.95894869409714234010 1.56638634588561176386
4.59587309013603473318 2.72613578496313957444 -0.00075976449683757630 2.99086345002521669656 2.28431556177058725510
4.67544695200842319593 -0.02602252734297896830 1.74236978348145177264 1.93336008679513904340 3.55213901690885824891
-0.13755605136131635047 4.81302552149957119099 4.66135919792927477801 4.00960886604019606239 1.35164500350761995762
4.20878259581913738430 -0.00627060373907675425 2.01597475905524037287 1.18441226697309565097 3.86750161515533896761
3.43511750399242909992 2.05128839884753677580 -0.00535385914527129313 2.90171103604866287284 3.85389862633162882943
3.64485685250831981108 4.10989876694134537161 -0.12386206444957516271 4.47605040920157826179 1.20686231983192016060
2.67185780767207070596 3.19969388009236777037 3.90175173815417020151 1.71434572859541800582 3.77792721860038627213
2.86039676160951783501 2.17872823619043831656 3.25914104066119181269 1.74859063868306963130 2.05176614118607902881
3.79537819205628323971 -0.00151794674436888256 2.80315185773030073335 4.14857675808123360639 4.70756607563046181042
3.44775929645022127801 2.92279253163441588015 1.21730949745086913794 4.73614882730351638429 -0.16610537732894084528
4.78247986275794900735 1.42462627176087242020 -0.00564792813971884584 1.27265107483892903062 3.31962096215223523288
4.49780376769603940090 1.24613408514688295270 -0.01220030696782113851 4.62016598130405853340 4.77898220761005454449
2.55539642826794644037 4.11026739519283346169 2.18196844628622610429 2.23347133708100420435 4.03405967977779589262
2.86238082951463956860 2.01080450057308857126 1.84282783779352987708 2.17447948823952597053 -0.21999125466170058041
-0.01056657912810445889 1.58674307261643887657 1.67314384988252307096 4.57035391053706696596 3.56222443287164525216
2.10276642922721324069 3.29646073132070505096 4.10126674068540530982 1.91947817121692443365 -0.01769569022559350571
4.51156781087260227991 1.17772089083115982788 1.98864821418991910562 -2.80129245485312772246 4.13541994150292424592
1.87192797761524865052 1.45114880703811266471 1.41645746218790380411 -21.84279063105710250170 2.32839514847137829534
3.82516614883003303049 2.26083040808900737062 -0.00029775079220401886 4.71372348431851229122 3.42856230760688607262
-0.04750716017161087101 3.55135245562973045352 1.29992545742286491617 1.17607280608941566769 4.00177971372927565596
1.50377076158764966252 -0.36414436025538077235 1.69630636838826776014 2.94361741538849885913 2.24779369509626247847
3.78696402234461837466 2.03633871577075442616 3.61966527576322416593 2.55916284012152228655 -0.18518685262094994326
1.27071826471147719673 4.42697446951103312784 2.27520544478416164580 -0.02420564981837049212 1.90183262237139016904
1.25469626631172692655 -7.72086383041762669421 2.52933928232187676954 4.30521398106439256992 4.57596743600191757650
2.82210550896479173133 -0.71869850271482127457 3.04916703553909229640 4.34729614512420781125 4.71333633158751119652
4.66062234029283395387 3.57746530325031697473 -0.01016083486074726913 4.43687829520030163621 2.10884379426499624088
4.15458271323071137715 2.76204473964196584035 4.29099239870416937492 -0.04836192951553567460 4.25380817664385091348
3.41089222012761972280 4.22762861819328339408 -0.20669438640586731970 4.99085456710642461076 1.14722228120638103377
2.37822928825369972472 3.29396940957227668534 3.56491698964767245172 3.83403064979495944442 3.05619417670498538797
3.70456913519011754587 2.55589468684424536704 2.76924304041348490202 -0.01166932184255002787 2.44393530765886168865
2.66877699145131153102 3.25648204093127402459 -0.24366701117370373475 1.44927466664498849624 3.86947033508748061692
-0.04232873631188823621 3.99396743070876025783 4.70529608304650892592 4.87750431609860690685 4.26378718855514193820
-0.11999257591060313866 1.86001528163580642783 1.77048081456804595746 1.24063367070301033834 2.27795872951218836278
3.62230964582239156613 1.05476601299818995017 4.76542254182300339949 4.53430596939820418356 3.78219696885450940016
4.17114260133100867023 2.65244438579548136303 4.42143993233127563514 2.59777686498248527869 4.51451572927391175938
4.89326033934356630084 3.62764072546873128644 2.49455240720088200490 -0.01699747509697010356 3.03573457992339035272
1.51574736837065149331 4.80367380529440701764 2.42113457929685482739 2.94108374577207332123 4.66560769564707822354
4.77818874469538634742 2.90857307486180971523 2.06720237353449443063 4.55215156829740941191 3.03064859594153901412
2.42429448647185097343 1.63834728554760733488 2.57820856319694824421 1.09907671142401275333 4.07123741079205547777
-0.01026224109062564595 3.94569296196070862237 4.79574897451542092597 3.50565448097417142748 1.50165103538250388482
2.75862720473378297825 -0.00407530552698084480 2.35857714741505120060 2.40396148321817193505 2.89768052078066551402
2.68216193674273917225 4.32946806216497837028 3.06889868981342184284 1.96165046159238087853 4.89013332427268831992
3.13411822060625766539 2.44050779895766867256 1.45279845417137609687 4.02562588459602999080 -0.10791337119063772187
-2.52864093903219400161 3.77039598537052578209 3.45842360005520843558 3.41602629893372444769 2.18333749813461386324
2.42370666089586705993 4.67268247628102351143 1.55601255112157721427 -0.12202426630474642877 1.83771487115034615201
1.07736799080025935638 2.91928751048198265039 -0.16865541651775878274 4.13441030118655383774 2.57342594404251201468
1.48990825152449257729 3.56093203518760059723 4.69291898832929454954 -0.52863373124120494051 3.22198830235722599724
4.82864578796908361369 2.50276799772793934196 -0.00854500181192515036 1.68699868753885562356 4.87727914994212596866
-2.28173725166111207585 3.96385791652691255038 4.89685539617503806653 3.20039146074392322205 4.90128704677345794494
2.66825911322554532035 2.34326978787030659745 -1.95936000334581184035 2.89753082847637255526 4.61068777656448069990
1.30378203645825285761 -0.04226082267518675717 2.81716919595752868233 2.54677384913668092281 2.22441905481061663608
3.95473423755678776814 3.82640278562809399432 3.82850790387373018930 3.83965657261862158833 3.27878614301914650397
1.50047171463055351026 2.29585966673691688200 4.78200866634200227878 3.50375811076630672147 2.49790731075423222407
2.90705488919533250325 4.49058429802456160473 1.26922330432699626002 -0.55320512503513818992 3.37573952968560631049
1.50214695175790646786 3.87242529863142337376 1.10241617278742154440 -0.83885070292494168243 2.23071745096492923821
-0.00111034276880707687 1.81536287406334695405 4.14562843584853801815 4.37805967137280127588 1.79478860456513977795
3.45953124063195982529 -0.38061938613546886234 2.15586448363720872834 4.02086284875958632767 1.34273173643150656176
1.94689993212630296782 4.06488508520699909354 4.90286755557088760327 1.23605276009081332944 1.87987024452669482244
2.14635428406408923507 3.61394685863798326153 -0.07318614163407360929 3.22809717616163149856 3.91891694653668842818
1.50602093515859536410 1.44865796857271744713 2.51422612936730249800 -0.00894798836325254830 3.59118193078387326622
-0.01845783704869737377 3.55998984063267132072 1.64902451207750155859 2.68892608307029679082 3.02204441249607791420
1.47552275470094595988 2.62087167797090536681 3.27163452655363329313 -0.04071804180669853085 4.95416559020688662685
2.34139021363027621803 -0.08915840601306278257 2.71397526628299567975 1.24443911651705141352 2.32371813296327012210
1.66812535228570579804 1.79294968785304442704 3.05194846929885477138 -0.04050718442388152873 4.68764016769984959154
1.75830894495712275472 4.09656754800948164075 2.73898609543069238015 3.05989276719710767694 3.96823223605289232552
4.71729488159608578712 3.59123369722836738305 1.22599718109966371316 2.87649606981392125249 -1.60784245931993563516
3.20916231724677336601 4.33772767425501371008 2.08258131772754939703 2.94363258870351485186 -0.07129390836859764158
2.18110624687024090562 2.22483521246810367344 3.74819203439448100923 -0.19214842844139323752 3.59762716900505408191
1.03818724449054755610 4.77699310966717760607 1.12398081328137688928 2.33043793477583127682 -0.00345133536343669462
3.98477267141304292153 4.70348140115746993217 -0.11744252902195581600 1.01338122918977946441 1.52420532858939861143
1.16233912382834114752 -0.04453014756827894383 4.30494278355647086443 1.99895198576211008401 3.05514501472846644603
3.60649517057731161529 -0.00010924481416090392 2.59011791665532475903 3.16292030819107017336 3.94596795961280655263
3.75722336619873775732 3.35914315066268898136 2.93171770010879351176 2.33013899732189644354 -0.19645517339482079788
4.37416113992515143138 -0.11049881226492844211 1.32792218153045604723 4.12877893931502537583 4.03001817307081022790
-0.34821868710332676278 3.08809145991002509390 1.84130367662769245385 1.32901469973565067306 3.14224801410048293349
-0.05889025413638560719 3.49545091711594979600 1.94977194590175573197 1.42245029199752437421 3.69361997645290163206
-0.18675378059587116608 3.30026994250134997344 3.90351731357914522036 3.17101341334166209052 4.39721856543968314668
3.05958928096283333531 4.53672260272149063809 -0.42287107689844782854 3.50147007574972102262 3.28556947199208071453
3.09410412076943774906 1.10067640934828769872 2.60706897218424282769 -0.50749698804447695988 1.54299290759631624326
3.25422467824901895384 -0.08412176088528701412 1.42999354486721363955 2.59844381760402587389 4.71704596841926537820
1.73205336368117857049 1.79510988184698971892 -0.43660493387130616671 3.16396729913794150235 1.69599404414347931791
-0.23463278872522078111 3.29672415517816252972 2.51325445242540723711 3.56903362677405322501 3.93797973947650303828
2.53695014087915815537 4.75436924850112241359 2.42360240168042473385 1.34086258683214154530 -0.08315703318071467065
4.07732564448893164410 2.24047901915301395093 4.42965547173051810148 -0.00035882410454110162 2.96521305877398333450
2.25430747913799933713 -0.05497635023071553023 3.48375895651872635739 3.37999043757217521033 1.17526784379180648799
-0.12899146155055396523 4.40896053290151002102 4.70393774635249872773 1.08194761422755014735 1.09466457121255222873
3.92828213318573737922 -0.12047049922268791844 3.74915381526643765042 4.65940271328573984988 1.30763354172557777488
-2.10038236307421266602 3.33737449966432997428 2.61840637259253705693 1.87100448627774129662 4.01483180564244701571
2.51655629840589645241 3.78944914907088481471 -0.15022621946226125123 2.82325809459415566494 2.90387069155444521584
1.94287945483315382944 -0.35213449533935542446 4.45096233155083265132 1.15625470177306510777 1.41264620834349452494
2.89741123724967053477 2.74514098601447731340 2.79329485879239713952 -0.41732654151061382430 4.04270524305724077152
4.72719068128883979085 1.94187836650541356676 -0.11997048189351897096 4.65571454080943603060 2.35287221032197946258
1.19735109585682586442 3.56585775715617625536 1.16817918514468965796 -0.15649134559253943810 2.90877240941108539118
3.42385916433146375581 2.94682602280160477193 1.51679390867476460159 -0.02013940079893416710 1.01640210315698498178
3.43220152610514128710 2.33705585093321221990 4.90198626871278086981 3.12966469569089200675 3.16295426260122658491
3.44082350551667648375 4.83274124839120133856 2.22258909690911643509 4.41599359200125896052 2.57615606991951162641
2.42935223568321623233 4.36101381849296387827 2.02225941033325407048 3.89626126905881209339 -0.01356295076312286248
1.31222119888109300945 1.84088340283084761495 4.15297179978857666782 3.86896199490909742380 -0.00122263461525013383
3.80955396849794336589 3.87602676208480056985 -0.00794398768997995643 4.48789588814904938374 3.12114664208516323640
1.67573220181656745709 1.51973390572268085563 -3.01102606357907287560 3.37131085971129795809 4.47303876204370265413
4.81930773169448123383 1.06755993744129940026 4.67531632495383853154 4.58454808071352104548 -0.32128844578076104499
4.21087208802007939568 2.31066882950621543813 3.39093991438312203357 -0.05132633859752692290 4.97110602515622979070
1.15965072866053064971 1.09421543947603883140 -31.67818552468908066544 4.13149514187990529734 2.99374997969747402848
4.46534670473396744228 1.85911978404956013122 -0.32464045625227777592 2.46255260609239989833 3.42476122134857918766
2.30630210439947092027 4.47840060633020264902 1.28383336475624076911 4.04336839494378175175 -0.01049124895439283202
3.60110302696128714572 4.82079898131348194568 1.35464319594531357183 4.04106742829246101678 -0.13819769355230479557
4.05868575026731193134 3.29792591197460538410 1.40509896205235440547 -0.18727876465422377272 4.08750731638325071060
3.81749094793674448312 4.12128699568037326628 4.18897428435051644158 4.91793799528603337023 4.32440454772434090813
4.75288524725282091055 4.17928206420148917744 2.32510307339646260516 -0.07463404018859938482 4.09904318946806789370
2.52171665560596691691 4.97814217965631478080 2.79574330088515576875 4.26244439634235661174 -0.00253991488900514413
2.98424083450515409410 -1.58860703906340150482 2.81104112465933475562 4.76374431671124654031 4.03933136173930051882
3.21899368016098064160 3.77884344192369869830 1.45917206666648491264 -0.19848827839410876361 1.84068105609431764691
-0.00438175828096259469 1.27435452994684483841 3.26369944588645299888 4.23715368776016809704 1.83233146461524842863
1.48605774318714400906 2.47118689005551539495 -0.00820583662959908922 3.16447742839452139663 1.27219433026743455883
4.35576583702821018562 -0.10738703234850037471 1.97178655831314397773 2.10961901024885767342 1.51553919621627475323
1.69589621030358861375 -0.19260827223336976499 4.89069452260282044875 2.29704217244487285399 1.24476494858436437241
-0.02355719348130900712 2.52109384375573108983 3.78490816802500473770 1.03898960938438200685 3.84053738094931285119
3.94023607546335519203 3.31200422166250874056 3.37480755259249631806 2.98858303231622368656 -0.07461625851792536013
3.77284516801206226688 4.11508718166735398825 -0.01649774985324308635 1.53427773159159519523 3.18861726414692636666
4.61624554172771084382 1.72251408958451923681 -0.00329639339845010917 2.70538327276853340919 2.57412073725966994431
-0.03061695556936558371 1.22063620762369318129 2.74444526351982753809 1.29659718136959511980 4.55421171329853624599
2.85723041003877220589 1.55697669227683421767 1.46750430100119189092 2.72486926078472002644 2.35061204622336550329
4.80086671187725766430 -0.01074227493628189707 3.92159913600648080134 2.72783830017806927515 3.86307412683269602027
3.00109128338815933645 -0.03080208954784452446 2.50322199957071900300 3.09663687101534179646 1.44004455465455860619
2.61020929908697185695 3.40325028034476328997 1.11916299371673000351 4.22346314169885239664 4.75452050292848049651
3.85130720195033759978 1.55638462618009532079 2.87239575433960059314 2.93658768712203110951 -0.44087208929680021807
3.70766636959025852605 -0.61717988207583918125 2.62224168955410785742 4.68852736130468272790 3.55378859776705446905
4.00064534694088536071 3.59540296352662736012 4.47139316814952714196 2.36476683513419505545 4.02025262696587404321
3.77560942244364294851 4.14939135440872597371 1.38374961274297891833 3.99099942040857502690 1.39418587968340412786
1.56856854157837011243 2.75546219171388928615 -0.00449967012433567185 2.21293602704062575270 2.46207916881803834386
-0.01550087329946984657 2.41159477841519542807 4.73677619532067417651 3.11860709289655213539 3.99910680691425524103
1.04618340894630978966 -0.13880343640884906797 4.58866447854783832128 1.19448549017785721205 3.22685878803659376146
-0.05233666592327260170 4.56243913300779535547 3.21627722981443131545 2.60328495204359855464 2.54519182239221786190
-0.02060288535321048997 1.51562202497177800353 1.07948041379051096200 3.34362449308477405197 1.47883108080076874913
2.24238664654618125027 3.85194584008057328006 1.75275053282626291917 -0.12701514916315001513 3.74042267823652974101
4.07092202498821542633 3.33589025558199825383 2.12513366739176889908 1.70267725959820248605 3.60974804903082624463
4.32662229592168579018 -0.02741638604806287752 3.71481026043269979553 1.66540093075116280019 1.98248416414377226502
2.13611377212611808218 3.91682357139777082011 2.66415164466770448826 -0.18202700026710538772 1.31586870438070802081
4.65848155132722752114 -0.00009465832526961104 4.53874386649240157965 3.38817492421425647819 1.16751133027860154456
3.00131151714911359463 3.78581791859819860591 1.60306674232469648089 -0.00242485380090947354 1.59968315444169162376
2.83818011757383725779 2.71764708260285514640 2.48567292523069172105 -0.53531782049895515474 1.30079707325679461150
-0.12972769426706814988 2.31692998402199101804 2.50464676800561703018 1.82125398896541890181 2.32664223283900239991
3.36534644190206178038 3.79428630829488078291 1.93138350092504174071 4.04390862783688831428 -0.06580183919278695392
2.94127454562387313786 3.01180545004390243236 4.39532664602738964987 4.47963220942515327749 3.58806348755880799573
2.88645335000420155680 1.02696140661452472997 -0.11950106557969433774 4.36992131101093406187 4.48800868426338794848
3.34558497893973560977 3.85472011339319653445 -0.06376894273615725528 4.22655399279801535783 2.24532633939252024291
3.68099449348265617132 4.07990281962620748857 3.83510454680531154281 1.19210991763324214432 -0.15273705602517120838
2.84453200950817741699 3.50499288537870423710 3.92999915841323232968 1.73224214983718249883 -0.02982699067228905890
4.03722297429353726983 2.74882201792993408063 1.05346133313492673622 -2.12981400334082460191 1.60106001277954579365
4.98308901092193590188 4.76956447669771321785 4.28111266215816499425 -0.00265418863343843585 4.94993603251425184908
4.62739709799119225409 -0.20817943544955827551 1.73812798290224890252 2.73197113131529389918 2.52464703750900998358
-0.00067365528685518782 1.03431342794516689665 3.05361468770136834650 4.34964540420197742776 3.79638631377565083369
2.46963226283122772031 2.02095340917221522048 2.39042447516320688550 1.98760726577331725551 -0.09036534154461189905
2.04822584366060045369 3.38872235639269048235 2.82362376193225017573 -0.94543868168671452157 3.80934542603422565676
-0.00760513431798047652 1.03232007868615527357 1.66206833268608100695 4.51932698839707569505 3.18142898996144074530
3.94288383228925676249 2.51035059415635908309 1.79262514933043615173 1.66910683185538522011 3.75176949947598714630
3.60935392117071529583 -0.05754703245509008858 3.82549207959261750034 3.11224641652054012653 1.32654428562443271744
2.98587843662533591882 -0.00157252543107531213 3.22182029225020505336 2.31257443045924349079 2.13819330905523452557
1.81649500377800343642 3.65053535022330244431 4.19057845673038542600 4.49493313435803987232 -0.00029133993059036800
2.83647243287725592253 -0.03706272260579764055 1.89782160323855375594 3.08708081920666499443 4.63688897765332974643
-0.03223590021339284989 3.90657462511677211481 2.88352889939294065869 3.29968035952351579354 1.84102126089655193653
3.27130231893342493521 -0.00085878937878555001 2.37720374524523414550 3.92695569491974616483 4.49116773352080489445
1.69901912704997970494 -0.23443404791838340362 2.42005727197459030720 2.16984173596399720907 1.82335889225374669920
4.45330213518749307156 3.22190635744708941957 4.12803424792092954476 1.61649040641768149129 1.82055776278210457164
4.84029522504281661810 1.78548125150302983144 -0.13855338964494037790 4.72935276262216852672 1.13610056536945336347
-0.08874742981078335979 3.89668246992000844031 4.49386440775364626177 4.83946946642697373164 2.48852991608050500005
4.71824495073329153172 1.82232623100889457035 -0.25242546740119070625 3.83398012784170028056 1.35058876871480304516
2.21370644277753214624 -0.28071388554255277681 4.98336135261849388911 4.54184052837773144518 1.90093685641340393033
1.65887257686954781022 4.33469636674217362327 2.78996875776728625596 -0.22786924713334225090 3.84897430730595946358
4.89183221445745353151 -0.00267305932105780034 2.24352258840498386405 1.13181051618605232889 2.54412710944074849095
3.61365148224300547497 4.07035521375949116418 -0.00504226340082682047 3.53380771150220907018 4.33263087562763438143
2.94756586799009800970 -0.37486991634704086573 2.53165017106989553852 4.24736803946532059939 1.79223452300783581137
2.70521092236924687313 1.47848444846725390889 -0.14737689144718571499 2.92887872249701031180 4.93369324165316935904
-0.41542708378044912454 2.17211674237331520132 3.62535752069558503408 1.80840229246287753639 2.04654164819053230318
3.61782779716419389260 1.86912125015932373273 2.29794516272403281931 4.62086264979669714137 -0.10823831186213744848
-0.01555012029064249506 3.82799296676735023581 2.23549199350152605348 1.01495726090864790692 4.35042950269657069384
4.72773733211884827909 2.27294751432380337519 -0.05430095053404655758 2.10116509847163701608 2.11593687904634553121
2.81671708494237504894 4.43519609024324967805 -0.00329486188818163247 1.03253749015226947705 4.23839595210391806290
2.32260053228662144420 -0.12809466748907508138 1.43460445385371970772 1.93541067726259852222 2.55668593765925233896
1.83813048764876896257 1.65063095746322918700 1.17179992311862646304 4.03218669951221730940 4.72927272132708154118
-1.22515997741467264071 3.40358599061437461231 2.86512817379782624982 2.43500538372078256799 3.12555521852775175518
2.21141102385425503130 3.16494923482560874817 3.59890423336148224109 3.51074601774323991066 -0.00380457591183202930
3.84852351691098881759 3.42135861645768724060 1.76298019209460310464 3.25982294163418639954 3.20862212248121325686
4.07793830029026960204 1.98566259725792182422 3.45610240161429782546 -0.00210077398126223098 2.08372303985478790622
1.97674949036290792392 -0.02403440426161820853 4.91582303424747379950 4.88418877758198988204 1.75795744588146929388
4.50758666594565760022 3.79335239788208422596 -0.00083542530745141274 1.37574638490148393188 1.60526593589272703611
-0.01810567676670751108 2.30021698567678090086 3.43985054347281860032 1.87336677962305042655 1.34247699192508918031
1.87271894405201821954 3.62572766625411668784 4.20794457183970571634 4.08695789545035381707 4.75852501015626394576
4.47040850710204828999 3.88147118117091061151 3.30249430579833314070 1.77116184267053133894 -0.25279042079972502410
2.31108071960588068450 -0.13414671321304147411 2.02009064636678470350 4.03322614238121879282 2.91579086705050816164
1.00215687303883216330 1.30638978702061869797 1.15865836466405136562 1.87954047446218996953 4.47001107481371739993
1.27431691629901822083 3.62090694165580995190 -0.00377030637289341164 3.45458315542763827466 3.71598689428455264405
1.07369965055080074379 4.76039433056159744240 2.64335148912292483558 -0.17915074931496363653 1.00298532048991884125
2.92347662740346425636 1.00430953997803662503 3.61212913911270971923 -0.18749887342721194283 1.36543081504983110364
-1.81458817813615169712 4.12849455237708973243 3.94245022776840148282 4.97649673722854046787 3.57506478416180950575
4.93277364599854628580 -0.02259435162042388104 4.02637276583856973389 1.57619209298122608942 1.94313511086200207956
2.32909909849619101152 1.17169431474936480697 3.19203857598336915302 2.41174224471932108216 3.45451592709727739461
-0.55735198915526984464 1.17336651848466599901 4.13833842366188164874 3.24551998322262891250 2.29251145340374362647
4.90245573756883601391 3.56220304613448357500 1.91069803762560930238 -0.19081007019355092358 2.99473053509250508597
1.43390813956654161743 3.75851759020502074193 1.83881177124190475780 -0.23344438279270429693 2.00062794069805205410
2.01096307299620047360 4.95753765402486124003 4.21025905160264635185 1.54564303490566690158 1.26003137546116272816
4.62833273012903134713 4.60791869660867359215 3.42327191503932937167 4.43134776123090023958 3.50852674507816653104
1.51679004275630324727 4.94592687263823727051 2.17970025045294768518 1.99569689350789403193 2.31374953314019737860
2.49721191265410258353 -0.09547801254009220806 1.47687662456112356324 3.20302368590814179328 4.24450876280635469584
4.82216720726115966045 1.93732439560091540542 4.64700538409342467361 3.25342269555277052717 3.99517601000667132993
-0.13952390975283937569 2.09734456830716542441 3.75937425018567150659 3.27167636456108024134 3.69586768708032353814
2.16127229677571852662 2.07491646812777830178 2.00888740266055698669 1.33535599667154425418 3.87428084051931831411
4.64868035285557912317 -0.09431621031309034286 4.51930742506782756607 3.00852379909883760334 2.16266879841179715527
4.69647796311317833329 3.51358560509245165804 4.54914977784728158383 -0.00351626101813516320 4.26825754297421156025
-0.14171803255838341662 1.79737208579585683310 1.18425360258384726464 2.51828839999842912789 2.03996651380610094506
2.10325981401220962752 3.66515375703522039430 1.45136856445448847452 3.96200022152493369632 -0.01015537083637503037
1.82965573496791478192 -0.02860858775956123118 2.76578087074036460535 3.97937812948066138574 3.43439621559930285954
2.02274404798098172975 -0.14601313870105905868 2.01935184252333765897 1.82168095902345150705 1.37515804145751907583
-0.00013167256614472848 4.25225964428438452103 1.37069003826662605405 1.85533229006944733186 4.45455155224346732723
2.85372415219066244418 3.57959649618952413519 -0.04439424285130658815 4.19049648317519896068 3.45322727491758385554
3.88657621956210874714 1.85638224239758908851 4.12032937179399105787 -0.28653347021260910932 1.59397135625028063544
1.94425161378143940283 -2.88414791134956560725 2.96688365557223088231 4.02707462802581872552 4.02544457463936211639
3.98731282420231547547 1.36411372976058942186 3.68446111536908604833 1.77867080974822089345 1.79658726347533814760
1.87133335916021303902 1.57001979119489476489 -0.20726644891275122773 1.90306049545236888321 2.73097260199462921193
1.19115319676866660004 3.17384693869646561382 -0.02330601003700371807 1.00635639183471603531 2.97830822259602179258
2.35466268570677161875 1.75424330851185539260 3.38984451918430629291 3.05814763459571548054 -0.01966368215239316583
4.32919825211992925773 2.81515054744344395132 1.91120693067649716212 -0.00426374164674751810 3.22506746053625459325
2.85805676555627474755 2.48296833184111065407 3.80493884315609065538 -0.01280992669869461704 3.27747052029042196253
3.63069572555999675600 4.20171344953266689970 -0.01393591919335808102 2.49677738317989739159 2.95956698991042399527
-0.06710239239686528745 3.46592506247048204315 2.60062412271077070258 3.50649474489989021464 2.46174238117420385308
1.21979777611024564621 -0.39884526831243782841 1.62033076532235398304 2.42318067542439141704 2.98398135494514438193
3.21368266785462841639 4.83753104092815267023 -0.14748041014040796925 3.62753365175728514913 2.73574917545470075453
2.39808163160141463166 4.42478677854027591110 -0.00970521251729646733 2.17543514957530437215 4.91436854645832976729
2.97544979085658445328 -1.07557835301485571478 4.01840577917286623233 1.39194851611081116260 3.39671276330883342709
3.08202684367454304848 4.01858278920713107851 1.61753538274045416401 2.07367898823549223764 -0.26494468941706661447
1.60092424057148674521 2.01623708652722166690 -2.01166435202417615002 2.87600949298667307730 4.65119946903427017304
-3.61572094779107766627 3.97723397062834571614 3.83394981330845130429 2.86085183234017170761 1.71487380001047196032
4.55183250978498676886 1.25605226305357753347 1.92658735259405755613 -0.00374129500472792200 2.44119712028847413166
1.59789576691833756783 1.57468837132611838570 1.59644368429521321673 1.16917099520712453042 -0.42876986109357795307
2.55287902244893372128 1.99935830958556026715 3.21437738137095818658 -0.19702656244267738317 3.47602494402415240771
3.62890533351299993114 2.21672353198051075296 -0.00151531545054747426 4.21591564671281915366 2.48608708125397681599
2.81577513011927482722 1.35921404678054535964 4.41312861130448119695 2.29517724815827284246 -0.18797164868681001670
2.68426889552116598736 -0.04824505605403006658 2.56962170820744484345 3.62638176823790203684 4.84221891966008399777
3.86421287071228247711 4.90443724870557318241 -0.00019917346954813084 4.23457054570891155976 3.47584462300023488979
3.35373548845054791911 4.11832537845410051602 3.54658626093715989569 -0.03770834461576030860 2.24662403874909433199
3.56957118250277183336 2.27166925140783426684 2.69509583492865356646 1.09415210601236312371 -1.29237692229450762404
1.27638036784400998869 3.51120784176212907823 2.13719820348992994852 -0.64717408668175369080 1.90563114697299784694
1.29004453881027503215 2.84227465723213423843 1.88436151452026967590 1.24403533286238809907 4.61872093974892194979
1.14029810513829765739 2.40798713809331887958 1.34151827918235744264 -21.38969192683665454524 1.94714042230896744456
4.64614840316384380969 2.61382047685505414236 2.03036467190552505357 3.30192290424721823783 2.10239530666071638976
1.84939486849466883100 -0.18792231130438150077 2.35051676943181542256 1.01627610026507975149 4.92125810780952210877
1.93133501274551022675 3.31810921013637960542 4.24916121453930983876 4.03991921510932527895 3.73198673948327463989
4.43837647927519363122 3.84163572448759760292 3.46360836252077186614 1.78433080387517239984 3.36010379759251431864
4.84559175543281206444 4.43745895625409580987 3.99187359142309361459 4.08039416870698090634 2.63863765342256550994
3.65324439459937133634 -0.14351537461577196231 4.84869605097295774954 4.43653344732696020003 1.45341388289604056538
2.77949720730056659690 1.49668144066594877017 4.80073171444894342130 -0.29991617410604970440 2.57919920992085183187
-0.31177472065843081506 3.31687435894483639842 4.42337262132614927879 2.97661160892232334874 4.85960230395082870558
-1.95184593541795003979 2.66979699571858697382 3.76251258299623669856 3.34422809214386962395 4.39528914459996755681
4.62650598668328605356 1.76560510621660204933 3.11065385417948370161 2.56498390268520193302 -1.33246679715818938661
2.55678035568870054561 2.42401095808792366171 2.59513015496651311409 3.12251793246004627491 -0.06613608167863624376
-0.04014675839441837757 1.37289659894052240574 2.54938075085975368594 4.18385753788863201663 3.68236551101156894816
2.84353066036852375476 2.77579015174832122170 4.15520667318608616370 -0.09413002380024883264 3.70654248393661411853
3.60454168687985054831 3.61465263024910399281 2.16229152332068030873 2.61696331746012189612 -0.24347542221149459651
4.58579320460362449552 4.02960773670625016507 3.56284222094167324357 3.19126884466667037898 -0.03148280703062177749
-6.81459840845386288777 1.62812255167973596315 1.89856807508934943840 3.20276092751282748239 2.07628244904714209795
1.01909182562065048216 4.58264001731009251728 -0.42781151673059825136 2.02705108746639339756 4.05369687003137713077
4.44809499021365262195 -0.01410513263221289081 1.29760632575659462518 1.80690268804583897833 3.06953900092973874791
-0.00008926122000684058 4.98865653952030463358 3.12344463502752978101 2.10538328802321084154 3.38142207125872662488
4.68867339586542453134 3.03105591516427619325 3.08067763899415769657 2.10232223320869859862 4.18813558309191247275
2.35050125470801107852 1.45811851623668919942 2.18690498826216739303 -4.01689399247634160162 4.32424244752824282756
2.35847839817295934495 3.95365241105429943147 1.16834947285911372461 1.70029763205900241729 1.72264677965926749081
4.14476852687060226543 2.90316997934037868134 -0.01070822515555107032 2.48476713304592733422 3.47552823720009484987
3.24019146492988818764 2.82224683210789706322 2.66044577147147620622 4.92983940241621176881 2.70483222896026953563
-0.00026626714135899329 4.50094426904137812073 4.91107405291288934279 2.34910709123103567109 3.95172914588187795815
-0.00301211132745280580 2.69371433544659577564 4.36934440953060754254 1.44194050160776754410 4.76866044569489488936
3.04823647458925472975 -0.00063883390623437953 2.41977674356478722473 2.86093422577247480376 4.43243823499565969826
3.88547364400635775183 3.02587893037932742502 4.12358433796360834833 1.45991080701192998959 -0.23693655906577007486
2.06449385569656218564 2.34412254358336813453 -1.50715764928431927849 4.47655525487215300018 1.11242922742504646294
2.97695675351851241075 -0.08887375019406812404 3.65014898602159565399 2.60039615107395860605 2.62483878979838003431
4.54470937250687878617 2.93030754169454432656 2.32186641479002853217 2.89709830294833015074 1.51627453486228036539
4.63144504647626487071 1.87708361645850363431 1.49457758945412555462 4.99800398955746949525 2.50978340520622689169
2.25468591755005709487 2.04832466245896105406 3.92620339202298840320 -0.15548432882333704241 2.42851943571648964948
3.57451563404796113232 4.84531765235895761634 -0.00545414117396107821 2.19251891696766110229 3.99935194430601059778
3.82761605621679423805 -0.26105718620204504399 4.68670674404207865393 2.49180252591379014504 3.12838569826162560261
1.22604547988177081663 -0.68362388915887173368 3.66215300799687648592 2.88463999231763867925 3.18060517224869787611
3.20030230110567837087 3.98268843673740313704 -0.10054089159462903380 4.19622974615340016413 3.51514267226525278787
2.38673925251846785756 2.85332492449074903718 2.75252250036561640911 1.20746352025270642372 -0.19606448228326586736
4.56112146515704708349 2.39631073878245137720 -0.00357941814311797798 1.60130174017698356792 3.51677700870833920277
2.52599453342306023984 -0.58228989079934223572 1.53670826158897710911 1.85914955226772660168 1.53240049727738814056
-0.00406644689640118639 2.40725231833381725366 2.66321768180051599018 3.27388976149678745386 1.90648899414669026342
4.57200172420011519137 1.20159203504647882355 2.13660013161887007982 -0.01476258740508071612 1.51855048368887635135
-0.00165537779630277305 2.33699811350418285016 3.26329493797430592039 2.26883114579632527708 1.56611305273077450195
2.90714133489368009577 -0.09704853672543012344 2.45323662014531373998 1.54677650326109983325 2.37944806572001033018
4.87836296120884149730 -0.01023927111801501387 4.81574593127177763563 3.99623259424307164522 1.04000569891034588821
4.41256305000001169958 1.88065914393023136952 2.73251436886353582523 -0.01103888405794561760 1.80182940222498899629
2.38101469132304277565 1.37265816580933153190 4.71590984996194606538 4.75977286685320954973 2.57561813594320065945
1.59405003237187870013 2.61166892987585486097 3.18743814388921942182 -0.06848368319278673455 2.74700172670821318732
3.97658202379672998106 4.34898479272620619440 -0.01929733284300860080 2.17906883619395719265 2.49976130812801589087
3.04165643054557177649 -0.15719115552617995979 2.54928113011339130267 2.54004544185428526859 3.98511734865650035786
1.22279807644364080232 4.55498658625568619840 2.97457403239382545124 4.42743566723947346020 -0.00021763918362979837
3.05491377299990052308 4.04897641499444649327 2.08710996234488810330 2.98554524592081227397 -0.01982438658816585222
1.32427371217929890079 3.89317901080808903558 -0.08148688560226613475 2.21599562436557118161 4.39648600851011650548
4.49431846339707696814 2.62454573690973314015 -0.42083360095032518178 3.32905335249177003476 3.15282231227097842208
1.44596706647463602025 1.71479794038548050139 2.23405179051224456188 -2.37276580003301429400 2.40102865467199322325
2.60308260857504603081 4.61412577419523994848 1.71458625297202882365 2.77801477631306292793 1.74778185000482366718
1.20532323506693073156 -0.05046767556448835540 2.03326587164588135082 3.16375542533455300642 4.81091912162274581988
1.46595713973513630535 3.33818879837838844438 4.69035701361729806536 3.02726174618295384988 -0.00112763253165884276
3.33559014453821722768 4.39570373924577673108 1.55499768259852944041 -0.03388068409023571592 4.17539679194371338156
1.35534802407202947805 2.89998930069897609130 2.47481949648985777301 -0.09268316602599549481 4.37921048453269001755
2.25176320045769706724 1.53305306041496924863 4.97830755801328272980 2.62575462365057843428 4.53898826878676420193
3.41440210038816749361 2.09665764281153688131 -0.02876648859784017298 2.67487966090893358739 1.48605618752509327507
-0.05917806785072251413 3.63277103394535716419 1.97897752361420753431 2.37275088092098007664 1.98901834418896372725
4.25525341861727568471 4.96347717553998712958 2.61807847660888537433 1.76358974764579601313 4.90260354586394164755
3.11022868685076492312 -1.34399534571556755758 4.85894077077144803667 3.62065301446943310637 3.22796580824747669780
3.72041698221062322460 4.88314000493352295962 2.98143837297877256631 3.02550333395347204046 1.92301811635906139131
1.83006949709193555975 1.58904033644316289298 1.24924223925385735612 -0.14984941304506818605 4.47629231525568371808
2.44055825093801459502 -0.01741886745672320200 2.11575798208563092828 2.10418117818707983702 2.38631966746190826711
4.96163585583144595148 4.40162290026424862788 1.75984208286402266097 4.83974466300753114467 -0.05449202866714736304
4.42317266325364677471 3.11471305566308975799 3.76513992043054601666 2.90323697150920612131 -0.14293846827367071017
1.41457414978974638231 1.70496870556228019566 2.63413603711974086963 -1.01076421764763213496 1.06981110734643847238
2.29236993503623853741 1.33544265921376137385 -1.47840589014356349473 3.57283703506833205665 4.85454874041555672903
1.98633131880839020056 2.34027917479347813412 4.34071174310967666798 -0.01719932870651427054 3.02873850733453586770
-0.07980822356054650957 4.65941884403367723166 2.40149992040922510839 2.38983966618896337408 1.53111666341178054296
2.09775805021414329943 4.58957595706122134516 -0.00020901278682166328 4.10446150301428325236 4.00634747892467935060
-0.00083991667598778193 2.05740827327951292247 4.16288809374567136956 4.21870557379736155212 3.97726465073170931674
2.20413701466695144404 1.34532325156904253305 1.13887560860425152143 4.41504749690747466673 2.12540507196753480912
-0.76656504035831352084 2.86536168078266229031 1.83107407628743334982 2.77078064616923835928 3.57990294762138239193
4.96448529747023936665 4.97692329426592472430 2.92234064975393126318 -0.00808527219725218779 1.41605769754694099660
3.32069914508607988424 3.55869626276465744752 -0.00400762603071589969 2.98216236946391610729 1.27902921670012492683
3.75075794101917336931 2.15006806705066599861 -0.05277729749699816564 2.88731354687548424920 4.23507204264006276162
-2.76698707533366450306 1.25566842921838039970 4.88499274659564974854 2.03026123692919879815 1.22483585781144466154
2.84128102463145726375 3.83089432594760648243 2.33380139176170509074 3.71248629166418409042 -0.02282811830548383408
3.99268274803326583822 -0.42758725182121060104 2.17424491690258436805 4.14393822457762794897 3.40173626835296083470
4.04997650643997175735 4.70873942191717542727 1.40031418214119396382 -0.26498560322447817228 2.61840219016368225269
1.81174648848787933630 4.72104640973462075237 1.62723418708097389285 -0.36063152297855205486 4.88053113638838631516
3.10959888761505176547 1.89873246259537786784 3.61387144811452998283 2.22031857461310000446 -0.21317773810768331222
4.65447112023407960635 -0.11618963543755270185 4.55065166170162527237 3.07398456606507330946 3.05245591944905170223
-0.03052041907609219853 2.30524173248908192946 3.26800827943570393330 2.25496530871584344169 1.93974762783330634264
2.29211560932633284793 1.71031554901052817996 4.93651821370637478026 1.59684324158731705268 -0.07280074723906609924
3.65509983936557514284 2.39452260371301317576 -0.00173736837306232798 4.25628787294350274806 1.18451671188794005474
1.02360784253755010553 -1.28261264944319575143 2.12314009912378098832 4.97649319508008858293 3.77954145704325705779
4.82432597666839058093 4.18760450546197482424 4.20800692865668324316 -0.00102655561714404828 3.52993486100073550205
3.84604454830611874883 1.31877018200267626113 -0.13779002176208240971 1.40793276816738410773 1.71654921481416078421
-0.16695724369918585328 4.22277687304698545745 1.37934033706630332361 3.13984774674902933356 1.21093043330973815230
1.04345882922715826879 1.59726830512439610388 -1.04641674658934324960 3.46572415636470143596 4.46397793357982486384
-0.00095979196786032453 2.33963558291401296785 3.78988350460132572550 3.60177836338290147111 1.99804704517899800464
4.48382748341976444806 3.19248040947248634680 1.37087736583109043309 -0.01393230561675438614 2.89633088034370000940
4.44773481691720640185 1.71365979155378633791 4.87176678652712347173 -0.00025727720958996169 4.47051278575646549029
2.29622703091991731128 2.15059546590426009516 -0.05925054995257474089 4.84971316666099649950 2.17220526930675905675
4.92056066003748249216 -0.01028788846696301711 4.34787805750537081906 4.12779194598552745532 3.83257401167063438407
-0.00694748966361353939 2.78120266573460472870 3.37075324989806057729 1.17910069735855982387 4.52321512393723512702
-0.01865467326883987059 2.39558257514778194519 2.39264804144812170961 1.92689879007885478401 3.76809179214292955251
2.47788678419294017274 -0.03823867699151942134 2.20767434017483799025 4.64776432158215602186 3.94219173295514524469
3.00097063385914619715 2.82476749924719161555 2.87124942649398740002 2.53791569775034231427 -0.08633819201668455068
2.42195331862043339299 2.16489242040067164652 2.13278109137573190779 1.70712828506506708592 2.96425195796755547306
4.65349097800181876750 2.67863273594264006405 -0.26435511568747432909 2.12064713540068217057 1.23315220039379180861
3.46048142681231629680 -0.00350859889895245927 4.35874774631528172364 3.79182525774073120317 3.04981847399176686508
3.62518483744161557070 1.35704703646038105092 -0.11369889315626907633 2.99876595690288372253 1.29477221936413844361
1.96205439091740885260 4.45740181639818722203 4.75564074181825979792 3.83619188759586560167 2.84316749503523347187
2.81644629848482441759 2.32902988606352012724 3.64721139008491412881 -0.19578887272839734512 1.45268742472882195216
-0.00505197100689142552 3.48823641899504988118 4.20629253532251556891 2.06753579939063580895 4.06484654415085167045
4.31003432348832671295 1.09732051276197939416 3.30595094164790070934 -0.39683914766365691040 1.03709845325800031901
3.16033829269212773738 3.54591688954563899472 2.51616741933690546418 4.11100114809387751080 -0.03059343473654725296
-0.04698883043086516526 2.80780087047389814714 2.91829872477120932928 3.23104956807175991429 3.84695629034228092635
1.77362569934044866926 -0.00084024383399117404 1.68193268577024568344 4.92393044064603380150 1.58421613915719827759
3.52740310331569251190 3.57916321081702770712 3.78818394537718061699 2.92336267188513643234 -0.02258887394391473694
1.12764055806745222554 4.98908602283359670082 4.55560593764829135921 -0.00582065428076487291 1.23224282553788144767
-0.42354687329701595777 1.60932387411439981051 1.64264199309614777889 3.89364861271858941905 3.07583294008719887458
-0.00675733639129614226 2.17605180823878274765 1.83330287157103910545 4.34521598514370133159 4.24856351236739193666
3.31848985478986779896 2.56981930792778578976 -1.05453805615176676724 4.18687878924731826658 2.52968753070466734201
3.48279309053243979477 1.27851851532537885703 2.13540631483994358675 1.92057982740789690013 4.33978583305403642356
2.93183662463083027916 2.12082369201233067457 4.54158526815112573161 2.28711103460311448998 -0.05077286700501017214
3.35167782003237180177 4.33526692100208421721 -0.02737720850045025078 2.29817836494621863253 3.08490809590701076104
4.97034082251362185900 -0.35338700198810152342 4.80624309680704442371 3.10352214923279934311 3.86503851386738705997
2.23727004495603409850 2.94059990943586013756 2.26935657003624191574 1.81667431466327000678 2.76859091284486380502
-0.00234597560884237683 1.44899877423854839265 1.81412838224566153045 1.57345791639693111108 3.54799829914797371089
3.59026424792203657788 3.48661942035631433612 -1.12444613101960455559 4.07381866210685839036 2.73750549605227178063
4.52241530270392999569 2.01505053288767621567 -0.07484832238820758599 1.11567241602455391458 1.96736149917231850637
2.55887377460970899534 2.04890711352069221363 4.41036592031058383157 1.33309879385275475983 3.94059810226558893120
1.15192484970507091901 -2.97324929367636769939 2.80500022413779781516 4.57392086038294554129 1.70821883929154783033
2.09674240838314807078 4.09312902852728388581 -0.34736813600889071552 2.12156518143123173914 3.35696244494018714022
1.30899078220345943535 3.27017528760522235842 -0.19418662143245288276 2.74582162848143873646 4.76530189311186980206
3.63860147048978488371 -0.00212995825889993225 2.58613391856350727238 4.28008851478252339007 1.19594837277444510093
2.67822158118653153025 1.02108838026418258238 1.54838847333783480309 -0.02830925174215498039 3.30506544362569743001
4.93923949991639510415 4.56503134452193570780 1.13201927953681824590 1.00484108754712098133 -10.98350801010458788198
-0.01302027974217587203 3.96263830497760993765 1.13347751360772175389 2.37135516671032897662 4.84129759452529029318
3.44436258204561207563 3.21062052674263354035 -0.06612257990001393915 1.53644380585826167973 4.06702989228395850319
-0.05308990647614561520 2.00854129283772797621 4.10999742565621595247 3.07677485011061291331 3.38964722576866339665
3.24032819682570671915 3.14720103665140582549 2.06958775781092807478 2.66435428413166031092 2.97830593801857013148
3.79359887587294242195 2.25748971573854539940 2.18478287612344734825 -0.12767573501461587648 1.37497424605683216114
4.17910076644351313746 3.95267575988301578249 1.82649331046327700889 3.98313257420136856979 4.80760775537357609721
3.70987304628977598853 1.23573123757874459017 3.68481333142136202596 3.53505152807481071164 2.94124414834025893484
4.90242635666963977314 -0.04609677922838963104 1.54575363590330860930 4.68097852340493680856 3.89851439666777821458
2.40234631484699390214 1.97733378052343722331 4.37041835210742046769 1.23851368324819288702 3.52852399168588792833
2.47461043032533911656 2.49632748663694270519 4.79076023803212436292 3.69711238785351969938 -0.00354427540927596029
4.64767992164595966642 -0.08504842756926665748 2.22867487897073246472 4.05105198352519302318 3.58390381650286249382
-0.06406692090718259236 4.93821087025762039957 3.15069203129193375901 3.44013342071575545233 3.82161134190052997894
2.35669052260594158454 4.90455587337463860820 -0.00259495068649135503 2.56486563440641601730 1.98930464081477298421
4.14926304064109352510 -5.97493404752648427092 4.77747272754741114653 3.49250770880866934220 3.36156067069121222701
1.33431214785679186363 -4.03821925219566590926 1.38518930114825122857 2.17166165409114153562 2.00263862194338937428
1.41025747771287113252 1.79600959113605673778 1.09014900231363043304 3.25516268747774484282 -0.04283834245484451769
3.35405080290105850338 2.68404353897528480388 2.19162661717630546931 3.87122084280148648361 1.55271472945760313777
2.63974049910936914287 2.54618772694221684461 2.29264583923527931475 3.86527638369724035883 1.43473279067132253317
4.75531971860110402872 2.34185773580737865984 2.39159568244020315220 1.84088895806489238893 2.10680501380403217837
3.09314013609908933233 1.26505961623080942502 4.94434852539934954763 -0.14866524073099987580 4.61536109012485873393
4.59854510727044196727 1.16899957777039453788 1.59060011074340623694 -1.00066514202899425889 4.20972142994530429405
4.11840012234844898842 3.23603246214921824730 4.64694319837979641363 -0.02293260983484933513 2.04189625143121178397
1.38937938602667676591 4.15721253652472100271 3.35679048621594988688 3.91830900574110030377 -0.00028482261786984465
4.26284558247040568091 4.23280042807203926714 1.15098076673362781364 -0.02705771428316113003 2.24305601820097777477
2.82854658504193690050 3.43076477585719619157 -0.21383106878260454975 3.98813814129411525755 4.01382638412123426974
4.21556586591430537680 3.40110376386358437273 3.25913876682334358037 -0.00020442589982116424 3.68237491397008609439
1.11643364517313647966 -9.91829578839464254258 2.88358164455238075163 2.06746233507903776072 2.86355388897354634636
3.44898400647168790201 -0.10003026456063132676 1.75686061555224615205 4.85784619796353123178 2.06264825989262989836
3.51844503680067743900 2.29811577945363909592 3.69512270002697151838 -0.14644109845637945377 2.72088538909548471878
-0.21594888035650128266 4.17157241903526099236 4.73511676189750829735 1.64984530848178101436 3.63330806468985345603
4.11542398277776300120 -0.07338542422961573386 3.77810595799793969007 2.21021505529632600329 1.38689327620157021315
3.42113369729389971141 -0.00881637894936354409 1.05714841837743422914 3.65146347048154185089 4.45566329142950934283
2.58228989785050755401 2.79733465393221703010 -0.05482659993368182300 4.34305809823712163364 4.19612863178539186038
4.75814992629490873810 -0.03428715272349510540 1.46230691257321465670 3.92104654573004474116 4.54896409286290115404
4.37091393877639067256 1.06400979768343129095 4.46976036773075691144 1.04508346675344876431 -6.03252801468661559170
-1.19131019189062903330 1.54007085387054054593 1.86976231240321189020 3.69892221326445769236 2.68736037780028080846
-0.00180702275812332533 4.35869915304083832552 3.31894475076002049008 4.00811682059547713664 3.08809538675708106226
4.97633784474968887679 3.16694548674658404863 3.71793662149048964594 1.93052800693494353013 -0.39268802665272783958
3.56256888949896000085 -0.16562828804682874773 4.84828835240867395129 1.30722558119887066752 4.22225710387921981948
1.87634599215750164092 2.62888865556664796941 4.78356235865945045305 -0.41994897337610165300 2.20486055454197860115
4.56762986528530312569 -0.00070956998419897856 2.50135816564055790678 2.88003151841208859807 4.66257746677041851058
1.45562593364465797663 -0.01390457386599859048 1.66257514854394150561 2.88223006289831085169 3.29897581001721640348
4.74583670290355108534 1.30283859901205900655 2.91135966910670607177 4.58515946237315930034 -0.99224697736460321096
-0.05368383773292156880 1.74234640817249752942 3.33895451547152788407 4.20554046857825447603 1.26718012286272729838
2.07350206617732002456 1.86241372957205353345 4.91417349650755319601 2.87834472839607302674 2.97284466487076226571
2.31318186754916377268 3.98115194316869702718 1.75121618029521775028 1.22234164176188686568 -0.16136979770261092315
1.46065909944088412331 3.82792163272974717003 1.30496428855874757602 1.14830721302514815463 1.64824617740838696989
1.23215674720161505462 1.45801592774057153790 2.32804068401244368403 2.83076269426506010873 -0.01130327511998814073
2.39856316235682953675 1.82249081755868980181 4.66350959360722150393 1.60607555966667270297 1.27430162697747784151
4.60948966952021610410 4.53872443591898289128 2.73068164707878269226 4.91806256519715301323 -0.02971512078067781518
2.16672696361157113287 3.03515481292898714472 4.51641797490961138806 1.95273514307996087780 3.58331524670322298931
3.28758999120322004117 1.15105198646607975732 1.61088842999017556323 4.58355840965757010963 -0.28294679069547423733
1.88882941691637551429 1.08166286164952918369 -2.75286024869848988672 4.47576169112176636133 4.64322795206852756422
3.98175733064743608836 1.99717864935820310635 2.53008613663111914249 -0.10978794438623219742 1.00193286129978798016
-0.00036316240174727145 2.81002060558542243740 3.40799030619323328750 2.65296567893305201835 1.50837271743600132012
1.52277128050212740007 1.74998893309897995962 3.69858841304065810718 1.42203911388344428346 -0.01505697649396184334
3.76516275070650818790 1.80471440377676506372 3.68862159750182350137 3.66068315904361796242 2.81508133765743906451
2.54718653681635087693 3.63287669190036410782 1.93292477556124486782 4.85503788509697820075 3.46502675209685095936
2.77904042142758189726 1.43725912703042091323 1.35283305120951080625 1.07647662670223764891 -6.82276041836784852279
4.14795845731134171785 3.14511074632905396342 1.76903691560395381899 -0.00710855541972205129 1.80947894204158066245
3.94238377489589497671 2.98347610067098489850 1.34420823036032022202 -0.52824455303027373354 4.66949966960696105645
1.59310777797008329415 1.11491050367387556363 4.84486968605709922286 2.97287251564200394327 1.89549486444117709638
4.29122906651842317416 1.91170151370316876438 3.00689155154753873234 2.19336764763053793104 -0.32470513776800324912
-0.85165996331511850670 3.03391783790177527180 1.19335919932757983375 4.08953754717715867173 4.02227312340859199935
1.79992381383586819155 3.91887352403597111206 1.14706006401066629152 -0.09922371366710948382 2.51455060678109454386
4.60850484248188507763 2.76387510734401420365 -0.08246203220795726707 3.39483374270214977031 2.19836565927175664470
1.31526449393495337148 1.66616489770893316802 1.89118121817552298225 -11.34023375045324044663 4.12868129702234121226
2.86034324743291312743 4.20603891195783674561 2.16289774744879359503 3.21108213554260846223 -0.03211339764740814284
4.90391404994930901751 3.71249315763878806607 1.83619972486762517150 3.89322992452791805107 4.84527030184030849114
4.79124035987429675032 1.85945089773064387018 -0.02326567073989424875 3.50113110349161837931 2.22749868866035605208
3.53079877779862494336 2.82239810694806614322 2.69091307189279049794 4.32208399125217379577 2.67419976846053764064
3.57676785274226238798 3.38307000352739351001 1.92959997913435721273 1.56776618684140434112 3.05003971342091872998
1.91051159685717664161 2.72940077857225515956 2.63138405906747907537 2.38454491592285977575 -0.01959207381273943976
2.56224727285123243803 4.99859029464141890742 1.77708779447149689545 -0.00496670286807650557 4.08814889199133268960
-0.00372726437356261410 3.46482024218804740556 3.41969877460337956521 4.62066200750511058004 1.71153450705388543440
-0.00214978011861090322 4.32932715575615301162 1.72429261427877111856 4.65292400775592795981 4.34200628521755582767
4.19829391612637703446 4.46955560184077604902 4.81761356279005070746 -0.00261848798976449526 2.46164759724265991281
4.55998976702084668489 3.01988713018906551611 -0.31099576577790744025 2.22768882831860715044 2.66716156759597700088
1.87330133201790838271 1.02845885519752178183 4.58977726382909523295 -0.91685840339307977942 3.24365623871488528707
2.13359381467600828231 3.79433548157359279429 -0.13665270053814976281 1.95237846771326983841 1.67916480059964090543
1.19944492165330363065 3.31774028271167775728 1.13599066715740981692 2.29262025424377346994 1.06063349629672076802
-0.00285364367962265318 2.82374111883542600054 3.89585068827285896376 1.89899399457444184591 4.83181996275324188161
4.36183735939049199715 4.05719094189107210013 -0.00194712222464249484 3.35087234761897745372 3.03893802009096036798
3.83228822970802118775 2.88539717868120781930 4.76266879322670266816 -0.00093603081315198977 3.48140972413184757173
4.15220829343656561150 2.96194256276677769790 2.78740794625278898167 3.62586350803249635177 2.30622360550207350371
4.76828650935160602842 1.45176758411840234331 3.73651498441155149877 1.30480071772805450436 1.35395389189283621434
2.36237633509691136169 2.91997500589356029366 3.99467159469712029818 3.13632217832194948315 -0.00343318874625499768
-0.02784071520120837487 4.11327543956671171088 2.59954794417640666637 1.19700669372800394541 3.64260861959969073354
1.90247553077743436489 4.66749035177800308816 3.49476154095506563735 3.00474579783565198809 4.98609231454271117912
2.16354769010336411839 -2.21265236160336931093 2.56275381694940129762 2.76486313528408444995 3.05964632583997930837
1.75099701423322962057 4.68352261121106394626 1.36354154145951955712 3.54064574833116019192 3.07012043706476367433
1.70425251508390962485 1.26923317904171062409 4.95753713455865430149 3.32958256167430644012 -0.01174105906596187299
3.26648378579723619453 1.90804363879682936656 4.17798282545280397215 -0.19885070771944951540 3.13279387386235663726
3.93301456837603735650 1.66318527206397615004 2.94598566058226074560 -0.07794399827485702648 1.99137495100724004615
1.73800206871667572983 4.23997923931624676186 2.59675427220591137356 -0.10369241673004531146 1.70667988205395682044
-0.00878339111303505504 3.80730627369981666774 1.61539216028548748838 3.95958269589491429485 4.19487663472162619627
4.51160992164987018072 3.93165016618486351518 1.80452636666717758374 4.18393662788406661690 1.81677516167021657623
3.77140141301479658864 1.52237892877875236053 -0.03609905479773458520 2.55969868937805911102 3.70847789412860651126
1.08107129424536463347 -0.03655264061060473080 1.81587418947859902119 3.46695906577451351538 4.48237020003610453500
-0.00158908780770863163 4.72886428762449462226 4.67843185325437271871 4.61152468989023667234 2.92581449539452220776
-6.27707147092538342292 3.96505118807750411847 4.30669010161313181584 4.06844786493858556753 1.79024343301109301052
3.05393328227588511936 3.87893449917873045507 4.79930631164725784998 -0.08606336948443413237 3.98948218897080097989
-0.17426282113566626819 4.49845559868722766339 1.14103674029886281716 1.01140262696710658830 3.33203614151633464857
2.97368446426757992995 4.34811271767048346248 2.31024510958999496069 -0.00078239990032376414 1.68382107934857927489
4.24718560220233776192 2.63797133026074304141 4.88403301103506404246 1.08343856998792231749 -0.89566955220196564635
2.02915838943036508368 -0.00204787800978839486 1.95377246420246786229 3.51648921386833945846 4.58052576648014575511
3.59521376126287162123 4.36593296394950947104 3.70065175604370821816 3.53735508010378207899 1.85211253985715096348
1.44856437518449432389 2.84626115974748916670 1.68006805745389664608 2.00135032843101434707 4.36671883537445104650
4.22724504354004970708 2.35507328432399365425 3.23888166816873690479 2.34228076787974659467 -0.21581687652433906299
1.78687327852190103172 2.98287464516855616026 2.43284800348853780250 2.95043705368549780133 -0.01150005283336006691
1.12866165678056651345 1.34013864676678018384 1.61181540211650320416 1.53700475267234537569 2.43279469922821522943
2.54984188971859859763 4.23064094920144562195 2.95566935774887840083 2.90814829218889103757 -0.01918684443199091330
3.79711476570700323663 -0.00276658360708855995 4.04996465738237532150 4.76021067256937779888 4.41836656733362787008
2.56976591317662617087 1.12325844297689902973 2.52106688451288185604 -0.05535889714393756739 4.77540211108315659772
-0.00401144804044547415 3.97771771740967583497 2.31201822492533448639 4.26137864889494011322 2.98711390886148375756
1.44280114834412298563 1.34893321108461083924 1.43638955425102254893 -0.12828489871585330162 2.20189382221021068275
3.63049000285312883918 1.47346779744862921291 1.31684166284258408197 -2.18387587769813817928 1.13188903808796359485
1.33819862054333205137 4.50113068657835491138 2.19580985666154848701 4.88945418448500568331 2.47916823934133212504
2.67001395054806733853 1.85768337650080406220 2.74806891653871598891 4.38336182756613013112 -0.01888149704747408425
-0.39930034877938425097 1.01050894549706082870 4.16181401270992612496 2.79671040372179291467 4.30138008318501352534
1.16748931527495347638 2.25348767225287582860 2.47482978446932699867 1.26880035593079165679 4.31254679268716767382
-0.28868275945526983284 1.69402192700103171319 4.51173610318064532976 3.07227358089160196286 2.36107933179705886673
2.28620948500209797416 1.90418455820085963381 -0.00932321910497348888 4.56705849854545853361 2.15363768306231451177
3.20314765320816619010 2.59162509393826656634 4.84294463894121562930 -0.01174067143825093841 3.57436439781789383474
4.79394127313121032330 -0.03484461594481937791 2.43786769839543593363 3.30248801098969080314 2.97318868736635000261
2.86113792085035978374 3.50897590869960973592 4.50070024683475367056 -0.00115078895172358040 2.34451281852046244936
-0.07499767773787391345 4.80099902016707957841 4.21766514993962182700 3.40531265540448835338 3.51788308421797690784
2.78635236516532502904 4.42448493770248596491 4.94041046954613793929 2.19563748599998520561 3.66608074982607945458
4.23509536331419589317 1.04690792918550590329 3.54358309044804631327 3.70240356233984480028 1.33145368255934348767
2.02422966693160999441 3.89301855731517321146 2.45807893685865375133 -0.00505348674245026039 3.05545816980694473486
4.47959294230314242213 1.81321833064236148658 1.70423092891683447547 -0.00866312607800108839 4.85953777100107942033
-0.03772439894573648839 3.06029473663711248932 4.77144850266484343848 3.45768267690234898382 2.92965559914307549505
2.51787105089532969870 4.77412491847658237987 3.53368026021857772889 3.85674519383012981422 -0.00255964840432390626
4.63826877726378761224 -0.08453370978683497072 4.40130235734195984776 3.95918415309311644279 4.70392057082462056172
4.65989023928158196952 1.84017159226946347417 -0.00302125448220507244 2.26083152598091663421 1.75858932822517743944
-0.28914525549548730776 1.97266964675494271830 1.09149073689204767490 3.40281102056889084295 2.89754578520189953750
4.29022959220108557332 1.61811783854744106748 4.88241420298729078553 -0.00317775802952980800 2.57849915054694678318
1.64000074927352912368 -0.00216989252010742857 4.97472727798970559832 1.79138279387081889027 2.41341758486737534284
1.92335979349181496190 1.41355261591642067387 1.91778502640646797417 -0.16194365877066790871 1.26237367758020768704
3.05490797372342903770 -0.00074026957422584851 3.61382039581471747880 3.11557630415689290615 2.80514619454831048984
-0.26848986964417242973 4.19475387206177074972 2.38244160027996088047 4.43236465743104179893 3.87885297920271909788
2.87161160242796720254 -0.00778885713621436070 4.90946274835111928780 4.23101994115553914355 3.40705529700060827381
4.24719624880454382776 1.93022234457871011415 -0.07997528786184945893 1.26902586004730721925 1.91818942690798666106
4.50241988402763304578 3.46557780258697389897 3.72852099173093654016 2.12248501179035686803 -0.09918322827586922852
3.10852680222477451011 2.98355691680152146361 -0.22719873190730213719 2.92233020311512614597 1.84219439641954263465
4.17254435230275255719 1.84562958813075450593 -0.76304737612818906989 4.72938010509021289351 4.19416050888654456941
1.67046936597382389422 3.65017005091111013115 1.93947295384509965643 4.47824199568782255199 3.86154972693944165130
3.96459455381896663795 -0.18781021507973053031 1.19746534337296228756 4.06539419571699411904 1.30417167661338506690
-0.00764702638905227078 2.46021747672597745904 4.71702354766973996902 4.86026495308205497281 3.90447101525411444101
3.60157805239158657074 1.47777616128814992535 2.86692965281825751234 -0.15598872986696163401 4.72111519109267074867
2.13978641695006155388 -1.23085482451035765905 1.71994852867213454672 2.32724915224038486627 3.48137403763558728187
4.49771783548201753433 1.57260986639671962450 2.76663003142185148775 -0.22762611515394473582 1.41032179490510545250
2.26524105267973929756 1.95039340200887867383 4.10827250030706458972 1.28068697656996466350 -0.08044114688219866638
2.67639982228686745813 4.65449731287244894418 3.37953284037834089659 1.07330807401027161774 -0.07004916610196991467
4.01555024252441317145 1.63076262769446289624 3.25871442204282324440 -0.02253111126485906127 3.51434640232195238951
-0.07745981045556823985 2.35735365206821878559 3.12068233857319166091 2.23743607163339675026 2.48452978220393294606
1.90113208639077591044 1.03367766263901916801 -0.23655458716533922514 3.21006868934575262386 2.08808532793819789930
4.51685506414613335835 3.11865407336723388099 3.17718445131286397753 -0.06702020544999812146 3.06031858158559488814
1.41214245036482077822 2.45532379198250305663 3.25945361344516681967 -0.36714239203529946964 2.73291410967566283929
4.08202901782970606348 4.80963576454018681972 -0.03016666437410742488 4.24647256740929712748 3.66095854496951433887
2.13966189713115761961 3.86980743456080489295 2.25565255576348677735 4.96979963343917141572 -0.00512829592890559106
-0.06310303912781074775 1.77558862373954085001 1.49127120541302904400 2.75655318868822085676 3.24522687544262211645
3.22363685288685797303 4.15101328832758476040 -0.03613184061042718637 4.02958504835836350821 4.37480751579820648089
3.72576848287036632712 3.91087509568858493481 1.84343252474328078705 -0.06095333407186412367 2.33081185385808753452
-0.03282808933426120679 3.95047648279888985456 2.61147175719129664984 4.45449635575058877635 1.59758476646224245599
1.21085588504664620757 2.52909923162820549081 3.53605622496542038036 1.93503492134691690296 2.19041801211994258125
4.31775684037173945740 3.02622852027093047766 4.08206335240011775056 2.08617966959685130490 -0.09539094674349418712
2.52773876059280100392 1.95695139841458098928 1.72083400850646572877 3.43792560654001322362 -0.13262463532112536702
3.16025203777393803861 2.80381704692211286556 -0.01735845548701818453 1.16039293110536156917 3.62815700275325880853
2.83739168121572893355 1.65014230991257004888 4.33929645710110101220 2.07198009982710207311 1.06984264695611708262
3.48094711346511243022 -0.00210818973495088043 3.05394526871292404380 3.90359010686631968667 3.30569036709397634510
3.85914147861977641085 1.73782588299549800581 4.10274567246973020929 1.89167741947545353653 4.81432229886083096204
1.41765995414678469544 2.14298861654343975047 -3.81989611756581037838 4.40174719414422721542 2.80117446358273980422
3.82469743746294899012 2.74379192164307905699 3.38499485635105568093 4.06615034599484737043 4.21039346016273530182
4.25547550125568463386 -0.02926709822209538556 2.20721357435742948638 4.72519539592954451734 3.46789790322667634825
3.49005039552684204196 3.31370579070568460622 -0.00066845521820222591 4.99827241670771904580 4.91133252972975498096
2.73747247901346923982 4.55514459294689721958 2.28859583929146070957 3.58185247795473848953 2.45926238531738361459
