0.13005844062453475463 1.54576122778805702396 0.13038681637329863072
0.21724189827351469972 4.34224322780450577852 -0.20393986632412391957
0.32819770094042344244 2.79246257274187170694 0.11250723376639155948
0.55765390170819961746 1.81901826172653180436 0.57110527410957689920
0.45426989961698505116 4.70460460583802220214 -0.47153705135434881290
0.71604933518358004907 4.20519966972427816643 -0.67629544686346532156
0.21789666002112184628 1.26065756764631808906 0.20901974342619922265
0.42687542115654175667 4.26517144665985981078 -0.39509284731413318870
0.83862123838437563350 3.22237446372107605441 -0.06772344137255847940
0.52564282358759828462 4.71843222022831731977 -0.55345928999272775428
0.21603792359241658083 1.86766946711532355607 0.20808596327566969419
0.54461106582869345250 1.55339578345901507817 0.57582700342240822344
0.32498355132626410846 2.24951290545609472460 0.25573895482869291040
0.37240227319811403106 4.84847088172045026511 -0.37788924979468557774
0.42529382884708033519 3.80960533189236283391 -0.26658489032068832802
0.85726432795977569601 4.75470517898955158387 -1.02844402743321783333
0.92199201564031696421 1.41440980948325556454 1.14507363487319513418
0.23715631154079841458 1.68937543819608082529 0.23772367975737077050
0.43819347081331683214 2.50393273105816716040 0.26391703474545474828
0.75419008920193963963 2.06534609055709683645 0.72592151708157093282
0.72915377919586987776 2.45242471228132119521 0.48212773325777819045
0.97535019267526190667 1.64432482038238569899 1.33665877440964075973
0.07882653157133812094 4.70537139662232650750 -0.07890644670692893714
0.75167830585718209413 2.52996570649229912675 0.44628109036018898115
0.46057060218629908288 2.01970440315493560135 0.42787461977914192923
0.21250564644101188616 2.60306384722003958387 0.10920546332299418957
0.04939059524693367731 3.12448096663049135202 0.00084511526078535220
0.29463593287674216814 1.41450595537339474106 0.29531869455783399392
0.70650277113798287676 4.00040752622000717054 -0.56435531568628083399
0.86860630027621310578 4.61214318651912957847 -1.04364873578945149823
0.57182924508524168861 2.70607129897820586351 0.24364866200486698378
0.25577097744233445731 1.50469695219555399390 0.25806740535117633772
0.81527766701661807947 3.06951455429402075836 0.05874658065927473860
0.63513021098161404066 3.36000871652764843134 -0.13806046432184826411
0.15419752653667884168 3.11113881387657764677 0.00469519818270701036
0.66284380075429061296 4.67409318435578491346 -0.72396155184137045424
0.13150299211713867287 4.12190155543055247733 -0.10945392614136463527
0.48113656771079249541 3.39310329811204924866 -0.12002717493459591491
0.93665821932741122335 1.61385592068106697994 1.21049324015342318894
0.11984788918083422171 4.62748760256499735988 -0.11970185613790733370
0.17254515284576976697 4.07155991843728237711 -0.13875709060243943127
0.76561416985748376174 4.74555048760833564359 -0.87134143349191073291
0.84674846353337240856 3.00194264753378625699 0.11813906971550733327
0.66114420946532970191 4.35645185777591237297 -0.66836539192547472776
0.65181284733358701988 4.31508785485868706644 -0.64480456045060019488
0.98337057719004361545 3.85108613979825831208 -0.69530066362026698989
0.85498071711060885658 4.21458658730184332342 -0.84990113725502480779
0.00562653408326951876 2.96912802764837779890 0.00096557489985795819
0.65855691717008058017 3.75476338801656606137 -0.38868890347464135626
0.15124627685709091107 4.79011017830231544679 -0.15136705695564037222
0.31007424895232105211 1.84493482992021018418 0.30311610654844339807
0.00538310865815017081 1.03342474021392538575 0.00462441408205003721
0.06750712954363546903 4.27054370003173389136 -0.06106196317081626773
0.67217365407101992147 1.93452688162416652773 0.67923430511884363980
0.59997759325901001137 4.69476731129799240705 -0.64335666934381285920
0.23311537128444292932 1.11328396508661198183 0.21069585043155295012
0.62731706442008561275 3.63265972879287346586 -0.30031603447212001923
0.20074711699603631221 3.42422018407146788732 -0.05601362084002963621
0.12229516450062849486 2.44060244116188984620 0.07895931109059671493
0.31598080637736059018 3.42565698573712129615 -0.08867275025055779136
0.66292154335024189304 4.40036920306467838060 -0.68272902208469787855
0.95351743472846117733 4.49108796993543002429 -1.19513099511094345040
0.46626776543584746992 1.27809684514124599630 0.46277917988926137172
0.95246354718849024490 1.62112505656087568795 1.25728816170882295999
0.68132489070851642854 3.10061154328911170452 0.02791726188754818649
0.72254596944695581584 2.40446784061205542926 0.50712702911646811987
0.43216622798934067884 1.52601543415586204944 0.44641315939625719755
0.40863721342775616296 4.41948926843028022660 -0.40197168667181676360
0.98200719106178580020 3.18763699779354281461 -0.04521530688569005973
0.21448604250014680073 3.21394389581352379892 -0.01550541747284715777
0.01103944073353824162 3.26575020302316465504 -0.00136711164873371373
0.05659532172771541969 4.72635127357705187023 -0.05662005284410398520
0.83965207567083666174 1.48286986590159308719 0.99069746070564357332
0.38885867832114240361 1.97097820243330401624 0.36626964676234807783
0.17074733688258914022 2.94326364541291951582 0.03364893135059543461
0.37233829771568760503 4.46262325851709551472 -0.36910920178034789529
0.46910880180027214603 2.00163389993531870559 0.44033207858818917968
0.28997672777437710767 4.73911672747434842279 -0.29409430308171258250
0.66760918018128123652 1.30964747901530298435 0.70098823889278905064
0.84829707821269628720 3.84967518135086494979 -0.58441807001437906521
0.48944360382131868459 4.45876949700354430206 -0.49358565566210249598
0.87185165365002259552 4.05082306077554132884 -0.75861671530901653160
0.95497398617763074036 4.28354555075497778205 -1.05216512706362252949
0.97776210155135279134 4.38743674585980514280 -1.18524670577819546402
0.12404594414146719039 2.74008777788686108678 0.04849665691767878622
0.91884599609699835199 4.53121040413268971747 -1.12858213291548459267
0.50966650888934506014 4.50103342237216352828 -0.52166587115101392680
0.89714222372911256453 1.13824317766065341573 0.95189104525513967836
0.48326415384618659488 2.71689825977425103432 0.20046525937838016729
0.86091915050561163003 2.47666179272752096097 0.56000588413962015810
0.57950863554990572624 1.24255923104997290096 0.58065284909415382231
0.61515946016194578139 4.66051776065812006777 -0.66153917872990652960
0.67095352160445465017 2.16940559107280650508 0.58750750368272874891
0.52740022029736877140 3.47284205197939144227 -0.17237599065840403245
0.43330566662543568146 1.44447296152876925035 0.44432996611293279487
0.91578867439705302633 2.11888715253325443655 0.89729845354485571196
0.19858840495646878921 1.43811280767885873999 0.19813677441753582698
0.98024570078480177671 2.53289866678815434042 0.59499071069272047030
0.10904779156267407902 3.15936366381676103643 -0.00193778863301620496
0.84619355754968250682 1.28198051211294661300 0.94610855499992740913
0.77349871882044585192 2.09257127701335665648 0.73498198182568141856
0.61809190238060673916 4.48774143147283943733 -0.64670610343872447778
0.65417369375792766562 2.16430739808752914399 0.57317017658489544107
0.50555814655124731161 2.48556706699669938132 0.31348582688033993504
0.81976488349250797860 2.54561838617412616870 0.47816030307922385845
0.46959570570617281682 4.18347256540981327078 -0.41744643731524150310
0.19616469737794250960 4.38930231522196745431 -0.18710491666705370006
0.59290474652666180777 3.04823336335321082302 0.05530097462167569283
0.36120080139363319738 1.43794969525822668999 0.36614454717887290336
0.10316718400761848429 4.44652319474329527083 -0.09970757108990851991
0.16268012265254594428 4.21822836480619933752 -0.14371241096456524589
0.50794357447346349943 1.40242227054842505396 0.52447716351673745461
0.84327359297618864620 2.28679215681838288177 0.68956200009423895825
0.08391325363009061178 4.99904485252816765950 -0.08057631712032051197
0.00601573965181023684 3.00792689206944707792 0.00080170623675447064
0.86438859796843892092 4.14350208940033404303 -0.81576250387401461062
0.08610904806478725249 4.99469179774466454091 -0.08279511146837374713
0.71854070342743625588 3.46391827757027437329 -0.22962716432018337454
0.48704435588432826165 1.95389714474540499012 0.46871306285488151255
0.03364038862878104830 2.36123319531446673736 0.02366939806936433147
0.91301448594234779765 4.73220164528155429196 -1.15017471124612313815
0.78100978232313944538 4.95196140100419146535 -0.86132099836378173130
0.57420350898109107085 1.93804044052165336254 0.56559213698068833143
0.14404099645070511659 3.69285060748540505671 -0.07551455367817053177
0.00968099264080890531 3.04539069901738468360 0.00092989466425102421
0.17603757211345527622 1.05852036154179263150 0.15404839781600243587
0.35875124052389639751 1.50543377626401886360 0.36610916651328317961
0.09117173654012489248 1.10513103539034363010 0.08155442152669536982
0.91841015549841797938 3.63891856501699617610 -0.45354229512145943781
0.23100917661579145612 4.21246874326662101851 -0.20415364942140221127
0.11185403496390600164 3.81445149864207877499 -0.06976673269268371391
0.53809712040605783834 2.43505344083429031699 0.35686185755405464004
0.77097091659441940870 4.61670675312032230408 -0.87484549322691351758
0.08581433884515499155 3.30377734019482893757 -0.01385728011769911915
0.49783995835223493476 3.33003154705176651618 -0.09339390587961224344
0.21148440389444245202 2.43497396768505725007 0.13774476161502488547
0.49730150518000826310 4.78770764826971628736 -0.51886126589558245747
0.83884795986358762221 3.94709009556191281476 -0.64971118513021064445
0.11109845516267990995 4.79534750341842297416 -0.11094383072356610309
0.25722730904075619129 2.26456399556730447742 0.19907963942662793011
0.11237675785571599185 2.95253106159671174780 0.02112135385706460228
0.94198438399160488999 2.68002626008325739448 0.43290965662203267916
0.35899338977955108643 1.28425210181538584919 0.35155265440778932229
0.28062907065899800330 4.52080477053138451993 -0.27910420391473650392
0.08065900496463795921 3.55988757371795072615 -0.03276979220424300343
0.12623444972605868397 3.53289080335586014314 -0.04816301914844869220
0.96344463162283233704 2.55879657437155172417 0.55888593663043584225
0.87351535380864298030 2.81606937058210338165 0.28312152508241206217
0.40558756887616254083 2.82850253151878039404 0.12524817896387863136
0.88904326765578856051 1.24434953926898206333 1.00114838286515772658
0.97311826267758805287 3.02193515886294061801 0.11642607538535972023
0.27770328630664808944 3.92409382909896775615 -0.19706928320323666148
0.67046996291153193592 3.40309174947444592618 -0.17421585060341673867
0.35416874030276135343 4.55327206267080342172 -0.35724524708830041053
0.04332557323950447792 1.71054025526178810068 0.04291639522486014047
0.85821518978392807853 1.51466972175928082933 1.02915521418017319455
0.22035530293922533929 3.13757377157004579971 0.00088557969679326171
0.61988168009100730327 4.72139411133444220070 -0.66855988024928403313
0.43943252405930910420 2.85861375129739858636 0.12300713044414673947
0.53677314394990716107 4.33876964700325906676 -0.52330143322993816213
0.93373990620533986462 2.44633811322450345216 0.64117309861040083785
0.22802628499094523828 4.82712009464621871757 -0.22851065851446034083
0.13120574188302491780 2.82963992662381214060 0.04028025623089401264
0.85612968272667866465 1.46770378294490821958 1.01899995503667928354
0.68113640922607276984 2.59754027154585864778 0.36030677902416385905
0.88347546672451371386 3.89367947840212291766 -0.64795706162695843044
0.45445440205894716001 1.47112301092491559729 0.46922907705978789128
0.78881423030241915040 1.84559229439346061952 0.86211132369672482945
0.00153136104168993814 2.57885635656500866730 0.00081698510866859745
0.25514060616605716003 2.96726502404584913108 0.04426757338306214207
0.65980499953853155581 4.18576637320554034716 -0.60700215359892684130
0.49720123806620397655 3.25702281610433219683 -0.05729599858298788095
0.18056836779857998732 3.96889327905253130879 -0.13331215184826528120
0.80186102686000371165 3.92933151468743346868 -0.60447112263258317988
0.40934593547994901908 2.07139765632579786470 0.36732137075905257895
0.16856450710751769151 1.72076554592893549156 0.16745397976960310626
0.15818021819321470556 2.71350450123932018798 0.06571299132057935311
0.62420032214322107578 1.47580289442046463932 0.67051059922265554558
0.09879277630647198549 1.88658424125311396935 0.09404624239675797581
0.16012443533772358073 2.02790367493935486110 0.14418398436466761670
0.49086098243330733570 3.96436447166767536032 -0.36807260156814503027
0.28956806496121745287 3.13785887106268512881 0.00108118187984924128
0.89046352864670264005 4.95327113559182397040 -1.04466028061389848425
0.83276158334426675367 1.81969091724116260878 0.93922419223259234755
0.13217456718195397247 2.79566344963764246145 0.04483157640895699125
0.30331170183654121431 3.15464637574687323252 -0.00395924458242642111
0.42226774779571685237 1.72849132732456611805 0.43017317095779150637
0.00349919565116507680 4.12662738760627156864 -0.00291585340075789859
0.29094680638442471654 1.35139096977820427625 0.28793407033436957398
0.23562816975113165530 3.12973686126461014823 0.00279349683654481597
0.93762432734792033884 1.85334427011786440076 1.12079337216025987090
0.35538758114383539599 4.26890558201275727157 -0.32679389902405286961
0.90478512113340869849 4.40185745141998552299 -1.03823698598962477213
0.27507978902926866205 4.68850265268921617690 -0.27859107372347380327
0.43233541609290493390 2.47852209306301585201 0.26936522185175787447
0.74553662474723103593 4.49938367772749714391 -0.81640351392249721485
0.59975726712565546883 1.23632909570875071381 0.60227896715749351664
0.22218813838869266863 3.41231484441836219190 -0.05945421503832327981
0.99564276719408606464 2.67029349543450011950 0.46907995943833286079
0.61398425541551848728 3.37231793931198886582 -0.14087364696064633152
0.41159429461053198551 3.25737036117506795208 -0.04756498699307004641
0.74323998173941263623 3.07342998761481789316 0.05064364331114973999
0.58008896882197580336 4.09916902830954654746 -0.49427809645064813004
0.03724641370189152312 3.51680627155103531223 -0.01365016531643913067
0.90081426793875762904 1.81730757422012612068 1.06251521804231030544
0.38915067685357473959 4.17628877834473399844 -0.34113364975978882621
0.47823776032455245222 2.13930597220708884620 0.41480667599717996330
0.50882464152114725842 1.60232594383790516446 0.53352518335677245886
0.73363001433262386985 2.79674522238831002596 0.25062129985062570059
0.44655752430873740799 1.48397487626937385485 0.46103525748596307920
0.06629337226577169950 1.00495914040111644638 0.05599014064370944760
0.33013717523407937193 4.73903621387087525818 -0.33632473146847913226
0.30588314190208709675 1.28641384548563797452 0.29798789553948756836
0.06171023844648793055 1.98611381933116826204 0.05649419026989609821
0.85319551508884772240 2.91051714726576493675 0.19666809053688502629
0.40313606367987109280 2.43256879337280063069 0.26559053885996264377
0.44403320952161140500 1.75209390405527098977 0.45198910227187572008
0.52509762332770737459 2.97000994071012458519 0.08977678600426046429
0.60313146999111288959 4.75280013129514777859 -0.64680403294966115624
0.38475794780108973914 4.73077903363578400331 -0.39487508339469901131
0.91262714254394494695 3.17054751102472875957 -0.02642437159560423465
0.83079651739666671162 3.63815868731393976532 -0.40693778806098190870
0.49849655787714397537 2.84158092487791291703 0.14785956483422493801
0.07106493231109689557 2.90642723973426164719 0.01655915956436156827
0.98672594807833591268 3.65034954782044351873 -0.50136874093929717500
0.09150198846542767495 1.25181570633934402537 0.08699591795388082749
0.96615477029520357988 3.61774654597837219683 -0.45877582094330504603
0.87181628493482776765 4.09187563394342923573 -0.78849383558174546138
0.76814374105092697587 3.12678562346621591317 0.01137375711986465289
0.28697275271935995811 4.87160004350976016951 -0.28727850461250509229
0.68850141666011077657 4.94186560857204071340 -0.73481883441115147804
0.00600156679843388829 3.16786702695618105352 -0.00015766926506661480
0.81922014668596887521 3.67395872144981039398 -0.42883804324686269904
0.47146031701126156488 1.77120083327362998205 0.48027668234619513843
0.44787259562926517997 4.66273934614980056779 -0.46376734423777243865
0.11982031699844231110 4.90067492199999765745 -0.11797615583924403460
0.71196754981277388108 2.68204108469292901162 0.32128970565555303729
0.36186366225041610711 2.75823620859947871153 0.13576651747777046531
0.00650867322195847198 3.71800277195006900754 -0.00354734896397481975
0.66397220714020432908 2.16351268887553516151 0.58322183909573555027
0.41232829655402736257 3.08774606700920006830 0.02219356557604889452
0.87548653899497297370 2.90438044499743508453 0.20721361648576958059
0.18443996233068538082 2.62626905586480630106 0.09102067584582813897
0.25174274984028988111 2.06028986320052087677 0.22405068566878244551
0.88621125049917448546 4.70826218362772408454 -1.08908572302845252366
0.42959017879210292801 4.70683678295930096880 -0.44403156336255300562
0.68304500709833704253 1.23902032973361464485 0.70206457648049047648
0.27914641541214779696 1.47383943086333779604 0.28154002068369882172
0.49897932751327167544 3.65697442101484693211 -0.24847953397059069358
0.28732091758563305106 3.64544184305474017194 -0.13916731420371311612
0.82314086631754690426 3.04441461791429057726 0.07995051933807494071
0.62947406261760296964 2.10505349027768495773 0.57252370699839927326
0.29795644407563581790 1.08591084589351050127 0.26676319673453441350
0.25920659219282693453 2.80092877817379282135 0.08671289035830685721
0.49116860541145990204 1.49481817311077191945 0.51180483150390221336
0.29453142174080226834 1.52797981750078282204 0.29868270182517359101
0.29320038966776063027 1.68722175388358897052 0.29549714672183607922
0.69059774367560844421 3.28487229841742767178 -0.09877091133386908806
0.55513149232083558449 4.27724900210985037319 -0.52752849653159628041
0.66470704579614381391 3.88991829888327256270 -0.46931461854917405629
0.34028132859510540342 2.56674318791175393173 0.18608594158906102689
0.64922835997337258185 1.66954368515890116953 0.70241854313815410560
0.50341301325766962815 2.95719152141654273436 0.09243630895609745990
0.02175832714776093635 3.28109372045591651812 -0.00302547924212124512
0.59987813153612534744 2.73459536867567587493 0.23975430614340190183
0.66050225395331652045 3.97435904692939123706 -0.51052641652989483312
0.03911942841118876135 4.79106483155113949124 -0.03900831044851222479
0.27194177312739498120 1.46755243975819116287 0.27390581728292667796
0.44368008721843121833 1.31835203524674460240 0.44406921594045001278
0.17146898139278543560 4.76075853419256311838 -0.17211698330996413886
0.34832216444383001797 4.46267675936034891038 -0.34427940754801750201
0.21895527813335136091 1.86702824608874928813 0.21098002819927111351
0.00929563231746577401 3.09125859826059024016 0.00046768934689558910
0.13862883036937534431 2.15502266073053894146 0.11589499074515643984
0.50557565578798735473 2.77993819146240772611 0.17985190455923991126
0.98346015530302244301 1.55634125313118909517 1.38810008657028904899
0.96514760885700046078 2.18988125272093991924 0.90435353239910731826
0.07625495708924079352 4.60346966424942038998 -0.07587586569043827667
0.35790465402416693497 3.98861638188470335464 -0.27150596130771675885
0.58598209028393422049 4.59110762472388600486 -0.62078972080078176354
0.58791955590129907350 1.21798643462598388254 0.58440945878738925767
0.30747071809641912665 3.38512619213525578488 -0.07420955223124901801
0.46998771891053869876 1.46602561340985060312 0.48635941983771979746
0.31705269215411679973 2.72976636410538064936 0.12725416295803906874
0.52896583791511653239 4.08925441595711891551 -0.44399261438797371637
0.16994664804080161780 1.47051491595952832370 0.16990918396027604453
0.03740936656444560082 3.71622247117343773581 -0.02033429355018795751
0.67516793607398861710 4.71107078440780746575 -0.74119154256763175592
0.86166512041682019607 4.58624819572098907372 -1.02520196927202400516
0.76379367928539310117 3.63486397749202483354 -0.37005183945634051446
0.50610039368613934929 3.60962965470547914038 -0.23035148227005336485
0.66111124639600149511 4.26590377415598176469 -0.63888750345288536359
0.39293129852393693380 1.07601205178971293108 0.35309924896364175417
0.81383727939582883870 4.90467454600473296011 -0.92536150227637159471
0.39895148501980981504 3.80351271384766054240 -0.24773482475773883627
0.05507681390103091879 2.17873754060962321333 0.04522387758779863876
0.31143159892547633838 3.05073449407795749266 0.02826094803516185708
0.70923671092459317222 3.25117598231226478944 -0.07764304939218030777
0.62324468331271964949 4.73285743986798301819 -0.67271801703210132306
0.40432947650934436545 2.68000841087973773469 0.18106275000264959729
0.93909214738343660400 4.65988701909848757055 -1.21623293887634797983
0.99540943706083440112 2.20300809349060022768 0.93234418729761381339
0.84492918177015552406 4.55091776473236109268 -0.98620592158118480786
0.24288917580837610100 4.45167171094289848554 -0.23689020211421560336
0.21928964237370307533 3.04291307073354966306 0.02160598896636773195
0.22900265941424269300 3.79168440392362526836 -0.13905371154820420077
0.42424975305840173512 1.61648744484381490238 0.43764432196499403194
0.09923633058114700312 3.78530904788127120497 -0.05959415643147968761
0.62806314313540245742 1.96670162950316829154 0.61809183434378556221
0.31304644418929394867 2.20730646982370570797 0.25448199767923279646
0.61278640166733944206 4.93149648425590925171 -0.64117288945725925409
0.15211367187469393425 4.35158768124232864238 -0.14280459643345017051
0.29105567697476564248 3.66645120209062280736 -0.14636731785309270437
0.06257416573705432139 1.74038288135654406474 0.06171568612226611267
0.07464201633549705228 3.42812711105556644497 -0.02109761425868030005
0.65606527609763498621 3.80084272812419943222 -0.41354268226748502890
0.16871567955207622536 3.78072729293484544044 -0.10080975265665259588
0.84566655517952327159 2.22614641581621341970 0.73484709954059101999
0.45811074963369047275 3.99616343590852096668 -0.35282267784775656061
0.36069822252449879052 4.34460682008294973855 -0.34327972692373742714
0.77638566491150995397 4.79335833510931230705 -0.88488483418383334644
0.50451311928305841992 4.97780625708745994018 -0.50847603460138401932
0.20758712507370924438 2.05611318756768213234 0.18466420152507254104
0.15597841945774493233 4.89524997836449315969 -0.15398568344906560235
0.02686379337841637849 2.73300961263472563800 0.01067344043580783532
0.53878814706509192689 3.50432946336309925073 -0.19236469522512492092
0.06223378175163341020 2.21339828980892461274 0.04984121253235241494
0.62069936124890057183 1.13071936169313858045 0.59626804086253126780
0.61066620405759663992 3.21339868206387668792 -0.04382587052268401007
0.31388479229791654834 3.94946193337164030979 -0.22887404690039353516
0.11736880905625468596 4.09837424593526478134 -0.09607814754119228806
0.58298954984930961842 4.95765940442666064314 -0.60108988846782396287
0.38590633188895584471 2.81117273501066655683 0.12553299381769777998
0.44353729545617115448 1.80294813131032993780 0.44630872100138624381
0.07621189493947266858 2.52518153332159034363 0.04407316457129981102
0.89799067517652952919 3.26078878499277724501 -0.10698772267390105339
0.80644437688285253163 4.76677280255802848785 -0.93610052168678425932
0.11847965643785596246 3.39372930474955625257 -0.02956185439401557563
0.64409679411776976643 3.59870306440042586615 -0.28825186603640690075
0.88950641537311969653 3.29965144601281235026 -0.14047114979006897206
0.46923800898501388801 4.43390565462254127027 -0.46806460199260591093
0.20336693940632644129 2.50902662710451407335 0.12052542422848296078
0.81739634573650099547 4.87800941617848238252 -0.93772003165596851115
0.18182834284741278275 3.83602601096436934824 -0.11662526982029865208
0.70727594256163406339 1.72867462836296414963 0.77327074366394821237
0.08145738583706818581 3.84812156216433409739 -0.05290661018341366595
0.31658104469610548470 2.59499245660996136209 0.16530616599115577348
0.23157186828476028495 2.29583057061483808425 0.17420594002220124441
0.56147007109073499009 2.57432470571012705918 0.30646964683012745123
0.87962538645691057404 2.14958194584886541634 0.82767255607046785748
0.22220639081781956570 3.75875141480450380982 -0.12895245940558291986
0.96301372614460145627 3.71935821423855861312 -0.55383564879304614248
0.34991835461148856901 2.20055275306328201879 0.28670562156833395706
0.71971650478386284266 2.55100066372003508874 0.41236387937578028451
0.95286689524070633528 1.30770639445357339525 1.16828389891289963209
0.31963269643509684137 1.30401017568644306266 0.31343184957054143203
0.54108244957230988703 4.98663763037107266030 -0.54786000091848319205
0.31748892891153923657 4.83635299480480451706 -0.32051208950335596803
0.61092532033555824178 4.86996207173448958372 -0.64770347193890864812
0.74214131795933224733 2.33225462963542939931 0.56709562945680380697
0.71040703597513976675 3.32342010190012659976 -0.12881687755242909876
0.77361304431115618385 1.44890509917954002361 0.87551449358819122271
0.06589681099218003268 4.20835123089095031190 -0.05773392591913462102
0.93752722190762904919 2.52391373365520710337 0.57396240094579942248
0.69515878646984052835 2.05108960619110058943 0.66430000277932599317
0.40396671561861330346 1.50102836248082471826 0.41477492072606614304
0.12530768006089187949 2.85461863943210802930 0.03547594109314682054
0.87764900586739447164 2.90238580249691313639 0.20947177836057248590
0.06833522249045997921 3.00458783206689039602 0.00933312917807129286
0.59457081025864000345 2.36822355184545640938 0.42831371801406425970
0.18151689718446839539 3.46307074623566801819 -0.05738525268631573806
0.08008966993121202638 1.64107256911184329340 0.07997721304726604363
0.04664530903357133607 3.64952143663295203169 -0.02268875825283839937
0.15513408679738005524 3.76555455538469763255 -0.09076244397163865663
0.90097167193992189205 2.91324236217739773736 0.20539493728041910425
0.42015201317538208858 4.78742735697038312992 -0.43231031030693756190
0.37606964208343218736 3.82190614890048019348 -0.23882550241273220459
0.52424483981248970466 4.51955770752696039949 -0.54045741935705349235
0.44090582342307649277 3.53088052024699861065 -0.16812779543630423928
0.07986479521779898949 3.46457679350073721736 -0.02535162638099067167
0.75540341948003197903 4.52154983062148652095 -0.83558552951496234407
0.65999997402225829557 4.57386963294672099778 -0.71243464746841578261
0.24486821334077968348 2.87776915580364045510 0.06389865322499990730
0.01427967966485110818 1.41393657805224881585 0.01410483163497538127
0.79902465934673594372 1.22989413277305814631 0.85267552635374854741
0.78607805208384429196 1.03473575008560203514 0.74206696071368549728
0.39711136111085476585 1.77780462688642115765 0.39914762067454778727
0.82892669752040337716 3.80070963134937978012 -0.53245555591517923499
0.81210392020354449372 2.53870199916392769168 0.47854029460328451062
0.70735101137749678557 1.50824279114544701486 0.78378834204951775000
0.45444169981941728853 2.33726131420972471631 0.33351336710264128937
0.12691112650350577784 4.87929365859701924535 -0.12547653261046493034
0.37157843857073935556 1.45518568700715134057 0.37803828113405174571
0.64922040255590329760 4.15203851224658215813 -0.58228570340941721017
0.96991852244843934638 4.66125170627794638278 -1.31974031585942608302
0.58922960170036464689 2.82636872325856369770 0.18371009402218765882
0.29564583398228116984 1.96483000597764823070 0.27649961357418206820
0.77639706804692210085 4.86053114825810883559 -0.87554572007994813099
0.08266096089878383069 4.50509200102276263777 -0.08097973491327455087
0.46782084561818637614 1.31035849976632734482 0.46905626207009593065
0.74091792470680917226 3.82488549861193183332 -0.48677572056785117782
0.84091852065239969249 4.10352083867167038989 -0.76121555310324473531
0.10531476410294604573 1.48614421196088120070 0.10513120227091242442
0.47835266505046103447 3.62362687110126202583 -0.22361489134781670218
0.47665457638854125122 2.54471574182531590225 0.27122253997110334911
0.02460333724202823369 2.01820198298818453964 0.02218351218426525134
0.34652565766307619199 2.23229694292890235019 0.27696070686806417704
0.45906215710587916501 3.78629522033573451267 -0.27950337512161521625
0.97305535788991381896 1.15165156542922364480 1.09477484891685961088
0.53983449039721931317 2.11729453055376648507 0.47935548716739745378
0.63067565866239960748 2.88201025364352236835 0.16259539707684200760
0.12032175550886237136 1.37873706310375343520 0.11838576808378929728
0.22430673944773005246 1.07263951599564322237 0.19834348313277452847
0.87079286057719096359 1.74748137872326836373 1.02987794800725152022
0.14287565464496287948 4.28893429893750521842 -0.13062731182097020444
0.58329633205979147803 2.56020068738731287894 0.32608752470882607088
0.57469791697498129324 3.32806153134553461825 -0.10674593919175957846
0.12579824789321003564 4.57736078513717803418 -0.12497827097808879293
0.09211072932852470974 1.37630577532736442237 0.09049757300617018718
0.82193148027083662299 2.94881331492198794919 0.15812997014198026946
0.35335697570638058274 3.33373567792824720968 -0.06752939251339798443
0.14396491709585645946 3.23535487894115636465 -0.01347910954141185065
0.30527066160970051101 4.10482632607141617598 -0.25334129163324498046
0.01394379093514341861 2.52113193863498752378 0.00810714919960134166
0.96255049391986824414 1.63458563880847806971 1.28912714605591505190
0.66001294057461179499 1.24413403015630041892 0.67527316217037214319
0.16915861747152138861 1.21017121223105394989 0.15894615230796638183
0.42653699924728849524 1.91320635557171048191 0.41345518567421746248
0.57257488071135065333 3.11522968913890263565 0.01509359588277609833
0.37317766284630660145 3.96826089068700404994 -0.27811012121032863131
0.44093762826460269899 2.90467589607441656341 0.10367661925678009482
0.65291897141669630322 4.85403364433789974441 -0.70283063102545528800
0.54579771330028337140 4.07257674324485208217 -0.45319832133592291568
0.79070871241521045736 1.57319088635040760238 0.91196209308248676884
0.15075796449858747117 2.15300436496466929270 0.12625583709307530711
0.22747133778340944410 1.88441117247902178988 0.21810134126781749453
0.01484285208531965772 1.27617477125547607031 0.01420378239013297961
0.62069022206378021700 4.26868325928269776171 -0.59509442717815153046
0.17865474395699487697 1.08377153253434777014 0.15854579402741655891
0.57414643497530903904 4.89981433418083511810 -0.59933262271316911640
0.63019213871268731086 4.75607496177854116581 -0.68102651742770881071
0.95695351063448874651 4.73621933474589518198 -1.27538270226544847574
0.55855703043070592528 4.86789919662618331131 -0.58454108215266353810
0.23390217460648676795 3.56048667778556549024 -0.09528390665284922068
0.45522936500107180624 3.85709916690129439587 -0.30325721640666586376
0.05207436155639011410 4.83301654511861666919 -0.05171900721058792644
0.70359145498413533382 3.53285785804654040021 -0.27164912081197528648
0.92529144343823743757 1.59632367868846847259 1.18100922076277914385
0.56902643443433609249 1.73967936056619887353 0.59550991307271849973
0.79628672167858582931 1.87353103005427445993 0.86342912142405980891
0.69616265961724621558 3.48421323517257786051 -0.23606684752364356927
0.85355229098639440188 4.82662329433861714278 -1.01217971823873686965
0.35933086469518515926 1.29807295952301116060 0.35335804596165620861
0.46537478048439862022 1.47009032271832928984 0.48139595328134082708
0.14670864013424889105 2.82147857455776795987 0.04618193296726817026
0.90461864711330375322 2.00244605186748270143 0.96428947102428097526
0.98313350477083605305 2.93368644845323478521 0.20434946885655239091
0.17330183910420782212 1.30102767631545335192 0.16782059285112102542
0.39298829657574263496 2.70639538837103854618 0.16644715198997861449
0.56632562133064690002 2.79149684371431217045 0.19548547165363819311
0.78736888202832489014 4.13330519756994263503 -0.71948809169307703648
0.96626656753373363351 2.82743935246251476556 0.30321209611213395529
0.12620997720697679778 4.11292528963486336835 -0.10439330251977803343
0.71748736651126443498 1.47003573267349674225 0.79497804635619140345
0.94244003479885851693 2.73820215047516857254 0.37894920584273278363
0.58354051843530108101 1.88324751254026301339 0.58870827293273586545
0.53139503063345205902 2.67026650589935954372 0.24369450111293908257
0.68367649343835179554 4.05003594214770501480 -0.56938157494205787756
0.70104734284532388422 4.09763785617501419267 -0.60979265884010236398
0.25930353244737891494 2.99407407472624953471 0.03812273443438179282
0.88440250273505693901 2.17855031718185543355 0.81253810568725204355
0.81554174200829843144 2.53377721053288729181 0.48446606031890154798
0.05349035401539714574 3.16992613696013902924 -0.00151536586453239431
0.93024329782464054706 2.34135571500055217342 0.73080493851986161324
0.12943456297526811927 4.07771086838367224914 -0.10441845766232837889
0.47457190723777054053 2.70690770541653336068 0.20120884868294885983
0.20577598533986274365 1.10753107449346988034 0.18514271334662424362
0.20460918087145507638 3.69306763838812157630 -0.10741018921113057449
0.13815661532860690208 3.34113298886645004870 -0.02738866366730001098
0.66591904941976431953 1.44918173693735941043 0.72215143846175811060
0.34476972037929998205 1.62568731207278682760 0.35144032328416879851
0.97786556838409377512 3.89906965662141979934 -0.73674703747469938442
0.92550119101204941785 1.13990427314793540958 0.99895217753538967376
0.87490420767567855798 3.44967416070768839731 -0.26851309325028105413
0.36726915311762031724 1.98869144251122920153 0.34230991284580603029
0.34161462924433250166 4.42801062647709997577 -0.33407357529989689660
0.10625152553345096340 3.42636180870232465168 -0.02985430365863836824
0.76497223968126926152 3.99821207144261991928 -0.61632222551989612747
0.78038058627545536794 3.17407964064965586459 -0.02535046991449655882
0.44668182474175321950 1.57648889055786423086 0.46304507028006036684
0.26440113391583275337 4.38251245978717030027 -0.25283026730802593551
0.08810439610536080490 1.39800942530832505994 0.08690181082660487777
0.82325621354855682554 2.57140493408169357181 0.46048823447052888991
0.11345694659271232663 2.23877378741776977833 0.08919053329106743644
0.59632108058675070694 4.20895309869469613773 -0.54958760191164890418
0.61457087943122201690 2.36581062403373465486 0.44490081416663163072
0.45747947321776671892 1.13016768626146468790 0.42660529581983169800
0.70449489150805222337 2.88608024890779946148 0.17900940165581824548
0.48832917093995154012 2.12516277626462324335 0.42815617438132730355
0.30262037590273660470 2.67900810696853008963 0.13546203614391857939
0.70302304586803199271 4.43254300641863796528 -0.74187864111401513600
0.63228220081707231515 3.56499926147057610848 -0.26279946240584373118
0.88783283951889435670 4.42181041678582786858 -1.01715072983289456232
0.08099814447250563987 1.20171210130821926043 0.07561561413271945808
0.45294498320823517457 1.24184040115607619015 0.44300702092446492264
0.85982243291350213266 4.79637925235104578547 -1.02901497583896839316
0.74703205949944073705 4.79508248824684635281 -0.83975464361248031153
0.05355607058347189309 1.76089590247444816029 0.05261555413238993423
0.41483434377311367847 1.44218203135593103781 0.42399836980550098531
0.60030776098608740199 2.19357332069412613862 0.50934678865400373482
0.18878899230680767918 4.16948982026293535341 -0.16235620870231026736
0.78614437189084940272 2.81843098267392599965 0.25232173076010044888
0.90278658927207677820 2.05012742167683903460 0.92904024967668397128
0.39711442516168071748 2.55241399531461032879 0.22249918590489262127
0.08879253438872758419 2.83424740831045962608 0.02686557955625937938
0.83536080300463977366 4.18220506370995792622 -0.80477911358365639138
0.62221885593534032033 2.74353544548782490864 0.24359141308257442615
0.88971358004993661428 1.00405985428146093952 0.84899026945047229020
0.27995816458161471019 2.63373693465263913893 0.13656910796817670062
0.68411753485467807767 4.00847841397334114788 -0.54862496958842743577
0.77001991047531148649 2.10711523556304980431 0.72335812842707825077
0.72163348697973139778 2.16712720645447864953 0.63985713409695066378
0.20874958723458114651 2.75083628652898992684 0.07959420185527621427
0.91002341629125838018 1.77765789986802147382 1.09871118864892869382
0.65977429578199742188 4.18394342491705373277 -0.60623289877357666722
0.25966739239178249221 2.84351173363486786627 0.07633486720541421411
0.95271454727776594407 1.32426893687698266078 1.17817661857969779859
0.28139395907472097846 4.62232513121964849745 -0.28405814770660298141
0.13433744995983787351 2.85972358312886321130 0.03737485659881314287
0.79842684363655491708 4.69838668474951681731 -0.92454786886394857426
0.10596100210712589007 2.33962176683358968887 0.07623093094339057629
0.36714154377584773403 2.82797090889102609168 0.11350886196901084635
0.02013180536893399708 2.11303570518180316995 0.01724485702039870935
0.61232554847345554982 2.89121799248835076313 0.15230215326937734943
0.39189849085198658063 3.12571282441654574313 0.00622305970432594172
0.62310057473589075538 3.80194722882123326002 -0.39218450687505440611
0.63708120577225268999 2.15850007837449586745 0.55882368544416705092
0.93005105006010280189 3.90971612786675626339 -0.70257789367785228318
0.37418970887110536427 2.02830010961508255818 0.34235595459094236848
0.51366266199962673511 1.04107636469041819893 0.45923720967756459510
0.49122747790610055141 2.84167827694887442647 0.14564179846659178197
0.29277877929969731152 4.65851248107883808558 -0.29668741835749623537
0.52812332820474716666 1.56780977121551368114 0.55638625577500588903
0.59570136673988949294 2.45679770338576997091 0.38632798069367663141
0.58020391902688661645 4.20773655801824020273 -0.53271871517030566778
0.43474523703758516380 2.06491609881950655137 0.39276446713590257298
0.89754487566213414507 4.56121824880044357542 -1.09147643806312255599
0.44910788868491280379 2.57533180943957296094 0.24333172071632361289
0.47982247493244223335 3.30548320457201505462 -0.07836699205607439156
0.19048763744904506634 3.55226007120209086310 -0.07612021932452812945
0.85687762343448237168 3.63216375309965799900 -0.41555800526397207451
0.57419648250723565042 2.45865360001578903137 0.37080024733743705001
0.30097040570510513735 3.00921989075769857891 0.03973449031885756960
0.85553929902335268398 4.20290172872275036298 -0.84335953449814715643
0.51490795181617332599 3.79409015004285210537 -0.31796905493261373721
0.45225763813104236100 1.09381119812598592844 0.41345766994969257446
0.61680615369877322962 1.65009691468403696391 0.66221826150382956389
0.86017376459552596923 1.52271937319540562328 1.03366464377463773694
0.56405411335199495682 1.74727313682373797121 0.58871573569390389657
0.61137890702936048548 3.74643408664630372940 -0.35506295611783661448
0.84812583391437379454 1.89649680279319854392 0.93321388407184158176
0.72528952987774408800 4.16667673112550129844 -0.66867503426689933743
0.83635094443280322274 1.10254689039817277418 0.84252471935278405724
0.14662203022410658093 1.22534681693752167675 0.13840151298911462785
0.77522937712865924720 2.66679591863464882096 0.36227454551865434507
0.25332002009086518335 2.55923600964707631533 0.13977913223168636492
0.60483227281585028035 2.70745602291879317036 0.25723649918673607839
0.11496889203956595082 3.55397030007196468304 -0.04609456412223275623
0.53166714186270780385 1.76981216035058963598 0.54822467441302125124
0.32192284855418218381 1.91110682563429223890 0.30832276249308399052
0.88291163196327981932 2.24048112615930383740 0.76455795670181470047
0.13395751214843543142 1.31026448425831087974 0.12980104454094051891
0.77335601463653735888 2.84156939086204296530 0.23059777486238242084
0.57179084409190805705 1.31453986256946464550 0.58610386832524219436
0.71378857866343559113 1.01021713577358474012 0.64918992175039147430
0.35457428637278620709 3.36556866833425205598 -0.07883544598330306796
0.25150360380611569422 4.62407200923060468511 -0.25322084909575620637
0.67129049381189576096 1.32239556557502080381 0.70848811117306020879
0.85556106476684967710 4.06697331588912369682 -0.75249854273782978975
0.41095779577084146084 4.77819449000966756103 -0.42252896670128892165
0.74260438657633187631 2.90894651756037925239 0.17205746926617077053
0.31371188479300349261 3.67292980416630676643 -0.15963069292960027634
0.62549712296345250095 4.69411664080386170639 -0.67563470045256079910
0.38452090847438402665 4.37512923293614708342 -0.37133408006797202772
0.88799735293606696374 2.76807745798326854114 0.32997756272125822186
0.34297758369048292337 3.89409587993439387787 -0.23661600989867820344
0.79416311578785603320 3.39902205915147659354 -0.20359396213871869263
0.08034414954038071599 1.06231982674791591847 0.07023732467431059723
0.39102202487164816613 1.51299663871596390408 0.40103240516171040353
0.74358407108914914563 3.21262646135543983306 -0.05279972881732390710
0.44270330803523250118 4.03111981098484317698 -0.35104625242315612432
0.89179538689730220025 2.15893827184930175989 0.83597368762112378437
0.59506995761866054995 2.38942041872568644578 0.41869398144069058798
0.27448289956156501912 2.00080231901242822090 0.25215859310963134599
0.51457537828358634879 4.75082448527887635237 -0.54006919205407766249
0.63366777360252513063 4.29371305384665546967 -0.61742395676469796761
0.78093499689356316029 1.99228619437231868616 0.79317998201619432930
0.10299319231992920542 4.77999208720158641484 -0.10293963808733970489
0.81513640938537401670 2.98529896064360222852 0.12722557001032530621
0.16166274299387772828 1.47991086219448186867 0.16169925002531509994
0.16358803614156425255 4.47970256961729340617 -0.15985940996792208368
0.68267364935363672451 2.14874219733933280452 0.60869617817166887797
0.45306002685125013052 3.72115613145958112895 -0.25074144663620934192
0.69138604431883177170 2.58413284661070852266 0.37445521238160034416
0.49185375985059065496 2.06514513976343838664 0.44778277640036734386
0.58005362964158291295 2.64649630908018718145 0.27920654693782670508
0.90095525930046482799 1.60929501715166711762 1.12042991801933311535
0.77373769707781758775 2.42394745494086061299 0.53381303917213385191
0.27920019734970380476 1.78863974061750719002 0.27609593278326904908
0.84787388413864561709 3.18791796274378702591 -0.03927406826936966772
0.64882279626871108835 4.91151717223731409945 -0.68930585585342107890
0.84076297499257246493 1.58332980938992307074 0.99856897781236153566
0.70895132543172323381 1.78505505011447507258 0.76528233099809483964
0.84295748635375122859 2.09640137739130238970 0.81711638098220973347
0.14926326849878901459 1.93519416932389631825 0.13991851162989224489
0.80057924129720681172 4.12039999430682257753 -0.72661931188829265160
0.30276814384171768513 3.62450288282456822841 -0.14106032200464779791
0.68064515792083202239 3.33413112451185877916 -0.13061323766405019686
0.55333028383582638643 2.18607268056182135751 0.46884614140050073772
0.28024973290613408583 2.03516948058944580069 0.25327104050135224034
0.48313368779456655755 1.38108102901943929908 0.49435649161474293223
0.37912434424436902702 3.64725802731524062494 -0.18469213068215359352
0.94905560457765314464 4.53556801830780287332 -1.20617202024695502338
0.72855772268089280530 3.02811205724941956419 0.08259370158651484217
0.45451461719434671505 3.22577352190696675649 -0.03822557020650462628
0.14242163158105813903 2.56611063626556701323 0.07758926517716026316
0.10444430374555468966 4.03805192671873047772 -0.08167441863485863651
0.41382173715356840304 3.14427006755101379198 -0.00110797099944471645
0.40223594676681362348 2.20004632080215456469 0.33121830020545872664
0.60743725130608405838 4.56514909940806212774 -0.64458235422715681739
0.45776706963550783946 4.98867778216192192531 -0.45605083129228918271
0.24968349006574042104 1.31312843359132980225 0.24385015926759864846
0.68463527720852357383 2.01232179246252673721 0.66744250620464784518
0.16340141106619587852 3.08578355194968567687 0.00911467899271747525
0.22841097967363122034 4.28286811378213805312 -0.20918563391309932809
0.33975532436519961799 4.69942230452226006321 -0.34662636602353502635
0.19449650588994049638 2.95824628407699297128 0.03546820804898824508
0.40655841343826859546 1.38289422220149083032 0.41086477947807514832
0.79686776887395860403 2.53350173462829753035 0.47265507313269178313
0.09967633294981448344 1.02044946506852385326 0.08506097916870955511
0.72749725846580415300 3.57003076584357170731 -0.30704080773729575116
0.86018038782341443849 4.33958639781425148385 -0.92912209970628356626
0.75767035672315163897 2.43065883551055561540 0.51715763064049991016
0.53670100439448287233 4.98254703585470437588 -0.54361608994735677314
0.77545963116541638538 1.97764286737297334540 0.79257225311426326986
0.66632417952217426471 2.03691341943951265137 0.63756524701370065333
0.48978841122084082471 2.91242364352461269306 0.11149527908062641102
0.74326971681467324249 3.44817418497531535948 -0.22624498706927526070
0.57308518650949691331 3.57085417876744637411 -0.24083924584954941039
0.89246420685598049083 4.28278462397632697645 -0.94648613167585693429
0.51731834205041626884 2.89276746761572711719 0.12774481418882616124
0.13205365436896765452 2.68432557966847484821 0.05833445121838701924
0.41299774287886736879 2.00416458079982628959 0.38420128950950238611
0.20514596258804163043 2.45882576556456822203 0.12979938567589735521
0.10645973595508007037 4.25172973617610061581 -0.09550746578604760173
0.59311767050969277371 4.39870847335297554537 -0.59943504919384960061
0.40776430007993047511 4.95066105325926386627 -0.40742218704605143165
0.96070983004293919461 3.44229014796870291804 -0.28853621844884652647
0.20893484796930794634 4.99237517228582117212 -0.20217322908273083204
0.95524421936981451786 2.61926052960990407570 0.49675341354225971413
0.68118479161719724946 1.28797779294882053236 0.71302279486335651271
0.71640400265217363263 4.15023742159037922761 -0.65121950783059701084
0.12519604026007480346 2.72438908298343962500 0.05075190536175284983
0.21700159079612468815 4.80800763945283904377 -0.21772647264203681683
0.29945641459214011881 4.60925583578158715170 -0.30245561276678833984
0.09226509116083980722 4.46998621078310964805 -0.08968782314584822224
0.53756556742297301188 2.38078582541240946213 0.37971383730995500461
0.08243735349657665967 4.20115522065844793076 -0.07195912730964386383
0.85978416663513346219 1.43603139769363430389 1.01977158255479594118
0.70575809027595226564 4.92532944615831880242 -0.76123713706648221677
0.51239011409432344557 1.74095173370071387708 0.52937085826491414586
0.06359181346940823154 2.49123182852288493905 0.03851268488144415220
0.89018725370332718594 4.49639122599255181001 -1.05419319850436687958
0.93911259571177985173 2.82377194008764664801 0.29785467242063229376
0.52764968491507857618 4.36291487951439904691 -0.51870373640164246787
0.06526187018380746885 2.52903998752965009089 0.03753163717085013229
0.61352823647010512609 2.79273932057019047548 0.21128499110752294032
0.53887570504308268671 4.78896652584078719173 -0.56722827510819551211
0.51450473423207787604 1.63115414945462022800 0.53933771479673131566
0.92321691144922890526 4.48195539857689606578 -1.11705610514391695531
0.42681315065820768506 1.55683545098190423417 0.44091989039670959061
0.87787013393438728670 2.84760951942298845552 0.25720406282078700499
0.80361632800611304539 1.74918772131620015031 0.91221829390984210395
0.12821712999985990233 1.11109293389032615096 0.11516053133314541057
0.88763374602082434350 3.17556030424289392755 -0.03014960276546763823
0.70237141336879038711 4.35513927597445604789 -0.71819313672178142216
0.21444644693215830777 1.81039699541514176317 0.20985728350484314508
0.83307173317489102704 2.48175375710542045482 0.53595723668171457721
0.02162630135500831496 1.08161694413734199571 0.01909110169727672515
0.12647832792678981306 1.83851103175050489824 0.12227739190195806296
0.86336207381886365120 3.35538313823059608509 -0.18421587926466190255
0.75230175707393176499 2.93000242059549753648 0.15865941608808606378
0.47103859693610206083 1.72891144596318069304 0.48381848685501788188
0.11557810031311266386 2.38655652373701610003 0.07929046034017366018
0.74259880676616085715 1.69244816717442603249 0.82878471060953995408
0.49428984515742990791 2.61864786675221150603 0.24944370345864300131
0.99216494000590327307 1.75213471641869533713 1.35079248201272239527
0.18429492852863760266 4.97870040304199967807 -0.17874854767241912801
0.29734069239782223715 4.96066057846605978909 -0.29237140874272510294
0.55548030733368314316 4.75492089810809659411 -0.58833647256846799412
0.88709377700452951565 4.28230029656089428158 -0.93787852122115178410
0.89852482650368814543 3.03870623022530184087 0.09241447951689879536
0.47710793755055191934 2.65713767270683476340 0.22407197325552924427
0.17153441863709739668 3.18790758291659770407 -0.00794184797427286218
0.96270937761958608192 2.28077718556243791426 0.81845964681373750693
0.98975429673843762224 3.93099713200996037088 -0.77912938168128786920
0.79016608501551899302 4.08045012920717020677 -0.69134269338833875818
0.31032778458287268997 3.48323125393041577169 -0.10415779496829921658
0.36685690774781098966 1.15664115369337983097 0.34249856721414917438
0.42929654957081675448 4.47748136440572075401 -0.43069923809591736941
0.28230854840316832455 3.26614293014970691331 -0.03507796251738167642
0.16186911732644271300 1.19775358827853262156 0.15131294099160461086
0.82696777650875130661 2.05381393614075458132 0.82178220656078415640
0.85700222979566986758 2.39132713305655641989 0.62405717130369997570
0.89164827340000551992 3.11549616035503262879 0.02326835168746156993
0.15727272971820260850 2.72589125646511476475 0.06355448836360215459
0.63539928312113835851 4.99264105125313584210 -0.65683019476321147234
0.28265278014920658389 3.40777004593751309258 -0.07441918018813921398
0.56602677706207848995 3.19770196160055641954 -0.03174804204461552370
0.25545869984465996438 4.97912467813575609910 -0.24898952760680811980
0.09109412436113750733 4.29831946514772944568 -0.08349283055536711740
0.48897333564948874951 4.83837878468635107509 -0.50647480369953568058
0.45223283349126264241 2.04607426014849691498 0.41382006111333990983
0.18838137811553812284 1.41304070176836171768 0.18713240020855070878
0.07855981457193095263 4.28483502646593183982 -0.07154910428222145680
0.10775145645397743444 4.28934461626218954677 -0.09841121930467852663
0.58101203080680774438 3.87456948823104463386 -0.39927058013273497572
0.16997245141894112841 4.13219258395339217316 -0.14264051998176324743
0.03478141134492418463 3.61442590463367885434 -0.01584048241096305126
0.29492022205624934816 1.35825235164633806306 0.29243401968148891035
0.33133168261156920043 4.63238151402084508135 -0.33659150740725701789
0.53924027527318052488 1.01726045564121791998 0.47654975899526408334
0.83885255346708231805 4.08598639605592239832 -0.74720279434721692535
0.96420340968869400200 3.02878193870350109762 0.10875617783843399833
0.14974451636599195314 1.67632074358579785667 0.14946746591501813839
0.91964752163526963802 2.46317381786184652626 0.61521797473019701474
0.64908109301481842213 2.31770384831337183940 0.49643210372981055878
0.62252868659388949091 3.57036364135534167730 -0.26179871145893846007
0.05908145424483091102 4.27797343490361647866 -0.05361943257847620603
0.91032504836724037478 3.52895859846653126013 -0.35104157614345887772
0.44135535828353533727 2.87600880317125229269 0.11610440616892807320
0.49227737020374884302 1.28976664867821400051 0.49265351481326807859
0.36158446566806856648 4.00477812139959254978 -0.27835484934171506044
0.94471489282847453950 1.88631594487978437868 1.11538295895460914942
0.92916714023289292967 2.16719806976772888518 0.87689620023724612619
0.37071517572269763185 1.92989443555943918085 0.35444380304090983280
0.88906696699336174028 4.08229144222694095845 -0.80141250005235120657
0.90361340294571035336 2.49592216154597679179 0.57488108201491716631
0.90268730603882729735 2.92060177075787397172 0.19918030896547450626
0.65578022013038139715 4.37461358676407741086 -0.66711851335829808196
