1.09649679228141883058 2.70020552651063505678 2.32587782072647275555 1.80832621170706886460 4.38199152542507164299
3.88696181691365705291 3.36853235737630596347 1.78938318327434986443 2.77031199812103334779 18.32385328850353900521
3.82289956539600250807 1.74544449286823422085 2.53572014764739028791 2.54004050789088475781 15.25727738143195288956
1.58489519948085666456 4.95452720107367738933 1.44519253532967528741 2.72710731284607810210 9.25136813857580442289
1.36827628399942291537 4.36247096674862611110 4.02085162538297602453 4.03242214756312122859 9.81530387336321119562
4.62291019238221689847 4.11489347482804923573 3.33340184028422248375 2.59494622883957859472 27.26249809364150067381
2.45216157406711721123 2.37111721821749732442 1.63699954880952081027 1.50251683149010162310 7.96840127278882981443
3.95959324859080696868 1.89387098565954214990 3.32964329472861120252 3.80309998809777427553 21.37331120475979773232
3.67558965561338846229 4.09964065412055767013 3.45221668237452572470 2.55740185216079396469 21.82729590373944361659
4.98821706795142283397 1.27114238782770039293 3.30816865038283580702 4.64730846630556193588 29.15324141463508311745
1.87134559977115921825 2.07777143747412695873 3.71336776293526016346 1.37718042451834810080 8.36951034089513434822
4.34742789215365910138 1.25486981675562958571 2.74355339480645632477 1.89038047104365736217 15.47789458838411569275
1.18778857392788816938 4.10781311499154355715 2.87828175859754553656 1.98187463821781140183 6.40596540388690982581
4.21836459949055608831 4.14088470123991569949 2.85155927819623356001 2.27774862111273224130 23.28386524193078699341
3.26034903764368699797 2.18950987696611543143 3.03170322984098339347 3.81608777298476820050 17.42006164808447721271
3.79349219291537220755 4.61024258329262170975 3.41573953032315769107 4.97241533979881822347 28.80220720819970381399
1.30375595278158762369 3.81322614810961280085 3.31680533227199925150 3.45262139571496406987 7.97984764859971207329
3.16463836360299088923 1.22279816537796959253 2.72294083914196738405 1.76376229112185578529 10.97198859427641970399
1.40344242893959236795 2.95396083927882546760 2.84750440733627874224 3.49644428241478211206 7.56549051536278316377
3.03895437427338377390 1.50191745221491146367 4.72701358039173413772 2.59754007877513481972 17.01478717386396510847
3.83536551471186415441 1.57134145340470565699 2.18656786338957287441 4.72395795627069414735 20.85464674987284539043
1.74494219595538035961 3.79984167297850294887 4.04386152207002425030 2.94557925405629950077 10.96235543216325325488
4.37615273245867264507 2.91317964632879222719 3.27776015535162912329 1.01654092382378191672 19.69933925587035261628
1.95809160390266834284 3.86941483818793408034 3.15458376214900448886 3.43650632628081309505 11.86760950712725382061
1.54332214341380069555 2.23327889118276701197 3.01233345670212449008 3.64794340412813289376 8.07397627222620783982
2.66728604897553234210 2.57828740142962287152 2.98558806280272825973 1.80793885168596624169 11.57428355959764587624
1.84003099843501649602 1.99506990898074576535 2.01052938899832378539 4.05903610562329753009 9.10737399268030500821
1.25693532949940989241 4.04032348721360001775 2.16198865997803535421 1.42283486035785911028 6.03104604382809839080
3.07353625010832098852 3.54480072316090177864 2.57043849257311673995 4.98226718346877373023 20.38654897224771644915
4.64711334925177332877 3.83719066234283223693 3.41686532444938784181 4.22845519765621968844 30.92298106688671310849
4.71515995224092598903 3.78566415463157079913 1.54398203477363482605 1.77066054340058665062 21.00780893904204305045
3.13852676907907834902 1.20179810034916156880 3.15674059047642030507 1.17465423084940123744 11.22397132663438945599
4.33811457597215532900 1.44144620826453762064 4.21265042102204390062 3.59043194330278048199 24.81287480362721709071
3.88804434545231991649 3.99325485699706783649 1.69450928269560652240 3.43335087917106029920 21.50947669704210341024
2.22997094664527528707 2.24547848795990390158 3.61719878651295889682 2.11424967994441992403 10.60030532250816470707
2.70259732332703084268 4.78413067036809636079 3.08273971888602371649 4.67730433988207483509 19.90924157612339584489
1.28865765130572640373 2.44664774056120393197 3.24202207903010108936 4.22827612038979694375 7.55543742494848213909
4.69084245145794209719 1.99443218123528076546 1.62652268723723070210 3.88321196420495295953 21.85281753737804066873
3.97142416953774812782 3.46357636739207386256 3.68956780194209210677 1.00858667880234698089 20.49290233266022553948
4.21032065827880508380 1.42163125150550273545 1.34962336064200760788 4.93311612019593503931 22.34968655163803674668
1.58060379081684532210 2.22224932440523303967 4.17260875311504264573 3.35416229729567128004 9.16197646324662429151
3.89270041834404301184 3.04897869500182849833 3.74257079752014165663 4.75195232993767380236 26.36831425992810551406
4.48930253799195444486 4.71292948723857030302 3.48184143483789476647 1.02104960453274173915 26.70190445647753918479
1.24683090989386835545 4.24278439664474760207 4.53877594531406636236 4.63314295913356311019 9.66335945895066750211
2.24860858249364969907 4.92023324612846479909 4.37450601278935558014 2.84059413213921851948 16.12331900930613670653
4.88676092497226211009 4.54995270355477821056 4.71569857515955703775 1.77765901665468195603 33.17961479442348604607
3.45824844557913912979 4.78992746243422473640 2.91490235039042877574 4.20904322190913582347 24.24626932200287754426
1.60998299611950468346 3.21305300106821967177 2.17172186113750376180 2.43746602540175238971 7.37458788630045702917
3.31332534560549696323 2.69674733207736361251 4.64674615114221722934 2.81242487492669024363 20.09264242847888226606
2.99501284697457759165 3.32459698178495788312 3.14567659929492560167 2.64401439634572854587 15.83085669538804651779
4.38038242735562644015 1.92476277190731481781 2.01559406692426179575 1.14236336906476187991 13.19384365847369622315
1.80008081349392279336 1.47919299545000670904 1.22835331327784347266 1.61923986756454718616 4.52490390111514351190
1.31857581751408226012 4.83876806573416384794 2.24222007621682495326 2.70282869688036786471 7.88355190920879422833
2.45127479980319984421 2.35556640527179483868 1.54579102962312031622 4.99450760591160936031 14.05657436624556666516
3.24076841355644695852 2.61948509585575806113 4.25972902333389846774 4.34104373286032085844 21.46055690195889198435
1.55249296898787525478 2.25986878289426851296 1.93709114009839078463 2.17918736633122822610 5.72703410749630048571
3.07093287780654300434 1.65054244288923701589 4.02849435043144943336 4.52540541858764022720 19.28397950007405370343
2.42330360880716400018 1.72626006507595874950 3.15145445219013486948 3.49239748359881341244 12.14277738293928621260
1.91268076175918277926 2.34532893263697017616 1.39294913570173006789 3.71883801979610462141 8.82130177865361453371
3.80881730236509019605 2.80157773895750583648 2.33120214339728670794 2.32395258700427476128 16.46365272250429967471
4.43935460125381098351 2.51725773076463754663 3.42268970909714864703 4.13179124293939814550 26.30971817181010763420
4.68793783715446998883 4.12389973981212687448 4.17259062831530513904 4.57413243383245937679 34.87389352700728295531
1.48038089947315221195 2.09943980061594315245 1.56905053574409469874 4.34478198225818967870 7.51163087799351636420
2.35189699619164382938 2.70844520649757658504 4.08205640440422889981 3.21467707699674631883 13.78079361984968898014
4.11011178550468692094 2.52539652410191228782 2.28651897487315647339 4.07837366846575744006 21.84126257747045585234
3.05222879384311296391 2.12273873851646222022 3.75887348585153979741 3.02640880620392094258 16.09144164526922082814
3.71452324285928181524 1.00085483480962533775 1.10518193023707089750 3.83066031578799393031 15.26894797537843651014
4.10895076483259469313 2.76474581227016624752 1.93197377890065746797 4.16764291172911072181 22.03010399563593679773
3.95582475218768658820 4.31325246944379614433 3.33995996074294243527 3.22070121869529923941 25.06020311490635776863
2.49890753624562389490 3.09957696052139830556 1.78518570772410178904 3.25289686463043015152 12.08179886786727763592
3.99650735179412652798 1.04908156045172740178 1.93406469914930267961 2.85776545102930157327 14.41404619642052509221
2.15988161631112163263 2.80398903839158952778 4.14623565146335515408 2.50097851968089246455 12.08540487714642175376
3.28285687423162020337 2.49469779361609189650 3.18724398178242696034 2.52636674708785280430 15.66324267332154995813
2.41040571392567892772 1.80042975842742336567 4.56445723732797503658 1.35645109262264496053 12.27078263977817051966
2.55107640377394417897 2.59948617688079197663 2.51007179672650027058 2.49120768248760304786 11.19684392008155704445
2.58395620655968549784 4.36377111580944898606 4.85700196449948151667 1.34808951256895914739 17.22751174094996073904
2.75124983788908306082 2.90592309816272731382 3.45476082951244700681 1.20319432766997724826 12.85379626360286664521
2.56392736543118537895 3.55296457496737971837 1.92333815140599861948 4.98271744115740844450 16.44720136479717709221
4.62823985567748508174 2.30335110634325834766 1.04718143442819444644 2.56947688674988539148 16.69006871110785539258
4.78576645013512624871 4.03336229255045530806 2.42846761227963447993 3.75755336721161103952 28.82790693683707772266
4.15583070604927673486 2.87351654286330049359 3.20766130862988863015 3.11064841898521882158 22.07771987994650686460
4.37303727896331384528 3.08057651553711320247 2.85590467407956527524 4.94375031414213772507 28.36979424541156191708
3.10646617400258051589 3.77552823008630600299 4.83470753949546239170 4.84966492094832801740 24.29174321738652508884
4.71575008479716739629 4.09097976857430811748 4.26556795475750760716 4.68999636121300955693 35.58040511401582506323
1.93092338842215172079 2.77903238616853309750 1.54786936810718822599 3.36995586212578368546 8.94822546971358967483
4.41975329881865519610 4.34599501224267115163 4.70604596065487967849 3.61356188166939640283 32.50618752746225226247
2.93181200982319989379 3.84765228718237306538 3.51620180297189355301 3.34733005811608475000 18.16132046629838470153
1.34748454763604730289 2.17870857176957199997 4.54146225476514864283 3.30738495792149400643 8.11969252090313986514
2.65274137968915191266 1.09501862394604287942 3.43122065320887115192 4.04633409147719902421 14.37021139067761765773
1.92255952585123157661 2.87078737776986780972 4.31261579965475583265 3.94930085794844165648 12.52426940677281130831
1.88670260225628494410 2.43062182808037396953 3.09991641863820310832 2.69503894145706635044 9.00505564987741458083
4.49191396772190021380 4.43754190145995419670 1.62344961349321037503 4.04556200997747517079 27.94170477505807070884
3.97051517555313449037 1.11639318189163239126 2.40104576211386566698 4.35266921952948937502 20.22901842916688153196
3.86838103397922372650 2.40618033873579939552 1.71910066989919974034 4.44832411932161875256 20.66331076227258733979
2.60483157009208188271 4.41214610591838329867 1.48746689785370600490 1.11027209742269095116 12.46849238829375572379
1.22261953024686942371 3.96270720500375261963 3.83298275965206425298 3.95969390517974506594 8.29887453149287424026
1.75712569804906637572 1.99051592615159522737 2.96896686355440708738 1.57667968060365781824 6.86468256123118791834
4.94472708282655926126 2.09191647289688376077 4.09909404760005102730 2.61756429787596323067 26.17920337661583118916
3.17734476523439024476 1.58589663282465309635 1.17999362099792115544 4.14220862267068046236 14.58305901262099446569
1.24163979426328108246 2.80670165679253003077 2.71743856881584555651 4.45387561355174366184 7.35602729845584413226
3.47464669510047619028 4.80776614008467717554 1.92056375795181910604 1.80208062940625746151 19.04749058425717933574
4.22634625795841856188 3.59617067861850214783 1.87509283803438719929 4.53280710110733231488 25.70603912788956790791
1.77197719878367010438 4.84391764729176799165 1.71175692361205378234 3.34383868487976032569 10.86193218300570784152
3.68452008543121589668 4.14749413593802884748 1.08217891221043149841 2.03988769158940108639 17.49039806199722590918
4.84334550224587090383 1.55977988029838865458 3.30732699820729747486 3.25423050321575813015 23.70833272207106645624
4.32601834432022691601 3.23130759106093901067 3.10818210411093742707 2.42553984234802033626 22.05225277109703441170
1.91493136103386740743 3.42285702543299530376 4.43927763536282959933 2.17630438621828758983 11.51500262186462819614
4.46301193667272322330 2.60692375644917540001 1.31494677885357758029 3.88607260196751136405 21.69349630385049465531
2.50052452388193513499 3.24788968310383774352 1.20313255821111875221 2.19966745962518706037 10.25972625301850449375
2.68745281549102044139 2.48192480926344583025 3.85912235983959472918 2.42963308725396576193 13.95300373627067891391
4.63534742621975670573 4.57043171488735566754 1.27352438298196180000 1.29040997203377427738 22.79152217811230940470
2.93477086542803800029 2.50072639414074870956 3.25778827596303610648 1.19326120878816821502 12.55131516313759831860
3.04511750934975822247 2.71385836561583460025 4.10966603609999125979 2.57386387481334644178 16.92141891086406957356
1.84473923967733854923 1.30776172918148159141 4.97729360889074889940 4.18704795557843922893 12.23871015481563873095
1.60820943016880013587 2.03633676304293809167 1.43562645948561184994 4.50798041285418449320 8.28338365103741836037
3.45469000503706169525 4.53980234453357756053 4.26166492761080029084 3.02253508730047792952 23.91167415109433491693
4.77974870307788535229 1.36585888293425750106 2.98532883762081358014 3.12706604185150105479 21.67092983169638031882
2.15795473791467484759 4.70162386010061350561 2.08487682752898617622 4.87007509134619187563 15.28490319541146646998
2.11160637526532468655 2.51539297101231351661 4.58736269046926370407 1.27676507936236882657 11.37158896170673294534
3.37717467388139569451 1.39904142435442357950 1.18131673706126871792 2.55906130676512866273 10.62690189586349731599
4.94720002012883597331 4.98369235294554702165 3.43842303261298853911 4.59136527765068791496 37.59239811949755960541
2.82109437948101682281 4.95625588168410224910 4.61101229721236194337 4.00343511593854728403 22.18704184871617712815
1.55326195122405064097 2.96180636641653372010 2.05336652228611216131 4.23375132451445779225 8.63608913911336628644
3.23839119000579289676 1.76161160025379315286 3.24101590461667621312 2.49158441679220477027 14.41555295046985207819
2.71289964882925849210 1.04085491914936545399 3.63902734200111588336 2.18462529855127396416 11.85586395310042995277
1.31556333727270224898 1.51166069304144734531 3.39195668427224328312 1.14516759917541488534 5.11243164319718257360
3.87233921767528510571 1.73171691125464777272 1.30251503609774488268 2.37107740314928916447 12.43822658802900349428
1.28221265298452236081 1.83383339037792936210 1.87064214634675751725 1.86588963217940451145 4.12382215940990448644
1.57357135501147782364 4.57675613227726252319 4.26950178298259075405 4.87025941230846726171 12.47939996432274156746
3.30145575996189277745 2.77002863228095108639 4.38911233394975575095 1.29227718059297291830 17.65811197614167582515
2.60499934523541432085 3.36263696257281097246 2.61722528949658084230 2.14414768013606726882 12.42630146877026398045
2.04687336421599175296 4.77196827858992556060 2.21419242632913482183 2.27116940766521846484 11.72852004690856198010
3.79866062027929718425 2.76184536142689340821 4.70980828934663442453 3.94424441594946095790 25.58593153292216371142
2.42306165533748840701 2.46725414091923234139 1.06221568930562426658 4.27914008949723356778 12.24226215486058855220
4.21634024286620423538 1.75426915277709349894 4.70201981970328475313 1.49423440968749243751 22.07816309471047944157
1.31698961214577670020 2.09648379625120062641 3.03531330392362175274 3.26321368887217744259 6.48634895564575053584
4.41328273285828309724 2.48160602092554016807 3.99169978360497701431 3.05937895885991784084 24.75054388468957355940
4.83339092793913138735 4.49881771919652351244 3.64915926226482412176 2.02074975626422714825 29.65321920091489360516
2.72788630758840389134 1.10878966878304963117 4.33839720896712499609 3.91731167401708457732 16.22953330852069697698
1.28064737623153224177 4.14388683315106032268 3.35138688721645205959 1.02750346833546402081 6.95090231137259362271
3.78518496278979155178 2.12924781400362173045 2.73373230216709650620 1.27043346658220057677 13.96984022719636620025
4.70029430498702183172 2.50807751806014200824 4.67356659227332293938 1.95382485071338507510 26.56814448133033579325
1.84392892886626391658 4.15735044649656959592 1.29630503489949511220 1.66086329219775663546 8.59406125043682322939
2.04875132835353523930 2.29114980336864082489 3.69114340090722459209 4.42797929970673465050 12.70901528673636171618
3.94384395344642868508 2.29109561479617429569 1.89382464345554168972 2.13176116062976506171 14.42611355275932005782
4.70097387651872899994 1.18198075824362058839 1.33479968220672917667 3.42122196357332919447 18.13596998947534899571
3.68786837972243297656 4.64186062104836061337 1.00151916668869445104 4.50642015534695605794 24.14293202081272227133
2.09765407383243429607 3.31291611209423608742 3.28437308171445074834 4.81293449434797615538 14.06005093570946762327
2.78451096116342622366 2.65991889502443346061 4.24337340361767889618 1.20499120788699043416 14.34317520904617282440
2.36198239912966823084 4.23326417872343263582 2.59965675163269027692 2.35470335966808708150 12.98518352197645064905
4.78322080122027593063 3.74239026253684725631 3.09410726439750982664 2.91972501161461517327 27.10182309642924280979
3.82266697959488288561 4.13944949137345563628 1.36623418364920556911 2.44020114942699839489 19.09659177020635212330
1.12937848137437857332 3.70968948877747450865 3.73075515357809583961 4.72167946736352384107 7.98388211826438265462
3.38615903305811416502 1.73325640675974002036 2.99365078018204133770 4.97312105342743748793 20.51298579915724573652
1.81943115567785573816 2.43155597329544059804 2.33512981890630344495 1.14109697044807045785 6.47558987777706729361
1.23678687105589268924 2.85962397184709171682 4.36928995467926739593 3.25278983652662612158 7.60888187070784205446
2.35864603799710792487 1.28052250890487062662 4.01767168355566361981 3.05888523473796336560 12.28721084882264769078
4.69240065923572569062 4.74245183514932655555 2.68309935772931940079 2.80691820156548477172 28.76126260656943500749
2.33954750980070835809 2.53101771022649524312 2.12475588601036902148 4.31290952108315650548 12.71169554552998093300
3.05743382599802071553 3.67621878978028959750 4.08038725103515265147 2.69752461809555432737 18.70809350413241389788
2.94393921705027272750 4.78479661966124769634 3.38600961934292099542 2.24921303778762338155 18.48322623676232367984
3.41012106805318193636 3.17306499376054240713 2.71112007850645442275 3.30591180465023182222 18.15631414540892407672
2.13886986849653082388 1.03432975042920638487 4.25855256882810362384 2.54461381027581534653 10.83885204584009009920
3.40958922468745084799 2.46511089006783556954 2.77217249858194980661 2.94832380599792465148 16.15667783338677665483
2.19658814216359532523 4.94377110256516516529 3.23266227216979329384 1.92869582985430110256 13.64907725163787866052
3.22607022878323368431 4.67098570996202511196 3.97430422095431046259 3.24984623183014642578 22.39150764758076661565
1.41659704596241287078 1.62022074818343853053 2.67720188289640281809 4.10859455302441745062 7.31615453015868588693
2.73127781468741526183 2.35618235799767683503 4.59151955125727617713 2.22210580601703933112 15.34662235984008837875
2.11855372885903880942 3.08114615596430763134 1.66474049664326573250 1.94154553226070580862 8.48332552166527342763
2.40204320938505055949 2.74016033313728790688 2.05257970017538271534 3.35870260256410935185 11.52040689221887959093
2.37906682008838288311 3.31396300752581529636 3.63489918646896104093 4.84254259311176937786 16.42160444419957698869
1.25422679285554838913 3.19276930593306351724 4.78411718821167575300 2.78148540334175731203 8.01314633679116106180
1.41965081411081550655 2.57752898138131003591 2.66850183234195448279 4.66557443160134965865 8.46237434671120958285
3.66559031647284871980 4.27493290817783844204 4.94337312360267056022 1.81246956968564321144 24.86044190215939764244
2.32081905075311167863 3.96990280204299894606 1.58362828677428479907 2.40159342714200541025 11.37808796150546619685
1.62280142792842063670 3.92618465931599081031 1.01636143927736499748 1.93696856581664578201 7.29354264407745134235
3.00004518018811872082 1.79704488436008125163 3.59997774530857217457 1.40332590685061786573 12.78404183458860110534
4.19556303497150295811 3.57748585548865438710 1.40830421111490577957 1.28849112974283341870 17.01244430313420252787
2.18148378628028360993 3.37290225615323580044 1.57760122148982784296 1.19398086130577185671 8.53037862932595203347
2.48485297179100150800 2.99337032883668818783 2.14497433370779821971 1.36045290917665795405 9.75506975331595072021
4.41314317015625690033 1.45743362665775899600 4.47234965241960313875 2.64902796839577359123 23.82417810268533386875
2.06812601937830287113 4.01386403142185876902 2.74414515987223595062 2.09777510804373656939 10.95171784359310684920
4.92924334275128650518 4.11362641229851799807 4.84533852649494711784 4.79457719018226136143 39.24470205006907974621
2.34392035389959207947 1.76877744172747997098 4.92167376799058509107 2.99700047726419338545 14.12850527409879752838
4.25805208590112727052 2.65888770919780226265 1.17066979724220310288 1.65724992845060148383 14.24165910724100392315
3.04337858087648260863 3.13494537901597825069 3.21490865804617431678 1.41705083195862124867 14.33025899152516480228
1.73637898593528827718 2.72869795465558562242 4.31800453864281053029 1.10342340972517760633 9.07388844708923691940
2.03066602170840448949 2.12689731087735856008 4.63838956834820237418 1.91221905281134807453 11.06571975038053423646
2.23722348288645722647 1.81993176254464161801 2.45648009717318771550 1.98986800411937236888 8.16081377468881719039
3.00115653728114750720 4.71919851012876101493 1.17160015492088387390 1.80964127213387993010 15.57085017929220427391
1.13989329763275382135 3.43754636827997739346 3.61218202017841116813 4.39113361811083713349 7.57378582707290082254
4.43931468802663609097 2.08192729496882344975 4.35778875312486313476 1.57536765809885004330 22.55177425360638920893
3.85959541468981948142 3.76777884270255736254 4.85262195619391611956 3.77373251526366049191 27.82796514235954532523
3.58616264229957160126 4.33223547209387760404 1.04551995383610796253 3.65770362899731793505 20.67576623443007477476
3.46787188327283946165 3.14759900336653419828 2.15220575110680822917 1.83239310059076476733 14.67079237067419761331
3.45002528229692151385 4.30027916866462156520 4.83969157089258850135 2.58644327095009174400 24.05256682849678995240
1.71950044331649998242 4.38685609535084708455 2.43807191693621838624 1.71550092682961397017 9.12010529499692879085
2.55809952213292213230 2.66616621490442184950 2.61642012666979439928 2.93298020558604877195 12.14934875379250911465
4.35346518534363369213 3.11072267444868622022 2.14125866787099017330 4.36949075438826817219 25.14254622856616094850
1.26241930332099494549 4.42686717573849541907 3.66716990970103884351 3.66853441390429368951 8.60886967755820542436
1.25387606911574733815 4.17584817374568206816 4.24608975784882236582 2.05684085583260678476 7.90017356589758090735
3.68695075923162551845 2.82362670782806857162 4.85609432104000493524 1.73607449829248761120 21.67741264544525492397
3.34587475838352244040 3.03519560634075613592 4.18221106210182824725 2.78358011636170932235 19.63877998567521387940
3.00688781570575658364 1.65434658913315413287 1.74134507288471995778 3.67924867746351402786 13.21184766703400192966
2.37564649587051635038 1.17175964521923292594 4.16261706939289233276 4.81501377348257353361 15.37481249464226529255
1.75556399515387795418 4.61535135080630354310 2.94755328250857306926 3.43613000050889549897 11.34976234450340903948
2.31030197349424382125 2.60662642108382636152 1.56841329292810849338 4.12391725465529646044 11.83928105563060739769
1.56756484841897991700 3.35566582573205840490 1.20166584439835322229 4.01510430188586386890 8.41616742263748207620
4.74127531711234873057 1.64907050759074236268 3.21480622461867149298 3.22474673041847958999 22.96138696527403766368
1.01541079264149525230 4.20150924418288873596 2.95811256536986988408 1.60068219455968385745 5.46488139549891638325
1.18690363116489683293 1.95064799075836958764 2.26178433830406966365 1.07828486231802633810 3.76893659949095161110
3.72154334386897023279 3.72887830165245226510 1.98721465953507747670 3.67741688560982593614 20.84627426883048428863
3.18347271992333258339 2.35717617709980320484 1.35112612814829047281 1.47557106820192140972 9.84261157401135555745
2.34837452608557617495 3.48152022104907254985 1.06280549111356581449 1.26861800036806249281 9.05265032650393486335
4.52251928318879770075 2.76027517399781130436 4.03387256694242957167 2.12681518104395372859 24.10744153702272996043
1.09871629193181163942 3.46340686432722755228 4.61626356894992362356 1.37436782748449326519 6.51807950020477289144
2.19328906157421377188 1.67342312561858852504 2.84629532557950026828 3.40525524396007339689 10.40310673278322717294
2.89742325816048973408 1.27425695814377926141 4.10021859403224464558 3.61719265064580985936 16.26680767308613440036
3.01416610400967899253 2.88814835066510777750 4.62040882563512056436 4.14110827043144968940 20.62851687554841007000
4.37624015922075138008 2.06670007072630479428 4.35476227913129498859 2.47809035678362299393 23.71911488347295815515
3.33104449218058507043 3.59334295963910399507 3.44449426706063066561 3.87060977385117377381 21.00362215421971612273
2.83370374207950170842 4.98402163721549573694 3.54937564759334067688 2.96256949916327760874 19.26405017513619810643
2.28714145533899637641 4.03891097264166454295 2.52265857813774818652 2.90962999641204467238 12.76351064214096275862
3.47980835134161603506 2.70559996327217078260 1.40763827542667341319 1.83573167172368245659 12.38715363301811400731
4.75231762969632853810 2.06142649226050878042 4.32759646149179566521 4.24578945857735412517 30.43127528185955199547
2.05417248093964799338 1.81323588300227500625 2.07278976929005187557 1.06072853835219582663 6.06222001664427612155
3.10292341777563152050 4.57813547371920304130 3.47154302792331082017 4.05051048636799038150 21.81281684643260376788
4.73650938238826757498 4.57020508802959568584 2.85882553456866972397 3.22143664075502789146 29.74486862755151861393
1.92435119803561782703 2.41639821237694230049 4.79269515573507742801 4.37380859627519491539 13.32383705141980989595
3.15012380540133429818 4.18480920432849767820 4.68081588852065166861 1.10375534958419496689 20.08211741461786559171
1.34686386562604099026 4.76203288888620424046 4.77354520540679416740 4.82137122928991246340 11.16430005629648292143
2.93991456135194173527 1.65751591187922064918 1.18235206803515735530 3.91156732030976694858 12.96421465125814975750
3.93419004087590851171 4.14325224746744069648 4.62087541823814262898 1.69096142813829786178 25.30708205184075509919
2.42412713941287716324 1.60512003221743526638 2.31348860174821879809 3.92539942560363597224 11.71066704035526839789
3.55673761066090188265 2.60843224164610498761 3.97005346689419047479 3.18731411878965653628 20.34634682708119868266
4.58113621285458272325 3.10428820678538386346 1.12541158011538877659 3.28720876777135240232 21.34480019789528526530
3.16024253307888258746 2.96865717766031522729 2.47460981952780834092 3.82880038483127815852 17.19251278707913499488
2.92691966127896696648 1.55733373328423452264 2.90141918275482035838 3.39062481869136300716 13.83410313123578383454
2.07362937494644361536 3.35704986855232867526 2.40793271961966537376 2.43835835562590430570 9.94769857261622014732
3.98570995383764836717 1.26378841059657220924 4.20396897882189080065 2.22190189327089315796 19.61008357868293927595
3.62596692342747850546 4.64152051899814477309 1.42561828237800636288 1.70576440965215914147 18.66078167459673764483
4.64359280066078561333 2.06443045301615457632 2.43782326830636542070 4.73748739581050770653 26.53302043324466197305
2.50897515379567703775 2.19527537174078846149 1.13702370518574458202 4.13491492880080002692 12.08731905190737698774
2.67488869258516359650 3.15478824802913804248 2.28352162560628979548 1.35471910064588074718 11.02963479797146462147
4.18244897439605800571 4.15605186290789863079 4.70652662127941567860 3.95403076832307354138 31.03436866302241625704
4.05598984417051333651 3.26640239024362077913 4.94353999188770298900 1.16482693256010927385 24.49253521671986888464
4.85835869702312450613 1.13849013273554211523 2.96926941285270817872 1.65399101593898301132 17.41462861609538492758
3.44099953498500843452 1.92348137314488454308 1.46417513567350088266 1.80982821875485733187 10.39105949833629161105
3.95154680064768992764 1.40153149665511911337 4.27345293066424414263 2.91329543802226442750 21.17453260455897279257
2.24708390459853823984 3.33277986990558439118 4.63972385609772519643 1.25382425179183432107 13.14237415122620333818
3.76258880357446212628 2.48305963512743410604 4.98985480064033559700 2.35688328288293957868 22.76883442272984225951
2.04282041912383327542 1.18552340089557795011 3.59921733722164427505 4.52906917572570932862 12.06342083857098934629
1.50886894438425800402 3.29780996101675016874 1.16919327219504420867 2.19099410423269924664 6.22909248616884259064
2.45290899661645900309 2.27851069210159717926 1.65637019557858300445 3.95653087256966573548 11.91349131651641712892
3.63188136039116216125 1.34802132815590480774 3.65798972770826269496 1.34528524591243092701 14.97808425160728518222
1.61840190868213662512 2.42614953698936064441 3.65649018543755754962 1.28349805302176056543 7.39938756225672289446
3.50857059362233414390 1.40622803377129335090 1.66882928086015791536 2.58705994395534721875 11.87502014825584240043
2.72901424193813690877 2.96987563188443459694 3.19984546158110649827 4.35215046338486288846 16.82285902755537065900
4.25132596743886459478 4.28327224458385291683 3.71709713221966309149 1.33873480460220983801 24.77302873872567445801
4.41268945718812766188 4.54414536525604084716 2.34643565023215572296 2.62926663337419652677 25.37509787844872022333
2.09559017504042266467 3.13685712699659591252 3.06952776908338442752 2.12547630125336795004 10.21898876773870767920
3.05443449370811537236 1.16221489038001868366 3.88707812238645589176 2.62603271516970560029 14.76153794016197196015
3.96694087645544302134 3.61839161842681278358 2.48365317996283785362 1.66535108632022677000 18.62126383966728582209
1.90049514714203038324 3.09454389425937570479 2.07695403795587774098 2.90977335778433010560 8.98609112586581382232
3.12999013914281354332 2.51249967929542572520 1.53002370069450188694 4.77237942706718598629 17.54728207919088589506
2.71728465673359709243 4.57486328262248242993 2.63144953602405085036 4.13959515154953550109 18.22610429017917610395
1.10924751588820091897 4.63169304635631640110 4.94965425985807705445 1.16240841776958703235 7.62907920473943335082
3.53781533721384144897 1.06422406558884397043 1.89638985888656597112 2.05201584033456096989 10.57779356614494048472
3.30734272344622137751 1.21424329601469382922 3.63813449249190012935 1.15179522145280976986 13.24467569895414165160
2.80849888966978511462 1.56058032923230660671 3.05755277981259032671 4.99224587330960734022 17.01555395829126027252
3.73267128868499176164 2.00984335937532021532 3.61401369557781348973 3.28432589074394165607 19.71167192845097204668
3.53302527395547016908 1.79244102521730486188 1.73444011665957287249 1.94052840885191368869 11.16501829302952053524
3.89894026832173734576 1.82074502728306164556 1.05423601171298164658 2.69800482260074270258 13.33970778940747869967
2.50231974122589617693 1.96635059057171490693 3.21024730624994392159 1.39252441092859102767 10.04404669540486594315
3.53087713327115348960 1.40584392906323074612 3.45401586021222817280 2.96690074183940266650 16.82607359103329258687
4.85614496062503953056 1.89955837471679700457 1.23193540653748589975 4.61794188799142801827 24.97559030114721423388
4.02531412248770692486 3.27951730291160892250 1.09274490460557816007 4.85505818912634268258 23.99064091138772525369
1.63811332909637297206 2.90269814631809808247 4.79666621626169842330 2.13287704868833438709 9.82633553072466803258
1.02388006884419757725 4.44346377465769215576 2.27393922215842936296 4.62665219397817750746 6.96848595880757848420
4.06031948405639386834 3.59689547942367182642 2.46660605760586371105 4.02884347353887228849 24.10796777499483312113
1.91690817770954868848 1.41775693617491294063 3.45061393683570072355 3.28495605325566675248 9.52834637317878829776
1.72713552437408246476 4.89772424551222229638 2.24409819722292436239 2.52175414097052907891 10.27361468699493762813
3.29333263712866441963 2.86280886920205057677 1.22029756792660171172 2.36110595966824199365 12.86493178517536151162
1.40027263658597656004 2.27662578454326158806 4.49135692799208285919 2.46107583810065966290 7.84805110880245582194
3.42390243554476025878 1.94623789589351625651 3.44457423795919659426 4.39578128144184443471 20.24908368074731868091
4.01347049474038009009 1.08421411978704806955 1.71223317188928936261 1.20932123035420735491 9.47189285563531413459
1.05680371557798347126 4.68552337920673167559 2.56864473392268211072 2.14308884371795738133 6.08418841258951204054
4.80782648736897044728 3.16042037702047506897 4.70987948051650029413 2.45565034084999878061 29.71588399545644421096
3.18008744175023982947 3.56018258937194165270 4.76810878263712112357 4.58576966970820976144 23.89070081560866043446
4.13485495646544087833 2.32178956670768821269 3.15379725286984058386 4.33461482131694531006 24.15478416100881275952
4.05515764539856604642 1.68733770736337618246 2.79907543747119058608 3.97903400526821382499 20.88096848794324245091
1.34604247410661548301 4.50305614705854395652 4.74796541287516760121 3.82512863938623448590 10.20263785279974655396
1.53097621481999057735 1.62256898608314958921 1.66424942033754286186 4.05803456744181012539 7.15968369030714768542
4.79665651593840358657 4.11367976261049328457 3.00355422224397994313 4.97596318856900410310 34.15539722728161819987
4.28026310103370821736 2.14772276745390300334 4.64343705384429394911 1.06841881406594119142 22.37056467182476282574
1.30050376411716905878 2.34075495576990100233 1.10488612398696472994 3.68378415328524955186 5.85518119066120057425
1.85467717887667227217 1.61774710436941582259 2.92783321403199758848 4.66193119201453853861 10.64185829354729051488
3.14321502335104963066 2.53423244339216635623 4.75831935553104834469 2.76389183297787388582 19.04254900326650101761
4.88476926648218956473 2.89408935106438880425 3.95019733704859943302 3.03052352829750715202 28.13045488178163111570
2.54212603741135323432 2.44520621514895353243 2.98967005608288927121 2.80749531317420464305 12.13826994800906611260
3.85693156782887269785 4.89430538828308669963 4.38923421529616408776 4.85587290358900780518 31.52297892374700438722
3.33757404053969120028 1.71343160666263072400 4.42578990879597444774 3.89231855477466748283 20.48563901841164280881
3.63058366052585235195 3.79703373910599717433 4.16233789904135953464 4.32077000505298158828 25.77754678661776566173
2.97641252210052043026 3.75545658752842559380 2.54461699322461232242 2.88191910080616464640 15.99637944640687869935
2.90868630193473265422 3.40517252016954596883 2.72637946368848282930 1.41277595721656989980 13.33697876257882342088
2.00968908166920279257 4.33253896139255711972 2.75348606247120075707 2.33537857586932418030 11.33410700595326758844
2.01359199034063651723 1.65099450353032617400 1.58546459723381039097 4.63646697011817288114 10.41171287726372618465
1.92796059660065788322 3.10474039550787273001 2.30062764100184447003 3.32752993642747352254 9.83160778352050357398
3.95159692594353950668 1.67651640963395731632 1.31792033703973787695 4.03779021656425118891 18.04429621851762988172
1.23890023522007730605 1.76885637220235292233 2.64500086270623313567 4.49496872536588298885 6.82291349131487123714
4.75011879709323814325 2.03755523647687697419 4.55185538968366110169 3.84842636592306686083 29.92250773184525414194
4.36918893840110733606 3.96910614936040229139 1.96543424891548035305 1.46331913232835564287 20.38030569172507000530
2.15923044950204801040 3.89851920659611961284 2.48543987937450250314 3.06665235047592688034 11.97939419498691293597
1.03126413669379024540 1.29975660802280268413 2.30326056362170294989 3.23369544228862615398 4.30806352341066389755
4.66923168480271044700 2.77958360960492489866 1.14104484770602399024 1.53763173946884190713 15.75987071917711013214
3.58772133745780363867 2.40426287094979551640 3.11475159495295228496 4.57449104046437504678 21.64800425695134578064
1.37982779597677218675 2.96119962225819710611 4.99583397732386558232 1.66447116685074147924 8.33597866289761668668
3.73545992333606013958 1.49354641285835532116 3.56921736746255335859 3.69187460093731534272 19.97683020847992096947
1.56799896254014159425 2.73203212851773757919 4.86768355155725807037 3.74102644435381703758 10.53639553000633455326
4.10724135911395027421 2.00889267562640938536 2.35237318515204796299 4.25789213841077440748 21.61632771033445976627
3.39643885040149928756 4.38686042335153025817 4.73290793610735338603 3.41001907102026580176 24.79009320060027832255
2.39242038519445898714 4.21766182463141614534 3.86598321779532394515 3.98866034775699462855 16.68598033410402337040
2.09266918873296559056 2.01113460904166485577 3.94595681503898410014 1.23022209538347793156 9.61915236805401363540
3.19033490322033896902 4.79990448569118832722 2.13265987024691527907 2.35769999469053681551 18.36759521397740613224
1.52154368162370401407 4.52448206309478084819 1.73509290064950238985 1.58941822711532099177 7.75953498829569454642
1.78616327478020586739 4.69966413914072767000 3.58427391724476551715 2.56411493766715725684 11.50773695517543337985
2.10250087198583202053 1.58118625003713697552 2.77432641704693061513 2.10661803665088909199 8.04323424019412236419
3.30253891220010142860 1.16232897952423197552 1.64719644896174344240 3.98119393425488699023 14.73767746930280786444
2.82801786934463894596 2.74687979584961139423 4.77269065137877568361 2.18521129737663333259 16.75444217888583509080
2.86819617769234902482 4.27909216634790467992 2.26364454983374630004 2.60789468411236802226 15.77138407311575640790
2.60886358322444067426 4.85950469599923362551 2.50414896536723041720 1.20856419050275842864 14.60641547283530350398
4.28854697682879582032 4.51100228644931355859 3.58110972826391549262 2.61896425361818696587 27.13415635752816257309
2.56961629674036640125 3.55561907056231030211 1.33166395447423102638 3.32939914519777691027 12.97609277042534259294
1.45272457364881946162 1.48814097881123874600 4.94696827184931287036 2.35099222744908642468 8.24531238283198497641
1.57692524339480133477 4.86550913314820654421 1.32977855337031680705 1.50355789287237495699 8.29980809898067661834
2.87975985454994276580 4.53028421410338744124 4.45992981491053530618 2.52858512946690794365 19.70231259696771175527
3.09154039729950813609 3.27708029563364666714 4.71640280350190010950 4.89474328229036714788 23.32878564767765894317
1.37580518250885930343 1.07563220049300012349 3.26671000448328507915 4.82211694837135596003 8.14880835428038530210
4.46569217192967471419 2.63191463794624125327 4.30170748816192194397 1.80762539801928845407 23.92343093064675940695
3.82219790268595094318 3.57163178554368165862 2.87148200676157383526 3.98392706331298684930 23.20978727552563825043
2.88923646421282320773 1.27557432995710362533 4.68181014901706493703 4.67080584930719311387 19.45957350493924664647
1.50483417237203820349 2.37210608704043490746 4.09467679815007201682 1.87565709747837550125 7.66008707256060805690
4.73483934735392431037 3.33118607554361556566 3.64089382580253273503 4.82250431639933374584 32.67020498551921292574
4.38776540397840353336 2.24956569531288597119 1.57884861072337345789 2.80705853008383909852 17.23721023141789387978
1.70523872267997411711 3.36578404738103031946 3.15472835774309823265 2.87250179035641783898 9.26685148186724561015
3.13301528377057225683 1.79804234765653081496 1.79545983077644955017 3.89069040339922000982 14.55895182148026201219
3.83203004457579865516 3.00296061536869762776 1.81594661678179525310 1.66920574645647024070 14.89160718116405668354
3.56009996899494396416 1.55941352375785013962 2.15165624964286816834 2.46058024098442995609 12.89319106319407559624
2.99108249896265210310 2.11206941367111689090 2.62026208220473089128 3.74652047445231062284 15.06360528938716392133
1.73691666938807109943 4.64653023930434816435 2.52197120460240231665 3.93954524456987931202 11.45188014919003016701
2.75607519335907857894 3.90742717877378753499 3.26276827282426040711 1.34774453584604980705 14.51330964885549335008
4.12314881580535264050 4.96404041081727243068 3.98039085026463768102 2.32860432206810807898 27.93645759031816311335
2.46522015760847823529 1.33514446270005393558 4.98922643471808768822 1.49383223984230939507 13.25420428774571846020
4.68152398402210767614 4.95133340464683691096 1.39548409978391463326 1.46615028176945250138 25.04185425886930715933
3.69497821990643471324 1.86977925309445058843 2.29915407658918091727 4.03863198201633721851 18.50912373362581320180
1.25960475233989965815 2.06989351266513743610 3.95757168682971904872 1.43235072368428006939 5.90786338422593981790
1.78724048178000316511 4.74761496705052188361 3.50643533206737778585 4.86696847597851078859 13.67236851433550626211
3.64756782326044115550 2.65965134237204425816 3.82830040317253628146 2.85921034539241603056 19.94679827611361488948
4.64083023993295906706 4.65509927596740791245 1.76188730645517033224 4.06070391099201977170 29.81115336611814115031
4.92940377318705635901 1.57191235061548262308 1.92204161210354618206 3.82568950327849321980 22.48210899589635758389
2.79194195374987685909 4.55381197102919443864 4.72529691117964922853 1.43135691590126468142 18.75271094599254340096
2.52114479331689000929 2.83445831708198658916 2.38863006816835943269 3.31457592338065287763 12.53648497854647736460
1.94407201961346132180 4.94469273401893083530 3.10913083080166918748 1.09112876019024485075 11.55165610199676606840
4.94303349009689441118 3.49014427680029193368 2.17983269334644447213 2.85977792533327468405 24.77002733746459739450
2.93018471749697662077 2.74911653716497905720 4.32626704055324218245 1.55416084923123998252 15.69486483863416914630
1.09711483678243748585 1.11356032027334483914 2.95207523889408696149 4.45276368148996670726 5.98725925869539299384
2.88593099362773797267 4.97975581055562876998 1.03022966733011944740 1.07688133219697768084 15.00101670062644387826
2.74400438979598426670 4.96964127485472850765 4.63739082844405636763 1.53831141232482648817 19.12339362271744036548
2.06685129301704684224 3.25936996692108671425 2.08645130386904531505 2.40316113680796172858 9.41539924169197561810
3.33562335541516974402 4.79223184919189648667 1.12986493997295545100 2.05663650317513013732 17.79855446727515300154
4.51376032415299022205 1.94791094720978730237 2.05737967398964594068 2.31240105656870253981 16.50726449946343166175
2.77853501605614594538 1.38356015421871658688 2.62939014300631557219 1.00249838282842951287 8.71279390996638269939
3.01831028616862484526 1.21980368633854885374 2.39622385147624683555 3.73417906983473724125 13.88878785926515924132
1.44236283766105710669 2.33929760003451914230 2.54618029587230321198 4.68175994280452467677 8.39477767274122754770
4.24269423862595829178 2.38719730188109435787 3.74822481383666294974 3.37712713192388269690 23.68050121427793897055
3.27510625821664147495 2.00351645350676399460 3.32132938848188041803 4.98397249149576460070 20.68386839623724071657
2.71925100057316493363 1.42939107825453826095 4.45669447426816933699 3.59922534851679865042 16.05503168510801970115
2.60919758814072633157 4.58722622811795588404 3.32103694599637533358 3.34755513618351896454 17.16488277985687815885
3.46095307226523285493 1.45096444761261444967 2.46036660726091716000 4.76618446987714783347 19.23094888048830952698
2.14491938844995377877 2.24320715082250154992 4.76180521441301607410 1.13587764192964257859 11.55014399724492513144
4.75349388366879921364 2.60199325127856573303 3.74030506628084014054 4.03451859187148720309 28.92905891968517906321
4.20471361246227903763 4.99390549045338438816 3.56126339217663190340 2.01568247723858773313 27.14717095778103939097
1.42608294476803809658 3.72857858415096066196 4.09510893521509444781 1.25162685039678400756 8.09718609135762434903
1.04079845266964898798 2.53524444993880981869 1.22157134273557765880 1.99070526376956058456 3.58775295309136232902
2.83834636466196554849 3.07637525657733945650 2.98052957756249714549 1.94004482065467565022 13.34669270081174907716
3.43171745246691939357 4.59567250604421140281 1.30901697809937722639 1.42610346070515747741 17.11305739347266907657
1.75215418373235465310 1.69596060038260132430 3.22662481851702986901 3.23800907420291750327 8.54291389038470505568
3.87639298616134020392 3.59273349866725499879 3.37355981657322079315 3.73367477612869880232 23.96757425145786513099
2.45293844880578415513 2.28509207714939233114 3.82927733372580192395 4.27753597121559359095 15.15715995678569250060
3.20063207909501645787 2.87557886175564414444 3.06534582510353903473 1.67181375136181609165 14.47742514983749906321
1.81383516640952136001 4.42909176740772192460 1.04705276733216123830 3.56801128844578885335 10.48953249134210707894
2.78349232806987023636 4.75615744203814472257 2.27415145856634026700 2.56551949188901762255 16.31959646590842183400
2.74441183950238398737 1.76659364632986992660 3.08002365362586427722 1.70359364091527298868 10.80811618105212801311
1.07145724233240935419 4.87605128773317098023 4.50921652863877664430 3.71754638058717112870 8.15498354366410538319
4.67979401988626264597 4.11359049213558769509 4.70284744324581716057 4.98498695290017845849 37.40572437851671594444
4.75203140926420175560 2.24571714164832947347 1.87382121636734666481 3.12472232286500650744 20.33866169268858570263
3.13888566228624421584 2.10227912490181578775 1.44485020809806030684 2.71558664747356237612 11.69485802813492014707
4.83991938906161145439 3.60680145043345756761 3.57039036575230683823 4.03429075041830298431 31.37828620384499700435
1.10613964071513271037 3.22019957228525210979 2.63706639194752412436 4.45141312451093540403 6.74100076873716069770
3.51479133156852663333 1.95333747666476087446 2.38366904843700222472 1.66550587161315011286 12.31246766823454130702
4.00285221939396684832 3.30696461145620901334 4.41752094471091183436 2.31763438316451120258 23.95764248681319585899
3.41678281644027714847 4.35957172211085275393 3.79447831126116286171 3.44956824276903306625 22.99762687422034446172
1.45036733122974803578 2.14638944747520632461 2.30541021611442875638 1.81695952408644112452 5.27408403031384853676
2.10515875853738165802 1.91746608469544277398 3.49730323895498562692 4.93408818581719899043 13.35623815938378733392
2.78682875648420225190 1.79837834483919900563 3.15369273423647422661 3.15482165251160040498 13.40370252744624224306
1.76777324603011720683 1.24493508136453634449 2.60566172007467500293 2.48759180093120191302 6.73784849675952290937
3.76016994320743647151 1.63440235656952337351 1.56308261699189721128 3.10645934210318719337 14.44834620720133955274
3.08273025616749540845 2.01437975113407974348 4.27283313331867908857 2.97862373442143679725 17.21561416985967696291
2.70071670499298210899 4.85727469658616239911 3.26655500868147674609 1.16343182818303247927 16.11788831947456301918
3.65947373011710519464 1.79388712390281890308 2.32513759305592193627 2.94118462085387610827 15.20988524668145913665
2.45433622555592023673 1.69204872223035707179 4.17393253861231450230 4.04338952342261137574 14.85506957521377913167
1.35586398950854425394 1.71318042439066209326 1.31945009805753077359 3.05835218636154815286 5.07851229737931220143
1.06745023067103561587 1.00544168694589641788 2.44339110124896841114 3.31654024856133000654 4.52635555680658629996
1.67621729252758155937 4.85878774412106650971 1.75773595814632566103 3.91308399598573819489 10.86438145310677150235
3.72502843806818262351 1.63849052521520777148 1.83943040534787671803 4.41472748204335907474 18.83184218291030020964
2.09184278670509593567 2.60396394465572011967 2.17010552602721817905 4.91601984787880930128 12.49116335299022573224
3.97478432149186167166 4.31034668392034703288 2.72535555150679797975 1.54003432842229015520 21.17420888690604741100
1.96679435209380759630 3.63331332242971916102 3.02703803562532414162 3.20744129169642144817 11.23857419057330098155
2.01330165752055156858 1.77665271116070311308 2.23115834226821441177 1.08698905392252020974 6.14505959768634024698
4.49699119562881222123 3.13791269905329750500 4.66187585900425549568 1.07150735397377960822 25.72644933248529852676
1.98219444229627939080 3.12900755876134173405 3.37099077925832002478 2.79523523066111057034 10.66848043317675021058
2.09774186083254088331 3.37785318239384224626 2.10689103995487592158 2.75723196387767455207 10.15861902159918628286
2.39880825131562991359 4.57968784789948735181 1.64632534233875915675 3.60262360358977717922 14.52474429439968339750
1.83024496738931974349 3.69610007214624936012 1.07598294577484088208 2.28365504187183443463 8.19205367847604293274
3.00986209370898194493 4.44424047434623314956 1.50640074581703142798 3.48433193084959214048 17.59188710595542559645
1.41353205762293265835 1.70316467028871398881 2.99944025629462895921 4.35875574783229158271 7.85702145538996621354
2.94195602450872684130 1.20367709816647572296 1.52645608288877943082 1.94728969297821974394 8.09484098649544669968
2.58791071934806549137 1.14399534768019828235 4.10647102596829505217 2.33687099750651006147 12.58075890769838700578
1.93130150289832203114 4.62751766504208461583 2.59662569384771080294 3.27006972064683232304 12.03771732348159062553
3.25527446730292302490 2.31562486534081291012 1.89999215890868766721 4.83631671272750729429 18.51849169574645159742
3.22500154997484589359 3.67770538440550431858 1.56849873681722762342 2.67983556838154068913 15.52268788651495512454
4.63523795719221975986 3.39221595725759206275 3.51115468139608744025 3.58477731339995253634 28.07514487842898631698
4.42594645513299767003 2.55260068304237419667 1.40532076982970588475 4.93973026497730138829 25.38334575996329078862
4.53104842420176012752 4.43130048647274499274 1.49490692592429796903 1.00370602745932746558 21.67271865016127918580
2.14950661728893832603 2.00552331066085409716 3.09408295423391743739 1.88789263173689603192 8.90415095361345265701
2.00562647741632460452 4.80580992531344275420 1.26310237266149583135 1.25861871859159490938 10.28073993038543143541
1.09634376074236516985 2.31947502642858172095 2.00690009686398918021 1.12022104719170467746 3.57994559032484316319
3.74993340405215169753 3.57354584582450662822 2.26299675237324926513 4.41028528330472813224 22.91513104724522165156
1.71824899773528505520 2.09492612585262794056 1.17262056958581739607 2.46956885543889237411 5.91799598294484940908
4.38498596219396663543 1.92059261351252041905 4.22984965679313251741 4.30022437870343665622 27.75811583426314754774
3.84418571501063022211 2.56520576801337085726 4.21479251745668204165 4.30797650410627763762 25.17968586451333123932
4.11095370141364391259 4.91716713464942678513 4.90415542770168499942 4.79406298533373842474 34.69126461761960911190
4.06218616627826811794 2.23142741601669669649 3.88809814127066832867 4.36384517454027509586 25.41374576809925400767
1.68556957196669587873 1.60168174149768205439 3.78597405502808515010 4.03088060726446428816 9.70439983355230850748
3.14483198954655573942 2.65107641490119094740 4.67375726175682437713 1.97627281864419135360 18.00477900944741094236
2.98575865894615066765 3.64890202619144554674 3.67038517181948176216 1.36081222844482496726 15.97813988404747398420
2.96345479997047833720 3.55434076261801656926 3.13018537335899305063 3.88272794277242017102 18.14906796867153104813
3.45065466083779881501 3.32001318741927953226 4.14057949099491473532 1.17627766741044892385 18.75789179702618625356
2.52953928116144988181 1.55455526727499249162 2.91508639609164443840 3.65592417326880658734 12.46427813579120247311
3.30452795812974109424 3.56833897804123978403 2.55055283402337940046 2.41468477778209811291 16.54544690335637113776
4.14693740017798617714 3.89247881711679166727 3.92268778245998239740 1.43797383505672859982 23.67993471523158177661
4.44867707530013234418 2.87943018250862259322 4.99922559516290299086 4.74896407720299063016 33.24207810051152023334
2.51933271819581738882 2.49563761874451817135 1.82225452069947291278 2.03286128653570807856 9.31858354147106560106
4.89250400617373681911 1.34996956544801394173 2.25542107681875725333 1.46730792844260005126 14.72825303944066988038
1.96214748375821468329 4.59437504073636038271 1.37926756559538832292 2.16368184970591359573 10.32547934151821955595
3.95870056900282474288 1.29624095165158115250 4.57074095389702783621 2.78235395687693065625 21.79566021895143990150
3.61041465594757715607 4.50302607829145884466 2.75758373481695162610 3.59417782738161273315 23.06137380580875984037
2.52221336004532181718 1.82488766825836723484 2.17131718162240350267 1.44815002451404462036 8.03235734285709135349
1.92736734316995939054 1.63418172953093909783 2.91103910381638542049 4.45823677198551671097 10.73468756895956488506
1.08482357636775450516 4.34958718862522708548 2.83755018103785783268 3.64632274766212516326 6.88382485582273861979
2.71829617255864475212 4.54025705084417730006 3.19336602018455195662 4.68845664483547075463 19.75083889059413877476
2.18584985990736768713 4.64501912492130308863 2.77906972438572319462 4.76656102029974881873 15.76534799988313828578
2.13769583839506216449 2.16528554748754187287 2.97747311321550123253 3.89868917519667279592 11.46283157641078531697
1.53405150142121238233 2.64410678815722466339 3.17197052716970162578 3.44325905572083579287 8.24811013738301035403
4.90043523592178242865 2.49943708956524757170 1.58355647770157226262 4.97164417359074395364 28.35149872867178544311
3.05933395529580653971 2.21916321346305300821 3.29460929076058484100 2.04242794407277949986 13.66486628242281931023
2.91128201607452430366 1.26396429759762307654 4.69486189174080514874 2.58282986458502161753 16.02801390528751213083
2.70610670914279527466 2.98502128241404163234 4.28704428940144843807 4.07040810259681684613 17.92115422429637661139
3.43357280870058323430 4.63208583014136365819 1.39790293708914203918 4.83909045047426999986 23.49606395671380099088
1.48111046192513784447 3.92103735847528556135 2.08166863271396351820 3.23114066610523975598 8.13238200764498664341
4.53738037433167384904 3.09256431202920500922 2.46578917378033590779 2.64043649171484906546 21.57808240487325335266
3.29045410555926398644 3.16190216859730099941 1.49495738133530897684 4.91988895282178972934 19.86241682655256468593
2.33311843633958204691 4.81112739463486427383 1.09218575103642390189 1.85124927772683456340 12.29421488301732523496
2.97369027048332101870 1.07977253773376435930 4.29274875947113176977 4.95809026278586184588 19.76469892305597042537
4.29396397403323781816 2.29144692455536969078 2.95987331901754124885 1.54373367393137073122 17.38641481930505605646
3.53373963870807017429 3.54755769260476849780 2.80538317845311668819 1.18045704953088215206 16.51766042847236803937
1.40294730007991130805 1.64365018848862654011 1.37081306851665729596 3.31826797661168004794 5.53970876520457000680
3.60174041632144747993 1.90659538264085703929 3.72668527294825713270 1.68972725953442282076 16.25916234949013272626
1.07112156188119689304 3.66320319305532038356 4.63491711762961955401 1.17346994129800874518 6.45154451702831455151
3.38206333851881435493 2.44131220559000983172 3.05712138011359035872 1.74681707380099915383 14.49061853168374192080
1.95203995665873097920 1.60725610991496514757 1.68562585394405406447 4.18936259527399634806 9.35663998040339173201
2.55492381190137729519 4.16590413693776362436 4.31269469389527237979 4.88574398809614507400 19.76140454750046515642
4.94411972964268464636 1.81931047487862818102 2.41406362910279570499 2.57096896609942593415 19.61979414402174271004
3.94224095904694316062 4.78071163942169885530 1.05628862418459146255 4.77374202272395287139 26.95742369866631094055
4.03956717535242759709 2.71745856662071494370 1.61402137731996520031 1.51018665840520371901 14.15020066634657958105
1.65475114438671289108 4.28423618543155537708 2.46117264018883563637 4.46824402571298406883 11.02333252249375306064
2.07710729888864742421 1.87162424404148897139 4.29886923156348288444 2.08350161177781689759 10.65704487384302368014
4.93484422668927535938 2.43250557623768193238 3.36839409507731124549 3.79345282237375602818 27.76412238110372143751
2.86902530947859446542 2.51712139412275304196 3.54389161683464060104 4.50979024636457737074 17.97056228340840178248
2.76106143436184137130 1.57024973791213184882 3.15351283807522975167 2.45656302972476359159 11.85811739573402512349
2.46329107737268726552 4.76548790972718094849 2.35879715817209856255 2.77073628056375698137 14.76963911937465745439
2.30172252199320270805 1.46604808667442254588 1.81141570758347691950 1.67294286015498316900 6.60287998121609209790
2.55112541499284573021 1.99814973848621146857 4.28873682016679858009 4.19542901265462475635 16.13221064883491706610
1.76193847559824234850 1.56966460064294777155 1.95400013497714652999 3.83515899256881276358 8.07237222340799220888
1.89461439564458711260 3.93246002828854424038 3.24373921017393618271 4.89770289165424888012 13.39340686793823920198
2.80363298946890981966 3.10159962390003007826 3.60748061061366609437 1.88621939248702341629 14.34837356791477880336
2.20993389293638564652 1.55781415458367256122 2.49000222377227276027 3.12463775835138690695 9.47705025034299453068
3.86152181151434392703 4.02695725515171432107 1.61820614492631609238 3.26353999306302933192 20.96833692315235708747
3.81443380041920976353 1.45591048421935820301 3.71463135850108905345 1.57977863263180218212 16.36826034529329021439
2.69863125403590009554 3.98812268660118363073 1.68275529742134155597 2.10009122203438147736 12.98352165731227003675
4.19760740349484429146 3.43348604283650260527 4.01835410863167652451 3.11548982538301499901 25.75370621760278666557
2.26551965254450182741 4.52030909300505179260 3.91589895216832406533 2.57755747087654185634 14.75395412293135422033
2.06827466463544995534 4.93299970415724864381 4.65040545268031557669 4.58082132361894167616 16.92256730865117475560
2.76773796563203022814 1.00762512562104067371 1.13816501527312308184 1.95086356586986031658 6.84510150018591811971
2.74354181421250631345 4.17085329884031530412 1.09881792487310248063 1.40654731871993776693 12.44667045873291399971
4.39601532048888898885 4.65211923440251595707 3.83283362112376568831 4.47905777449297293202 33.01251958168630551427
2.76125668144777236535 3.94979961086681674587 4.54451745238682214278 4.55247318380565513252 20.84311115520713642013
3.55055224795470092403 1.55207574057370090159 1.15463403584566037807 1.52192327734814236706 8.73924229391774254339
1.51398911143642544985 2.54904043059571083774 3.26858456071527969655 1.98106086096088640502 6.95543376739812391207
4.24760673155342871610 1.79400338744964749083 3.66248616380785785296 1.39940986462006788926 18.31432916948368117005
1.09751590150337108298 3.27357586383220811044 4.01003600326670017751 3.24203842099748351657 6.70361246469904870082
1.84176374522788588450 4.31649441280769785578 4.78860770963154891433 2.31189262906413306453 12.61409660711858649051
3.07175123346122891377 3.53462623325945379804 1.09584211252708962903 4.99661066049772983888 19.09941966101071031403
1.04328212484296001250 4.05827347527778314884 3.69949514777822185962 1.82663911492526187530 6.03775212945954997679
1.88830994446959810062 4.04214706574662585581 1.29067204722970352293 2.48029206975812233082 9.28093022875604845012
3.75730133335004889972 2.99957190828357012080 4.78556087225299364718 3.53031238345510933740 25.02546879820978986686
1.81311723785107936635 4.20325741385398021777 1.28545817748214474818 4.94490683397981456437 11.99564163589906762297
3.02976406624606786622 2.37994428405786839775 3.29284131059728935043 2.35126677797718031115 14.22227991971324279064
1.01177307611865385795 2.47347991584790305453 2.48243414954473973211 4.28504954557201145349 5.60071295822102754869
3.97221049532371228707 3.00355439171488081129 4.92894572481417281296 2.07517707733518630420 24.36432457521518912813
3.84148027433662164754 2.42419803766422514713 2.43907038455058167159 3.25955390887300522351 18.20168274740968428205
2.23051883840226627953 2.91761183311359362236 3.78766647972634151742 2.83202472942506489062 12.39479073043649748342
1.40068514853138381682 1.54373113148468510403 2.93329603574471464711 4.44976403064864367565 7.77193872898479831690
3.65905880431966146205 2.96839322202017941166 1.39046997199358690622 4.24388530276566378063 19.62133480558248876946
3.74665792494898219900 4.27978174966438551508 3.79967905964442032030 2.25127004078058901015 23.04188823448675904615
4.96489667936113932001 1.14208936405528227453 1.31882030557030871520 3.10624965448971357418 17.68816616551776732535
2.82568746379904656152 2.99124160688980555989 2.31180353930292170617 3.84155141860248594554 15.22976845696689274234
4.89904066134608662253 2.65962152481094005196 1.57510330682007149150 3.38739719615223933147 22.46571897665775452424
2.96314833320458337340 2.57425628249795224178 3.01063584203656642302 1.40872893994944226037 12.45764819450966420789
4.53315643609161611494 4.00916043211869332907 2.84939528189909418998 4.48911581583758145797 30.18707178914107913670
3.19832014801345687616 3.23226914355988403926 1.47939777078744150174 1.00614421169508494458 11.81583776560841414494
4.99581628886208939377 2.33440264498483029953 1.62526551213637171500 1.90054515243998878304 17.09050831811048354325
1.21443459867470959779 1.38905381476389866435 3.71637311618612686814 1.88005587002282936737 5.33183949305889548498
3.88221396383413219766 3.77350979527725716167 1.25157022066813539141 3.21848441562306053498 19.85798782841373366637
3.17091051227117848299 2.66375309894093748042 3.69086871451515818876 1.59875080016078996437 15.29749787998991550353
3.48511683989712128806 2.59908697030662905192 2.57387893495964714674 4.73716770670562681289 20.85861025566256543584
4.37112690404354964357 1.83722741944419531990 2.20211474904823045762 2.91398697992144795066 17.87146023670575800679
4.76687847372461881434 4.59353944848121287237 1.76428807850971614002 4.41860244449239303322 31.52538405141702781975
1.07358331999064171569 2.89676285173355152480 3.69138591299027263304 2.33239754292013667936 5.62558102999541009837
1.19302091834318924057 3.38472862488967507488 2.29653815321396681526 2.50067244622107498486 5.71951673325563980654
2.02078037174664926212 4.72838829680355665630 2.15870777009549152936 2.84131820794532341523 11.97058923607067804085
2.29623313540893247975 3.05948472011643790580 3.68722724105624255486 3.64216113476018898965 13.81970494893908885103
4.52567924491780360086 1.09459576157347404646 2.32206862902753385924 2.32950320059315663102 15.68833597698150938982
4.47890502317023120327 2.43148669182272225697 1.87501409072091895780 2.70162927872153746378 18.31790356924381057979
4.46013162075595737122 3.07194190458336269245 2.67696009780121979560 3.47748349738054551850 23.89225273490956524824
3.48358468001471743847 3.83063846071061275822 1.56801350098838776503 1.31606684804571605341 15.13034734758773502961
3.65575453206736744605 4.27420527751431045260 4.16467844487877592030 4.40452331492947646296 27.11505517426295952532
2.18088154514144338947 1.75283050517458027784 3.92401980380165671392 2.97319673247930182924 11.39711356193188862562
4.37414857537444490276 3.21665046595460957235 2.71612523372407199673 1.69696514093149453117 19.85490902434631976803
1.49388171690897442190 3.75735888882046742410 3.39219716396318027307 2.15775656491217215915 8.22051235445059269580
4.09302450694308461721 4.08146936480557798177 1.69314941267408602954 4.76242261623919382885 26.59074450028971625670
1.78162903922786641786 2.52130922194626094779 2.78483205726245675038 4.34493418592288449531 10.23324401495961311070
2.61971435754395365336 4.17804007959137724271 2.18663966990876712515 1.87129183665332421427 13.29079622034710794765
4.46224621175186975108 4.70112874742234509995 3.28639763711783849942 2.83467963755564689166 28.55015761711767297015
4.27925540259989833913 2.66698735868950009831 3.35221099494541796560 2.46503329025805717478 21.14945054225363563205
3.96544902347561523115 1.43173198735553475203 1.41068619904121961284 2.41521066944538542742 12.46005331172435681708
4.14856722291097046451 1.69975631364878632112 3.09655725181511876087 1.70992866675513521812 16.28104896635718290554
1.26227166726125750174 4.23799700072759044644 3.74988798988881333329 2.49649770387180236497 7.80720682426323087100
2.30692728044891737227 2.29366918361347638111 3.03934641669585081658 2.90589363109665033136 11.04985965238206269134
2.94907596644756164750 3.27613842421332890353 2.97021836590337606765 4.05616191796849534512 17.69635529990858913152
2.49344523462778377976 4.09517814914804212378 2.54954390849140644093 3.05589442451940707102 14.23867463551875012229
2.82840277464647105177 3.08616380435216353106 4.21336032431879736748 4.37619008214558036229 19.27216697478372964270
2.30274889693222828413 3.01315521432666644230 2.79134563468915741780 2.80133596118627181681 11.44866864746922452412
1.48690750383807746005 1.93720438150585083648 2.28411157957901522764 1.59514356698800696677 5.04550672024203716859
2.63091261878981974576 4.46380534143324236851 4.00739215210865928896 1.75148675246365881364 16.44108970505584110811
2.24776567552798756111 2.18496470407596987684 4.37424933164187290657 1.32010946742210943938 11.38417690902270074105
1.91460367707408574134 1.52452161218714543622 4.21625931024811162473 4.43195093189475741724 12.07008400357938171510
2.76557896412639303563 1.25909326498392104554 2.01478334718175133844 4.65278587509909868913 14.44815428295184389640
2.75145433031163832993 4.72172394790978522394 1.44713867342205260158 1.65032752256946979585 14.32672211708302612010
2.60788478804870971217 1.00899731846777340749 3.84693699014701140371 2.16203616077146820729 11.80522362357203824956
2.52103185349936165238 4.28024839496179509979 3.07606043859242195282 3.14654674739581752263 15.47581571079833473448
1.77294693852087892338 1.60716768648916152884 1.39181640786274574140 2.79418809502240783615 6.22494470853257286791
3.45082199114088528091 4.07504848528485297265 1.45905571291952673718 4.06079560926044180746 20.48083193495821063834
3.04768571778529295813 2.89722591540152585310 1.54501367683840751255 2.47252625516780666359 12.52683040778390122227
2.55075426055102294498 2.41584955379557264621 4.28557917668265098143 1.22114444848154768408 12.92950933927289369763
2.81937620258003551754 1.76228756279425358144 3.52576368428251152309 3.27793743429949779866 14.45368020208090698020
4.16023425967741111720 1.55063813548983775448 4.79995123846877014273 1.92248608509389029564 22.45754538833957880684
1.53906826537915408792 3.13212502811398829650 3.53575108907998370000 2.32639100084212291364 8.10372248378322090900
3.09645908824047300101 4.64814397381378263674 2.58792853542703804592 4.96838351089461838228 22.53989357657863834561
4.50223841534155688748 3.22797851390727519316 3.50215758607845550898 2.17559471684606187125 23.57478199751971459364
2.84181089410922149696 4.01357788587091413035 3.06485970552755171425 3.14811449862676973055 16.91123372866039176188
2.40073902453215026753 3.67161255905850536507 2.11311300521152700682 3.64055339028756863584 13.40971553047172726281
2.78074074148197469825 3.79659755444452606810 3.39054906534045086275 4.81362688364627899773 19.48126309562760738459
3.39214208829172081394 3.96479231598411185900 3.63668009363270305911 1.88587456494578509236 19.33864431678028950046
2.47059617095184691493 4.29764077074018402413 2.56385704331689279201 4.32440845394315687145 16.34026002717332559655
2.23936134756456750594 2.74302226942427562761 4.91634686719085234330 2.11177034451907008616 13.46491530489119980984
2.63902877562854687454 2.66704201000677043609 3.83256420908347861243 4.67601429791067957353 17.43892324132452387175
1.01084072540467273527 1.60205908133461560894 2.53684400640285145911 1.54614232354169089945 3.41190220166931279522
4.09680736769185127599 1.42832970495597955107 2.78733128471880631238 1.11688777611727019234 13.62259587036151486927
1.10095378208916461205 4.83317059476864407941 4.61200106506396600992 2.93653954628372027003 8.03419891571621569426
1.77102431439046092976 4.01210445330133680386 3.81849456967032541144 3.05431858350187024342 11.20188558010074686422
3.46529925626023027618 4.78797943620412347343 3.45058353533214434705 1.14241605125061562731 20.83114381287607130844
2.57222231895031461235 2.35079904785929194588 2.19814940935543257083 4.39087062146002260477 14.00334976992027158360
2.44168080404533638372 1.60038216286644585651 1.02717335041757928948 4.45258712211224505495 11.82183081571586313885
2.27039613219967861824 4.58234308130101908318 4.70455168668505585572 2.69274335438237555351 16.11526174419793733250
1.67949143690248314797 4.90194950834430809294 3.87596535819881804485 3.83058112765113412124 12.31029052787498301313
4.99716566215511015514 1.66297812211651985237 1.85817917177551938934 3.40855154630398926585 21.10469943004204651515
4.19014764056187871688 1.78424715664666466708 4.66205983668103041140 1.31351620570905769370 21.62849523184995703673
2.52883019962295296779 2.07991705252468817022 4.75696911997468419031 4.07819245397058161018 16.69534843949802649377
2.84432378544643871265 1.49730216462379628339 1.61757386570663941328 2.02595445149462793921 8.51538974450088481660
1.47246258884802161404 4.00984121177542718328 4.46450303388556868356 1.97822146630100315079 9.30381683308338658378
4.48978923240732008537 2.36782665994968599676 3.14681044361389483655 1.67782412713818240846 19.21929412302992190575
2.92986935339652987409 4.43859935524423931952 1.96661714482244365243 3.06994831179760030437 16.82911699441079278472
3.47149094827352611148 3.04528205947593955116 2.77089764168291674551 2.89629924638480806820 17.47514403495118529008
3.16430114595101930064 1.40355965690369144383 3.59412901059727341035 2.42065333123776937896 14.41314184043379853506
4.82512527781561573192 1.75776744180289323793 1.82626212400173892902 3.38616905138166091049 20.40926500928884834707
2.39118155480850536065 4.68908160636838644564 3.37596700402745542036 1.71951422492659444785 14.41495170966580730010
2.87565508944749659292 3.41969523525265595154 4.81338976482942904056 1.20365806857526447260 17.32849553617463556066
3.02519413471312548225 2.42705642316944159020 1.90217953414231333298 1.84886238133147307039 10.87690112754365578951
2.78060403491712548885 4.39055565794268076729 1.98194972543919911701 4.91968940149802769213 19.14551334276706739956
4.81007421158762049629 3.67858020014258935149 3.18170362323201683097 3.59222391935107232541 29.08375600413720363235
2.86902492942550901844 1.90089871975808799576 4.23371994746651481023 2.70108601078047083632 15.40579998017957130685
3.77166039118210161263 2.17649978367892460440 3.86107012262334681196 1.31242540863369061555 17.43448710465703754835
1.21451205412841956033 3.24759268809809364953 3.31824542312084869167 4.58199130391115794225 7.92251592554072114893
2.36775538309895505762 2.45324820627906259318 1.66107104497560209566 2.25332471812895818175 8.81334916814601676549
3.49036386433344913982 3.89835513829740021308 3.26951607789454179454 4.28529114004802913485 23.21830033502144630120
3.80870562531208811663 3.50528325237662530256 1.14085900567390563509 2.96025252577117514718 18.00662610755660253403
2.87027166397720856494 3.97383112137545246867 4.76302344713760916761 1.64010609577532129322 18.41624861536994472999
1.83651194954923147051 2.02120182939982484527 2.98050941118408507791 4.15972470091996981978 10.10448854160136100688
2.42240925586372890521 1.19043497889866722872 2.39432017266163033042 3.74574939650885374576 11.14849036498463163980
2.61133206831596842434 3.63481672930565569146 1.51031247796206713474 1.96108116826491896134 11.48356125161204843721
1.42908021057355849592 4.93896200844089250381 2.96519072590878352003 2.75485542794149118606 9.12542748604422548908
4.91053921835441631316 4.76964785532867097118 4.69017108575431684869 3.62228377174546434247 37.35503221373036097930
2.44816287029843948631 3.80103335486734783544 2.88447860463433691791 4.09795286914089107455 15.39839742272754818941
4.35037716859031853289 3.17063567177455585266 1.33831638525767449011 2.87645781528298449814 19.51280237943464612727
1.22568051897891905355 3.08243728057555355093 2.24388716362139906124 3.00963361445190225041 5.95362167892065663466
1.93513845456409194767 4.19908667756498488188 2.22977395950984291773 2.63761864692912917363 10.52139831140759085315
4.00884131872040061495 2.85474605366095079972 3.13372013355768652687 1.49696853017805020514 18.02226845236709706910
3.16377102490402650758 1.05405287204059572304 1.24746291161184874596 4.88082958529056831765 16.28333924047614189590
2.99457420383710948286 3.93942528717849160813 2.79853951707979664576 4.69429244674021894923 20.17447032458961331258
2.53324826997221119740 3.79304086843807786167 4.95788509539712940466 2.93487601667045572285 17.47414033595200777427
3.29721180405844860317 2.59598002929859106303 1.09345033756628717825 1.25372173663349606443 10.16619972144791006485
1.75071353082112635136 1.22270956164724253767 3.99471299122201672915 4.75229129721820164889 11.07760761574215990777
2.39602771837273564870 3.09792456280896866261 1.22186818857583912035 3.50414750139957442698 11.58279257473187051630
1.41910682366028995105 4.74605197065877248974 1.74381604922667765578 4.22837140345665662977 9.35373649709034360455
2.36989078047916423841 3.76065998631072950786 4.73763930187132942251 2.33533071785666823672 15.36624448946410659289
3.33488180960355906635 3.85185428264007301280 1.59914733681545628841 1.46538574617699435265 14.74206711969804572959
2.16750876045354345933 2.39178422491301834185 3.16112220063671500725 1.61497798588818675114 9.27771716775095356411
2.88703709710377598441 2.10875977949920345722 2.98254616599318067571 4.69530057518076127110 17.17442460171842455452
1.66561708169847610961 1.75113009241124251147 1.31013082401061220494 2.01237848850164580128 4.95015303509866555487
4.49304951228414317654 2.81219553888338635872 4.36338689065869989037 1.98636927094445336905 24.97313221473952538076
2.03945770563437367429 4.83785944786079191715 4.79289702783160187494 3.96374065828905308706 16.07009667627708893178
2.40960102546072274521 4.79018604743513520816 2.06669396260458082537 3.17480489930201548177 14.71563931537938074712
3.52071168693260672100 2.94800655228392693985 3.57580857646343419631 4.53895685206728405348 22.83834380061414037755
2.60956066818941545549 2.41724004160746241965 4.06471484941981930916 2.74764834603609697794 14.27277675489729524827
2.81602353023060159032 2.96121328184056364918 2.57708641030083596135 2.99193011503056416345 13.89923840844782887416
4.84296720296637595027 2.49857415930496706835 1.96408466419694871519 2.44674316857720119955 19.42449699774931914931
4.11711886692939899035 4.52895029903924495329 3.31243799274653971665 1.74401279184345670004 24.19143404004001496332
3.73524562892273781500 3.08749884159096854574 3.59975313425568055337 2.36967255202150006710 19.80251654326549370921
4.88888355083134129586 3.57589521409291100085 3.88335114832117378469 3.45944930828566787895 30.85626598700893552518
3.63040970909285531931 1.12091025746304673305 3.38912743994995269148 3.58403664223993700944 18.36425563153689566320
2.05427591730218273014 2.60298685410731778234 1.95247942009939823294 3.01105790629998981700 9.10723005999371970631
3.02746088598255447266 2.53905086087648257376 2.80192775930416404506 1.67259901846280323312 12.51743085274834754728
2.48986586941969578746 1.97501159797259084883 2.54721436406934742536 2.76036497706067329716 10.56612554914290313945
1.67117825878023218422 1.99332091663345334354 3.34239781608054098427 4.23769616417539474185 9.61516157681164962412
4.06579722864745551902 3.09693898589100280461 3.60170131469347953868 3.04054017878997573376 22.93058021708790050752
3.11744919223680216902 2.77445641772636220068 4.25497951060192569628 3.56852510231837039001 19.35251355355445568307
4.20683498013778667257 2.52590147681641497002 4.12061116908076296994 4.06954271626697483555 26.58000474251377198698
4.00155385087523463028 4.46161012216785390905 3.22646435536987530313 1.29594616404006890420 22.63462004466970611816
3.40860719417247404195 3.30667493383073907154 4.27330216119382022555 2.68178682932501599723 20.56133088003673847766
1.92305319386880491095 4.77261549805816187586 2.53954143877295202003 1.52366146293835535985 10.80144479637660204219
3.38088191047251607202 4.78047567228257630489 1.86309703041232044285 4.59179040296508311769 23.27869586213604691238
2.44024495139010833000 2.86282522067306777203 1.14926381555007095514 3.13040506415947206165 10.72487279343459398717
2.55327957337038036201 4.97967061311198122553 1.34707231426153839493 3.86901215659803288105 16.46439293674003323531
1.08000650125036834481 3.89431166627890235077 4.66105729406099378309 3.08159099683353243648 7.35573403755861754405
3.68628789348733265641 1.87177640728984151508 1.16278099431154169352 4.67189173091869847099 19.04144470195229033038
3.30295903340888763466 1.98824914556286636014 1.48085494081544855050 4.22763426989064505790 16.18751800150079489526
1.46501518797749241685 2.95714409186032822774 3.37268650936121705541 3.10529560532368220649 7.99240325014711050500
1.86090642401737138556 3.96312985998538058752 4.86417424182945712374 1.05017653009736067204 11.83826998465730895305
2.79890048868990737319 4.52216050395195701128 4.68364402443164440371 3.77609027794180462934 21.06538763149128712371
4.16937631203265901547 1.69301474455650691198 2.40891989404862894020 1.97482026872120375316 14.78166454556866682424
1.83073115543270148464 1.40091405269330149252 2.81601673442879807396 2.97025862046372113312 7.91988489562440545200
4.12056409255825428772 4.50137564175010407297 2.94016363682299530780 4.74901791385294558268 29.55915768033421997529
2.82392553417884473177 4.89179492226344336814 2.50949401537361094228 3.83743590208311191603 18.93360090339694679074
4.93013610641690824821 2.88037534758436386539 1.87224623591864958172 3.94568037367825219519 25.79279367927777144587
1.08817359192411533542 1.64568253709487866132 4.40371278249617859046 1.90424632097306556489 5.51942320462013125137
4.20647210668954940616 2.06518691623082695230 3.06678229214133768465 2.64039483007449282681 19.11138535956160566798
4.06048381252867862656 4.22871446994736110980 3.38135460833363321598 2.49757377230982102745 24.21133396083424926815
3.58153342268611440957 1.83885891439045057183 1.89957035544305075092 2.73371591332649144235 13.62064851885764049655
3.47874481933022394742 4.68496715328373092291 4.27184750606712793086 4.42574116021460461923 26.89787071248091265829
1.82986535568654495876 2.09884293208862793279 3.41510896715376910393 2.36227469947848645049 8.51397881195661732079
4.81435239838067818852 3.48754006993291509886 1.85853558993841438962 3.48013452133073108996 25.35131488402766919421
4.53552530632513928310 1.08764100909633443237 4.37732193053882667755 1.78366740036082571663 21.99864415790429106323
1.14857169354592469901 2.92056099338743324623 1.47540181558544070128 1.34638730167720099828 4.06393910818217030112
2.85159414456504167745 2.56137412630351146703 4.29805772943287767163 4.39641677179319412261 18.99307658864350401018
4.96460213519188542364 2.32474199203678111303 4.41671845726141931721 3.10604387353873656608 29.18550036064721808771
1.71678763181718130326 2.46493962555371126655 2.85655571952577291839 1.95090046164027208775 7.29217556907246500231
3.17523851144586233275 4.79316327835246003275 1.20773755611390321008 3.71443727614865881748 19.63265364921550570898
1.20560225430939338409 1.73109506565862414362 2.01061615031882690019 1.51920996756656512261 3.68592386660991078173
1.15850136000675663084 1.55173086679417515654 3.34833927736767433814 2.36963685403806101348 5.08084719779395577177
4.71766241338936609395 2.09703407286990017866 3.40298509702285967293 3.92412767200593526340 26.42591661408287961876
3.31516734303331883638 3.47101837662756329550 4.97065546713791572842 1.31257820826982696261 20.56426010951572891372
2.29642380172094151547 2.39015562894582878073 2.33457924790685700245 3.15710927854558187633 10.55616919701690115119
2.76737081543968255204 3.41934831775552616762 1.41421582768571507671 1.54385672327469380960 11.09554988320695123605
1.96825345305513943472 4.10140346070313022153 4.07887836391352642806 1.20868369321145685547 11.63097495535023995217
2.75975766307061487481 2.53945809014294843209 1.64019814110088413273 4.18943213328746999480 14.25767812050612270980
4.33661294485095805129 2.02981462571301696229 3.52113804004615404963 2.89114028188084803972 21.62976844552727229143
4.65909740747264145000 2.58884636396313361217 2.43799195028779491778 3.08946910247731532095 21.94763740113920036379
3.36969220346004005862 4.10949188506717533187 1.58782328197805000514 4.19057628196456022351 20.48873612774239560963
4.96370686786202242047 1.44120236825630776423 4.56705766328164308732 3.42466254999456420904 29.22413498780061757998
3.62092589352800198199 4.07889940373058124123 4.87188818451902783124 3.12281528230899407816 25.63571807918803102666
2.18310750037780421096 3.82087035300483313094 3.64848724329307394498 4.43546113862050361831 15.05930038700493156512
2.95313573011332319851 3.82745973658575655563 2.79486410994678946551 1.52548788233645638002 14.70288748747979212794
2.52685670286720576172 1.88610491729985252363 1.30978722258347657359 4.88467061916054046122 13.63869387038563907311
4.25268730049347709610 3.20024574510209536271 3.31804219476905792874 2.44660693141070151313 22.19432738542257510517
4.88605410138974782797 4.69464403339127223092 3.86408843585132677489 2.59586318730877962935 32.30319905621985299149
2.59918311554954151177 4.30393839507184594595 4.24690005446694485158 3.76534568301853189709 18.51411723746180371108
2.04606014986651985055 3.94612896356409548204 3.36395453545545519702 1.96570640834510124151 11.34634453159691780399
2.84889720052726014288 2.15633599077714066539 1.84139935120382514100 1.90327928062797457898 9.72931074236428727886
3.70739444575349663680 3.65315269379806295547 4.55792497342260105597 1.23002306257785898325 22.13074186018881661653
4.77186365310050231159 2.05639572794104363851 2.58069571989711077364 1.59010514287509119313 17.47908849167271938541
1.30670854947845738181 1.53068096157018418424 1.54280237896634186967 3.08314681100773890776 4.92908368469820334923
3.07885662330453335755 3.59655222571536770104 1.07275245665918594895 4.43660564344950358873 17.89169529784293288799
3.44527256898441969213 2.89731982441473423506 1.95854167539053225511 4.56221016598582096435 19.80480684269886992865
1.89394262210466735041 4.64328118036986481343 4.01399832274232082341 3.70777887630224167737 13.58101696018362503082
1.16250381354360676767 2.07388274334706279589 2.81922431239842019579 3.85622612026484556935 6.05389922523141787991
4.75352772909659648803 4.00972319732346260679 1.82999485765175951002 4.81430939279077207971 31.02722487800415862580
1.85113970866900068302 2.28400680290175239762 3.28168940079392568165 3.69409289425421683006 10.07681544725423350428
1.35437121148258432513 4.79947462231274535327 2.29394369872349734862 4.06907582819113500250 9.07069959199349895584
4.31231853896485883837 1.63299135271723550034 3.49185775284164323651 3.62677299435588107457 22.82402847481364105420
2.35832742743351930770 1.74985765092153355837 3.78148529292126278634 3.29066931093255865548 12.52139447162381280521
2.40129028359704399520 1.95430587196968330588 4.94019420836012734810 4.96930312579540789386 17.46826102784250878130
4.04342834933493833205 1.24358477632753094966 2.56031440774912955050 2.50712177628795540585 15.33700279211160655279
1.60507258431297561430 1.48608261486145698527 1.97325085699687852170 3.14565324793899847577 6.41974756685975567194
4.02398093577518345398 2.56223938525953354173 2.26375150319477391747 2.15236536399548317178 16.25724065059247180898
1.09763228098488108131 2.26512645393735168042 4.08058143635470038646 3.84017780259515628671 6.63399618386220257804
1.81665322531272277473 4.22350769952317151024 4.53718106791919595366 2.79827248087409463650 12.35515971600534790298
1.81200001100656526987 1.99348098541568319320 3.95034199911431960217 3.81230018605059672865 10.58319715571880514915
1.03643036858206771811 3.28549567701514577678 2.42177757815669236763 3.42839235395290797825 5.52460773015731465563
1.15454243222503594168 1.12383783560951489022 2.03480711705433758851 4.39868904446287789511 5.74399849095314163350
2.72910760470724245152 4.91975645895829316601 2.84909970794622546819 2.68053982964912540510 17.15362268267690737389
2.27517454428107646081 1.27146483138890920017 4.87658114827997035690 1.22216360499729193023 11.79834321684916886852
4.00594451160637277098 3.28181242742424172931 4.19840875856899131691 3.43271026675707613407 25.39289473603320601569
4.54168624474831794657 4.12865646229679317258 1.13319860316344556139 4.77234472843856316615 29.11827232804034082392
3.20123606577855035482 1.20543701401611036417 1.02661114732521241422 2.90651974205256546924 10.59549456420624302666
4.33997657853086415969 3.47220029983934486140 2.70973776798542109745 2.75894618392586021827 22.55562184906669997986
4.28029658552452474396 2.43680179044066003158 2.04906199267797584085 2.92827048101126363733 18.51515304287668328698
4.33319783494260946100 3.04972553969633208837 4.66240021536572335492 1.10176766309741891448 24.60886098835578650323
2.77745950823399079255 3.73876438870580329876 2.67551629847570016096 1.81811022553217904729 13.73151695015581097437
3.48573993287423533616 3.80430022008446888648 4.04070300428455375652 3.38007075379145272009 22.65056747041487739125
1.63182107431718348423 4.17008748924664018887 1.01709188519853155341 4.54328182088545151629 10.19927533801613783737
2.60955692952660545103 1.03761113389915582417 3.78066041430970489756 2.21885769983436720310 11.75557158801228929690
3.15113512503666015618 3.78352594694930477459 3.14790404544531110531 2.12066643118288578052 16.88773092052223034898
4.64841423387971452996 2.63137032847347640541 1.58482929758216251059 3.87538352500352445418 22.98705049508632569655
2.73544989585492093198 4.60929831243384224848 3.69613266608267787561 2.09039238277932248877 17.14338725997177448335
1.71349641432174193412 4.00489978541834723558 2.48298923733176124529 1.88126395437328985949 8.69396604775496761874
2.76864352505192945486 2.80540662143227237380 4.89938975031830814544 4.88767535808513819973 20.67487154932417681152
4.89720503490777936406 3.00541789768322731291 2.53982659582117831221 2.83511311697190304670 23.75074883565101302452
2.45283463063083218003 3.66380570513979586522 3.88178824557407731177 3.89644779221876769171 16.20988898642266562433
3.81557290670751303452 3.03872032418918180952 3.48065415967358315896 3.90016839067255460805 23.07083817313310092345
