3.70248016600300822176 1.45046656193510203892 1.35390073594977700111 2.04799619678719135862
7.94784459956877764597 1.24372393899130306849 3.38313606218573514894 3.96135139353023779663
6.54710572020852321629 1.66716092910178992348 1.17787184235111652697 1.52818166194349314146
8.35741838400122460939 1.13965779822141488609 2.24572417813036340206 2.57602539143860287396
8.34182136642146332406 1.20474776751024670318 4.65475502045441746901 5.38344651111869687554
9.00851203944421463632 1.28238724973735451762 4.86200992756344874124 5.61127619833542290451
3.22119785500393174260 1.22316307022917492020 2.42726513336338767246 3.62009823235568362065
6.92364219082225318402 1.56228119937706999565 3.50014583848581484204 4.40350170149499398065
9.76146224886403857113 1.73339989951321360451 1.92340867724077080325 2.30153766352467181733
9.80199370142311465770 1.31101896523854821730 3.82348454589288966332 4.37417817652795815064
4.91001248819834401615 1.42214533861185299379 1.60854681296135737512 2.16735275771361735053
5.85271213655296218548 1.16637182425955954201 3.18255148175884983175 3.89492182032138289927
5.92569184419810746078 1.07666779791930888877 3.31234918328059091408 3.98044062961751299312
6.10513530343822630186 1.42603821737983693652 4.97300644237126476810 6.30912774077168680975
3.14877553850414759751 1.74110335821031059211 4.40432476238606707142 8.20876122127192431321
7.42099480949229572957 1.91708757435317167506 4.81450818349303411026 6.27112167213243321129
4.67801159708106339963 1.82344654531194283464 2.83126084884354112248 4.27282687603883815086
7.74094398747656420312 1.06037604012448682944 1.12777781509679631000 1.29446633660532639531
3.50891889579245486175 1.40520481593247126284 4.21763501210092783822 6.44612436025688584351
7.61322713552563534734 1.35285829257142786730 3.07611865345340618205 3.68132837937694068486
6.91843666342173335693 1.94901356466965758329 1.30298444486255826646 1.74054647359318526156
5.91875567701878946281 1.59579926835877161651 3.58273797481472833226 4.72363412061517973228
9.03936325156592701546 1.57102183318638677356 1.12441161344084328277 1.34022839132874094226
7.23890030818032492732 1.93176713347205764038 1.34095707364647021009 1.76272821096779663819
6.22068083112700165316 1.02415464355067165059 3.73658616716598901419 4.41197157033354070421
3.91082734733969594743 1.12671986536741575158 4.21330127064906534429 5.66746804767950695947
3.65408270429815029701 1.24619333423462319566 3.78239226783413329258 5.39583393144070111447
3.22268377207054301792 1.53857549075772070957 1.87032578645828317931 3.14480101624038388408
8.33718254934303537595 1.82744944428001510062 2.58468835892705683932 3.22977616457956306917
8.40973663072172783473 1.73762706015985513019 4.64819937636604763043 5.73231141941155186714
8.34790599837079483336 1.53212523873605066527 1.71445543439712677625 2.06417994030892559820
4.21265843310129106669 1.22197931381095648007 2.42867396507290411733 3.27393165070213720824
6.36019217317920926291 1.71608176961559522056 3.62408078979902414929 4.77916608795792274833
5.64702732614118563248 1.97500742408428697772 2.58114347444378067209 3.71873383112282906993
3.39857205023774877617 1.83204179942607625620 1.95837286260352216871 3.57851069256956355602
9.19789659335885367852 1.77770512990278795051 3.08806444995574080892 3.75571794819165161172
6.10365570355797260049 1.65152433994422587205 1.92999173442249016830 2.54722557437887875409
7.92912430183928851335 1.70982865500148095705 1.59061159309630406611 1.98019733924030583161
7.73325320989424547236 1.55151179806885886059 2.52508480992356032502 3.09461061207347132296
8.82789535632488053807 1.54207233707983215609 1.46020831382112614705 1.74206441573601389372
6.33722362930348026566 1.76900725139343384384 1.54949051851198316143 2.06407310214299322126
8.29832650768091184545 1.99837864156641131785 3.27270123006267343868 4.18395514830363612901
6.34961794774568666355 1.79918397969034415951 3.44721832028277841431 4.61306168131648508535
6.69471150421827942978 1.58032489385530294790 4.89389172558610319186 6.22504558087060022586
7.65822816689729979345 1.63911069432840683646 3.99041665577441895252 4.95942314924766236572
9.06841596172536057452 1.59710017875629084472 4.56242328587442536048 5.45114792528374714209
7.69188339127997178224 1.64728576902477508170 4.80357367009309221828 5.97083236963044239332
6.47914811885579755568 1.29859729085901687284 1.36030982677313616591 1.66677403904812360125
5.18016176853902265975 1.92797214213661183280 3.55999311915998317701 5.26306857786031745405
5.48946710303829554789 1.51534275563788023433 4.05789539793702402903 5.38738853287117791524
3.83635634995204011233 1.03135908206903570417 4.06442736390420211734 5.35421413157672798633
3.93881019780493923932 1.00854995088545962290 1.04847998132948028172 1.36236604038329267574
9.57327233864890914106 1.32371635650579122512 1.15788546067387310146 1.33077172182368208553
4.56620707005816672819 1.60264798119215345906 3.28352876716499419985 4.73735917368680503614
7.05190724177273775553 1.81419221136452346599 3.74173672262276912903 4.86820202376280342094
3.65591162702911853799 1.45798402062511334165 1.30187105334243913290 1.98580778822357517654
9.25002601208418795409 1.17744539910793988291 3.90233977104722651319 4.43515077756940900855
4.13181307067764613805 1.45556218508965251601 3.70790013503996496169 5.35757842266219341809
3.85183347476780379992 1.32768252989459067948 2.71811186506829471909 3.89362619375859386750
7.58908845431822776106 1.01787230586127286358 3.81394044779223095887 4.36491652505124339001
7.62422972821955458045 1.65174316174599788987 4.12908976078410283606 5.14584225086111590741
9.37797086773942112359 1.90239812766244664743 4.09582522231148082881 5.03130717902585100632
4.77368879402585655214 1.67330192632956342713 1.05337743548507667413 1.51898886148845679855
4.79222555770423497279 1.97477725746881893620 2.61166874525826919751 4.04751337484924711418
9.56489837668761566647 1.67948041096840583464 1.42825185893982720131 1.70553317940832038779
5.90326888656253156995 1.85247976517944978880 2.18464300027151425709 3.02289124738816106230
3.23686105038588234351 1.23899304667091758603 3.91013995454304152943 5.85257337121776455291
5.88033371682735506170 1.69077025566922900524 3.64450274257419115642 4.89929398019986361845
6.39768888442456074017 1.73394696888677568580 4.73175485057016054213 6.24804203114225487070
7.50871374145768211150 1.53249791828176196162 1.24325269941005922547 1.52918346214152967022
4.52659002260340237456 1.81191055859932781402 1.09892206723987362338 1.67919403525815735811
6.76938269095859190827 1.03267650734235139076 4.38275392726308599123 5.11117092413862117439
7.20068343361794838131 1.82608397601095595597 1.01559508635723005909 1.31617508420431117422
4.08544584687027612091 1.71875592622085782146 1.72105804667733064406 2.69523159057966088525
5.74994978272426848775 1.50292781635783079253 1.83751410143450355505 2.40128440927170050401
9.29755737910414481462 1.64672811114866846083 1.74375709962885849791 2.08557321358841374348
8.53541339618485928042 1.16579624128493408719 1.81398240552825962268 2.08124664862523456321
4.28286466591004710835 1.77748990493336300744 4.05829383161479917419 6.31184253755903323935
8.16962513110195587274 1.09838389696813099050 2.44114883109872726763 2.79472870429712161311
9.29633742630386095129 1.89814315458224003308 2.40983857252059330278 2.96433348268054475128
7.36525762075254419869 1.37225521911647696527 4.39151534337792881502 5.30256611315353509895
8.35513807291622789819 1.84171859484643118954 3.45592495250095410597 4.32407219150372412741
8.68551279010256038760 1.95082679222665045238 3.87667043791974696987 4.87187687319223794447
9.66510242786726792019 1.74766302455857047704 4.60243743329485255344 5.52574660136163497981
3.52086384878609415239 1.37603392128038759523 3.29619589226854481367 4.98054768137568526498
9.74545531589596869537 1.92952163275804977616 3.70823950906075117118 4.53216131743547467892
9.34163830861470501077 1.18346202257450805462 4.17716187501419966566 4.74458121465097004688
7.17889183251278240050 1.44016831846170534348 2.45066517191062871461 3.00335233431497483636
3.68936395225119984076 1.88971707652030396218 2.54147953640744139747 4.47480694343554930015
9.94506025109969371556 1.09478238928550331011 3.63055679389043639560 4.05486335529841301906
7.38006387362761717696 1.08628583802323208651 2.31303392458101519935 2.68271410706114865619
4.84290590323243286264 1.93828875853187732048 4.63927863438575371902 7.08857786813743917520
7.30136447256911491621 1.53457117037731061160 2.30480749394224870841 2.85294721644644777570
9.72704550682929003358 1.29587076636585774025 2.53864143388699803339 2.90272285993806411497
3.81551541264024374200 1.51239199244704414227 2.29200249466366878792 3.48605965304654219494
9.66110024553467461317 1.32489212464183214735 2.76798538471458055454 3.17759954682176992691
7.19927250472309498974 1.06264698335990637190 1.00652216038152308997 1.16788211958827248260
6.83346006271669992316 1.75607624996876654500 3.39290339241482330479 4.41302468680235104870
5.25847036175171389516 1.44545928827289693608 2.35461387339578820388 3.12212573728137954276
6.26433623918401316644 1.10896235488210859188 4.05125873344288667255 4.84496682378802301372
6.83087452979012255128 1.91067589857146025167 1.27902598081047624845 1.70483472246555689544
6.66086819686780273742 1.68605935927144923170 4.19703500266012596853 5.43647899911908805137
5.62043774694880760023 1.82964142418286357383 1.81946118338161655359 2.55069196083471450009
5.51749926750538222109 1.61620592822649378206 2.34061502203031546188 3.16506959430755063778
6.28463767623719604671 1.82295479272705152063 2.62103303507057239230 3.53320714807386382361
9.60916787523901305690 1.58728419384816921145 1.96769552380973555827 2.32466260827484072493
4.21109623920293696386 1.98199623399838520399 2.49410406096869818882 4.15722543216276196887
6.05648315889049904115 1.55515335635760054700 3.53569504266627010480 4.59772935636358504041
4.65860079099198642893 1.34330538946837085845 2.16477401370408006898 2.91270198333124641366
9.78116729860121303375 1.42006234089762983785 1.13426048284725000670 1.31284608850507322764
4.88679938902759403163 1.37405393919194374064 4.25674215278181833355 5.68290988001299535171
6.24747478731866134893 1.15404375354824173527 2.64508036372358645849 3.18855617093692789155
5.66784987314755550614 1.71978730839192150981 3.28387983286612916700 4.49208559142642904760
3.83626414918702085544 1.85746615992025621011 3.47157227587763816956 5.88876098530718561364
7.32605168767113301698 1.04301216588590373036 1.90670097715411346329 2.20057479376430853435
7.31751124502170657848 1.64000047950107785688 4.98854017872850086235 6.26596816282416835264
3.25313982638916998624 1.94806748123629813740 3.47645382328332619437 6.94018829823514327160
5.26735404421463293545 1.64088236065724180079 4.65780096619041827921 6.42868841280092784274
7.06722761085529249669 1.34458543265558816415 1.98356980939612714820 2.40488326211066283378
3.76272105318955230047 1.00298582640983502401 3.54460355131474935675 4.65798003989158093674
9.32394125047079924684 1.90340644795774682763 4.24854951378485967695 5.22590688362030419967
9.85436325083521680313 1.97498667365676539021 3.11375098212301670841 3.81520947866304638296
3.99447905416977233628 1.77538307413834495208 2.33060265622463225199 3.75805309467269399448
7.36838663396050819188 1.41311809325847548280 1.88707483401976805482 2.29151612535464943576
3.27599799640993971650 1.05571383720168832099 4.40604257993766701418 6.15423659573650816412
3.82984684287155330296 1.06297206115268694226 2.07523490549954292561 2.75963778040110785383
3.55136666286516300417 1.55177358612066007559 2.04731567395645708274 3.27064005528495682640
4.13252303773613505200 1.17344061226573437295 1.14480981687219385279 1.53298162335839838200
8.96678185902291957632 1.65133547719721951452 3.74201252096831149530 4.50825611765882072746
6.13097161306850502172 1.79636535101108307799 2.00849584096731303973 2.71618764367371889890
7.30489687918891750229 1.49051292217121300610 1.63497873445170638362 2.01088990672123912873
5.16767247868599977068 1.75622426749888616015 1.99547265281444730078 2.84283517457897572100
9.41549928452087314668 1.48083794287736636441 4.62420909609157071429 5.41892990998843426809
7.98949405865358297518 1.09454946800865671186 2.04933577260582033830 2.35227088985542209798
8.49825775288060825119 1.80872576639534621279 1.02166500034773033434 1.26816697489246954511
4.19495717153608538297 1.46717388258224978870 2.52907792421322730192 3.64373879932495947642
8.30729738993721156248 1.58359707936470539558 3.62506821584814931114 4.39672996892190059981
9.34105899586670318513 1.40563759224925943769 4.52755844617566260979 5.26885882150108830757
7.03422344782636255189 1.13433516619071173004 4.27687653428234959563 5.03242758164262316001
3.61263535871625052209 1.80390130449788932410 1.54241506475114675823 2.66916083764778022669
3.46562053396028657559 1.85303248942482268191 1.52873028176734804262 2.77632292973991212648
6.42580286790323285118 1.52013585814869145452 4.66342364533949904626 5.93510550431404038108
5.45667639502423895692 1.14592976009258373793 2.14365136519391707992 2.65298993377925196313
8.91694586654224252698 1.67273648555553577921 1.40397724317925964854 1.69748536196244170782
4.91139140422928655028 1.52407945410610334847 2.47434362564947907259 3.41053553759442529270
6.42814874482882459006 1.48815166359962058884 1.98488667856519596100 2.51265871545331354042
6.48455501039186366086 1.56991310808640927021 4.29002350289255574012 5.49202069802310877122
9.52232571672037941823 1.18356321688825771865 3.89570629565942150307 4.41414679356750649930
5.22452745240865468190 1.03156793376047284383 4.81894163472918179991 5.88630840272258559764
7.84183891401958454992 1.20222040665250040625 2.98176421605626718048 3.48003359281210178366
8.24700287562857248247 1.43022870507400789997 4.70702926077193062326 5.60832291913581570952
4.71455425977269104720 1.43927447767705474213 4.28066629179783930681 5.86759153586861526009
8.41701574457636425564 1.32771683664518813650 3.77261631449372636382 4.42309184218574547032
4.16761897159824101777 1.71581708943619037910 4.43255931053225715743 6.86637293128005854470
4.37086990933772678858 1.02414225813397941067 2.16317170521410240269 2.74648367481322397410
9.57514340320695644948 1.40238770454440153657 1.61570653829123678236 1.87253766535892185452
6.84043945745265702385 1.28905407476216149476 2.56299388550024653810 3.10154885347853115363
9.85457824208587140902 1.66692895291722065210 2.96258886195726134360 3.51436137850502294810
3.62381268590898386606 1.50477656449533458982 4.12507124592555118880 6.41743136868753794033
5.95367390326208578699 1.97906242775924257060 2.81811600748662094418 3.98128287183451368136
6.26696221464965930181 1.59232843475094654195 4.07610759695990143570 5.28522545531590282053
7.76272562387187381461 1.12965247520890299526 4.47691381112389130692 5.18358590585586576083
7.52494036196524351823 1.10745684433404312230 2.04501942762415866994 2.37181474667259850619
5.83409997483777331695 1.20130496839630862560 4.26604403842877211162 5.25712546935770763668
8.38838927968510716937 1.51983344155334676451 2.25159964313942584369 2.70430913195693412021
9.53931943750826860651 1.81560809057977268210 2.72868769149329315482 3.30851416099934736437
8.09296903752994367665 1.15525400294212809982 1.41201085490894362451 1.63026781342684179421
6.09296783794398244538 1.54819518911526099458 3.04518617567105831512 3.94854872023537062375
4.94084257204467203195 1.17199595940656586812 2.33050406210862082190 2.96802185860709144549
3.73313598922900258259 1.65122214072920892036 2.93440282996366041957 4.71905810761712629642
5.29384906228210194712 1.86231284751814385459 4.25729504325584517943 6.14793878869095156148
5.60813578028962211874 1.61453637629318969005 3.38909445989100932550 4.55774869368704127481
7.23287274581087658021 1.77003184109796096735 1.04411678029613641527 1.34038982652209615054
4.26891368263910564451 1.94589813133287536928 4.98229015984594170163 8.14923701632591601651
7.76808325567177426763 1.43240599984375838183 1.06468186428584266068 1.28300631710736601221
6.63830085623665944183 1.13455148527119997759 1.13058608513233371795 1.34358306253706172306
4.24970308112063221984 1.32201819261424580176 3.24323578921800681485 4.47415524876957171330
4.06611322243137252030 1.29008746076194857899 4.12015616203460943723 5.72308704316116312327
3.77459846250239738907 1.42585083529576106542 1.67568521066667619479 2.49341571738866596419
4.13130462922873853415 1.45301699769378078742 1.83270789088534957756 2.64636566725204724904
6.01581091186357674871 1.75354436719248019116 3.20629479347367096764 4.32888090618250664932
8.16570153491414885139 1.01187890179504447197 3.10488033841225918863 3.51673693587922864268
9.94052041309090483878 1.87875895024431849301 4.48084291708553550393 5.42550597809877288569
5.74685619196938191067 1.99689170117849834618 1.52095684335671954557 2.18564144018469663777
3.65050213650739596716 1.72053133507949329584 1.84316790841185396133 3.07481124295510221955
3.58773926279170263243 1.53029840831035635063 3.86188197880839290121 6.09097836337986375810
6.02982894101986843793 1.00211677293864731553 3.44472843631986425095 4.07387351976971068268
5.56622770330059868371 1.29895726437662806241 3.33557228330212529599 4.23078927027975026931
5.58334154782237135350 1.35866867494899379309 1.03583462752503940862 1.32781174740838237014
8.43346737771278043283 1.24920609964059670105 1.78686122744957387454 2.07442343199552459154
5.80081442373814759605 1.33362141023037983345 4.80897246132069255964 6.07735701195225352933
3.08272906545479274953 1.99847408363846623658 3.56176981468996745051 7.71051551135709978269
8.37964532192468780636 1.93443914090191482202 4.03613274154733225885 5.10578326265465243239
6.05637046656254440791 1.64298408871893486527 3.40713151680665893295 4.50018204360577556145
3.32648936694160957117 1.64252749242652540396 3.30365473811760068656 5.67497249663867275871
7.88207747345754761170 1.70606885780760664240 4.16913047157480143312 5.19468080212506944093
4.51628188981539580027 1.51632757003292595321 2.41862581312395397148 3.42976187252335318334
4.32988494253071820594 1.26537893959386948950 4.27235960692594574084 5.77295070208201099859
6.34438621717490569552 1.86618271215577902211 3.48619774884020516836 4.72048618610874548551
8.44502891595317350948 1.21212987440844832676 3.91830165792655549239 4.52758229118689037307
9.94959329348326448894 1.32193342507060096480 1.60596933587939316723 1.83561717863840678788
3.29809648298837121416 1.96556804165160903253 4.14311292842024947447 8.23441267675911170443
7.57893725428165510039 1.82596196306048108582 2.41556550185571206057 3.08851444726240087491
3.22440657107420047822 1.08306936499960215770 4.95034362572152453197 7.02108522595720518922
8.89626513507186444940 1.16875117508996817506 3.42146451357821046457 3.90480528388976999565
6.60574253212501183441 1.61615934535503535940 3.14332832134636586119 4.03500201999775587325
5.52021028107059574808 1.63205922092354649422 1.96923901572915216462 2.67084572157977984119
4.99582836594583756806 1.18950469924206658767 3.51443217741166957779 4.48006024433691063535
5.22784262019644430097 1.71162692858150933262 3.69914034845658568074 5.19668260492561095987
5.61164016388509256927 1.31204677776094502661 2.25050219078953439578 2.85584385446827093702
3.36279526330618638852 1.01288512691328413950 1.51590667707616866267 2.06856720395584980920
6.20018687044548499898 1.48755023234604655258 4.38272080591074164602 5.59771894861505536767
6.33075223359771577236 1.05314431500980987266 1.63620869376074695722 1.93536523816673589060
3.60538326052722446491 1.45749093797519924109 1.53214745548293329591 2.35230092608685614763
8.61234546510062770608 1.12210979333376026368 4.69062963061970705780 5.34735759929678522440
3.44942486210287446724 1.17771354541936945637 4.97027544634403106727 7.09349279382638009395
7.86858095022032433263 1.09728250354722201010 1.99641690403784499708 2.29726618927491621491
8.56529527379544575183 1.43383395246840517068 2.16659316719025740738 2.56548331320338141026
7.79549413511651501096 1.99009618946307353937 2.70806089941949590383 3.51589538457882477829
9.18971971055154668306 1.31543702867715506244 3.52360614525772675165 4.06989426222537620248
8.34192789231861198118 1.41084599305400981706 4.56398161903093857461 5.41386533711557937920
8.84142760065744326425 1.80638519492299431946 2.58021576037206701315 3.17433580181380969876
7.83914126106743225364 1.35759585785616798681 2.55737228972550800776 3.04629219417169094797
5.51791387587501969136 1.38639060947532177792 1.90350360259327988643 2.46069943554992853763
7.73917943212299697109 1.90698760513954312934 3.81674963356194529851 4.90857195403128443445
3.08720620811665469319 1.40057767474498273685 1.05948871733824567798 1.72823414725094370858
8.60436164882345266847 1.56795176391041990449 4.44881920201795111325 5.34907956416067342786
6.48284673785426690529 1.99332150480117409330 3.93157092233453964170 5.40213819826618735220
9.06203578891105898663 1.24852770665654033699 3.77867444670577512511 4.34067874140058140853
8.95789792202162260537 1.78353549231796959518 1.45560410592617150982 1.78107716698626172835
8.45607709149591535436 1.81730185318609649414 3.81186860164611562851 4.74188036645827892812
3.83436043054357345028 1.59476546702210630890 2.22341893308286220332 3.46179634280083003972
9.75651948423274717470 1.66445121126710082748 2.64453374831783039056 3.14174442515472085447
4.10416480066093480872 1.49142241275941667134 2.85959633136517732410 4.18484397053632228847
9.03428831014481836803 1.80215512604821559428 1.70180056519826772288 2.08314183168023348003
7.30916622163114571009 1.89189956954789328947 1.29332728084794901235 1.68553354407221789302
3.93983987557171611016 1.73250342974624360615 4.08850649871010674019 6.55407911021339373292
3.06536435443445443028 1.31980242316276386028 4.76884485054941542614 7.55855225750489623238
4.95671545027899185243 1.72213895839640374064 1.47480821066858469592 2.11922867673658332777
9.80805963505644307077 1.05420740756382613768 2.57383726538410240181 2.86709257966466068979
7.97103764097661837695 1.07762569294223808924 3.43544991362385676581 3.93603290074719947000
9.45393664139218614650 1.86991941549966611547 1.33247319134360031612 1.62819341785485494079
6.54135188641517295594 1.53138084939466345702 1.10095330640106947584 1.39753141694375049298
4.54274600530401073684 1.17594740081044735192 3.15180755722462979662 4.10770768039740108435
9.64690521755615648658 1.80616581764686978673 4.15821430085682219868 5.02561638603841931427
7.43028500019134696686 1.25860126032922847727 4.78396554462687362275 5.67633825957632787151
3.14002650465174948380 1.98276197711744028851 1.78072554436062846506 3.74657024948399230979
5.64049885151273944217 1.28301363913965693619 1.38885482982467101110 1.75066130451295043358
9.44364576041789050009 1.52500092074707316314 1.87453825117449834892 2.20620263106931702168
7.28859150091999730137 1.15531190000670225260 3.53734390986718949534 4.15052019657770987493
5.54380566083930226284 1.71812585004691964485 4.09771155876247483718 5.64563958579696834050
3.93212857858805930888 1.50018668239925023755 4.03406322631477998186 6.02918467222772047620
4.14416100760379180201 1.34270801120816907215 1.67937649864631710628 2.35027509061169048721
5.13011986964238175801 1.79013546748042662315 1.20430172013404446218 1.73350120074827196426
4.52821330839658031664 1.83415719288172973656 1.07594684248692828987 1.65347249345002711429
3.83739615648879528464 1.24483587663349148933 2.76588155462636553494 3.87254426959556274923
6.59107786460972100429 1.30755901193726176146 1.15282138481520712858 1.40953695811886459133
8.09087396226414412581 1.63237034899340383021 2.69043469768787124607 3.30112599858956645704
8.13729374474122302274 1.69728014307279106987 2.69659201275828053213 3.33234244808847446251
7.64344847565895513242 1.72010385272239929577 3.18481473335121290091 4.00424824783664146111
4.80735044501253749871 1.02755400015605147246 4.66462172018778709059 5.79560926744553484014
3.65026811177837240407 1.43772168880897699417 4.09706193050373812525 6.21297275133950144266
8.11251012230569301664 1.26474495497026406809 2.92247577696028715266 3.41990746971241943442
3.58231803635383139195 1.12622474361766711226 4.43689900861294717060 6.14328090722758535236
7.68783994442389495561 1.25094209101115794169 3.43774218195662939479 4.05111123474130430111
5.61030273292236536520 1.67648674288544174971 4.62431252636845613324 6.29373232167618379407
3.88683838057119279696 1.51541844608472686673 4.36344913477063478524 6.58587218722120315562
4.96352470912781118528 1.40656028059784299344 1.34352994069195519344 1.79796072843390741802
5.21794965146805722611 1.01276804913050755275 3.34192605448623902831 4.06793023115084206864
4.86510750806815206460 1.85821425153777242123 3.02298549123844662034 4.52031817803839874870
6.63003435233785776148 1.36041750624890700472 4.23600724602260214624 5.21618330232777172029
7.34179663510499924683 1.10066058168001301709 1.30789453467905314454 1.52116153198227932464
9.60071665360594295180 1.00513960292291626430 1.06368591427009206996 1.18154089463267975013
4.89662656909035121089 1.35952680947578508075 1.81247974556198698792 2.41047816275696558108
6.62253789981675655696 1.62117420314349947041 2.02371618875978720453 2.59816540255391359437
9.64046898065224411312 1.70000948490493408727 1.00977516619357166050 1.20675069455934158569
4.54294383815696978246 1.96515212012699702626 3.53701620863501986491 5.62004912614750562483
8.29680376444493283827 1.44769201215506626568 1.86274037457236074644 2.22185077659964314023
9.07361943377575919101 1.63185111159933216030 1.30608846384377352834 1.56652525663596153827
7.68656113750194514012 1.78634271665617827551 3.26430387395332477496 4.13616733575453832117
7.90441479829137616520 1.04248554254189196300 2.18807318456405619500 2.49847509952185742321
7.09884770569401002405 1.41889697539600723175 2.41182314142570630722 2.95348984954291449156
3.75359763226386400348 1.47915470268982796043 2.82154104500180435977 4.27970604757628159120
6.15398509922673309092 1.29866053404784898007 2.82687661058534001057 3.50229686122361716372
6.37013046251462977665 1.91258621421535868201 2.54603633111778648868 3.47058885714550680035
5.31191501638630114712 1.18727256079766307906 1.42687671670672688862 1.79111237002284218178
7.96168072390838332808 1.14391209358357626158 2.09007719058832730497 2.41543474518969025766
4.91476254837937709397 1.95713237729716293956 4.94672401254508109503 7.54021973461909311709
7.58704281982819317420 1.77802082936967154048 4.97984237653090566766 6.32294571128141136285
5.07497981174795675940 1.94167607946559472865 3.95981080105007432479 5.92568112242426714431
4.56277224120892199721 1.92820828521578180315 3.05691132506360752075 4.79825827620070022306
9.34143292680977666009 1.57212849173589575003 3.26729385788611326191 3.87240145934941804029
5.04456449938694273527 1.11327040435333390889 2.49475166691545435782 3.12229242156791109153
8.93318994097248619823 1.95874208024879248313 3.76935780893120009338 4.71047724545381107930
5.28706727860436576094 1.47773799843106523610 4.20058909025908189250 5.59775121228813610230
7.14795506012358217163 1.10518747442300457884 1.02443431523475636524 1.19722518689047152662
4.75775052595661929189 1.18675051227751127136 4.37037178196255293727 5.63872820050098688682
9.39861052543828279227 1.63790955738117594009 2.00059611484276356208 2.38575050903706298300
5.91996438772263822159 1.96223926210087884492 4.06979056317027065859 5.74345300827796823029
7.22411064928718893441 1.65065043887506623932 1.07465948831049384893 1.35608452567240056474
8.87526754334186307460 1.94677618843394806269 4.40225840960200898166 5.50187645871753172599
6.59047954531209434492 1.59038797840537893258 3.93621489889410725027 5.03488438070510024858
9.12170342189411442746 1.85107302648188776217 3.54650893209533712991 4.35685683878986740325
9.91458436984832047756 1.52304540253798803562 1.35942855714972976600 1.58709746622701475260
5.97854204286715251726 1.54865565767109902851 1.89777818787860086402 2.47380702374562710943
6.99948690716375487852 1.13256092591783819046 3.70486081281690760036 4.36180809765185184546
4.03452598387992011908 1.00351743277871285898 4.41168620850088188945 5.68776948312887675741
9.11047462336881075373 1.21047091599492473435 1.50938110077623921512 1.72522206293847801817
3.34084817974383074812 1.60861949656627123417 3.69058076152428071737 6.23837312442157454484
3.45883062355574955049 1.43452340605138140006 3.41446373068029362940 5.30869300005300992495
8.46224295513657409629 1.99776827382310906422 2.58014554519918659636 3.28203842276880575213
8.69093964524371642710 1.17602696390433969498 2.81400030871630146834 3.22443777702108791416
9.40379781098100053782 1.18633904363285913597 2.20145128990966520988 2.49914295958080900917
3.42262304316190713038 1.43305411107814029137 1.43279359305431075455 2.23835536655818678753
5.40039974264666788883 1.06803512781696174905 3.76688259873198427741 4.60276910909549119566
9.76635096416091386118 1.14659257887987964253 4.03761150206163677012 4.54305439597440408050
8.85743894628531691637 1.44183380969089336432 1.11157077232406154010 1.30998734575792719070
7.63192371656710122352 1.52007508275917535556 2.91830583573552537757 3.57110389868009914238
5.71690922682318003467 1.64431274290688067552 3.71545872390961839926 4.99518648994707881172
8.63919953941011797838 1.24725824034599463985 3.51771895585561011899 4.06819950252611217678
7.88965611707419878229 1.73539975627786824397 4.76920329715015522964 5.96430265783550606074
4.93023837585874691314 1.83844928540211283163 4.85299227131731214513 7.18053670536307553363
7.84316568290340132563 1.12972747150259333893 1.18943339827299032763 1.37509872397787646925
6.84984948946342164788 1.31519297173888372043 4.06577830507487547607 4.93830126770602895192
3.47965681609924182283 1.68276342547643653624 1.42976860546795681017 2.42343445720240469043
8.52228107953862235036 1.60351784410095454803 1.97525537976885656732 2.38959151936799063520
4.16712868617489995415 1.01942222969619566975 3.17931210217292781195 4.08108249427294644818
6.47584323167795261611 1.34146207247112325689 1.92658414513802300760 2.37723691553519067554
8.09228594885154528527 1.59945702208063145200 2.39317833175685512614 2.92387650757959960401
5.27425684399430849680 1.71801060289870255460 2.97394979299934636430 4.17010255478774727322
8.94726459437661247875 1.09546472796332494681 2.36608054910713816454 2.67590563063161468449
8.56333174792630558159 1.74668799409819408552 3.53918570882333494154 4.35259041300520888029
4.42459584301219255309 1.09778772947168823393 4.94664038550018503315 6.37323227932670111073
3.66572672806019639324 1.57175584512305910323 2.66263340497627565284 4.21102046989693334922
4.13629952408769696603 1.08691675726683900649 3.37138958303664315608 4.41237052148990382960
9.95655403490918189391 1.16743062439680178599 4.55221894621680434057 5.12130394173861613893
9.35072059207677241943 1.52794612675312002636 4.94585445466264062020 5.83241963117566886154
3.83191980310587920755 1.63940709517658733674 2.68244895303460362257 4.23747099247076786099
5.10422319694985127114 1.68618821240808136608 4.29138008907820101001 6.04862658414491871639
4.29229921439152750651 1.93224718099210601707 4.74686904012582289170 7.70904028816672237667
3.79460167728114461383 1.97685773180683632688 3.99393743415720470225 7.11668472561044751501
3.31950357794404293799 1.25302944239673985649 3.92006454847936103292 5.83118280381396036915
8.73305487609136577021 1.86549072132984283812 4.17043282027380790566 5.18087248685505841195
8.64572135934724883555 1.11972824363117573476 2.55383276762668298687 2.90908672266591983302
8.58961413751099556180 1.30602463121695056003 1.86298797342653399411 2.17149701762129954119
4.58478497154503283895 1.98545897723671460611 1.12569426492393009909 1.78970242267866019859
7.21055685395924594872 1.21988698988340082963 2.35881798950621579536 2.79822065298559108371
5.45748105636968983134 1.42855146269898503064 1.90319897842666341248 2.48813472008350800024
7.33654242536307954481 1.71227679079634809156 1.23074127130623844906 1.56109670849140225179
3.56071071872837308092 1.89807454627028437955 3.89256507342135060767 7.05318498721245923377
9.88677752925484654156 1.40580632230253232962 1.03553198844319727101 1.19491602858386669617
6.98574309829958117746 1.96603462368934112092 3.99126738910013800776 5.32998787111313543363
8.92344474470296233903 1.01461477378232545199 1.80444814400084041495 2.02273543714772241486
7.18737005796813122060 1.90673298331595297839 1.37399855182080354865 1.80311343813344260312
6.01883069728565534007 1.98538617614977463965 1.36276692480833228061 1.91974243209026940171
3.93655839535638074622 1.63506213084492268983 1.08939246856861160495 1.69500114596081630225
5.20390850794511372612 1.92105755864624505591 4.65717578818330579793 6.86101626115371487913
7.20988825801225630130 1.56328596208755787877 3.53205910911870324398 4.40263558577712910136
9.87323393228822787648 1.34247851284816799300 4.45404014793946068096 5.10709357189077728378
8.88234775740091464513 1.29091196430523535987 2.67565497456693801581 3.09740656800591773745
7.53701106836228706953 1.94985540567345738694 1.84081124889871849959 2.39869631480296430226
7.13570613845939583086 1.61319309461621429591 1.40128355816953753532 1.76373916320815959935
6.50325176876074095844 1.00300577262755452601 4.06400908735894361712 4.74761336923992516290
9.48788567557568995881 1.68098513945514360657 1.84644058701372992815 2.20851650182846581671
5.77757737548669858541 1.15915987311730850351 4.53751264782944829790 5.56094853313738290979
4.26149442791485988380 1.62065362818704783443 1.47489856893744653021 2.20119754397713807137
5.94902905695666195385 1.07315317588235537016 3.19111980700250974508 3.82959490365722121652
7.76740866639025195894 1.35002754177720296624 4.43968391478413160200 5.29187408275979187522
3.64700948993419604705 1.04430308952180928017 4.55057790198387213110 6.10943641023769856702
8.01783478423752882236 1.00818667913638226885 3.67329021014116374744 4.16826492769463641253
7.25430470183567166487 1.39422975617738309495 2.01570814191663671977 2.44876621574541930570
4.35522919429547439307 1.28618433601772297337 1.32432054040539615158 1.79550022893405980540
4.35366231317984109239 1.73386349532753625269 1.82441544886531747949 2.78105884270519165824
6.60446950443625802052 1.77141758534011728443 1.00139311776670902887 1.31828490478316529000
7.40990036146129860128 1.99103062417844189902 2.25094895535250705265 2.96480901985852973723
6.16587049104699147506 1.46110885969408510476 4.87466164823230130310 6.20657416819516694062
6.81804996410948049856 1.25270895163147022444 4.06028320262609021540 4.88953572292669846888
7.59127310439285363231 1.47813938406455758212 4.16817528754308241901 5.07695838788562436861
6.76578389561215409742 1.43943659750881192139 3.37938453513898773295 4.19438218382939354001
5.78293685054413408864 1.20997118480703269583 3.03810008890101501677 3.75692058998975708661
5.29709668833834435020 1.95364562611869296838 4.77099758296778198030 7.02591589322624088254
9.62678791449020465620 1.64804408281035463801 3.26926935660874429246 3.88631932886021536078
6.52936778793363981066 1.01840285622841708602 3.59091072112508058467 4.20242654676034366190
3.73363404429085754543 1.06779311181247615892 1.83451857341211388430 2.46201202220697634715
5.12676118295649718704 1.53965653124975077048 2.75146677158229824300 3.75092612040081663238
3.27788417773057449978 1.89884491491301066191 2.22998992559538855573 4.32058252267616715869
6.61960504478074973633 1.45565865134651928336 1.20037639421376463034 1.50108380763209336983
7.30249212761757071632 1.88442944824824420991 3.44073025732804316235 4.48036729794745003375
7.22320595173284374368 1.82556207718121221717 2.00020242043225238149 2.58980200220112344311
9.83704573715694152725 1.00410825223208122203 2.17216016789164578782 2.40645100424142466267
3.57101559988841499305 1.60865558367368377546 3.35653482568684236043 5.45321862975552118513
5.61373920621234390183 1.36627857505305039254 4.51250726688799463915 5.78470874769120158021
5.90191898215171484310 1.03747969633223280361 2.60565543337719685013 3.11215709308839993952
6.54890698440566509930 1.96125926214653345525 3.01678359036259591264 4.10882976598194638029
9.31931806076990199017 1.86100420441599467836 4.89966554010010568732 5.99892274057223584549
3.92462384089932569964 1.89242905288783380691 3.11548676916085076627 5.27102105550692279223
3.73178993357905053330 1.24063637060753428898 3.49016797870504325019 4.93094612408463106590
6.38833251918888223031 1.96124722616497870753 4.93921493861224991662 6.78314794622897387910
6.07072370795561777612 1.00895665822279445578 4.78420024295344958887 5.65802805925287355393
7.88184593021566914928 1.12796885298891469418 1.41009492840978012396 1.62865728471346105088
5.02382652017919095755 1.86835485614243346220 4.37321489498661453155 6.46319151975574968105
8.30901094851417454379 1.58672423972168186168 4.43359321540057482736 5.37924544315757025004
5.71881723120253138148 1.03076809307460193210 1.39172126346294078303 1.66991640438841670857
5.37607824665000588737 1.60178905623275769088 3.80337387046862707152 5.17145541748349746314
8.18409576260228455169 1.17878359372023622242 2.43749427261231588204 2.81795835819842466208
3.84411002178824201536 1.15189803730524165104 2.36805753016194575622 3.22588727634642724595
5.67834256609288878792 1.59681727832910214104 1.42541618663637015274 1.90305662278969589529
8.37332688511891731764 1.28979667460053093464 3.38546424228879239138 3.95414073194097648312
4.35071530426787678181 1.66279752871489971966 3.60915481207593025204 5.39835750942741299241
7.35630442704348475047 1.49301819853590744813 1.60258902234980071810 1.96882279986173736042
8.07763222439213635084 1.55004140920256805458 2.33129421463618147214 2.83127011270900919016
5.36549147074836785265 1.03360573324597893041 1.43223829945705993794 1.74074894363533827502
4.79643764277941819785 1.18248282994510933719 1.56620622577945001197 2.01450790240716282042
7.25352475741320468217 1.67438260202779787278 2.01549159634724928125 2.54960038252064880027
6.89988844285514879573 1.67244363395578332643 1.71592551427384742979 2.19737003055126267625
3.92508979285239112400 1.47137122076444359919 4.40516401406183710776 6.53287321320790592694
6.89766250532094904457 1.93206644361268975452 1.61741842034511629222 2.15680249327745920951
4.86905599386363263648 1.94146058392797105085 2.17350864847231095567 3.31509418028580205018
3.08825041493329077724 1.33689242794186613494 1.28116772541545564934 2.03648948974460841654
5.07271798975677157273 1.73193110623312773733 4.22522513140229349915 6.03015305669176893133
3.70660001791313042929 1.55852479349982520063 4.05219220394801205032 6.34409428841767208951
4.21804190221703478869 1.15906554196521094369 4.34363473539835265314 5.75890075612295593288
6.97341415558570076882 1.23801672006201468612 4.03454762431239366549 4.82750250776000555675
3.31368754362111106460 1.19099568699783819881 3.19884790253437234497 4.65996057506619099087
8.09456362527167883059 1.57208603655206280436 2.34004315852204625159 2.84875800932454037451
5.58275472948136730622 1.52396405244810706492 2.13118120455167492366 2.82004874670110083912
5.78121573966785362586 1.04905878831678034402 1.18063750562794744781 1.41842404577294556312
4.01643066205500964827 1.05217553845632494358 4.48885793029570301371 5.86978705478975548715
4.82264566768292546328 1.91582461396939685017 2.70598263001101058123 4.11999334607620149029
8.05705630694715502216 1.47557381467736048464 2.65621341040209602014 3.19674114532229758368
7.43520394804679973788 1.19877752727713660086 3.08125635606479431061 3.62547978032207751653
7.09652230273500350677 1.67940944990033536044 4.78953452798771017740 6.09615478509744512792
6.37283813510406638159 1.82461303848324396526 2.98275688343951772552 4.00438937869013500404
4.37389039155054515362 1.49282845321656942872 3.94480590039992096152 5.62920389432037371336
3.87775724282746692140 1.41102583262114089635 2.27675385647730266214 3.33374997997072286537
8.18227063162683165842 1.07103854148057053841 1.10834464774815177890 1.26430233044146977939
4.07189908934510924610 1.09910245312355625558 1.06081183444501814250 1.39908174266885243497
5.22728000463761599548 1.81222904551071684054 4.37618593221749208055 6.28301877124596330759
3.13575164018924823495 1.03634104068923749153 2.67498792969122067831 3.77094421418138159297
8.73927183726467404767 1.59880760926110143672 3.88029590839879201525 4.66897506541392814938
9.55122941790183688227 1.44371131322261803120 4.26193972426787848207 4.96317725657006558748
9.22988315198117703630 1.99253705944916958970 4.60270669076279936860 5.73148147118774176079
8.68153198210939613944 1.90053233709929014772 2.43519342635964619603 3.04208819208627456732
6.65464354495665055822 1.69716774708802886629 1.28286613861155407434 1.66510405012459017371
5.26226995209950043630 1.61685654285381508188 3.94670067686238335014 5.42159964883339196007
3.06369437349324602593 1.84548410490936021233 3.55577985230297111130 7.13802636367575082943
9.99738746201988348616 1.17732149902256999496 3.73243290652923676021 4.20120819165075154444
9.24880206844673580235 1.23603866592289013404 2.83940963717607397498 3.24801339281325640584
8.60842474537242274835 1.10880655373014835874 2.08569644514855534467 2.37412069739119413470
8.40443399599358187402 1.54795799144452428386 1.68958805399000988601 2.03560770694598502928
8.88019705962317296155 1.94033447792063418191 1.16359098618858824992 1.45294511928788527833
8.73949619467864913247 1.94749994585891084142 4.16063846374750667678 5.21902151559977234285
6.05014672802588471257 1.19663566100018270433 1.60960058782314741066 1.96681141405499726460
3.91215244449990873221 1.28366429484899247093 3.48792859999800297643 4.90389865940114955123
6.45515295342730510697 1.11317272320520066486 2.67297617660494601921 3.18158738425556242291
7.74184119047644703215 1.88088355258615647081 1.36640136017431768067 1.75082615587548429126
6.17434779822519708148 1.77540010529482206181 4.28779318705077017171 5.76416108865480758539
4.46687219647427458113 1.14499491098799954791 1.91233427976209080512 2.48556832975407004938
6.02389896138404168369 1.30108872040360012967 3.15010037495863892687 3.92308387681489989518
7.14204076017231503926 1.86710077524912443359 1.10227241847582302370 1.44052859610727956863
8.60546903086531678184 1.49407800904556431476 4.58253466817227028685 5.46109118133809445794
7.40384682531382587456 1.99933713048776584564 2.38877824006963512815 3.15090384647834920173
7.47908444498180635662 1.23617173310316341706 2.73356716353660278429 3.22980420992439620775
3.26813740716734280056 1.77738614303005837414 2.84005316303030852509 5.22488811962046639792
7.28351561910951783574 1.80310516540958798437 3.04538798710544966752 3.92136518902078101689
4.47652034422013578308 1.41165771351975632975 3.68323172420250122272 5.10521460411874983265
4.77575635077058358036 1.65912247329792839068 3.03436634216002376618 4.36008850866047925621
4.19743745368373044613 1.91183121838946856741 4.67951592888799972059 7.65058837606449593238
9.05308782483948704112 1.21907556407061301584 4.74599626843797040010 5.43458302953578442640
3.24092834393404061188 1.78630924101618582256 2.64915056588353525768 4.92489192103152184643
4.52672037947692373905 1.62754307124835229104 4.44467167454730027742 6.47575394447364161010
8.51890576559331513806 1.25147739648011357971 3.63187299511081596037 4.21110500622366057399
5.21733821912276063415 1.54476807163814533475 1.80427747165323504319 2.44826978683425755534
3.16892361806431743787 1.86257272442772014998 4.66827148250067658353 9.16167247131913420333
5.22426005015374705920 1.07772950860094351988 4.71886917945972861332 5.81747255358627501920
8.86991828329030340683 1.00128709394445447600 2.91834190193654485768 3.26867446075079914891
5.51152224383082778303 1.13210596018164499910 1.18203970355104637235 1.45588345271672348069
5.67928971503716795155 1.75348019817655798036 1.68357633859453059699 2.31655996334140423798
6.77610447047438579915 1.53290511059389977788 1.45941393705856947705 1.83719364171852972412
7.74656925819591535287 1.34480946292807801434 1.85679693415464974748 2.21273598064690801834
5.02362153450893345052 1.19826975779070465933 2.60589186772641534517 3.32339460604253345011
9.17081906925718115531 1.98688591305954997956 2.89521115349881208445 3.60816624167367239195
3.06852408815546295884 1.47100889447184401959 4.95261426196712584158 8.34867573420058484146
9.00526657161005417152 1.80182262088969213920 2.57839399291747994880 3.15815584984483654907
4.34790679881886621416 1.29369847872608367823 3.35695679930532264734 4.56244637347257864235
7.95746049431397750595 1.54813336133465861977 2.66505830510488461726 3.24556359004232142240
5.72528719247862927233 1.23540496424996337765 3.23349649195393418211 4.02606825164478188128
8.87802169648423600279 1.31190489566896673068 4.69612645515074333957 5.44990321738684180275
8.94117435732548315741 1.32218823033467369754 3.73443319769343506920 4.33431967961872199879
6.10671139159657094808 1.12240241115712890974 2.73736121155044553888 3.29664483986959533368
9.65840569195943388081 1.28866123330922577317 2.44554802679029936741 2.79684876627425804685
3.67867850653638761571 1.35633859342681128979 1.12411292054438227694 1.65518873303823621512
5.49514460181907526959 1.92163077087459077674 2.77089792631938358625 3.99190646740542032234
4.63489766631734312341 1.42649815736966023572 1.71247431439235153761 2.35378162561732784397
9.08111804762035745853 1.05717683442773724423 4.88117160434047736572 5.48671834259793111954
8.29428373619360570501 1.62124529102601755426 1.15341302664333866801 1.40598595928645075936
6.20873559969224864119 1.14585002290667059555 2.03911357913506696704 2.45765809701195392378
6.99942395208213774538 1.24353939721162110033 4.51593271355067038542 5.40422110842916314510
8.32103824509795231279 1.45020382091391564217 1.14577147685339086891 1.36636947534260166925
4.71563003927839652363 1.08805771518452498725 4.37638525857925131390 5.53553404274774329963
9.04772000155929667642 1.34266862087282801141 4.87244736176790205207 5.65816075555055508772
5.72538303857969310684 1.97468502278109059311 2.64635602450499085592 3.79174832607466338885
7.43219207014518090659 1.89589658035395602909 4.40063150510280642891 5.71217764389210902465
5.29609027925818232063 1.03287983327654075971 1.08257965435540626231 1.31904009657185783411
3.54679081190327583073 1.41685109556594168723 2.68728890532792030754 4.10233313169030111567
8.26867706146677861057 1.87430270563980716503 4.84442905905183440751 6.10135579213396717080
7.15015113430342097445 1.77136042601058107948 4.86471567571847796074 6.26519165464420524359
4.48221374014359774662 1.32670692992965921775 1.22212611995876851978 1.65817051363778555917
5.54688046422653613376 1.41122345589452313774 1.56757943987232462035 2.03330607128985363374
4.61788362773051463961 1.52668000276711346430 3.54025618766827632200 4.99133140726384727515
5.06149116539334009701 1.38389835766289603924 4.17228833716234248641 5.52353458419580878314
9.59281579304681031317 1.54694329775088990075 2.05555744969474663009 2.41869410221978720088
7.11208527834258497080 1.60369497862059340321 2.98567226074508740297 3.75563101494215567655
7.09066301426771872229 1.44460370889386346960 1.84512266244071598820 2.26861643405992641220
9.01796913124888632751 1.00267501705168360360 1.29940992804447530418 1.45289513325540609046
9.38099229318170202419 1.34642932063514608743 4.85630505374334653368 5.61141650188083751516
6.12699966515258687139 1.63462609608239661796 2.84308107229134598981 3.73703927119496137621
9.06269421537165875691 1.24783956626685332836 1.78975248019564547874 2.05576323655432124937
3.95404012191650000574 1.69879315780479633879 2.07125265998135654755 3.27920912778375539531
5.56592779361807288296 1.75516345239421855950 4.43301581333072469704 6.14442353546558894806
9.61572115225630241753 1.59655237686860296265 1.07478027036877632483 1.27087211473781902527
5.70638925920052741958 1.50425713897580748402 3.59288596373591673228 4.70647418602450251512
4.93837889494243675870 1.07561662229277144043 3.95857525855169178897 4.93936892869844434983
7.96208005666603479966 1.57172098597302856149 2.35021814843915688442 2.87063904127916424969
9.33779457277014657279 1.31715763325862988964 4.11249271723281051294 4.73997952639057906765
9.59657985312118455568 1.04530117054483140393 1.74099332666501815936 1.94218580650236138929
8.41641411475941225717 1.59292492193947010648 1.64796743306678594720 1.99594270743710633376
6.55720647047619831227 1.26272309285046668847 4.49622637089078125427 5.46434101299819641184
5.03384329509691319515 1.57076485403323662382 1.81702517086809045566 2.50930416354812990676
7.13993084265599797789 1.82917080904195472613 4.70815504003364093677 6.11852712467051507161
4.87611364874063557551 1.07765781742341770766 2.86897543484500250344 3.59185974079646053170
6.85399523850367309308 1.61367574914378852924 1.36592608107330537592 1.73632213708399851804
5.47674734367171289762 1.03424965316761241496 2.04052806531971775428 2.47031715645923810598
9.31905481799833879109 1.14130160086138054965 3.25331163746454654628 3.67944154523795141642
8.76280393166381088577 1.46561603600455203633 1.38141214817730739739 1.63549711374779560558
4.72980028559366427743 1.84913058276811215208 3.98038255381170769098 6.01527854877543255441
3.59005501140124305692 1.77718793656416407245 3.26901607861733678462 5.62483390795910853655
9.62498264294685057507 1.67348619630471917574 3.69122142004154607520 4.40002818945618834334
5.16368684547762590853 1.31575820600130732885 2.80472306319184205847 3.63953069630050674022
5.46424326972335716590 1.03854512001503462848 3.12583708074672728117 3.78900566500157154337
4.62261019877497769670 1.44407335264397573837 4.13001253993600769832 5.70575889790736567875
8.38310557930702060503 1.59455185869106585983 2.29602962981642466644 2.78357644852567309712
7.70556457271497041717 1.41251248543088814280 1.11539406298974963505 1.34260819712393786318
6.76378767513302570080 1.33398666110858998834 3.23693408898734436008 3.95298106584414066234
5.47091953957717258561 1.92850660287361841405 3.52922851978303731002 5.10069326151849722351
8.72508035016219452018 1.04211925820840334289 1.96355217305326235078 2.21392630301314552455
8.91743821382614854087 1.71809448700826883361 4.67478934808385204747 5.68192131083774665257
6.27114375083911390618 1.71918086745758236233 1.28846711267865066119 1.70708911680789299226
4.24559887476408448492 1.94681445320466095517 2.68518864604224516413 4.40712783320829970535
9.29090700005771452652 1.08642619662990025375 2.07101246974305697179 2.32916386025567945239
4.65364352282229987168 1.89984399314090324218 4.86489492367186748822 7.50487636247409817258
6.11888885166997287257 1.19622696396095751226 3.96901090403810741236 4.83830109384332818223
5.37558734617240752129 1.89641064907717171728 1.11399444641521272459 1.61054052839626904436
8.96739307127805673758 1.83705140306555225749 3.22247019153859914908 3.96675117792551112927
6.20894702934849362919 1.46368427514983978632 4.17982094798129288904 5.31495645001023930831
5.10509668440984043514 1.46737982125062282890 1.41538784759728741847 1.90250381790806732951
4.12524143094701578605 1.25309505073149662913 4.30642460004322380485 5.89301500932402255728
5.79044170842468997051 1.16572841356274770064 4.68843166291730639728 5.75003224985049943285
7.29433442180102264984 1.27998148342726292270 2.23886274310425426037 2.67320801388118267639
7.51980170275108683597 1.75939784320763115133 2.56183183813123616090 3.25146744059275105698
8.35434714630631702903 1.51544616419792443907 2.17688351144555092276 2.61514672856190477646
9.08304729704734015172 1.99983981728463655614 1.75748913552659091764 2.19838687339464433634
4.81413031094923304920 1.06246385095225592821 4.91237755711616319587 6.14812201510278111272
4.38604313293814485064 1.19805801998108418793 1.22850780520754465641 1.62590967774228101206
8.22810175011776401277 1.72679585637550769839 1.82302987250239212358 2.25585864925779988610
3.77991143637926629850 1.88467772116539888927 1.29210666518875738618 2.23383549922988633440
5.05681982935537099877 1.50124251665729380179 4.02514282415720092700 5.46655852964338073718
4.65263735239808351452 1.14344029511221245698 4.35900742639346194807 5.60209962860979793220
4.12831570102021405688 1.29688980240415308032 3.97756749271359710818 5.50583325233337106397
3.69269917367318711854 1.36392505399860985982 3.15727007440865703458 4.65241439505445075753
4.04100916530629916679 1.93802837425745266842 3.56767451324937434620 6.01565904061398537550
3.90178779493360661235 1.33903295784033415927 1.19148857691666965053 1.70386822970714146841
6.08128954549092437531 1.47797080698039184909 4.39602609179114089955 5.63331958067862270667
8.03688302861226588902 1.04226297192211614373 2.10002372965297645635 2.39256991641132232829
4.19063460588893299530 1.14068225719817073482 4.50884516748805452835 5.96123225378018251064
9.88402793212888042262 1.18640104877564755981 1.89051134497253281452 2.13285399365970373964
8.57138258043912593109 1.70390545366749845968 1.46980072423706520368 1.79786405097854862234
3.22741283124905864454 1.49697753138831313180 3.92157906903813557875 6.47971911651266196941
6.89859044736416748833 1.88525611465607756401 4.04201338279522737196 5.35028335829070922358
4.60669704303805715995 1.68623581716628989646 4.80073566828264208795 7.04707057518499357940
8.97319531288369276467 1.79306339027372185768 1.35091694176140331152 1.65422599797856695325
7.35077736007913884464 1.66238705483034565624 1.63744320993913738960 2.06115285179517959691
6.92706565480326297291 1.74548695431300093794 4.22209588809381219932 5.46223668197144185399
7.97825531150784250656 1.83026383288248561954 1.64986306537448079723 2.08392936261783479068
9.64158388141387234782 1.22420611818028346462 3.71249014836142698925 4.21800950784309947039
9.69986324414970546570 1.40780258794748869278 1.75676557729530857799 2.03326498111827635995
8.32521748327046040572 1.82883406318177899053 2.32756513536970821576 2.90995116371992912363
3.89594980817656288963 1.13022540633785673059 1.10541925400433171944 1.49018911277420929018
4.54722984032135535415 1.67557594363263362425 1.10387660445462776337 1.62497844475479324977
7.03457691173337185120 1.80796436026538986930 2.68593121280518021265 3.49360081597804361664
7.62191163674617477852 1.19163713392722403484 4.25635984070902217979 4.98309293036602163340
9.06035806749811634120 1.18059935355550149616 3.57640304173089695894 4.07718367121793523467
7.10084195425797659595 1.05631268369986175415 3.97690823377547442163 4.61991170096633041453
3.11514508086412789112 1.40727936264796138488 3.05599319026869764571 4.97291666538890364535
9.71185584004798485580 1.44442059872965034018 3.47548449333456810351 4.03728666918711009970
8.85642945007068860264 1.69428085412515061492 2.82685931455850170124 3.43102103762373777940
7.01242340782390094489 1.56055466339551474064 2.51562389911384354235 3.15456058491460789028
5.57312148168592091935 1.89479483378921087500 2.02043065104370267449 2.87884659317632163322
7.66282770582256667069 1.76478221620771424938 2.56678042648585336138 3.24515512905729508475
3.04035941161777589770 1.60836975111234781188 1.11593328103258571105 2.01064506009927068675
6.03906539806523845471 1.40152542328724694087 3.76559060030621450821 4.76972103320715667962
4.66645677128371616504 1.50508462686980304390 4.01617197037453088626 5.61140109953757981742
4.36669904621093962760 1.57620614362136501896 4.44487558377619151884 6.48662137642560843176
9.06883235821602262661 1.27281620264925754427 2.77491170854747259966 3.19600677844087277535
5.49955027846717392492 1.56484444733971406194 2.27686800529691124595 3.05083836253707341157
5.84684406349545149340 1.37769257567017988642 3.80398667871849260891 4.83650285437074689554
4.20925278798849245021 1.66726882227585937457 3.94127479012254910984 5.99253364161436774538
6.57450689866686754925 1.28550018084470485391 4.28742670016702565050 5.22662230487017964720
3.73831957797089708961 1.24893577191469695720 3.16997662119290879446 4.48684360307843554949
9.56664114664032716462 1.41749249299124491230 3.50355212548741734579 4.06757310679981465285
8.63212716745532659957 1.88839038793433156016 3.11557429558578702355 3.89140434524197553756
3.47123627617483121455 1.53258563757381471859 4.64888439001101794190 7.46878387215597783211
8.66867662380681380796 1.06891658952142210026 2.86262028233912291242 3.24033281021886576667
4.67201788514908500360 1.73441315936464102165 3.66480922190704117014 5.41206209123449877296
3.86220917473038349854 1.09794251092635697375 3.21912262284821082403 4.31216163014434084033
7.79617128555385185962 1.77331218995774664293 3.86699335299574054048 4.87434564792112823284
6.48286900402709953539 1.26241517628053001587 3.59643986922983227572 4.38063786225895679394
8.73622085972079887028 1.89574424443709643739 1.21990875341249127572 1.52086595274075020434
5.25260479741128527564 1.78454597451622376525 1.70815299319748348239 2.43322330126515540272
6.59287941853597025954 1.28983963513787625033 1.53625798954592118761 1.87300844720121562048
3.95800443254677691840 1.07643077067462256124 4.13656986555018058027 5.46765216907860374107
6.10597088456544234703 1.18285703930868235645 4.58839510524625815435 5.58302685833325629261
7.78143711571979679320 1.97220044739688682434 4.80560737118904590659 6.22690237404141200273
3.99832796349747976450 1.84290903037793407648 4.14507350352406156446 6.82368237013638445632
6.10716625487753628221 1.21907021505465440470 4.30977879981944234089 5.27625262896747759811
6.94064987996913895785 1.10029724292601049918 2.02882966259908092965 2.38056286038382713954
6.47709415549040024018 1.07732695161791447447 3.77056144094226297625 4.45983815414090223328
3.63152086424457021252 1.46031858839514105952 4.67356549001826770962 7.15707454860603231594
6.24188795843370414218 1.39936683817749374370 2.17154825763478864786 2.72782222782854821830
8.19227387170540133354 1.71041809454214299713 3.40709587058590956943 4.21125274766362345247
6.87671726908448377458 1.63413529474828145283 4.26664366783506032732 5.43626091351840479149
6.47774175888449033067 1.15160641702604804593 1.08441291117622906626 1.29787330002039547061
8.28735476185855901576 1.05223879518271123956 3.43690783119176446192 3.90489289032457120854
6.31035617132892401315 1.64227573659443937260 1.10100134109719505204 1.43705742621209786591
5.99781896835650130129 1.94743208530486056063 1.61772561023723149276 2.26574181191728563078
6.29371902902845103966 1.49011628332653578433 4.25285513367828649223 5.41369602261948834609
5.33792757186903443767 1.46572985620509887994 2.37961347540827627967 3.15427008060901581388
5.80638371238256034701 1.22781539888018720319 1.98229448133630414830 2.45703108748211507262
5.37062347065716494399 1.77830949049237174719 3.29332359978764266373 4.64587878327246706078
3.60343300562919388597 1.07489677602711863891 1.68637437040032445168 2.29384896513061464773
7.72009365172047523629 1.60819188466369933366 3.54238209370506185181 4.37631059177311687591
9.80451063947736045634 1.94710200248956155633 2.56420477689607739791 3.13589684971469617736
3.14787247088095289982 1.78715540543372197746 4.24139574907986904861 8.07736458864967588056
8.81285964384874098698 1.50123132004295190001 4.13487983570817263512 4.91101565283960006525
4.60018856666389019949 1.36892355378270869082 4.74245095458734766680 6.44571987190893924691
5.28777690759317575697 1.52185354294963537392 3.37116046239403832629 4.53320602999667610078
4.48629652072118112471 1.75156232588698390629 3.00380907286705012282 4.53662138603169218243
9.09290985334038204257 1.46186112400268175548 3.26790794262790029734 3.84328072299472633944
8.53716530342375357066 1.22475059884079273687 3.75169938869512087365 4.33476099484277188623
5.84244766429848283451 1.99515663608661064643 4.90141873336682287743 6.99577693288587010301
9.30838434994278429713 1.23371258110238590788 2.38291607838353858284 2.72276281892722726852
8.65516107151773894657 1.13745009415836828559 1.09411617658270277076 1.24873384233885031946
3.82428746329926605441 1.37742489239052590122 3.51424133989545994794 5.12389192512811497693
4.20126033289996936304 1.49453787056249476350 2.41444509470176571497 3.50245663985689326125
3.63637310883282260932 1.54961102654060312034 3.94202914785256908203 6.21439643499729221787
4.96743295724530309343 1.74843481886365825773 4.80069324877141312413 6.93417283638010317759
9.72515258178115082899 1.01583879679526756235 4.77557839996658728410 5.30342210264474545056
7.49716886840445262408 1.59591030886112239529 4.84174819696812619441 6.01015073339375582862
8.03619696349933754220 1.01506957181499490872 4.90508397061407652728 5.56926261136488420789
9.73431357312482958832 1.26261129199441946014 3.75218372279289757998 4.27498289618186255723
5.53113360999101644211 1.37046918755277724600 3.01824751874565100351 3.88730384744654866580
9.06963137208357039754 1.92189237421095349134 2.02949748579167810192 2.51670971758793315942
3.76502813388759527413 1.17070854189927109346 3.78059321437933748555 5.21463846347170179030
7.89516214325268173013 1.26812445784191218934 3.77089515914413730968 4.43414992381435091318
9.06637777726621152397 1.11571410695080963649 3.75295956024478094548 4.24708252169929068032
7.62560081465810934986 1.54708598269014063753 1.78168585363090459239 2.18867195864033092789
3.77397847243793638228 1.47034179278279975023 4.01496192138525653803 6.05785733207446508430
6.08054462148444496705 1.77703824642666430300 1.29105684302983680922 1.74453072830625499634
8.06612151563550305866 1.39430859744776602938 2.30998647112281796367 2.75069822571933197963
9.95610211855582782903 1.40606554489155088916 4.78975831897764603440 5.52153985048370898880
6.33009449994298911690 1.58836482156476255234 1.27566141609119565459 1.64849399384869421681
3.35638101882193140568 1.69209503272184047518 1.24405073261107856908 2.16672734033877256721
9.92197403733809579762 1.96496003328078971961 2.95884533495992974039 3.61644721041813044238
9.70158184611291218857 1.13324775892884632711 4.44305822163705510519 4.99625793805264617475
6.62416055402602133029 1.42191639886823750771 4.75396001208332208421 5.91224264668548382673
5.74181520418493729352 1.11632571718935680316 2.19180513198804449715 2.66886307319872173593
4.07855795327457926192 1.49816296219545108670 4.69855625826236700249 6.90733932929484151231
9.88723194291144302781 1.86442356645816742500 1.68657722209113458689 2.04123284127696713597
4.65382233251488131032 1.16402373918744261871 3.86908793122256655650 4.99562156283832070613
8.67775527484163333725 1.92480271858901175186 4.08477657808847016696 5.11831235804479067752
4.98985283786054267807 1.24500841657535232798 2.83757665203182041225 3.66137413231690711513
9.48128509118844320369 1.14438197980865141723 4.19658334725372306195 4.73774386504453648428
6.55335707118383936631 1.63586773077511038466 2.31932676334871468171 2.99303380759606918460
3.06557914061763092661 1.24076032975042682693 1.57657127597794621821 2.42190925275039425912
9.50365393112815581844 1.08933538057400181032 4.94742072469245108834 5.55109469888073903121
6.00241180293160958570 1.98997861985983437449 3.87008688276222256874 5.46204348823150631631
3.24968623730580530307 1.23616448051007266073 3.23686434588645743915 4.83135270910775638242
7.12377335729872385173 1.18622073150590257029 4.69209025034687066125 5.55089456696987859630
3.24432372838286475769 1.05240221086033747255 1.24344465360527101083 1.74093592076315228923
5.72393802558451003648 1.23700406020887898606 1.20528730088779090224 1.50123870201193598817
7.87096837745826860555 1.98934972404122745182 2.30219559174303611826 2.98084400937518134711
6.90805217046153696714 1.58589001446515176497 3.55215562300601028767 4.48748059268297261326
6.85392015537258281199 1.45630332034160581145 1.30472504897534058443 1.61891603959075647268
3.34039720564540454362 1.33216363693670469814 2.91429580084461781198 4.44532995422437515742
6.40745280615211854069 1.37801070933909564076 3.08880626755373199899 3.84302314890563945227
3.18518755816356158306 1.50193678428411736547 4.31050148575885572200 7.19294310554951632497
5.54613671088997861602 1.67672169133180015699 3.69015089765923676168 5.04168861950856150855
9.30234547461338934227 1.54901251342788359722 1.95159345539876571962 2.30880461165163275439
4.40181094462881006280 1.84667011450325224686 4.00765121055868611677 6.26714474741300087146
8.09560817498836371442 1.74507025555881778445 3.28152636514093565268 4.08491629098659192465
8.15638706443805894253 1.79722298598780705348 4.18218042825613700586 5.23230511261711406235
7.77026108743024934711 1.34720071776914873674 4.83493715346202179717 5.76045525679675307629
4.35422616511823790120 1.67902677797439414675 2.74743117871589292989 4.12595522824332316958
3.62880239168104168357 1.70302063368213696393 2.65283348128625995344 4.41412186269996453802
9.00466772628457334804 1.60241285867102800644 2.39651235392402561786 2.86876906538032283578
9.74336640997551128862 1.87572180465254434445 3.25193155524531185563 3.95189187630905092163
6.45842949750567818512 1.74290037931898034174 4.63274875611034531175 6.10964073157172471440
5.08943483576279831482 1.26411939808532203244 4.32143757719142040941 5.56933046457361591308
3.97898225124456672575 1.43206015649798290568 1.88041344934531240440 2.74085453611122575879
9.54519709000446070490 1.49157763467312487471 2.47086457463442599192 2.89250740560485697372
9.80683953777291250731 1.11208405425799172761 1.79922453396619008714 2.01626026445518613528
3.83133717471539592125 1.04139897099979394923 2.30154445235068161324 3.04164498794177573515
8.47742131063703752147 1.16783229222693485383 3.58834917942398323731 4.12197205442300251832
9.42567306988149233860 1.39140039784862024064 2.61052692096679539446 3.02907329672428815570
6.67401050837753651024 1.78236711526331426114 3.70668662350201971734 4.87360874015115275171
3.02574199420379574832 1.29659985696519486353 3.99393959759462813253 6.31459790845992241515
8.62965161463881713644 1.84121490193062631313 3.38600711143993970964 4.20527392909336938942
6.77632062258927092557 1.46241530920440720998 2.25335437566988083802 2.80577526653581976745
7.69944129385451159209 1.69783512402592995372 1.96257406846462956196 2.45580178335306298365
7.76460963756063193841 1.81780047319000637174 2.00289451027613596423 2.54245603780437612329
8.32991198770392671236 1.39797134407371892451 1.80929004495409539999 2.14333449046593571552
5.35961087984978501453 1.95036610600581705732 3.83492950459045367495 5.61547241351958703603
7.85038729474635754713 1.04161783295706555919 2.62670349337915354226 3.00176430592214238402
5.12287521107215404470 1.17944601623479261576 1.63799009821676877507 2.07073496151028058065
5.54187886178415034522 1.38842508798807373616 3.38456575957570482416 4.37194215366757887864
5.06358485709441996647 1.80913406493239881101 2.12201907502699516073 3.08371845692509083392
6.91222862193612463955 1.34553711716841783996 4.64235680607687850596 5.65420068478449433513
8.82983804320190301951 1.57790756735761061869 1.04049220043996148988 1.24649444496943373473
6.39073222075356994765 1.44774083739394354708 1.74833027860665790598 2.20162976107620256272
3.25644764794821250931 1.66794135773497220754 1.16498979953170112012 2.05118026707982670231
8.27962405746116836269 1.00861374351684762729 4.93820776540713701763 5.58134207279610716768
4.80621831891736661646 1.11372907747696991976 3.30679036657455416304 4.18702899422643071148
9.54132577016505045719 1.55797709410416684861 3.82516317260128735356 4.51029832158062315983
5.12084758593243627445 1.79513899968020496090 4.97869322258413227189 7.17960153911181464537
5.74701815642804447748 1.06758547433719952480 1.80661932005661363121 2.18016994570205646653
5.98259545692271910156 1.70972909494522573581 3.72861633350933852071 5.00284263664013018058
7.77069426456949319260 1.36989198348004026506 2.65512673913573049589 3.17289043717547336598
4.27536672075285473227 1.94296090024241241423 3.68676362034261950740 6.01977189436338555595
5.32560302628024651028 1.82656160815417134557 1.51452543949586626582 2.16531349399096617603
5.99199297059745994432 1.77726352475776439022 4.81316623802537257859 6.53485176739089101972
6.49215848425839858749 1.17846205895117339679 3.68214261470619019789 4.42402411209921719859
5.68703555993796427970 1.16782129876893803200 2.62797669178489545772 3.23660155257748627378
3.74424171181778620010 1.94521254031733503709 3.33917394202120787483 5.93820579806141868318
6.79959162716707155028 1.90723155445096592686 1.88288250404901713608 2.51185101042457326059
6.26969873888562290176 1.83774323574508624546 2.72303343900205607753 3.68296170695178304300
5.78525807015463655603 1.24026808389909515284 2.56928842988122863034 3.19437444801279157858
9.23925730074083517707 1.66436390122254440627 3.83427187805844038593 4.60023501490942976488
8.58099725546689562350 1.86132707227932869820 1.50799836518175256472 1.87985988720160701604
8.27005358477224739033 1.64304528003951721971 3.28822512945213762947 4.02167994405242090750
8.63973052468170976681 1.68053698033388609900 3.27581767411498381293 3.98919936752634063382
