1.56504195895836106800 3.02796170470079673009 1.59265584204297017124 2.04204066997119504379 1.53038586835320500334
2.21987617142593984809 4.94125567604865167937 3.59839093640700458110 1.53297709058217757061 3.41640758146703849008
2.50472725252736427848 3.15066517838191106904 3.16508190658256172156 2.06261765054895152005 1.27775711302618688592
1.21588226133978727361 2.69210632164690988333 3.29623170867072312618 3.61575560966411524433 1.51040822281119835324
4.16073418306673215028 2.48903937996443547220 4.36394844451945473907 2.81691964632965996529 2.27768777867990213082
1.74827155049041582657 3.95828348106076477464 4.23229535632705555770 4.81536548440095835133 2.28563415872168773646
3.70332361333575388329 1.81677887253985703708 1.58691454511121232684 1.18383275952509725570 1.92912570479374112509
4.89262913307503488625 3.44727792211396355526 1.81118497973908532117 3.05563374938810916603 1.90727367289217419888
3.01789826299553753941 2.36696588757356085608 4.20004729216237215894 4.51109628230732617737 0.72143220862579526820
4.76773385310303154938 3.82665737559054131012 3.53708852789429251118 2.11274081310356942609 1.70715885293573998993
1.26489031409490593205 2.15250091167877011245 2.23624743566427186536 3.36508002624075075460 1.43600682118532740894
1.28855678738346268730 2.92128581301159462313 1.71079513517944370449 4.47638870962039980839 3.21159024318447139379
2.02564737318763299356 3.05771252199235332725 2.27961707472163954691 2.80197120339217509155 1.15672481909763824603
4.35392473208270924800 3.10889934884155705319 3.85676598487094413059 2.33333690543700189579 1.96746648382627520313
2.99289334373813442625 2.54881546594570096431 4.71651482315625969477 2.46674903011463131364 2.29317493556092610874
4.30843100345797047623 4.52653636728538177891 4.53366989484375793040 3.41408576336413505103 1.14063078039796428342
1.07096332135400507113 4.14886357998234167610 4.89297163457294104205 2.15002422843729412705 4.12276975768604536654
1.33007432238150480330 3.16438979056348967944 2.86452562505917995850 1.28653417973552697262 2.41966324895145801221
3.49894967291978042923 1.79198490330641213575 1.25669586866647131629 4.48842517366099613696 3.65483283139757464397
3.27636763912346973271 4.98734762344388382616 2.28586470339338143631 1.59972248084068890961 1.84343257438796293002
2.54666072408745813860 3.34448691161736677557 3.33605387026119792893 3.41991993240622216277 0.80222200286966827143
1.45167987347544169552 4.95406893690311100897 3.61214254637134901671 2.71289274929023305205 3.61598940114157052506
4.31678212365863345212 2.26359097066033143619 2.37604199516132208458 2.95328780971437154790 2.13279315480182241060
3.23339391117843177881 2.74317981985712577853 3.54889286855436569823 3.23385520388706870776 0.58271655673148503585
1.51203966432463499103 3.89369120331554974257 2.52346414981464972627 2.53111332550695333765 2.38166382242888419185
2.76185901002301514851 1.40097878045561552440 1.77338124633685989551 4.24485706761312719948 2.82138046608049997133
3.33646848235478632461 1.58437579342966738949 3.41842496571288023688 1.52118751105665817036 2.58250629233217443570
3.70608951645726758528 1.17251790415355960917 2.12340638350533028600 1.62869741756665709076 2.58141861689485008213
4.20814416369007027185 3.97237826634868529396 4.24658876834030785119 1.94603528623472055159 2.31260283714634651275
4.62770054074624415108 2.67667987563378551030 4.60666197237367125439 4.38811578088235609840 1.96322287922467419996
3.92456209627816310359 4.10436423244373216335 1.67564605654859999362 2.32426088611129433303 0.67307503690030345833
2.26436419588471382625 3.00101098178568159724 1.69378653660424927097 1.64791336928483334034 0.73807373253499641841
3.73687338197932295003 3.55659197548252281607 3.98862735103048349217 2.54820450789751440368 1.45166089447492185904
4.37266429105916465403 3.44215770522750830196 1.38218733768154411479 4.02615799548358666016 2.80293120600457301705
4.61267251786542065162 2.46232749300372555368 1.86519265811615975181 1.36210287432562315857 2.20841188560962331522
3.22949392913422883566 3.81057173036256102705 3.35514733347414262354 4.92155560950772041906 1.67071430780574758934
1.22982829879318122934 1.22176714320350932041 4.80708741711235809646 4.26811044620054769183 0.53903725047784167845
3.29046873116464988485 1.52183602903675474494 3.82790993236011045653 3.90346398639890113103 1.77024575980791887275
2.04901315730472166621 3.02486705490754648196 3.60740020592996790683 3.92705026981399285546 1.02687243258726423889
3.03576197615973875088 4.64305579746299734722 1.23512527292840923465 3.26231037791556710559 2.58705873104601646872
2.75048216376813359219 3.90692309840823792655 1.88940270053809822315 3.07031210120236019989 1.65284683134539256422
4.00522695371772563533 4.33412331377811366195 2.85698314239731709918 4.58994308906733561315 1.76389426906023061292
4.00335987908734391993 4.13225671612882194950 3.83348519313412650078 1.92154112159152612449 1.91628404139527130923
3.57169081140023569887 4.09237224804255550481 3.37539777519739958578 3.72091467968908773400 0.62489286262000820482
2.66215520541965489087 3.41591117965980695104 4.95106424683470169867 3.66229257408708575028 1.49301054690829593241
4.35238276568291482249 4.98384050644074605430 2.65575229952778135711 3.90755332039922675946 1.40205016822429628931
4.70253009936831745108 4.41612077274459302600 3.75339291325411972267 2.72714443377128956669 1.06546527114583899909
3.09115795527857795122 2.07101258941528820756 1.98338480063185595981 2.19548047088389530757 1.04196023956387473497
2.71110330681501165984 1.78751064525359826263 4.45085588810374588320 4.94500595534275078080 1.04747682238912021013
1.31116646792990199089 4.71268595022186786991 2.47051012669545277944 3.99327505719245179350 3.72681470185510210769
1.42583992034237416746 3.43687836568024662753 1.34194077858721350083 3.27498958830753217342 2.78943602353380892822
1.16951227532039547796 2.11241908460203831055 1.21534039396742299388 1.31429348624451547423 0.94808489359386327600
4.09269751695383021683 3.07386200959974731362 1.98083405957730329661 2.02562982144654535333 1.01981981316647174474
3.64007497690098258403 4.03980283197307787901 1.77605689575885827836 2.10395514216782153483 0.51701026887152945477
3.33206904978543505536 4.97622811436777290339 2.27514425491354366216 4.20772699933819893658 2.53734804346904718741
1.23730872122198043428 2.77904961789780013959 1.48928978990901939028 2.71856492078075495655 1.97182208625993515838
4.87536164157808826758 2.43272585635897753420 3.15515255606323830051 2.88220636159496557127 2.45783831939932406740
3.02494803236479992137 4.41886062992096384505 1.12474666685242397079 2.48473958506140979452 1.94745296918933719077
2.00407405295105922605 3.51722211665077733045 1.74311697736810566894 1.95153488168142796866 1.52743415095923640301
2.93937955865704125813 3.73170359794356931715 3.63052360036436594370 1.23479352978445611200 2.52335093760502138238
4.64159623264489962224 4.05694908024195477481 3.06629890671870075636 2.85464401342418439000 0.62177977344746859778
4.39955189962133452752 3.94395867748777151363 4.93075189552976311802 3.92043778524745079039 1.10828686967300216182
2.15325068399059338375 2.03969402013370437743 1.01165944978780375507 4.32619284107643942150 3.31647805930834582711
4.56428366020146825122 3.54745232403391153042 1.13268740021232527937 3.46344217895949313402 2.54290460003222662522
3.38969722891953129107 1.81416974240181927414 4.18208502262782033654 3.96286641825613994428 1.59070539612949279906
3.59057644658802921356 4.64676630754904440579 1.12019393424233593137 3.20821464277521295472 2.33995032033993988207
2.47142565361962285309 1.78113002047096813385 2.09430733929246182257 3.48128393700279392675 1.54926180606772545545
3.89355365591706048534 3.22711995490157121935 1.66397299928868402930 4.59215831275489883012 3.00306561830547380509
3.96826995789187675356 3.35997981702007786353 3.84997097646459440767 4.00664903920357318157 0.62814402076711062239
4.53916019142576931955 2.98655573231256132871 1.38121092716872473360 1.99498493007643373787 1.66952062973284931502
1.68287542451246752151 1.17335183607969950614 2.74697203786593657782 4.26604279755844739697 1.60224538074609124116
3.44010083672172539693 1.46696150791400903302 4.15414303189892031298 2.80967000689582269146 2.38765293245244203391
2.92320759582634615015 3.45014410286125317029 4.02226683544487961797 1.40556973001986440508 2.66922569746093252263
1.27467290496389429322 1.43081960827899701272 2.84087878818276573512 4.51758491975455100942 1.68396117669220513058
2.16504155893716587755 4.18690492401667757605 2.14237867427747374904 1.80609440475928995085 2.04963864546315210902
3.43517611519370191786 4.60921306459550894630 2.89464586503551135621 2.19932064546731576016 1.36449255019155768487
2.41814813251209281830 2.22949454904792032650 2.72434538361376832327 3.25342807108614451295 0.56171048124177425098
4.68428651092476044937 2.12827988335792372965 3.00575804243838229368 3.22127024542309881028 2.56507609824755844485
3.99705754323674389283 2.82541432992412744341 2.68241276072371048755 1.12205332716916883484 1.95127378427122910587
3.80596800137255142360 2.56125029711707785651 4.06465746804012706406 4.66508904390911816051 1.38196969597293861653
2.13804324801537015688 3.03014340230650791597 4.96862366927778253967 3.66820287285458901394 1.57700251523458412350
2.07423205667916654704 4.48941420583869899019 4.83062941638535203737 4.15621661326766034250 2.50757600934207403043
3.01630954061601563865 4.36677378121660630939 4.26395402325487093975 4.99436531615849865773 1.53533524741083149401
4.64082796192032009941 3.73264631139838876095 4.80909950152834042569 4.13683937905703302818 1.12992370654388718521
1.12859072724190978576 2.57429274956952136577 2.90911794992577510399 3.03452184015336534628 1.45113075670194513478
3.99407828212186366557 4.87520108361641391070 3.76615745451635985930 4.29680520882636063362 1.02857397909331327313
2.79807414360170003675 3.85191041415655099911 4.26206751310494347251 3.03937732329754961569 1.61416919354452992330
3.78975542983005553310 2.85764104576288513471 1.72683802078349302178 3.34504241403413216105 1.86746423883312684389
2.70619685308825674852 3.62605889002376713393 3.38070204543187458057 1.72075373166213729803 1.89778148673184721140
3.72925164010689069727 1.40827452657886009746 4.62537913174057102594 3.58061362810892447328 2.54528381896785660388
2.31222411259676619011 1.30500178084591622607 2.43667065363858847959 4.06344035412332793555 1.91334170601929542954
4.05384228608063690302 4.31779301999300990644 3.77801520542923752188 2.64804422892260182820 1.16038976110625879912
1.37829449787395308391 2.16369322341467507087 4.01322094220571568002 4.43702084882186831294 0.89244468676151023079
4.04344781221395699333 3.34755108872838835765 2.32072867046242059530 3.04474992285219814292 1.00423056300334323510
1.28777812250847700781 1.30523483278794083517 3.75164382241710869792 3.23037448226950374419 0.52156156080725557533
3.97484282036926606096 4.99123601238692948812 2.62860310041690325988 1.41217983299637150907 1.58516266871949040862
1.30917846700906714830 1.79536137799693218398 2.23572691367270603990 2.98108810804026891361 0.88990849698475971152
4.60048730924574122980 3.05999023243758072610 4.91758888622998302509 1.29223001349249289049 3.93908088261601108115
3.48926436384791793799 2.05412469535151620548 2.28735903439482690658 2.52079897561718357935 1.45400140104810748909
1.81050711249451090623 3.04071562745476597911 4.29693198169241252771 2.23035454798223042872 2.40502708504517226373
3.99820727785350449324 3.22376456069225092449 1.66310598609194526531 3.57071640514868526850 2.05881981558803150989
3.90725150735773318900 4.04771284734388103743 2.40652544623003272761 4.12736414214060687300 1.72656167146554873071
1.56013286107312643125 2.23610563416994612140 3.46017891045071301903 4.49202571857363253116 1.23355057675056900557
3.75699573298832278923 2.86703283955150478590 1.09094848681167055915 3.61721040537722471342 2.67843858113060839798
3.33852471828167596257 3.03511223249881467723 2.60919963198937265858 4.09041093463134775021 1.51196761195578255332
1.38901411162661903020 2.44776033759120403843 4.68057353786782037730 4.81596139465348471731 1.06736752937274026465
3.64117596550605338024 1.36263336407770330183 4.64700514946839593478 2.71619235092564625944 2.98660249272318756297
2.37425671312868047380 3.57055760230994190252 4.54232694518066892897 2.21092453792349763475 2.62041466222817653886
3.69212585920830571595 1.70082120728930830111 1.02499355643830680762 2.72756169230854172980 2.61992986051819443105
3.66586968148478486995 2.58181952437481809781 3.76697569384500186018 1.78747205650830487400 2.25690039509043405275
2.74444532388450257443 3.55612431316616950383 1.58800629047252206405 4.07891492903949526294 2.61981843403867964426
2.05610805555349696050 3.96465257022682626697 2.42847086728936956135 1.40396266419592619101 2.16613924360725507157
1.63767217652937002725 3.44049278260366309112 4.47477098267740203141 3.34952573625585392492 2.12516799389609944981
1.92336116973544468678 4.84854666719145654952 2.91398613978995024709 2.67428772877522114015 2.93498986757534829906
3.93183831621639079401 2.82110418074108704189 1.34629928651567754017 1.35272336542683691007 1.11075271257824392812
4.34185646933493352151 3.65789253147976944902 2.98231173188157550058 4.48212959522470910656 1.64841144484303603335
4.23189902600302403357 2.06550464459005089779 1.47607647959749410660 4.74186397917662638690 3.91900913602214240328
4.87384068683944526867 3.61803258863105536847 2.03781217846615936296 3.24496284165178927594 1.74191466586491516821
3.12469949940413460610 1.06748617068964479770 2.68012367667018835959 3.71621874472774926801 2.30339307759091660444
3.64925406487224046614 1.05275265329058997921 1.24754805266643442607 2.66429416210239278229 2.95786901652987799238
4.94173275152065460958 4.89687691422278259523 2.70263355173729546976 4.69372602226602353426 1.99159766828942808026
4.63855524618136971782 4.44714697069499997895 3.13951708874858548270 4.24912450983225120638 1.12599545152216728994
2.51496612283262299670 4.10021070018971034443 1.01312701222049073024 3.43823007761677956751 2.89726168093849034690
3.58832992093963598634 4.70732264383114795692 1.18369598159332101162 1.58259098758062499712 1.18796546232867039627
2.61436427897810830245 2.41614406157177574741 2.90660130159720253573 1.58986288485861626540 1.33157474919880214337
2.51251481994161496303 1.57053307498523553321 1.72471113860128300033 1.64252102184811077379 0.94556058670133114052
3.49294370556090782998 1.76283395057607794598 2.68952468729435389960 1.22534960992391006585 2.26651459767776763954
1.34494477919683586009 1.48089645172002271067 2.60313643426640384249 1.16381921487454853548 1.44572366491655457388
4.02835443275891336157 4.64299796143506604551 4.17219435748438893796 2.52876696876167095240 1.75460543979193350772
2.62564763442780924052 2.67614503132252901096 4.18374578396858431972 2.73968538870628774973 1.44494304810198070932
3.29090154836308990127 4.09386844271580496724 1.91080512756538523078 1.64198401433312257680 0.84677070352361460959
4.89652596306997267561 1.85002136989391363642 2.80837952513857791459 1.73982343461013932995 3.22846749323084347694
4.89244328837434228063 4.10857208627539005619 3.78064296521776022075 2.87044192723428759351 1.20121604677353843726
4.58515014911159557442 2.10174210961487606397 1.80323197918331246115 1.79427553338331646771 2.48342419021767391030
3.40588478452233500704 2.55150969553545303725 4.34602508073962923163 2.22361437160568620186 2.28792132970689987559
1.29787401239436439582 2.89156133900096312672 3.75932234748412952285 1.82805852951710745558 2.50392077142529556610
3.78661917793163516066 3.37685830457286639827 2.66449305598063279632 4.43542599542828774872 1.81772039911435556725
3.86244183952060149423 3.71072677621716184859 3.71908832834322122807 3.93284349250354603456 0.26212350264402867195
2.84388511186819892274 4.43806282351389924656 2.84252160052280489211 2.19984502469891252119 1.71884721759109382333
3.41532562791128935231 1.33921601583330129870 3.38551429437392004118 1.69542898287761545362 2.67705425449283263006
2.70520438921986983161 1.38506806420340078390 4.14723472726289177359 1.89761345783539070453 2.60836266122803372980
4.32707733874873667901 4.18676301979463083569 2.12402439773401985335 3.23740760212369549365 1.12218994288871476428
1.53204704169283978388 1.51701759196180763212 2.20231006275657303917 3.50694897997352450503 1.30472548402958588021
1.20508567959026446914 4.58712096159271176532 4.01451621141001435689 2.95800886032318421925 3.54321470300769147954
3.06603713402426647505 4.00010551919073620297 2.38540158054425921463 1.01499891114785567581 1.65845929237237688092
2.19875055433414212658 1.01423751988913712907 3.22314638969305411464 4.30487788349463418314 1.60412410787080661478
2.04190814205796833392 3.45406860092579925947 4.13606715254025125716 4.33788855642498383247 1.42650939031462642426
4.89176885286351215143 4.95310995258470754266 1.01533898971634783948 2.79631938885519648608 1.78203645098291363347
3.96700888525572503696 3.50775549699527733338 1.93513146259233215218 1.78626868339145161713 0.48277717599334751819
4.74476706260701064366 1.96524165455686850024 2.85736728590878508172 2.00367508780100189725 2.90767120959478653219
3.88954292144917390672 4.79911870999529099890 1.75411902049185153274 4.37542830280153172140 2.77463339355529647889
1.64136134537370814712 2.59861309064062862006 4.92691522058181075039 2.82729205350832080157 2.30754162422442066216
3.91956877728512553816 4.53341254861776477014 1.79852789431403303766 3.21333302038668877643 1.54223140947308579030
4.60419278416464461401 2.94479870577032620815 2.56178785426125532609 2.97943597909077517727 1.71114542444052464276
2.69194994213358151924 1.66484598226491620210 2.07464032484726645933 1.30747710619920276542 1.28198359912455583931
1.69749005275650066693 3.01666488912191921301 3.69758452207444987536 3.61479054784377940024 1.32177043811269956386
2.57697972311088818742 2.25179951605238448664 3.49907510611578898008 2.60466868923629002452 0.95168535011201860208
2.70858693753988832853 3.69513782106184729415 4.81948163664225415204 3.89960306336995055076 1.34887332071749677098
1.99866493563733760297 3.26259473221625340145 1.98030789610361424025 4.17363312575298550655 2.53144111005894956179
1.41369389855929661337 3.81357013744775663611 3.65659875777907394934 4.91363996287011062236 2.70916196512466678215
3.61738912329468798035 3.49520851239794172471 2.57761191349422214003 3.88283461578991850871 1.31092883264774595631
4.58692303835338499596 1.19915022807819093842 2.84513940561366096560 4.26733043763784358759 3.67418452797486683181
1.67977813507868445342 2.99952793243497461972 3.95837946716730249008 1.25093053711709778497 3.01197928884844223774
3.21760582746533962961 2.81115606954701968689 4.57534772345757190237 1.30769117907077703222 3.29283778795520243321
3.45374297507716176980 3.40446744571177983829 2.00124919795431344127 3.66942823533825945859 1.66890664165538860075
4.18533241503772845959 4.78684486124198915746 3.94021108028903999099 2.46819121644945216332 1.59017599732763925680
2.02997964150429721641 1.62327145563446695320 1.59398781232308106581 4.62587805288582387675 3.05904723390684729623
4.37215731061400347812 1.35536316101089626684 1.82645313198832726087 4.45105912355788291279 3.99870023283345732423
1.24245860071547431502 2.20646238179316922512 3.23238272972677043171 2.09708670334469138297 1.48936239963651262386
2.05696714584351481037 2.32910981886523904549 4.08846346744641131465 2.34677122885849875900 1.76282542766911065613
4.02466767175030071257 3.03083523479430860803 3.75745695956548919625 3.59110277811449707386 1.00765898320419666767
3.62787182338184566177 3.55466259730558453711 2.03776575751631794375 3.24784104438158482964 1.21228783325773870061
2.36706424910721047183 4.38097749222852161921 3.56078196433343663330 1.17177622838665040916 3.12461116896263479958
4.84520441199874607463 4.21405289518852121944 1.35978188115847187234 4.44929783855247507063 3.15332540156642116003
3.85806156518452869619 1.54635091075772646008 3.88954502987758088395 1.11059953661902799382 3.61476751732285217500
1.04422283493179612890 2.41352441468780698486 1.28670083003582158554 3.74000052457477405454 2.80956690746941006864
1.49802658072892880270 4.15929665378968316247 1.09824037669628138403 3.16701045788831070382 3.37078151926286517792
1.71359847699767842144 2.97418568211556566538 1.75674605045134457626 4.28132052053377254452 2.82180019786995162079
1.16816705227243877729 1.13489003962761492161 3.10228490823947034016 2.84648960651158811075 0.25795076265950850347
3.25233561527011882930 2.30988860608284296561 1.25861941475001914981 2.13855939052618282403 1.28937997739029452937
2.70268091087447093201 4.78232677463989119815 2.37860264041791991119 3.37880840414879779487 2.30766949290341161216
3.49970308797463580675 1.10068142820998504661 3.87382707725506270080 2.65661465397856577653 2.69015074064606674042
4.96065575451733131729 4.93532177187461229551 4.62088246465246932360 3.76882532098023315115 0.85243368466962365915
2.65269630593629335280 3.94175027959103285724 4.42981183895028962638 1.27967982644746225418 3.40367328678740665993
1.49390850217562887181 2.89124004801832734657 4.18905823614038830272 1.24849581870275327944 3.25567854369159315198
2.58411583231604025102 1.08141023929594659592 3.07911477772414698961 4.39570915096068759453 1.99788509252459034471
1.07180964088433627879 3.22732371901588255270 3.01864929422491279354 2.55792368808234327204 2.20420258260866930300
1.05121328505697952949 1.93102996933561188442 4.29907856043497105247 3.63256012806982386820 1.10377725045297969686
1.96053811219689899659 1.05971068500933496281 3.43668332270936582873 1.99494738845060526344 1.70002722263684558079
2.96538896760893377902 4.43303527842072764287 1.77515364186132496016 1.76664612499025031056 1.46767096839951838305
4.94898202712591928076 2.78142323355536147389 2.11513888254706916570 2.98664540439222703228 2.33620092055535666375
2.41531661789654883421 4.53588898380100413732 3.48174482101875693019 2.39998062033983305952 2.38055475570467178770
4.11649819861438359681 2.90657039856229815200 4.96247405417398468330 4.54445353238755345160 1.28010407310244866963
4.66692430638109545527 1.84725870784956702764 1.36290125978097886872 4.97793751022474317836 4.58464842485927981386
2.28954421507598393504 1.29233982832210569924 4.16290532514444588941 3.27112109476702572763 1.33779508988149076210
2.19372611967777153552 4.41188136608756487078 4.99457620424035653173 3.84432102277703302562 2.49865957658471637970
2.06716781741626975943 1.13642864266188547973 4.61555846435853300846 2.43783566358176306821 2.36828039058838868414
2.12709748055838510084 2.39785878431240373487 4.53060016029975365370 2.08923998862470616800 2.45632879954044280879
3.57435179389604451572 4.76543532675251846342 4.57521388118865957040 1.30323132739824076864 3.48203242583275329736
3.68981943884381191623 3.68460556555695850633 2.92474970247462140449 2.79734738040237784773 0.12750896495561023225
3.44142974331918649611 3.34047226450514767038 2.81550304282802876799 2.33151959864747970741 0.49440103839833682287
2.70365135283738755589 2.33841490096612414362 3.42879786712284762018 4.92451069820205233896 1.53966052713917411765
3.55062462014216828621 2.64607038743271427705 4.84830941745280874500 2.74942773074125801358 2.28550272253736608263
1.93351519676135552572 1.24361052602704669212 3.59490295172737450713 3.52465843523571065177 0.69347151837560183640
4.58561337602384888612 2.81987505982345343369 3.95526475786870967966 1.19418813946519186686 3.27740383443859606416
3.76657277027585335460 3.88831185759122766044 1.34153453840911263129 3.88043820156622043527 2.54182064988326050781
3.94681408865910432482 1.90633017090588330333 2.66235946374545262572 2.28950396673407663428 2.07426995356465937448
4.10600676986519808054 1.13588152830736222043 2.50726478606025526830 2.45538608355268550554 2.97057828550483815633
2.41801637405576963502 4.33608642012964651258 4.12715660889324098548 2.22093402758518987383 2.70419622644780988097
1.48657744695218863029 2.37589470190800211569 2.38659189780571967532 3.47068370778150425693 1.40219122533936713104
1.62723769394645856323 2.09432350302410741349 1.60036929315143572339 1.05558278973941455092 0.71760817117812836230
4.32134774131575305489 3.93491962807168960126 1.29825969014821085423 3.78847323394932100626 2.52001789288009803158
3.37435041547959668762 1.95547288226503734876 1.56874406960398804500 1.63621254869129284515 1.42048071086213179015
1.13745055003810868754 2.69729651638948908499 3.21917704801598691944 1.11530287486102341887 2.61904676842761885425
2.22302263868202754082 3.25341861872499116259 3.48194017157671886764 4.76649137357609120613 1.64675063875704386085
4.53859461881329018240 2.85758271768792093681 1.95926981322757853832 1.27022749942576185234 1.81674993379234472890
1.96629478830712889348 1.87284637848873902755 4.97388447838379033072 1.39724134787945608593 3.57786370454233937366
1.30977897417468680530 3.67687201720879741629 2.95640286308942057403 4.18766455598650644276 2.66817068996274731063
4.29249674176114304203 4.23858486774240361683 4.65982409855816648303 1.68365272332827231594 2.97665962866062505654
3.78543540171080961088 3.06409838769965769956 4.99141975360262968309 1.77211469834500290332 3.29912899514248092459
3.83596556809701638713 4.87007424821453582808 4.33762419022284717585 1.50032704797506921679 3.01987348008187383996
4.47219601699506519310 4.62867053573697795343 3.34947329411412386690 2.07597348950303040027 1.28307678155284476951
3.40272577281529819970 2.18736571890013831165 4.15032123615872805544 2.23232632798706553956 2.27063967384195164456
3.09243167819570308197 2.31823977495897359802 2.20404301743768993305 2.04164715095482707241 0.79104078307507597057
3.84610591430063886165 2.30990288557896672472 4.99573025619653776630 4.67280786536412229282 1.56977661339267049456
1.91898892820685684768 1.16553987506998613100 2.78514634830749407968 1.15854026175842372837 1.79263293411432345081
4.41892933134123833128 4.39865140151593081441 4.93040781944180483976 1.74486619212251348188 3.18560616740708235639
3.70048349339242976797 3.96253618595591294849 4.15521031905023718878 3.76341874815572108304 0.47135151289007659603
2.63269469788175802805 3.37771863818479101127 4.75672802366559643872 2.92105862821955808428 1.98109636338111561038
2.88348008945157996408 3.36022670364627318307 4.99827359870028153921 2.22185400850303160780 2.81705397090243359060
4.77101288056147154748 3.46128397398117249040 3.62495987533158325888 3.95646777921757930585 1.35103193858284220674
4.22538422708714911380 2.10539139413880160845 1.95850028983481161404 1.44121972280141230627 2.18218899199467930572
4.49995836903407475660 3.68982628868376894005 2.15105927537825936113 4.21457244342537151738 2.21684473572610496461
3.80099102228049456897 2.20219343061704764253 1.90158236710444539241 2.48873439300700560750 1.70320322939757207159
4.59430545730205164290 4.83937465001419386823 2.87509419694437662329 1.24498442748007942527 1.64842857586233471068
2.06988593931970621398 4.47004053861373762402 1.89448432309983560984 4.07011685248690735506 3.23946276463235172116
1.05173996662616442421 4.74739912509939543384 4.35483402862820767609 2.64359985133902775090 4.07261820272041319413
2.96381463663607647163 2.01788595945029758383 1.70412802451627021227 4.38490132824105849352 2.84276741368089291839
2.24500836063283593091 2.33914332487189335907 1.17278625447617068644 4.66275739677410960837 3.49124046229483742110
4.69645725327884733247 3.60345006988631721967 2.41431951547112211287 1.02033133189322500201 1.77140276586169886919
3.72139133878338590478 1.92445105583125819493 4.17842369263105428701 1.90327216708332214168 2.89919106729760844843
4.95313435394487200369 4.04732779726743530091 3.45797047700865745057 1.31331807641732023484 2.32809351991753565869
1.14353051673671712862 2.56307769642608640481 2.55505516613513705693 3.69108277213655311400 1.81815096099343498359
1.73226968850365548036 3.37070789330763087577 2.74579535140091790524 1.43685212824454655589 2.09709611425138664487
2.75728480890124405533 4.69905799820058156513 4.48533182029294685833 4.97227773427997465916 2.00189895894632563511
4.02315346940444840129 3.41432272737983177890 1.37503786721212684085 4.90009765018064857856 3.57725052881907146229
2.56575683299113510571 4.85158155793800638378 1.28237372644002922684 2.03341158180720471549 2.40604499820202155647
1.41599200880882403197 1.91650255358145349405 1.39980505290246037831 3.93497651601138365152 2.58410625803012061752
1.87594445372100127045 4.77929332144431295859 3.27329697939319519406 2.85935806736350839330 2.93270865764101396067
2.92172031043648461335 2.51620544418976477274 2.37233254122197356750 3.94292884483645966753 1.62210204847740135925
4.07188963159653027901 4.51831632290203799585 3.60001597467473732905 1.47001706539817034169 2.17627942696459575345
1.36140420179162990877 2.73306957878343137480 4.03530216154426746300 3.36978919311402558279 1.52458958988538717527
1.31103943851226389938 2.87600156555921726564 1.61369582075529782728 2.58335832954300093078 1.84101923945400058891
3.37630761883597596551 2.58554734880131498187 1.53933442164803668817 3.07690509570220704916 1.72899548361951649333
1.06965916504645308649 2.00714914132009614178 2.63466714746202290698 4.33864176554104652439 1.94484368386539241413
1.14287149183113401207 4.77934482541361482788 1.27546080227929170547 1.72877170620802678158 3.66461854515271046040
3.24217550620171657272 2.69584721836957363905 1.65997236235995515585 1.54884040985076110175 0.55751673423683578701
2.24854341681962122124 4.37297668828932106777 3.32670193416583881429 3.46375312143754410243 2.12884939647219662007
4.16061726230480566358 3.59953985340276449989 1.17718786899237048971 4.87171454249789981361 3.73688843826305028273
3.82359789877246525336 4.49098425631697750759 2.48297878979618014128 3.22413880346234904550 0.99735786761531453060
3.99622813135520837946 1.04510709281862723685 4.00761678166438795046 1.56753679661834510739 3.82924349154183785160
2.46764326929876443018 3.91262779401582871941 1.99251457926477648641 2.67906423352334455146 1.59979083146340084198
2.46669627730632035068 4.75527767149769164945 2.55768004047013342017 2.25480683259802017204 2.30853567827869277096
3.15596900198241225866 1.92511139660600472112 1.89801597574988223371 3.07755489466227416528 1.70479397756501915850
2.34896075872984733124 4.71476527034088199741 1.10496069579105116176 4.16560665687520081946 3.86840854696861669026
3.00910578036738307617 2.67051988505922732742 3.86273012651311198340 4.60310533800166155061 0.81412275627717212156
4.25949657523028157868 2.81233885017946194651 3.18589597855462391962 1.57291879219906904908 2.16701658620273285294
3.27185532260602007781 2.48351593125037428678 1.37602551998428612734 1.44529926478364068032 0.79137718420580982492
4.12289908046744812964 1.37375944422347018303 2.33834379622315280400 1.29662819039337495752 2.93988777727942718343
1.57744091884923287594 3.25951273426876664274 3.75439236210917703929 4.05177452441780339143 1.70815741156607692197
2.09192122646885225734 2.60456024448696732421 4.09113420118503334777 4.27514914247026389660 0.54466527465112379858
2.61006901168763327803 1.61143228663116344634 1.01476166767920927825 3.89109831208483925025 3.04476399751805892890
1.61974809553291176911 4.19977385466199848452 1.56815190109163760113 2.29126782704042986083 2.67944575614629654225
3.21526277608562205401 1.51863017980715175881 1.81091732371294789061 2.48885779994560873973 1.82706471042193507870
3.60002395524323492992 2.11824718832975067428 3.70196023914462868376 2.46986219775852644531 1.92710351837986304524
4.28882594680451134650 1.65211830397233017109 4.35506084712575169959 2.50341389732306351945 3.22192855607991957001
4.99835982915080734301 2.73621488654848787903 3.81379737024507647902 1.94900729921024495894 2.93167899852138402750
4.75640384307800090369 2.62423947920691125191 2.47900960580536544597 1.78890487411194332168 2.24106434875651405747
4.23433567546060007913 2.33264272499081348755 1.45090831011525578376 4.46130884925337944935 3.56075097190320066787
1.63889074611451901475 3.84085304733673771338 4.24752995594596072237 4.62061748753678180890 2.23334553578983419087
2.44030837421380475405 3.73690316588661008979 2.59730212129295034984 1.27448132488195708945 1.85229935842197490636
2.56412580049068905552 1.14749870357695327172 3.62795008441040289782 4.18129377915458366743 1.52086211611157584578
3.24903232295866395418 1.39839986491592771500 3.28286797008775677043 1.97591629422727699250 2.26560437362656408311
2.56195458345152315971 1.41672148309756895657 4.82269260629127938245 2.12308298257615568616 2.93248205017552354690
4.00341656243408117177 3.86033381226758098848 2.51324593612016888855 2.93439103182756344523 0.44478743803484338537
1.76830573143634106614 1.92402455573914377140 2.99781771063201452066 1.39663484937174464662 1.60873705354102902731
1.82898989594591521168 3.65307661999306620970 2.22900920451175865722 2.74459181132327634245 1.89555210988556765983
3.74142679050484083803 3.25999624770039186927 4.86599122011555706990 3.63429109167076802578 1.32244492284400871895
3.43387639132391075947 4.24355447112976236212 4.59876627017604100445 4.11246152819480403906 0.94449504762678793135
3.43359044526496504091 4.71554999683360342999 1.53224004392903401239 4.58183552883369138442 3.30808901231646679264
1.92746840559094723133 4.08262042883980846852 2.87756633741909118029 3.83058257349793063185 2.35646349208799277264
4.53487591098628151087 4.45245349194870421172 3.73750545289400992743 1.68546727612121882700 2.05369280421707811612
1.17840210239620724053 1.41488711057890759193 1.50376601032426027160 4.67222709956643633689 3.17727411992369468408
4.96526421050197797058 4.82887878216933419395 2.39113460800286947716 4.45513694023624662321 2.06850347172208026691
4.43675025947334411569 2.01711205424149619958 3.87785840009331383982 2.14132361086031863806 2.97828845453795532094
1.32057958226502192289 2.33554429689207632137 1.81562117990130778011 2.94234430133289714959 1.51646245067476770352
2.54805642516965491495 1.97158775948067788164 3.29233142375018772441 3.37253266797406103805 0.58202092925966752990
4.94858204244926902504 3.02145776856364500773 4.02395571087619696726 1.45464633538556853409 3.21172206673977900238
4.72176041547582769908 3.16912787683456986798 2.11412009469708195297 4.95923316234140809655 3.24119363317406694591
1.31308621008678017006 2.65783887263884333052 2.02652425612125286492 4.97270179716644022960 3.23856786663486939659
4.21058802795908881933 4.36565393224473741185 4.43639152186052676541 4.59516089055722432022 0.22193050062637587061
3.96079012720188927688 4.03541013836543172033 1.96306858688168794913 3.65572234490076519720 1.69429775736207366421
2.80427322856244076732 4.75680720395892819852 4.45055638003875309039 4.21614514562227871153 1.96655474164800869730
1.44965528984929914458 3.78729703449361965184 4.48540674425997742958 2.71469937507432979018 2.93257114382449390888
3.34407773664095930855 2.50178611258309224752 1.98821109095192882776 2.83581808259413703510 1.19494468166471778936
1.96554418192246238561 3.44093858655895656895 3.91630148585765036628 2.28888889595098898866 2.19664753363378295603
1.08139357868468355406 3.34160133335229847518 2.10524684349111179671 3.33378359812226943149 2.57251659892395601048
1.45891053162403361299 1.61829825072134170227 2.85921335538703980106 4.82934587920989066845 1.97656940339155262620
4.07002597515166542053 1.95809183859866653421 3.78051044667752345063 1.38375804653011869050 3.19447771392291990367
2.47837354688247879508 2.84875216519094243139 3.26179528282365405190 1.50909836350031234531 1.79140358710861669067
3.27022288183494636016 4.87741131850359366240 2.77806332018779000848 4.41422329738792740272 2.29348515189284896110
2.37143678360148113526 2.11894156479958839512 3.95296727152139837358 3.64169640462361332567 0.40080342825020137676
1.04200184032442244586 4.51385688736983325953 1.35159813303660047978 4.89698705478536933100 4.96221322336652370666
3.43067122172852068118 1.37436849617686895897 1.21077803187971744237 2.15792840566942345504 2.26395113235271283614
4.27734701802540762117 1.43194250944842771389 2.57584857875207706712 2.00319659317019249656 2.90245708220140263833
3.30066692290252383657 2.75829275132357976119 3.46801111760594737987 4.35712344972417930933 1.04148474838600835213
2.28664005179301321746 3.10728410846787150845 4.86998948188852409658 1.01385754365353886186 3.94248781771506218163
3.61696366016042691882 4.83805568344684200355 1.14276716655797594413 3.30232285275526438184 2.48087615392642124590
3.98463908574884229097 2.34436176172741905788 4.08048366904268267064 2.65981298792568399136 2.16998038790315295188
1.94852896823031995766 2.02721861256642954530 4.15946214469238029210 4.91654748695091647903 0.76116376397492035988
2.53463503069267037660 4.63784811847208988667 4.48867929489348860272 4.55098935020041928112 2.10413588810204732482
3.90396428970511699674 3.86467671638209830931 4.58447500336042423896 2.39722677665931316326 2.18760104192349613683
3.24270558468829639409 1.08391675853298163901 2.87576407707418812976 1.95071795342866982637 2.34863354459665352181
4.62536116687678600101 4.81194804385931895752 1.29060272831295463902 1.93391621212995490353 0.66982602302602478606
2.44570878339425412662 3.47560306217997405653 1.52570659817367548783 1.69792032646168644661 1.04419336987284827600
4.61915418744769645798 2.96414808962295284189 1.04177038626747187067 4.19182634783711982607 3.55835604526269477788
2.35447275983242976238 1.58574322138314283137 1.61321598980583802430 3.12049458118575051557 1.69199109197320152198
3.86083968336825344991 1.55687828559001006923 3.62102211115222960558 1.16353417665705016759 3.36860283658398351747
4.16990030583053261637 1.56118461298240918111 3.06596777692881650168 4.03427552081471141321 2.78262779634313606181
2.61999049990199450733 3.22516531435933240246 1.78904570137547080932 4.68743210222015171951 2.96089180563134712898
2.98690403383423941364 2.28257776655679034405 3.14476116009832207254 2.79641894216626818448 0.78575937256313221901
4.11478615300850414371 2.29100371876347530531 4.59665310164977114482 4.28064419652480943057 1.85095758881153193975
1.34723843552061994799 2.96866226278597711286 4.39003625515286799441 2.38078878131272730911 2.58187734773688015721
2.89563004898571962897 3.32223906913029365384 1.63416841516307753679 2.48310379353889576493 0.95009817004707841637
1.98828325507677572404 1.09362814757789950093 4.89498810703125819543 1.07181616698526660514 3.92645532822275411533
3.61881313620780842299 4.34481188332801515628 3.04762247072116565505 3.59089961381419708886 0.90676581046455206891
3.59069064607727073124 3.66757915090805042269 4.92845706685871576269 4.24376229455116593670 0.68899838417836678506
2.20462852165872735810 3.45771160535094335131 2.51594685626155900593 2.34117245532254747431 1.26521275122375520539
4.48091149514241138263 4.95291176217092043998 1.06985290733226534599 3.03028230654070540595 2.01644927567140896940
4.02048321169676814435 3.91389862393653498174 3.81492338876217651489 2.75092161679821956000 1.06932691216973441151
2.67759925455748115652 4.34853254370733743883 1.69747802366764410920 4.94407313640700429858 3.65135562262185775495
1.05458463785655975897 3.82011015481196691823 1.72925907650086108092 3.33008824401553216177 3.19543195961002846062
4.81483426620467813706 4.71804271475075864828 4.63068049415625537790 2.58631080547642122625 2.04665972463077983079
1.27746415393291856688 2.28047791330500793094 4.62967582189834825357 3.25778141659203290814 1.69945016425916417546
2.64924047548562846544 1.72895406944219454104 3.94556833904189430129 3.17859525894095629184 1.19798780242031677190
1.53990918216146122077 2.27488643721792938024 4.68020073002987757604 2.45502579371779150463 2.34341525612552015190
2.47261368474798093331 3.00124176960206900944 1.00495663226102305288 4.23552336388594774519 3.27353158829699530941
3.60410235442802973083 2.50987290687611475093 1.82720315642829467251 1.86303315410591796564 1.09481590809749729232
4.32398729007101589872 1.62816862883443702614 3.19439280866845232154 2.53625466687379441666 2.77499262484719144695
2.62206408140953550756 4.30377037548844931791 3.20379036326342969687 2.76859494135867256759 1.73710423256392254565
4.35668389887676177352 2.09930151590636926429 2.06863087077086049703 2.85625521415750949217 2.39084238904205870213
4.31468726571700411654 3.66167938886444632729 2.87826524398618532885 4.69057201443396287743 1.92636318420030505649
3.31352869241695247027 2.27088540033896224557 3.59444950956695041810 1.08976590479737778239 2.71303243521280634809
1.89523621429479360856 3.03311861144252015166 2.84863134220981928380 4.78410024317357596146 2.24517621053148275223
4.83947634085436995122 3.70982959356648445137 1.63527908010886191548 2.08815785257774688688 1.21704599593073048425
1.61459383554304425346 1.17024253879256034949 3.05567059324082235250 2.73948145978689883151 0.54536560492772157005
3.26677584322621505919 4.04837423633479875917 3.51782889336023218974 4.12269584241142084124 0.98831172924559251847
3.91507810176138715264 1.01063290260641247542 4.17608128393645650078 4.32732635813367494393 2.90838047500035701276
3.09310001756880481594 3.70987075518662789975 4.43381804121444744737 4.13057225556495133389 0.68728753029268163655
2.97578818965655056417 2.26405863377099780820 3.32529695808885072950 3.90817612997836505428 0.91994950390967222820
2.28192506390729743515 4.74929122907403034048 1.87464171998607209702 4.67022089646843507893 3.72869397041261585457
1.03780407895758397530 3.54291447769250789079 4.65884984167433291447 2.09375940166519702856 3.58542425317787349925
4.03103390254550220106 1.90646362923288537061 1.83968497713754919332 3.44476749481882382753 2.66272205361537972479
4.13772778309771815941 3.61044039630278668085 1.39191884492317541344 4.46478338951459985395 3.11777621032685603453
4.37232583927217000053 3.14040109964998048753 1.31990293356084764653 2.99356284790635251980 2.07816651714442812704
2.62673851568319305372 1.24312760855515991310 3.89288183021594269562 1.75038538271824961612 2.55042548800467683279
1.98909885119742080306 1.04690809056155176293 4.27208375493275127610 2.62786458521527777066 1.89504092501824739081
1.74918607589938046587 4.90943520155483081879 4.51857005579040027499 2.68228845857442843581 3.65501089471427986766
1.12179852381475475553 1.87676472850035169770 4.44370124810003108706 2.50191975007284295174 2.08338411155938452168
4.55228077547635123778 1.42874938439540200008 3.63153218243827780043 1.94865541845297940426 3.54803079944773314125
2.36007460436332427989 4.18375299388126364875 2.45053358977929125473 1.96803344908052091355 1.88642764350215075275
1.38396937859168778218 1.80203705150366211285 1.07635187316672986668 3.73832729455017398479 2.69460455784955543734
3.14207394501701964273 1.39093803717067876491 1.58291775287885405632 4.45367056162232355376 3.36269217393702968266
3.33570561549910804544 1.84289286544505204191 2.27400068550340872520 3.78791895163051695050 2.12613226851888548197
4.95572855552781810218 3.56230592709785520711 4.38247560360885479724 1.16530374479670939536 3.50596939384151795593
3.93942151089159198207 3.78517053835408612272 3.89155140840681390557 2.21817193256017564096 1.68047381196897460676
4.89022753045168379060 4.04075147002209345004 2.04739591725157366042 1.31343624145470494469 1.12263368154479570293
1.08787070917282369109 3.43351198943415480969 4.77259976766277560500 4.70712011232061389165 2.34655504962695138360
1.52768531747538194310 4.92530827837969820138 2.42621613060461616129 3.46133811420084258614 3.55180507705425752007
1.36174312153879961684 1.42085569636002739813 4.52722025161903118828 3.13160807526495332809 1.39686350202507658658
4.91428624480365350280 4.01878881496027595688 2.95401291497822482413 3.47911969444915714078 1.03810056194110078565
3.54336250367352612045 3.41841210391909511301 3.54844645965642024876 4.54332554640158292614 1.00269486866228696442
1.66227566252426539606 2.34218052978531376951 2.37299152067177221426 4.22999592666862422874 1.97755808825353729397
2.67930886024422187930 1.33274880773068682416 1.84081418923557249556 1.04028995989872585781 1.56654492970377545724
2.88413554393733173598 2.28172266511267940459 2.51457671450185582529 3.44411626681947291573 1.10767551922782936380
4.12887332461679079643 1.97819114299795417722 2.99920764980150655887 1.70213223548149095166 2.51154105615779199567
1.61354116310948070279 1.85924140575202612169 4.22986493082513526076 2.24695737435598230647 1.99807181721205240343
3.02482081278075876085 4.27494803573685899778 2.66407473151908913422 4.86202149057122845477 2.52859408154091314103
3.13932116071471112306 4.12697938314094692203 1.81800743853746116230 3.94747730494779469623 2.34736249358206183757
3.43673047167605627550 1.18658989004930104372 4.30106810439303188787 2.24466093507666242246 3.04826886660270757190
1.58847407134370399717 4.17549178273370635850 4.02783973674037465429 1.08034914198661402551 3.92178039227178620862
2.84814941016156542020 2.60353082994830176133 4.79601906871291561174 2.43474814046256327060 2.37390788498328930700
3.03753863638143695169 1.89066216679551724056 2.29074614375364493668 1.97289642053810165834 1.19010675279071520549
4.90002242116141140116 3.59930856830857415218 2.04950314370398078978 3.70844176585284612813 2.10806401208797433711
4.27834616580157156562 4.85926645614026142539 4.41722621056167419340 4.31243556483262224788 0.59029608092846030942
3.86481436572570924426 3.23705759803773540639 2.49883054748815158774 2.67992346708480910777 0.65335534351996704672
4.30561542113510586915 1.06838693673309892418 1.14111260374912282245 2.97223982713408174661 3.71923045379621841633
4.37558751059251260784 4.00916398081795488650 3.37842445443679517680 4.39899907552701474600 1.08436099173010247476
1.72315591432422676732 2.70715622212118312007 4.75201528739471079632 2.55545177931016365136 2.40689589529609637708
3.02716035763787072455 1.30206955552198389015 1.29793083296636924118 4.01104807695648091226 3.21511173292334140328
4.93081298230415310258 3.58781202166476598236 1.98766505749574307060 3.81344122671815410897 2.26651940216243863446
3.27244621458636952838 3.36959207990680997824 4.99865725611201305867 3.81652489738843314626 1.18611729297326751187
1.83474917908135903843 2.28947850727875268362 2.55896836220594448008 1.03789079841010600802 1.58759431751500534880
3.16224460981828858763 1.36431805550403373317 3.16799778686018029816 4.96671425895724283350 2.54321073481959647467
4.28817451199337362766 4.21342629249890787690 1.45317938231605570110 1.19242112481758644194 0.27126032730797700054
1.63517904701832206271 1.87082172290669879189 3.14263839688479551526 1.44353487948212544367 1.71536591826640893999
3.08157930752162112498 2.32514040276439093446 1.41411207085410728368 3.56202090748650901375 2.27721588504776484285
1.23152646484940531124 4.74918422771042969543 4.52004499737523079972 2.33016527622766345118 4.14360825002916666193
1.63244528838712410490 3.66878199626688639157 3.16126228233310690996 3.60143428669255927232 2.08336712589989891953
1.46450205939658628651 4.82929419585301289430 1.64320746623965119326 3.12452701328942161751 3.67642948008400427540
1.98710402937776420274 3.72702940550949612941 2.11818572346494748970 4.68229346633041210168 3.09870760665309896709
1.44466183036119444338 2.20258413751021286942 2.15164881295152543572 1.86432154619403878115 0.81055732795183521588
1.97950670664565953061 1.86602096692258534461 2.83748242176662612835 1.29452329319108550010 1.54712697784476804763
4.36460182171740118662 2.71321910164833690615 1.25881145196365817895 4.03836966576073308488 3.23311131141961860536
2.13638950424832652075 3.97598083186136141975 2.47242033941366390337 3.21042742932267310962 1.98210764525669813629
3.67382249372915969943 4.53462201742365067503 2.58836250949298829482 1.00842207676960526896 1.79921860565824887068
2.96986756282292496678 3.18471062585649100640 4.36363082839201954499 2.37881055118257922487 1.99641405388646875352
3.09737831641388483561 3.68427703924054439355 2.22406540803912644577 3.06554360607486842127 1.02593161011104605507
1.18482599547856848332 1.17527545733482874368 3.09354474095638520836 1.77733099644213110579 1.31624839374149638083
3.72458007949794467351 3.31884823723492861092 3.52187497680151517798 3.09527492691386241219 0.58873247777771586797
2.33778177262744968345 1.12864722574445064396 4.43891903517403818569 3.80330442188345196897 1.36602060346632292465
1.77353003383963025996 3.32086943576156912172 2.04854907507877737061 3.40381015554687360591 2.05693748591727887387
4.37190280670137543240 4.36750237046495826121 1.60353834824591601205 2.01331454254227093514 0.40979982095051581403
2.37745159289414997872 2.91224913774887284035 2.15074252189564107951 1.20990186602964033824 1.08221511434326478351
4.60959624278359925142 2.52782421922736233455 1.77339190223459208795 3.81862371437145453612 2.91834677916077422921
2.38392364422404012814 3.29792144634496642297 3.47623187496044305789 1.37659267825579778588 2.28995125245504116407
1.22754484155514198562 1.48104562772489600775 2.48058952709620283983 2.56056938790476307233 0.26581840930161332315
1.95220232814048344494 2.18659348601404701640 1.34498435046763420431 4.79391508254489373542 3.45688623034607411810
2.12803568215909599814 4.15594754536563293357 1.85913755110828171624 4.42831843949465131516 3.27308981883839900107
3.69585980924287005323 2.34816218658217845672 4.83316691841588674805 1.79362168041871417046 3.32492468124566231680
1.85662566538498374769 1.76976594161635691904 3.10249248652979359164 4.72756564090004083312 1.62739281326544737993
2.87053120192105559738 3.05368800017102870470 4.83242046413949211114 4.77606934396953342059 0.19162949013549682165
3.63270804644823241958 4.30998179513291823639 4.51479226656339704959 1.13973243165886861661 3.44234347790036654402
3.71207250783073172684 1.48255508788667533793 2.66135104466744332186 3.75356830344640179931 2.48267727790154468792
3.15146300896985076534 2.80544263696465367985 1.00139039814021790775 2.14317034226627356475 1.19305973808988863283
3.39025168772661755767 2.01147080920656806668 1.79257448614958869726 1.92474244447505116185 1.38510110828792587512
1.29817184932814422282 1.84408170837317708646 2.03922175463199772949 1.34836254288606216534 0.88051350055338906131
3.33753761788424219148 4.89651828619817663935 2.19345963114585185139 3.79255682776708269444 2.23327843504083478621
1.70823887907623417348 1.22601673183992732064 1.79159567763995619671 2.82011477730896142901 1.13595322864505976490
3.02838571443528747906 3.88503718346509163695 4.94487638236159732230 3.28000028420283307184 1.87234189228657510462
2.31639860101591432695 4.42837733905559538528 3.67597409805481101230 4.74467698419021655099 2.36697698526323430102
3.88543379041433833976 4.99600338262653842492 4.97928405971648491146 4.77885607956802260787 1.12851060888800014403
4.92213770078561907440 4.13826551349958648984 4.64093569877133305113 1.07255973747802535456 3.65345899212465852202
1.26336942262685658633 1.95063648051743188105 4.71231349585038294947 3.48832402502868221816 1.40374008760309831878
4.12222426009001985392 3.80433458608903052323 2.25157580721525052425 2.59164119762777556133 0.46550866221035924752
4.96961072210823218143 2.11778097824336342114 1.83831055953171240702 3.12461420372557663327 3.12849963290053434406
4.32822753117232839060 4.65698394336265586446 1.74278616716737877468 3.02560091775306849726 1.32427129504361063006
4.46096709940451496834 3.62465133121590143972 1.76985322973649994438 2.61817823811943384271 1.19125118424655318528
2.95146998463469856233 1.03436793566092433139 3.92158423402463851559 2.81742719933572738356 2.21233881298332146770
3.45762602344512748331 1.65369108259219510515 4.04954902729299881514 2.97578742090264425357 2.09932018953471377642
1.24689717490636375885 4.54810159918424972147 2.90399381364058495336 4.79918514678315233368 3.80653396675907629287
3.22607519200996151199 4.69066393119025804026 4.82327582619491224136 4.37221608744101963850 1.53247351130727893498
1.98055954070858897254 2.96513335949347167642 1.05312345312887067905 2.83109862967167336123 2.03238316590131606887
2.40969455656534314869 1.33011132577362545248 1.90951017922989985109 4.27367955402080479388 2.59899918909296712144
4.18192935605155469148 1.30427504804068528088 3.13613091895237650064 1.27114384151302006742 3.42915020310124463165
3.08873051707478429861 1.55168301617652470981 4.26713488815356445372 4.05147841066658287446 1.55210268226676229020
4.33859053361599222853 2.54894134123178428553 3.38341597351625145151 4.32065352387221146557 2.02021247832961581281
2.58154706451831206238 1.23587907909846572707 2.72979404517723134305 1.53187466551084883193 1.80161959557621331740
4.00177488864377739475 1.13757428914422265009 3.04773040320482069276 2.71619179760859053019 2.88332497668478282549
4.72604081068963743917 2.32341449073059536090 1.02732056734336119064 3.99096427682641063939 3.81520605867080009332
4.97762509164232813674 3.21093860383280382820 3.70662798745602906081 3.28540726252308434852 1.81620704913338237851
1.75820233666267089490 3.40546269959183423026 4.68794638603070890071 4.49344623600936010632 1.65870341280044586441
1.39511654732270873325 2.78180150855078434091 2.25029278358370499191 4.82969980601193160652 2.92852108905641284053
1.94405216762716337442 4.67851412661131327297 1.88012786899797790241 2.65464852769467940519 2.84203526647355442236
3.77757094727207176632 2.81203530474890595059 2.62302017090645955832 4.79176133833642481363 2.37396236875989918857
3.08896248278858109870 3.39712862063255238709 3.49054174390865501465 1.01790456675562701605 2.49176663802069642273
1.60186968619996150665 1.11219821563676912746 4.91431538493467190420 4.13885199870747921835 0.91712682463357464435
3.70468603778336902366 4.82259086603946318661 3.66450642757152511564 2.18512958210217211885 1.85425646984152137087
4.57758008634680813032 3.95275528589047553396 2.49386385651442887834 3.34780696364819085886 1.05812327329407107612
2.66796909922064928722 3.22741776877750474739 3.43491930215741358978 1.40841647515913237498 2.10230742797074299233
2.07287394780866351951 2.84067262921639773765 4.51334765153918660019 3.67176981510986566448 1.13919623855616380936
4.06601262435703780795 3.40755647981944465030 2.08320168447402664924 3.50403240185293007869 1.56598991750482263718
4.23298056699254310331 1.21942289092168643094 1.38986885181713404336 3.17854224521786443702 3.50440899086640067495
4.11735346092832621423 3.72701653875322858056 3.43486659224178136895 2.06936664688447535809 1.42019470974367956195
3.71431804796157205573 1.90074498366160149487 1.75240409577903610838 4.09649094758598941723 2.96374601279674765308
4.89065742556995974866 1.13123154771402978369 1.76763940609950642724 3.62653708614088943207 4.19389836738517818304
1.12191048887091993080 2.62312077864670234462 2.87490566383144141582 1.15924839802118917476 2.27971756756318377768
4.50537419517320092410 1.18040767112374744841 3.33428794927228233647 2.18825336923201563266 3.51693014498405620571
1.49343657112176630974 3.99259812724385776406 2.48883536588582066074 2.58392805929501490070 2.50097003259503480876
2.17160869615569085411 4.05799185805832252072 1.35650214398392376935 3.38443490358555543196 2.76964848148194775490
2.56534194358724487728 2.55738367469966298984 2.13463450244627184205 2.00785089157398122239 0.12703313752522787938
4.96137966439351529857 3.60480527600284128553 4.17798970594172303095 3.30775857490728730781 1.61170601930345980257
3.28359988761901400167 3.27160532732958841962 3.21876619921790307899 2.10149176961081307624 1.11733881187864647622
4.69307813772829440779 3.11557345774262195448 4.14694350361747154921 2.70356668081878748211 2.13819027870980704620
1.71731556544567220968 2.28167540206619845478 3.41119200816135093035 2.61628307457260023128 0.97487549866100953189
4.11995654614650952396 4.52557243772230854972 2.81342886030793515317 1.31858105532295732942 1.54890096893482387408
4.86024361954401840080 2.00179948844065291880 2.27825332233749477950 1.34366902675808530532 3.00734944031832363009
3.71342760521438464139 4.79339696840802531597 2.93221657176937045008 3.26948385394109264368 1.13140755038154927625
1.28092349610236899693 3.56006407375296651807 3.92201782159626155533 4.96798050218627018637 2.50769210667508701817
1.40686118021054440419 1.26372101838452133293 2.28973871316628141415 4.91078317637704486742 2.62495012982254172229
4.33163159013857956836 1.47073225704604793052 1.79547030139253216419 4.86780213976416398225 4.19809098509802414156
1.87274315702454607901 1.62530598985566099302 1.05791865254774686278 2.83378487347313745559 1.79302146844938548043
3.10619079513771145784 2.39510790940986417752 4.04006653946983718129 3.71375707960426071352 0.78237889412535088773
1.44020701285129071323 1.68991788605972681481 4.29389887265247338632 1.43214195891592188659 2.87263087665600913567
2.45661557704993294138 2.93458821609376530049 4.67702549119850097270 4.08529203315180478029 0.76066177046465721645
1.34680883862299483056 4.67501332925593970913 2.06144659902378846184 3.67784710723009622413 3.69995888279841711466
2.28927781570483057649 1.11474653692259328963 2.06531938816224380773 3.72803245018206119710 2.03571570987924443941
4.47551674416141587187 2.42550028399500883225 4.51778457032492841705 1.53556823242327489254 3.61886470775031243718
1.68363887971637149477 3.75707350323885469479 3.42604198485711330946 1.87795410737333456908 2.58760646436703245499
2.58430844848451890527 1.45331919999643499608 2.46008614925953628116 4.11518234680007566340 2.00461470195865620880
4.05186956098939443649 3.50577412266290577847 2.79510883017225530978 4.68197899347280888094 1.96430630017694984879
2.65012253186400803528 2.11318102501713056540 3.90796158900078971499 4.79359458385709924499 1.03568913451534827530
3.50892770260296726903 3.51898495962151169891 4.20592434072865728467 4.98583992430672662266 0.77998042663047484346
1.59772154371370689319 2.12778805241644164425 1.13690468303290570518 1.96705318281242247380 0.98494519407654801402
2.98890208398370615939 2.16504232264970974953 2.31739953378687646435 1.80570250742333593408 0.96983439469560950297
4.60026122869856912700 3.26997727921153291675 4.48296709128015891110 4.73565977867240484045 1.35407126124304943993
2.55445594482737092790 4.25175513235353719210 4.23460465836249166927 4.93770344205025146778 1.83716423642530979343
3.93233340578261625353 1.61647823384166589022 1.38877393796228254530 1.16695302486753638149 2.32645431824737025650
2.71889112595491289071 1.87461498040738305804 3.45335108397671142200 1.22852353696685767659 2.37963438869807841769
1.54517518472019110831 4.13119006070332339675 3.62649733871964441434 2.09832023185172600321 3.00379729821458729688
3.72622230253208019946 1.91740770909469793182 1.68813668741454137034 4.60923689348265952503 3.43578763128969377760
4.98781875593381229805 2.83624113404351030354 2.01234608091219335790 3.44422839582945172765 2.58448703358943809860
4.24262843065992356628 1.92666766593303639965 2.50190132260926123564 4.27261550056601624448 2.91532210291957527559
2.98501063853301218387 2.21827460032129364365 1.91990667141409909746 3.81199202611904253146 2.04153646594459203811
2.96858348684392137073 1.35012785682557501232 1.74591630655103680070 3.69529177837887612412 2.53366599150363436266
3.75083926246396348603 4.36008770542987988961 3.24613699451443915578 4.03625999973861659953 0.99773645249678988289
4.34460051761392840319 2.06095084565304098589 4.56295989795713552439 1.35825390903217790850 3.93512341606950855066
4.23449330567543746895 1.50523455829657626381 1.43279448424003419404 4.20644655768427266906 3.89127217432365579697
2.13774569703943662091 1.66377411671450525787 3.51512680886237882660 3.10460831166429285233 0.62703627925143834432
2.83181121158792725723 4.43872617996652607530 3.52691328757352051682 3.52735400628590767269 1.60691502881520675849
1.29997838758582728858 2.98574796517712881538 3.19362373815865652205 4.78086475383700282293 2.31541640112183344513
1.04871897125136559481 4.44774872796232756400 4.84593464286916475459 1.90838595733305238511 4.49250437583554518284
1.58520082820319485606 2.83225128429698402854 1.88147228636506103072 3.93785543771990331763 2.40496289061178636359
3.92144225705255244918 1.20554440578786703497 4.01288928743449790915 3.56353831609999494034 2.75281990583172664344
3.51984414756068364483 3.90029530165138638154 4.98016821711342494439 2.02725266096416678607 2.97732318742813495405
2.91211745647886210975 3.43270714491027684190 3.25115383006108560338 1.03677499352587876302 2.27474993249722601263
3.06903619071073840985 1.98082920817785446133 3.72397602052064957689 3.66308530839691881553 1.08990922358527608793
2.24223404777307999680 4.80358345842700629191 2.44023379786693395133 3.36888434301867611964 2.72450043833137289795
3.08662744739358396728 1.63353862238823799302 2.53515465601956124786 2.78081234805006349831 1.47370785266591086682
4.24164362740377498540 2.41132667450701054790 4.77049514474119362717 4.59932438747567395865 1.83830345052283128382
3.35255277908639781614 1.33407919944654551614 3.11702331051995207289 1.11146185511110173749 2.84543710932534654745
1.22237544812726373067 4.15792466064421173400 1.39981634020344092306 4.30149544302780562077 4.12761320800247499818
2.61465309743190310598 1.03858686241115139026 1.58099067913932778140 3.23232833508310113402 2.28273976421105961876
2.85630465511987718941 2.97121632389024492582 2.78071345023881910663 3.89460240885805264455 1.11980056427626029070
1.59661713070674560200 4.83350968462905061784 2.65656499543700297394 2.44797308369187671673 3.24360663325304443561
3.20808683295655994172 3.81398036093626524590 4.87857747642052075321 1.83527988612247972000 3.10302548980209902396
2.09528487802110019445 4.80084470778429928117 2.63579606629552376518 2.00617732629930634047 2.77785416287153097414
3.79428081034339026445 4.51213927371521172915 3.16516174174929743046 4.27311266347499252305 1.32018029768186218043
2.77465858753272076598 1.25508150869447998588 1.19236118854410433343 4.95829714589235415190 4.06095901646138734975
2.06078385164442590138 1.96510515643073579994 4.33829255540999270124 1.03125563264893260751 3.30842071406022020241
3.58809075939112220865 1.29173274636174317820 4.36324420640924426351 2.67261645959614213552 2.85157540708615764302
1.86549594277247754448 4.34267583747888252788 3.01797968625364898543 3.71089810952289411716 2.57226673812098516336
1.90766363912777325851 1.04909636595648914081 4.99854911969483595158 2.42698207362308915336 2.71110583249768088976
1.29544551964740994876 4.22387428981244195114 2.81442356777475310992 3.42503242669948626542 2.99141074420208052942
4.30238086486300908007 1.78842900047141384334 2.82437258371164645609 4.95800926931300800504 3.29732611105148976094
2.21113537897049194925 2.66216522350935980157 3.99429685652067423263 1.57359582652947782577 2.46236093968069491567
3.97550852761609352370 3.66781620137726127595 4.61006709633858058339 4.43358072391781732335 0.35471397953351702093
2.08919082043850279362 3.91983883477661931849 1.27484744981334285896 3.84158960663239756883 3.15268733812793788829
2.37765519758421284280 3.23364461241499423494 3.07800923548619431713 3.69369020127594849257 1.05441022848706666970
2.92046207527062495757 1.91159354789366409122 1.66396716205991879178 4.64654247097798833721 3.14858240783046294808
4.36963518368936654213 2.88884592459433475753 3.64387016580521994058 3.81173022520177040562 1.49027307208840986696
3.95526381901143553321 4.54168609025597547202 1.81564114725126435346 1.16393936214685567165 0.87670194303416348891
2.43781771755514364841 3.82237713438070381144 1.78785542507803763002 3.00426094897548878748 1.84299950550415703177
2.17079455092813189410 4.06293925100315611587 4.76501254422819719991 4.63376605919218320651 1.89669112030828879156
3.23097240824347320398 2.85112369116028308014 3.90203714429580506007 3.23355701946686613368 0.76886326818300998465
1.77298761945917382477 2.69301337949520247506 1.22957065879309057621 3.39889661064180348404 2.35635788548645486173
1.20796562196235068853 3.74590849196294950474 4.09712869092409803784 1.91302629757295905577 3.34835142660220919097
3.69643118164438666540 3.51082252831084495881 2.10209178656783102213 2.72561310124654232467 0.65056083654871155186
3.83788916836684101952 2.53241203059665975772 2.08788558983470728947 2.24376967285036554856 1.31475108084315994716
2.88645330574737979390 3.86644624307076867353 4.63861061294123366849 2.21002722848230437336 2.61885536303051891238
2.37103889879468798796 3.86355579747792088341 2.97121962105086767636 3.20075079209741142350 1.51006332692937528250
3.69801032014209463128 1.84574498258048436128 4.98877669058494532806 4.41623869067273489009 1.93873325707166332954
4.68359527752703552750 1.05103073506504607337 2.30536355155970440478 3.03947274783530696496 3.70600073761575155018
2.25111941542641780245 1.49325775636785529343 2.46864410179789617317 1.08172720989764759025 1.58047232158910100353
4.80176458280642926013 2.08668284085725019850 4.06946734859293179909 2.12593395351456315723 3.33901047067100975596
2.65826133160921918019 4.14356267284524815153 1.95579091863233323068 1.37204806552698421740 1.59589341524712091669
2.20820073198908994883 1.17110813269919944446 4.18966279278408659792 4.62774707382482741735 1.12582365261920314126
2.06178332090169513791 4.44540794290704610603 1.18190999447694755631 3.01225195676584123206 3.00529832754515568993
4.08663661857698201629 2.97236284114365201248 1.60172859697232983223 2.00908772205758356932 1.18640107377975922986
3.03647895293043301734 1.59587893935115854305 3.52514369377055070132 1.51104935404119755660 2.47626824242738807769
4.99706101972364002961 2.27615902179090356938 1.58279770043383249956 4.32477168396832567510 3.86286538837873205665
1.38521838697091581594 3.19073403249032061524 1.70510549796837285186 1.43136637613968131788 1.82614891315984850806
4.31159381852173773098 2.59461009556897481687 2.10904505731927960355 4.19418657351515911103 2.70108279166862663700
1.68385662000546609818 3.79818182099895418347 3.40298364175923895303 1.16087832559869807980 3.08178638200500731870
1.25055620217877683231 3.52833131991469173272 1.74356315062354561007 4.18669856533720441405 3.34023504286823280651
4.28429575798509354456 1.89077471511877615029 4.02268517676432768582 1.55738629395524919019 3.43607938852168448562
4.14691876451317309460 3.47844922329449923737 1.90106080424997658795 3.19312173719309866371 1.45474155160803575448
2.59249676454242683477 3.61508267255854232047 2.18782142113749467072 2.43492820367251328051 1.05201886924520149336
4.37298574372129245091 2.26856949284427189539 4.54889929398436887453 4.16409842086588799503 2.13930817530061334608
4.09000255996091865995 1.46917176168759544552 3.60358344337797475987 4.53523344056741173347 2.78149704124255059412
4.93706032889297308230 1.42112842306064068865 1.91711918808592729491 4.92621706488411525982 4.62779074706291559949
3.99987430897567231014 1.88102911383081794483 1.50086666748486630141 4.60017339870187846884 3.75435842390620955200
3.20543384873166958826 4.35585336843516479632 4.78271920195780531060 2.70190939209180003289 2.37765315724338188730
2.69082179665268217406 4.21504770980873910702 3.85784262615006090513 2.43560729750820748052 2.08471052292000891271
2.67986024323957661153 4.64969679563407822798 1.60987913253578796002 4.79404548224658721978 3.74421839450906679403
2.80884094139325624084 2.34350653441337364313 4.11734376447859595771 3.19196151930842564326 1.03579361361011690335
4.06585447385851672664 3.11286627271094618052 4.40293542881806487799 2.52490024611662455811 2.10599208426596762322
1.08710408787081780346 1.20618702046635206671 2.91215765381621016772 1.27271560575995046349 1.64376122772453059362
2.73514330527643600988 2.07012786846152563314 3.36137707141384201037 1.17238360657532014741 2.28778012936293384527
4.26249972801872090145 2.68221313950255169090 2.28495576949683831813 4.32788974665045245160 2.58280563280568120632
2.23232132108751546440 2.77485024928258239285 4.44813867837445986453 3.55320092262567355235 1.04654250969234996482
2.88933120526361220115 4.40464834845865294000 2.77840899139072350366 2.96429917798360165193 1.52667652301734002585
2.91751298679282067283 3.30847948883530840192 4.23864996273085559153 1.16435860049296957541 3.09905182042020932442
4.89622921076682970920 2.12092706249071794034 1.15793740872746386827 1.14193942046742424878 2.77534825740020796303
3.30580614971087083376 4.29354670795092729918 4.94437047751381086869 1.93570120776998111367 3.16665788886220678222
1.73412375657836070886 4.96107749358709604337 3.01499644019504131620 4.56160852840441499723 3.57844091360888638675
2.85491589467045780992 3.22468786822796849023 4.78935767160271552711 1.37372239153369557485 3.43559247858077432269
2.58593164865482494363 3.05855394537658353826 4.54707026832251326454 2.14188052555895769302 2.45118533245725167546
3.43364749284331072232 2.46941509984269202960 2.83851109878820695442 4.87041282014576992765 2.24908174884051881293
2.73922282575890374545 1.80209049298985801713 1.21352787717273313817 2.57935746902982998563 1.65641404338217235193
3.76669620146402639449 1.41857438822641901410 4.40304371271205408078 2.63181550521211793381 2.94124555466654369340
2.91629705582022502597 1.95233181363902197347 3.58817126294260724251 3.61241473373209132092 0.96427005242794205930
3.38317187428965659990 3.33657792235263128688 1.69978403726112103911 4.38275705645613733452 2.68337757650419561628
1.47560033522911515647 4.63814590347410238280 4.80745783345639488005 1.63285004927729593405 4.48105222627415233916
1.20425263564200069055 1.84575320515618157557 4.15780830781179133737 3.71491915614821666125 0.77953433622150303250
4.47585072789065030463 2.18266958533191823832 3.92138889589778427691 1.34653011902738573013 3.44798165212831397852
2.48848535594626429912 2.75063108237228659547 3.34381039680074465537 3.84969142478810599783 0.56976837079727093993
1.69333436370479573085 4.91509226296986767579 4.92132428562951673712 1.12564602546538461425 4.97864413431603924920
1.73372333006904444375 3.01488003223950951082 2.86344569594715592231 1.34548387249845147196 1.98634604058910579916
3.94599985949805009966 4.71788058805855747835 2.93581281119625936427 2.53248397327470353702 0.87090413400227484342
4.94644499093940659407 4.95963229890590540094 3.64586176694268981890 1.87339534231923465768 1.77251548131711889056
1.66282038552026234512 4.61369364417690874802 1.09697475446909509245 4.57383107785379561250 4.56028320196400382969
2.75264942918431376739 2.97562671198962380714 3.89400424848912374287 1.96442424242429236614 1.94242062088837852407
1.62786836069882534517 2.94552304407691112331 4.15471195542404636569 3.93424105574006155450 1.33597203647219697764
1.36022503214410628303 2.19196187045860035880 2.97345592727154794943 2.03193384169852109267 1.25628420583527722343
4.02671210830134018721 4.50605637052228757966 4.55908321617807477111 2.11024623230562013987 2.49531030040467793896
3.65949792512642568809 4.73257060426571296574 1.17360328833222293810 2.31597824370438942765 1.56732431659077087183
1.33001590304089800654 3.17007505657646637687 3.96679274693150185627 4.94062025883823707773 2.08186399927000387322
2.57096224664632799772 1.42992175461227688515 4.94043341896474696995 2.35425927681930335922 2.82670658151196008134
3.98579696382770842789 3.38660418342206126496 1.10928808876517992488 1.09702918091249390642 0.59931817001655363075
1.97396829535771578534 1.28707059381575295021 3.07795980383987721751 3.44988195966570687645 0.78112389694450146127
4.13714855682705895390 2.47582039596482017529 2.68509467921377842359 2.84678856418662773464 1.66917829200823297775
3.32021393669691144979 4.77514114402003553295 4.33688467827973589408 4.94600511576582935191 1.57728909397494887479
3.91630214588212721694 2.44178418460619228725 3.91748176641971612710 3.17208510324013337467 1.65221651232657640307
3.05665693046886532969 4.95287992791118725222 1.52761457632677055685 2.68087734738077410057 2.21938655378649674077
2.62341031888937692429 2.32034242588846151278 3.13161898667721683154 1.40311632859956469943 1.75487081768132524573
1.63802703804137905763 3.95031124625229601577 3.49256323482725683505 1.96995230075795113578 2.76857405826338531796
1.90958375645316413838 4.40364613600104437552 2.75661604016936623296 2.68964925997601778107 2.49496126277052621134
4.30989452939238404383 3.35384660736527306923 1.51899010660059285982 1.28528470445727416305 0.98419807163158334884
3.53952892551911979524 3.78790227200244489225 3.45416009064344509127 3.80218307322725390662 0.42756206058285378679
3.36485386819888754317 3.46922095386301920783 4.89400385130992177096 2.77995823700113042776 2.11662026541093561960
3.38321907983465930414 1.11035191971199731498 1.30964986996906596062 2.59814101276643238947 2.61268722824438315300
4.76622033681133938643 2.13343427802259055781 1.60924659531353775321 3.35232252063035973677 3.15751106296897843251
4.01351683948716431161 3.15443848647542379737 1.97231408429561927420 1.24901987176653239686 1.12301831440606370016
3.37453987171985536619 2.70311820144416881107 2.73097781769766223547 3.51415276715240576522 1.03158618678675262359
4.05750167987064891406 1.68983756096586912321 3.74462329715353092752 3.85929652931524191928 2.37043948037564566889
1.16464070260696184178 2.58368320104626425504 3.31298658115011201986 3.43415772601485924653 1.42420646632596459291
3.13547879469758061788 1.79624336957303398776 1.62012039379897743174 2.78334721836795440097 1.77387941227845336023
1.32410034180783897639 4.67605144470368827569 3.04790908900875567866 3.80853048734699362043 3.43716759961086504305
1.20131709965979993626 1.81168291429267913628 1.90911629535706639516 1.81094540893958377836 0.61821028025458502064
4.03726915616336601289 4.95006542944670613338 1.73039998295893271418 3.28267820522994835386 1.80076781286672771287
4.30134414455137914501 2.83724687893174687403 4.48054828496916890401 4.27954104454285833015 1.47783108435933385749
2.81246315890779952085 3.05917698022562811744 2.00811264471138839482 4.66359676735743544640 2.66692025288618106416
4.49612454648083748054 4.35703213919149590083 1.12328038049508593943 4.84581739253860988015 3.72513469606126745859
4.66003604766575740825 1.43199233501307254812 2.80828906800543487421 3.15118506162616940358 3.24620453348794413273
3.24382442438312779132 4.95046740362992920836 1.75913264208023667479 1.85390682240733051245 1.70927247794758296884
4.28851107214951632329 1.69247816224034464128 2.45765031361595864823 3.46582307984876303308 2.78492355297322058405
3.20478265497208258950 4.74895314535356138919 4.84492411886530938148 1.17168610639564851894 3.98461290461407813268
4.57557920495499370617 4.01570130918155321353 3.20843427389393598403 1.14839142759574874830 2.13476925843521359027
4.43365687106809325257 4.41209994184618015112 2.79072923790477434025 4.35880735923668183318 1.56822628972903110878
4.21521611873085877420 2.41169615041661344890 2.96692616213481485943 2.38030544369203234112 1.89652528151209809337
2.71587271873536950650 1.04173422465426224193 3.86329377227342751766 2.15021193525177256589 2.39528475920873473726
3.10344963422189090707 4.73378253816301075574 1.08719082337932526627 1.34220189340347095808 1.65015636335104454169
1.87461346285143148904 1.62199736181562803594 3.97184222795928443261 2.42668850647908085350 1.56566756289662389889
3.30251130171979889738 1.69113264064042656543 2.20707199187063496382 4.27290831782728375288 2.61996582325495541710
4.95713032860924229794 2.21862414218962422652 2.52703576679905239644 4.47606097426932425520 3.36126693263314857418
4.92131388470328356988 3.47881103471922825676 3.69896070039022406561 1.93873309284159711652 2.27578902857634934875
4.27289012071085583244 3.28024499396956192854 4.73318316905843694542 3.14186332376882138107 1.87553810882525273662
3.66453723661532704270 1.64158826391223433561 3.87514115721965746175 4.04193665611111629943 2.02981360834214230593
3.54979350659245884714 2.35956017569198417405 4.86999005594176459510 3.34806240284944989227 1.93207638649032720224
2.48118481969086346339 3.68382712060879402571 2.67476022872127350283 1.89539075243541432769 1.43309639749853134916
4.98753191807716245165 2.50008677482834329453 3.76130023263051693760 3.52845461625511092052 2.49831951954456377152
1.23866159423000476991 4.01908541105187211429 3.29757068474614278841 1.05913688676753725559 3.56950171159550011524
3.76458299300994392311 4.70494578886523129313 2.11903107882061192413 2.26476711686613629837 0.95158876654465585077
3.23182599376295431881 1.39876284153091345885 3.94500185219233268086 4.44436471225085405479 1.89986414937402625647
1.73681747329713820349 2.25932988212429997077 3.52205064145993951286 4.14173004799003408039 0.81056880291302424446
1.55993167212865868620 4.10739813721613078457 2.55147631159137677770 2.88079339406352019637 2.56866407526426554497
2.94797918710846396095 1.77236047377112848622 2.58472108186788096518 3.98481735410341153525 1.82820921414283454887
3.44081508834437377331 2.56167820218940978094 2.32760828292052179833 3.50949812396944338388 1.47300551966816839489
3.89785643008895155148 4.41943557333730030479 3.49178474874716160414 4.08890898546148839898 0.79284434584812979452
4.35853791804752432881 2.43711538303303898445 1.11266208192918547581 2.52245408211064559012 2.38314457006643465320
2.95902868779856476067 2.33437006904777843985 1.99214640922610630724 1.54462450915735027834 0.76842321738791175001
4.42785728160036917700 4.35296808574566451711 3.04202382906425805587 4.44923312266801396220 1.40920062008946977983
2.32521452003265949315 4.08819604005100778465 4.59773128039574174863 3.25176608388217891488 2.21804556989977097459
2.51512223075173890763 3.12265647423649372882 4.08358691359419800904 4.18929566079213699936 0.61666214107949834933
2.18824295796864198849 1.18737241877422583514 3.93883148598702659271 1.63878587490856730824 2.50837629738215417419
1.26017733236011730824 2.65249069015702421126 3.54493748959140697607 4.92346312833566557288 1.95930330040424416360
2.16573823957185940259 4.25672685657079874488 3.56955196380875161566 4.46828026577485637461 2.27594946278998344624
3.12483055525533037766 2.63225564081104135283 2.46540357123759479308 2.13647092990712073046 0.59230627961591031383
2.95152078462975397954 4.42511557162018576150 4.82599111125493251961 4.63283639401699609550 1.48619996670590848176
1.44915096228415407609 3.39475717716855562855 3.41491874951530505200 1.36207125649578886240 2.82835046855818772471
2.96743103567648436325 4.33660669884743654734 2.15137980427374309045 4.37883636627710792766 2.61461368699688900819
4.29735251241288551682 2.49385042630125219887 1.88562806778229852256 3.35056453084596661540 2.32350136979139820781
1.91135417501296123177 2.04392526610508662444 1.76192529766099248434 1.53502858193299873690 0.26278739277504659100
4.83592245511385421253 3.76574168756133298430 1.34769174535215929822 4.42646975772425488316 3.25947249178531572866
4.09696908466130338411 4.97353760808483791322 3.77900614743205753854 2.13557930535993412136 1.86258534341384418553
3.09670821417646546792 1.89543692210384628893 1.61070772983518661903 2.40348213926221365710 1.43928592760444629128
3.61827243828734834707 2.18810099218076326011 4.68628962882013411217 2.68068685609758672328 2.46329714959664780594
2.00051011839654124813 1.19568691130627646757 1.29886290663198700202 1.48678023523821556395 0.82647039696625590466
1.34613295217094552925 1.25949967171218712991 4.30809411489028981634 1.40078427953114825755 2.90860031700112475761
4.79651852636344155911 1.90813939389394082724 3.80606842879222950771 4.00098327737210190946 2.89494832615060371239
2.71664990884005330685 3.59891747612895063213 4.49565798273020256204 2.60047967721672979025 2.09047766550584945833
1.52263893932968663592 1.54168329507379686660 4.88420018616225437569 2.36685105256366057347 2.51742117014918642681
1.96101786375187003841 1.37141221013430492093 3.11569254868189338126 2.56244716076728717979 0.80852661429700578566
1.36179860891422821467 4.62239608915081934271 3.68264843080596548930 1.87108481974809182091 3.73004807543203797948
4.76884193079860452258 2.13343299385047835415 3.24718542765081297219 1.14022764060799142172 3.37411490339710251618
4.15421491572453049912 3.50519083715334289764 2.33098746699319825382 3.02532543542871179554 0.95044067093971484894
2.11265844714593553633 2.57187671376117910071 4.78594778627204409105 3.63551877349978669329 1.23869622176757276932
4.66494760655823270667 2.20254632523126803179 4.18933644216462663934 2.37130029814069542837 3.06082921628405824066
3.59892940872145494779 4.41457691356520687265 2.43334563439979145727 4.13582904821013830343 1.88778458158158790603
4.65048691275936842970 4.60097552080838667621 4.91237168916024380394 1.79721175029790058986 3.11555337341952132135
1.80375173751134720845 4.19060781951302097070 3.39159456374371526266 4.80114944569888013604 2.77198970442388548108
4.85038647106135378806 2.57230101510621711469 2.47343720499866348561 1.29353778808213037976 2.56550891221884036497
1.43354952643756927699 1.17236678393827586930 4.26301245113970495026 3.78899290244025532814 0.54121248833400192879
4.78408522991494233878 2.43550638158318344395 2.51018081039769302976 3.75672419187620310055 2.65888943146179146382
4.99723919916575276545 2.22525985420849181651 4.36979989619143083246 4.59326749545752388570 2.78097235814947207899
4.98550042417791239302 2.47122900313571847164 4.74947434216934638584 2.86262044764909751038 3.14352960824862659450
2.57162947470611058520 3.30004145646605895337 2.61290056847262075479 3.16210805839707376208 0.91225702636952787916
1.34137604783158126409 2.24614344945731581049 1.12112386641330230574 4.06717621665191408908 3.08185471776185959669
2.60347738866765476828 3.66236548069627998458 2.12321916069533944693 4.98094612825519433841 3.04759698985263893789
3.93211520482089804673 1.07144491165601429827 4.49469034773998998844 1.65583460302163354427 4.03020303030957371959
1.92587009865616654025 1.94927532863885710768 1.11624852705225530158 2.59689789528922476691 1.48083434470270147720
2.28095105756791349805 3.97487353171815360753 3.88958689229004406229 2.41302698338080423568 2.24713206399386633549
1.64794493735644298482 4.42198499702017322477 3.40250658184912646576 3.56300626279466126078 2.77867925464648957146
4.49085508437914526780 2.28824265994902953381 4.92822801106390961934 2.65545564724689597824 3.16496377704141940157
1.48788703139569022937 3.71120132796078427972 1.33772352431437280273 3.43110491670586315038 3.05374722518444130515
3.67092382909178649442 4.07344741607904481384 2.78144967487837346809 4.97940836393413110983 2.23451284106330305690
3.79659321026537632804 2.69120268837781573268 2.44043539123464636731 2.40671699003247541171 1.10590466879314885951
1.37487179525851432871 4.52852735696332864279 4.00115204785418754341 2.70606707154133729887 3.40922109839519826835
2.55279045249230440717 3.62120736476062665687 3.61107525138789764441 3.64897819827687763805 1.06908901958809998689
4.30020379642515848673 1.47858691639267991746 2.00954377099293646225 3.59985627583295419996 3.23892199361681898395
1.41533567461383613661 4.04872137049305358403 3.82013712251055537195 4.99535052765078102510 2.88372099393865699568
2.77518759624280431098 3.82760530693240541567 2.22595498737815011836 1.62268889173955566108 1.21305936372470024587
4.22486366260908763337 1.16230081236236948428 1.29212717471254245893 1.53569947416676333418 3.07223349971526715763
4.97492070575444955693 1.91136411570038911023 1.16136637352235405629 3.28226978224039722676 3.72607169141650818034
1.53266455954345159896 2.55543123028643570649 4.33302029581734693409 3.17692397379622271103 1.54357065551708982909
2.29834325163778929735 2.31770614579572509228 4.55284761150067662783 4.38860408503883014930 0.16538094707309752840
1.16801959621754214425 4.20810441575900640032 1.86354518773619881600 4.48578014337883601570 4.01475178219035111482
2.18973755902475586410 2.53969646235418888836 1.05579172796433651271 4.64083400173614712969 3.60208263907846681917
2.95864657806272912666 1.58110528419333684624 2.32095423643092901855 1.68185404675476357639 1.51857468329992584266
4.39900038307305152330 3.36314676823996006050 1.09070365551134917936 4.34871941715440701870 3.41872189779709589885
2.75339050562993525872 2.40459480098225375500 2.41809735715912355047 1.94134556879670627794 0.59072050183435798054
2.55389845507607615716 4.93149616144996905120 4.48442686252806055336 3.50502313869765602661 2.57142032884693128025
1.45846132682424478588 4.30429634055707666107 4.31539393114608582636 4.58455565313936563854 2.85853545683346998985
2.42129877810086924228 1.84005308378954302029 3.06504461123336024997 1.03936269321469509919 2.10742349567979170288
2.01158676838362948658 2.99763533656705716268 4.21373281902265972576 4.34616587639635021389 0.99490215272755888609
2.83063579227348816048 4.32064116124858266232 1.18815745966062191741 3.69546241838102096366 2.91662375969176190793
4.57429991565010851673 3.13462600197436547234 2.89169898043082440608 2.66549060577444807407 1.45733702570239764817
1.52146497336234975961 4.81099394860180051836 2.22600516035717133079 2.59826274853893890437 3.31052512313361235741
4.46810981864089562521 4.28377545158552308635 4.41347046141282284282 1.89493621174684490072 2.52527105983066224582
2.47922565750908141524 2.20818470988516235565 2.99051037726375801284 3.79001634847904034231 0.84419961697323930849
3.36343096924005680037 1.47817793255063234525 1.09551347289701306309 3.83966658446380781911 3.32934758054313340025
4.61550775388620948547 3.70295661576456414110 2.16433605978438947659 1.96024558596867226612 0.93509491560452528969
3.73046050678323837246 3.61914759933871854614 3.72813573320900593089 1.95268616358826463397 1.77893556309109412972
3.93805167474162187702 2.17953468226759250470 2.46251944657393284643 4.70349836101150131640 2.84857306519837916170
3.82977449894809440778 2.43444804971416761674 1.46215810978581384205 2.32218178717376888542 1.63907798032908114116
4.34318270965497355007 3.80085670836587308230 3.74922569590116205873 3.78980414556827138739 0.54384198279611650761
1.43578428102526833854 4.39313698998982360422 4.38135187014458260535 3.29622968612683520107 3.15014685363515090089
4.12867662399943036178 2.84317623834294952445 2.60609534680920917893 4.46098911197390535222 2.25679908755073377336
3.28487136463411610876 4.01081454162633210814 4.96390913377652331917 2.53250379399733294150 2.53746436872093061865
