1.35441854077436074633 1.97388547759171562035 1.26592720631454880298 1.27584016085054519074 3.03077021481883113196
2.84732889114298881594 1.46555537915934896986 1.13672090650154955505 2.67771549803718844629 17.55752549805665552185
2.39312895933664471215 1.10278780001261833554 2.54634923733080409392 1.37333644439750357513 8.68865836555558246346
1.89105166161284032889 1.71611688381433724615 2.06342350126868634419 1.71385045633895138906 10.00205000555453338507
2.24504884075855093428 2.62611558522314503250 2.94976011097663626259 1.12940968077955639082 11.16672177657390463423
2.66864237845463492249 1.97542774231672235707 2.99750977780257432670 1.77172680086771472396 26.98910722254891680905
1.54546390991968185524 1.53750998459958876374 1.47447556342274355146 1.32132676434623586026 3.06115472129551813296
2.45379116424859056167 1.06005419506684184228 2.22710287154003960808 2.86073060030269665788 30.54214042588206012852
2.86527399042634822734 1.76784593238647347313 1.44539533312535750653 2.93984642700728748821 32.28224316728943676935
2.93406087357839062690 2.06048311169277464927 2.33174375111858811493 1.71718683717103792752 20.94291351291525771217
1.50320177670499943723 2.42055365680273171236 1.12357804392868310117 1.35432949718715511800 4.90882904612242398912
1.51963092864136628535 1.67086683420718729032 2.27251604081726732431 1.67595125578160675239 8.48989862005159778846
1.65182321501934592511 1.16674315500606828877 2.79957606721113183568 1.50777949291335922055 8.63606454889096752936
2.91345521047181277297 2.36240504154424213468 1.42590866913864577903 2.16165749812877638902 25.91462140567682936876
1.77037742322222335645 2.79072435563587539775 2.68154323868541233367 1.03885983362860834234 7.15479646731068541499
2.68563812542528879135 2.97963773705646595147 1.97678739530044156325 2.62042404998202016486 58.94716993443505259620
2.23904587427866186289 1.79828748623127943063 2.84730530002926407462 1.22637230115949980025 9.54769321516437408093
1.64441941476314812398 1.01027933696361826854 1.17819868081860068543 2.48720796161064061636 6.12604968379229042341
1.43165121165562148065 1.29204614912143211924 2.51065108385763791077 2.28150826372533144237 14.85352691872852481936
2.13035566515763141737 2.31699248700049320604 1.19370179264536036001 2.47421576360554817953 22.14894544787218322313
1.35408414794100484535 2.94186683148017369405 1.87685076948735529712 2.09349674387493056571 18.06657680297757195831
2.03160990772652860770 1.70746785856880900489 2.76804526693287034078 1.89260876450613690913 19.24358243045534067051
2.58732815503368174248 1.37209280760254270781 2.81188472781389631194 1.21443173286875283345 9.33879625550473591034
2.56564167001415510683 2.60752851129270846187 1.81634579856343880699 1.37774927217621123710 12.29491100096808686715
1.10221509375551485199 1.78893785230027146937 2.38699284326042349136 1.95840060639971635936 9.40380181267379633425
2.06501116560701181157 1.92324973715165947752 1.81459927976656909543 1.22765695625312920569 5.43997341933941225278
2.01994036795412412744 1.17936421399560664725 1.96238860319564478729 1.68648537925372599133 7.52887141129239978454
1.31900135742433977093 2.03413817238883920524 1.06040186415891080074 1.74035828236885192766 5.25566254434778734606
2.68004931269457635779 2.01050392848328840500 2.30435947572831612007 2.16771182510217297335 29.44418988736887143887
2.66701149804720305525 2.37220958389079905615 2.98522457324771917087 2.13522894060763945845 44.19637569947890654021
2.57139505886566244186 1.18676248482692536790 1.53460260596115194431 2.72216187506638984672 17.92744024250095336015
1.43934222384668575323 1.49496762988749343215 1.85487645332403339182 1.36597314176282402798 3.81058918416885017422
2.21271841683232128872 2.57312019884436660178 1.53715316501189702691 2.56267615060126585647 32.63721406336560448835
1.66511160424778181799 2.76310920447055741178 2.65817966529537130782 1.59142000769800118221 15.49853865381621709219
1.04644099681543822911 2.24755771478283872256 1.73413960690988555591 2.21441132415054209304 10.33806696009511583156
2.42030993982393916042 2.39685876080927373621 2.38065016797139428206 2.53766455004200253143 44.46900751115552452575
1.57870918284979544488 2.43869851510400925676 1.36504772140623176213 2.41771257861853605675 18.01922878598262300898
2.39011185178326268641 2.24694074557926093405 2.19031350415509784568 1.31480147231088428939 10.17063232647188009139
2.31746207183119867778 1.39163574774373732801 2.73857345870460422432 1.80819008243449963480 17.87511093997238376119
1.27154315880448343101 1.33101303534498849324 2.63599946797916206975 2.80039352809247699128 21.73852921087027212366
1.15187768744877283567 2.68720826203305929170 1.63952665780937234530 2.31386087342172963588 15.27765308422547896328
2.56100945113240641149 2.31678456461445136938 2.37758000026195315257 2.66495483950634248771 50.11034168874199679067
1.25745747073017422046 2.59609074360861935560 2.23784764782270872985 2.77869241273603240217 28.51446552741931483865
2.87185631742814617695 2.16387510020426576673 2.39999440012618503459 1.90303586273467639778 27.15151179134432268825
2.50983579069191353739 1.60239781761787702941 2.76515694281007906596 2.37611839991583595477 36.18325368308645550997
2.46130290490024350447 2.27638162999498350203 2.96345238635214514034 2.35632499663148653468 47.70722490629620438085
2.82452649314277337567 2.98295618194032119419 1.41771299330623845592 2.65414389082302148992 54.25968128442536908551
1.07773538833084692179 1.10475856996027110846 2.45881922781020723079 1.87131661210795408046 6.85581414678194089873
2.61901710944736887399 1.05014559620139480423 2.25322461148339758807 2.93618375617186622151 34.88358568592194330904
2.93403288831330488762 1.12689486493787294208 1.82547162106893456901 2.40438603221099578278 19.51562735657742564399
1.47211579294043692911 1.14783072782879091989 1.96811272694779515469 1.99714906496887589782 7.61995763847515750200
1.09307119595625645836 1.19408161584117755716 1.20892350895584566040 1.44583810488730457600 1.64939151813179196715
1.24462559355300528274 1.84702267384275620188 2.87052208993437751872 1.60217509667513291483 9.30628659504149347015
2.41257851375587772935 2.13209175523844685074 1.44976620672480160934 1.73175392652141657557 12.02433709295347874502
2.63426364973895665855 1.62591026119884674017 2.58489006362739814904 2.52097287368586542300 39.02973916594919501222
1.28632487685322050019 1.06177291170589249703 1.47785487646256363803 2.02942860014255987977 4.38583280681524545486
2.83896806438615589840 2.06276285960470717740 1.45976232709972153501 2.36120515449043466560 25.26910428755779847165
1.88596773090913161219 1.89018496088434018176 2.06892554158742170145 1.61659972716349353838 9.67673408381348032492
1.42857007444695915943 1.12009314828327588565 2.88992920934285191237 1.00998173034802296577 3.49965082606033917045
1.27909073570679643339 2.31836706418262261664 1.18910481707546278329 2.96139397425333150693 19.03822715869110737685
2.02072460393688579927 2.16945999298398639610 2.82134358347643221521 2.46073058688510659664 38.74655941905133715863
2.83613000480584265262 2.94717438433955525312 2.59286945510118371772 2.19897461146443218283 52.82939553471137372753
1.36650341230672989212 1.76451974599750993633 2.18411709690086386360 1.23426445881736568388 4.10306258493726794256
2.61162751733894982209 1.33700845530444190068 2.12612900029006857139 2.22812398139831557842 20.44667745588823848379
1.63811384676357008061 2.52732584353287137446 2.14042753206496305651 2.34021645596762883912 24.60115520135414612923
1.18618428213818627448 2.91443829458851588754 1.70277955629060806508 2.41589507261892144641 19.71977655760705516741
1.95385750041764616469 1.38770548447996211472 1.68699384804294916229 1.69282038150489677619 6.67921598487550394196
2.66098709812300970867 2.47455964851891696554 2.21340149103813743636 1.29572665364842221081 12.31099853604675153917
2.28794014475572371481 2.10903807493502526427 2.95680360352829563197 2.27863342094584808706 39.17440384350086901577
2.30116923175298193627 1.11826532779895648773 1.86806124571244214216 2.19574730962282327340 13.14762225808785522929
1.70842476443980806344 1.05829086245159253998 2.94207013040502651791 1.24775361114250116223 6.50045714936301965992
2.74138454905194173250 1.51499218125576562421 1.26740392873394869255 2.40466396940594950848 15.46151102144415645512
2.28699329541347662342 2.26514939388285707622 1.99741158002817131845 1.33015245292669548327 9.22633026187815197261
1.59618664612584515439 2.07288157998234856549 1.89871954620788363499 1.44734947771562172392 6.60550603154560089791
1.24671213689905879818 1.83260030199447898624 2.24151165997524559614 1.72431835906025709981 7.76837392339714671863
1.84441108910947249022 2.93001351053991676565 1.21390146680443833382 2.63807439839389079594 32.27799752874776828548
2.35119048018705001368 1.77640588578749558657 1.14074774644307974647 2.04340950146898814310 10.93890371631401770003
1.91150467005046631463 2.20650490170134006007 2.81203956676372923695 1.64878150071432827417 16.59756275485060683650
1.78228123156207418631 1.22447908497947399731 2.53515518535184902760 1.89028342329399778876 12.61955188513906556125
2.70806380061600560083 1.72269496115444931128 2.91198539467494121880 2.25364590552025445547 39.36177954463570216603
1.89492814158337430364 2.56455875743529215782 2.18241507962723346736 2.21939814283392689021 26.46136895956119872153
2.21527658054246812114 1.95662509023474728842 2.68302421355874631814 2.95914052277795480705 53.47570817901996775845
2.98949391469441039249 2.72158387560257697402 2.93794900210896692272 1.57788532482457788397 29.84379268180321531645
2.70235465088870441264 2.64829011205495223891 2.74558021209340497037 2.47484851978938591444 60.21322290622416772976
1.83505936380180401102 2.01241876765098837154 1.20400217314563717785 1.62633043668581023233 6.67309036920648779301
2.84892996861002600895 2.52531706549870893497 2.68645665397052546552 2.36355936976150537987 54.08924073483596117740
2.19335527643986383239 2.64860673385810585501 2.85497789151205072500 1.29084296374502827121 13.85694001859074120375
2.04219421952009572152 2.28403264695328811484 2.17411320858300838310 1.29105422417077964070 8.46191191248487051269
2.92387632481232140336 1.31710184834693544431 1.07616495408570522763 2.41382581687564501394 12.32090265752284352629
1.67725946613955789743 2.25887113648195292370 2.65040455578406053405 2.10443717340748737143 22.52011960343325469580
2.00219302607085758439 1.27791954829543064065 1.95083616686720739963 1.77331375993100825994 8.56097864213632320229
1.73577805844797361523 2.30593180250359486294 2.38740684272142722477 2.99739576753563774503 42.95235982207864111615
1.20851501844450925915 1.68907749361644765607 2.45695278975163411417 2.59205643835331134284 18.04526137294708476588
2.25703606033654580187 1.74570867774400806383 2.12833915241809545904 2.20079371488100949961 20.70871600084313968182
2.01777724520023982180 1.80881887207208036372 1.73196100177186051994 1.03851752325830637425 3.41203380972375214242
2.02246591931059249703 2.48609990411058046078 1.67766671762928920586 2.45864756072470314052 27.49333467032522548834
1.02439335861562774710 1.50288018086957020358 1.77289784800010052912 1.68758934095300183742 3.93985343677168486920
1.57987261933089517818 2.76851427972497088348 2.35225129918077380253 2.26547720654825113229 26.75356239366711363914
1.32785872781579783464 2.01658709138733849286 1.84866033800766249584 1.90713877247779151070 9.03649539039330385037
2.27406432243933220860 2.41611278638911919359 1.89333564772421603095 1.16207794736769920441 7.23387770760337822651
1.04251668333945457512 2.18980670623344231274 2.36672682277557999697 2.53794345376335694908 17.45341031646807650191
2.82306658158799850256 2.46526388260538631414 1.49740246546332378408 2.47650358572360307363 36.01213042949432718842
2.30914074967675020389 2.68609668374865018237 1.78622090703396430023 1.12984457201527987991 7.66830086105796837614
1.35648383344368705927 1.73651605536082920267 1.59956850683276052827 2.91509791995438094503 16.06335508812645329613
2.46134287818339725362 2.47936368347272750867 1.37270687564807958303 2.31079976835177980377 26.38986213276715986353
2.57711488284067513632 2.64505426024288103903 1.12840326667284540640 2.34267573775358872723 29.24037675114260181886
2.49207261005540914311 1.66936994441846153769 2.38032040101659703168 1.54478866050312269032 12.56710929678975219304
2.71039871030898193993 1.53228053626594218350 2.73744252594544335011 1.30406320098418393449 11.34046007249808596384
1.81221120250201672697 1.30269496529960537856 1.37378383938575976408 1.94952176825820666650 6.17175802130560402503
1.90542652927148004061 1.79366876526579521745 2.75756867008094364024 1.40565505110081656603 10.18531560197472352058
2.66540026046285127848 2.33195396774749585944 1.21095302012004046865 1.66724446096722989097 12.78874695581441223169
1.12798455228245697590 2.13111551413245514652 2.43059731048275118326 1.24549736819670409105 4.57111867414277917021
2.37061119771003259160 2.44537050754252716089 1.26417132550559374593 2.38519878161393128480 25.55066180778763751391
1.19061993966297574588 2.32261415501605839040 2.00289291240822286966 2.63147385062435512637 19.38749204095456235564
1.70741889767169863212 1.90512306887670579414 1.87200474569053332274 1.10892178360878546073 3.74462796415664911365
2.31775939450450785273 2.65824115732847188198 1.96783993703729209734 2.89524500697759057388 53.13030801239288081206
1.90232659242570489866 2.36910222686652982560 1.86564605481384604424 2.14874457384803019266 19.96711248414430528442
2.49121709686334158462 1.55307216446717788472 2.38172144759921255996 2.44736485975140061200 30.15846159166799722584
2.89596435490329273676 1.01882571552363265788 2.12616865438482394168 1.22852343809244080042 6.07386951151121579073
1.51519172493681963942 1.09678378716847935159 2.04246993241328267388 1.45365754188527507296 4.30208929637325443451
2.72137236371532997836 2.90570039586090178574 2.72826367155035498513 2.30895099564119865576 57.62170627966498415162
2.45967718993785222636 2.86243281960567585998 2.74423700158117256365 2.13497719296069110584 44.07349949606179251305
1.91951302275593760349 2.55704465481223053303 1.02608478271619163458 2.01577077834347262453 14.80236404968082197797
1.37730962433862869077 1.46083250177585122209 2.36552334797614394191 2.33447127581279190167 14.50484572663842364193
1.37912091875588416201 1.31933698038569025002 1.58716357586091971754 2.37294011525988590705 8.26987277486828986639
1.55563643267783802138 1.52106322569805985090 1.10310219294005174007 1.42770029316060642621 2.79868786473069741660
1.67545489629656008113 1.38496780327114876741 1.59739233218959508775 1.83882592493693652891 6.33055651697163845881
1.02487073186402599667 1.62041994445174686312 1.00624466644925703029 1.60351450354761904116 2.39691201608790827038
2.90428752198625961256 2.62268219404571789610 2.27028903639839674256 1.93120032222850968040 32.58340194249624488521
2.65169349366251694278 1.70980788424753682442 1.54840147658450244528 2.17030193697055739932 16.61483762641979922137
1.29112629575775605950 1.57938802919870080466 2.02958303863773270592 2.54088924031371155010 13.78234058549934282212
1.85931701601820775771 1.90436210126246541208 2.38118153519756825531 1.48896933517645324585 9.58054165676227320603
2.84177004026775170686 2.49781917176798140545 2.46170208429099801606 2.12420654474117265309 39.42711255855002150383
2.13328475570375664105 2.50233652716836019181 1.37064192691263264656 1.16295977393120208987 5.87166356384641563437
2.54296287402790088805 1.06620727856951136303 2.85474051725210875574 1.75057566121284824412 18.09199443685914587832
2.14238909554615375441 1.21474351098832999973 2.22398980636884413542 1.19802184470870565214 4.93651021319506977392
2.56801088554985623702 2.32586168481380717310 2.86356083920888870864 1.32539461318056006611 15.34875151967671413900
2.80414054627517916884 1.97713536949058288350 2.26153124436405095210 2.53440604726393203805 40.63230205931591143553
1.14735085878320530739 1.80540828308361533949 2.66054671944216014623 2.52245072496964262143 18.86767976553673165085
1.01121730838713674849 1.45125479237629595453 1.39731570845098396205 2.98644795002507912329 9.15111561211226920420
1.34930826092148947737 2.06280009022857679923 1.65773268290230380018 1.93031853734243474818 8.80252030440910537834
2.76381614226677951862 2.19076549559269917467 1.76189987206954667975 2.27223825645447341515 28.19614866775216910355
1.18514738352164461510 1.36678773905876971284 2.08279134632293816409 1.59403837220290012233 4.67229955299610999475
2.00448492694038771234 2.35477465278074138411 1.42358009598463786105 2.60800633273619597574 25.80741672522157870162
1.53093481222722282986 1.86129288574461870809 1.06769899794154787820 2.76479352839523739860 13.47083262738912168288
1.33823558423868038680 1.99316823073023074997 2.97931255854686938278 1.07829934444546648997 4.99828905974965920223
2.87500375522133211348 2.01625493697928259706 1.14047795377091665259 2.90132001204685563422 32.46521257133816362739
2.51192424449694939881 2.12615658836529553000 2.83167230423620619462 1.34739460811556832631 14.29538767489356487772
2.87654217087617114501 1.56596944174557872742 1.42845929629184409393 1.71186397425022773788 9.46808430187350857921
2.52336816722309276173 1.95378188801424501619 1.62956338417551305220 1.68110625850471206988 11.53982316790612649982
1.75338540910883056156 2.89975399765367702898 2.08783290894967432649 2.61652436793318976527 38.31571160982315404908
1.63759835194595604335 1.09981416829289013748 2.74447962625215957644 2.57230103518185693190 23.68044430486378715273
2.66811617998083949743 2.59420403107216035465 2.22460794272392714532 1.20566395573296869514 11.32386266817187703282
1.71824109134230784690 2.74337083180855900721 1.29517392970338196534 2.89400801733827428563 33.11153934944161392195
2.05433446990664325682 1.18819290279309042191 1.37981939995877711524 1.11418107020876444579 2.11396824800163907199
2.82515204066232739066 1.47060382421350199778 1.24743281347608148124 2.48116705191238162698 16.16934731746160025523
2.64865563269076265129 1.45185271847872376938 1.05314397315143848388 2.28595365366382718975 11.13140186815457610692
2.80198767119378100432 2.61628342467625696344 1.24359160972281657109 2.85613688422739997463 47.95144994507270297390
2.55601191018265749832 1.50670311004108192776 1.52590065073999459067 2.14191892387095084160 13.48117305716827907247
1.51229388245008422587 2.40891175249693034743 2.86392872692815947389 2.19541489734248651544 25.52059417200037572115
2.25082666700466926812 2.22651660210467294831 2.34417618421638618287 1.94228518261589022664 22.18859567405282007257
2.31947217396430049874 2.09876989007277270360 1.27109079055202234265 2.78779517237866869550 27.13213402191934520147
1.46891938349313888601 1.86980819595511382758 1.58728740953082314569 2.02019254327421560191 9.01585814055007261913
1.01276758150021550797 2.73348170131136081196 1.48807791624491381199 2.67969135450395956610 17.61072276968505079253
1.50535877206799684203 2.24792158056796331778 1.90927442279748138532 2.59076126007015972164 21.97243543565128121031
2.91965308503384068928 1.27778665703609006776 2.92713380277869639201 2.64670189837155600543 52.15761491220257539680
1.72031962744958044631 1.00459016896647201911 2.07884639601838516754 1.99741084028452720034 9.14695731194564132238
1.91925960361409742028 2.47760489431433139629 1.87834775908676254730 1.79283290447174303850 14.90844452328487079740
2.88011982391035648021 1.27609962266058141189 1.06066583116375623419 1.00188044568888789954 1.99002411044323723743
1.16730709520150477410 2.13075106657521562425 1.39475388606589345564 2.70850176856643054535 13.88425965649118154488
2.38034500323857889370 2.04274970905595854020 1.85669266138782007580 2.89948154518357137377 38.12266239765933306671
2.18511190324975501653 2.34499144258914249406 1.42951842624390912384 2.26228426839758434141 21.08743759022503638789
1.19945151938525929047 1.94712941537906925049 1.89078339181101506838 2.66677711536785233548 15.70905131831250933772
2.34424611119850156982 2.17460622791407320875 2.43326134717818653996 2.51921811496234759886 39.61056417170487975454
2.24902847635565539264 2.59697865135100602885 1.14576104904658282457 1.19202057078649703570 6.43693926278089989523
1.08642686126205290087 1.11983704507563874841 2.48617222803860560276 1.32372353076090853996 3.53851594471539243614
1.12551711355668015990 2.61557480231285710559 1.22284374186150235353 1.90785938634353491317 8.53832485965665810568
2.50591764050191301294 1.57335923805754518412 1.64595849671557248328 1.64170089394261053961 8.75413753964567220578
1.36884098801010267721 1.32259689564616955693 2.02127374802666537335 1.27935800533970489568 3.26816457898036949459
1.98209525087110849384 1.39678820039128637198 1.52488580202369838901 1.42072874813011562622 4.27714940448848057741
2.87042352035818382205 1.88517574496744244605 2.71228145294048106351 1.11073151261589853078 9.65924512772586219000
1.79881544870764731314 2.03088542178203645960 1.91880647170335105756 1.75902307051256556747 10.86214754251854586187
2.70894413550045953798 2.97740439084208219356 2.93755993965180728367 2.42384934596580592370 69.60577510769299180993
2.82307939174348732081 2.10680522280171977911 1.23140695625737017771 1.94142610994728626039 15.84112302260571425450
1.15338057041505659406 2.59772935681350691794 1.33714702741399604768 1.77250272572616163202 7.73301778865686095799
2.61662220164047099047 2.59617264816143666906 1.16284620345487810233 1.20459542670732489000 7.68133485656395009755
2.30608659298417961736 2.20039444196522104846 1.01523891773057850507 1.37439777145716490736 6.39527933334340836780
2.25923419639238698409 1.01628603726625854620 1.97958937114141564351 2.18694492569272869176 13.37591521444353404036
1.54763016611311843285 1.03930421610640033592 1.78037562322239595325 1.76995094128816110590 5.15118805381492439466
2.68402865612299912357 1.04648476279055402394 2.19637228963068231735 1.47518101453247885146 8.64329726165807343818
2.92949106935299141696 2.30268907929457089523 1.55496091633134136956 1.63246739641792570907 15.06795437519127744963
1.77049402557530277669 1.48612018287755054402 2.62184689781538349251 2.54487020888150583531 26.03619889853358415621
2.31252891036503971378 2.06211855643472663502 2.94495603472290667924 2.84665324042180589714 60.55223707457766124662
1.69745486482497254244 2.49052367072675373549 2.71393931039863200994 1.58092975404706836962 14.39079604943660228855
2.26535916481358245989 2.05008039872557779049 1.68727576674074941643 1.47643469641008917570 8.70318055878187202268
2.13643202759864703211 2.50123270870993064108 2.30003299681427675338 2.86737694907733375871 50.70399031486131491420
1.78218438221915387309 1.80491877343105122655 2.10610242785744183891 1.29614572632739988300 5.75862204512189634897
1.25305244760809952886 1.70088011234126357252 1.92771752631309967185 2.60993498266957679732 14.10295663964204493368
2.18406903342111879951 2.61178333538743245867 2.67384224976946871521 1.62930745781348962353 20.25047067068080863805
2.40121222639429809931 1.73328538321291580893 2.96465420783039057540 1.48432793253281181123 15.59808375710657912805
2.07527937621826286119 1.67843946128439913679 1.69690558327617524448 2.54796244948825290066 19.18765842439797708607
2.16849453018101456792 1.86616589969231472246 1.95557760033728711413 2.67537351157987535188 28.35292749763727826462
2.72075462183695382379 1.89189098391680832201 1.71047517167053864107 2.51856339467837786472 28.06602519053907940361
1.63328595676840726547 2.29389422337400583629 1.70810177468109203325 1.54000109845265975572 7.92089701396101641961
2.35557070196581275212 2.54999190109710482943 1.37063790176888034011 2.08372458426394313591 21.42980241708039201853
2.14117214826098933855 2.10175257124698156019 2.78690093514957837328 1.38729350778910665021 12.55233822951323752193
1.79209738816458186150 1.22113410453853821203 2.88171249858703149016 1.55969813212144470249 10.67594838969355741654
1.66035938401164773204 2.51849076857262543783 1.91105516956215182311 1.04753707657410788379 4.55261127408627341850
2.35799889603874612831 2.43766302075598728649 2.35609755961331490681 1.36640079173786066491 12.64993265430317137543
1.76396224275173474361 2.70542825238905626506 1.00254065064048081268 1.28416241648454176882 6.05373907969420521624
1.68236102213041727182 1.31302249575313467744 1.14515820967954229381 1.00583013727809778004 1.29159581075771812131
1.08347567187394155930 2.63718709506877813098 2.19322268119855667834 2.72624005621038101310 23.68528477141773436188
2.03402605892977561552 1.24456884243320486938 1.31237073632102929643 1.51542334288048619051 3.82015219269696926219
1.48307554618227133147 1.56171084989764108464 1.01068885545757258804 1.89618174826139340716 4.61310796688326618664
2.46314632547343581592 2.48293581282665076770 1.13926862423765729027 2.79555531092287568029 35.91486273673821472130
1.38581469995195827316 1.96029298284318032053 1.18329111539244524742 2.83180079177485577446 14.56613513728544262449
1.37764757773537116492 1.95319425748653729968 2.50435760528860207330 1.19575547438385942911 4.96724090223123138088
2.47939453150230182388 1.57856688139088330303 1.59539159291443333188 2.43912352157063594404 18.57538931329081677291
2.31718831208458286852 1.90202408817390478113 2.75426709798265534346 2.50126513306029574224 40.60519532340413917382
1.90455100079480321718 2.99479735667516155928 2.57034701453022673689 1.31092354130966382009 12.74468769858562744446
2.30703469732735966247 1.56086092750570015752 2.98723988886723823555 2.43875103803484893916 38.96755497976398885385
1.39376503122116757183 2.86935043770803499541 2.77271651789584705483 2.24515465380232592807 27.96378492576693020055
1.07202918136220715084 1.87005645043785162507 1.95816197558500593168 2.98543511969567987308 17.51278796559907746655
2.04319803348189443781 2.17004167951450810392 1.38850304241424793439 1.09082680237994522621 4.03399449858497938237
2.04107618471025009654 2.93951042555442487725 2.06288757702760205959 2.84784861928548860277 53.36981325382574681271
1.30124605547554028639 1.21262933783503634722 1.04580361281266176476 1.85625860861368585653 2.87424692923652935761
2.78642390205199141917 2.46565853667967926910 2.04353426029617146753 2.50596174173537100671 44.86349351486978065395
2.99602791794645995083 2.02336843687918621626 2.37560715590883964055 2.42753337487399356576 42.97986590788877947489
1.01668830655854436351 2.85594563374190979488 1.87683251074606549658 2.99901001817360146617 26.69848186532751910249
2.11926707834599525881 2.77293041445795829247 1.03113564502657362176 2.73933152506167365559 34.79695528534038828639
2.30595571111513741869 2.96902159138251331427 2.49702995633006841203 2.19384326337724555600 41.75858891854389298715
1.19969733093074171215 2.12789060366657167833 1.60492558440634036643 1.82371759671901623179 7.08617329560566577840
2.59532199219188530748 2.10810903093725521273 1.91288354875802468769 2.63071037203722379871 36.38617594796760101872
1.85473615486498366600 2.79042015730447445776 1.41896530259668685048 1.07353165400604155799 5.23689441715587999937
2.15875166442468824357 2.62612131701486717361 1.20460803276492045555 2.89350774181401515506 37.71840272935666860121
2.66107921064023678070 1.31840816145374040147 2.04728979973043978546 2.19224085730317597154 18.95830131795824513574
2.91652717655962412380 1.09854342742347221851 2.10106134628848817414 2.22151062497333295909 20.22722120955442193235
1.15125905890236146512 2.50319155159981665548 2.17148465796546741302 1.62036805452482690626 8.29840653552775187052
1.09959317289178915011 2.48632601037792433374 1.87790722964610412582 1.71676083291190151314 7.86569636049641918163
2.39061838341462928881 1.12235071270968878032 2.19622172551406347196 2.21914437018741850238 17.90373116830648569930
1.67386002414564893925 2.75977283060956768423 2.33924809169653080687 1.03898227766420236939 5.91238769151258125589
1.60137872787832313826 2.57882103449495225789 2.10356155479558104560 2.63106842444542632364 30.69399530361652850274
1.16918853887456819507 1.37836627571617675869 1.89800990330097363312 2.52131649944338809277 10.22412928156777667255
1.41904813517520778099 1.68598117267136338171 2.18670060357253159822 1.24362984516490682196 4.18324436643649733014
2.05191626183755104762 2.92358239940638142684 2.40291953381342837659 2.98663655215941270527 65.53126394043644609155
1.90947885051117016708 2.29018674536287392129 2.43735276421656266166 2.23242857748169942766 26.61160044235293753445
1.47752645283869488146 1.59640476662887675907 2.34332452602295493449 1.93174666647048587365 11.08190115993496149827
1.17980269541590621074 1.57236934856730115051 1.59409397764219984417 1.80103997961710171616 4.79662173501585265001
1.06399843416886707992 2.54213721434231532115 2.32166122025754928515 2.49834351920069952513 19.67876873626300948672
1.62046086197586181044 2.16232721129774896340 1.55120304182159096662 2.55541746074407161160 18.73490253385059389757
2.40083725314670726192 2.96322657531545718967 1.73481781536440493596 1.80022838117980388262 22.93416660656844641153
1.61155936253981102446 1.70827785539053600417 1.81770807294649916486 2.62999801766599450303 17.33989329203524931700
2.15100844860820883397 1.23744102011104351035 1.51147663234964246826 1.15886580287634699538 2.75572905066397311202
2.69693908042057728380 1.64372997611136484331 1.50140181935612648800 1.35717742781353112314 6.15489397478278377207
1.17668547849279092610 2.14378798482458066132 1.52176628180180095740 2.17555358451442026890 9.62317843643931070119
2.61500447830421745010 1.26057607113125480502 1.24711599825011143494 1.20830660202784612167 3.00121889294769550460
1.06015960204851777959 2.81919339900644105867 1.10698850069930099238 1.41719213859939641154 4.88307213936264972176
1.93522516136287303645 2.16449174760105123028 2.22153112870718594252 2.39312401704475252728 26.65551970874628295860
2.75044519857746294633 2.14301195920323017674 1.07685979974559820072 2.90049855899926711800 33.27490319964254439355
2.52207961422712401145 1.79131601147240870908 2.99166905923077264262 1.70449813304638198019 22.27337520570317863644
2.20981760156852757859 2.34930592652755887428 1.74451986393159863553 1.04702462650288996571 5.18579414175602781967
1.54307327009428041364 2.56105819883678265114 1.98048475131007784000 1.44087906172974844488 8.39456861524470099312
2.49272563683781855914 1.51825497165764522478 2.55591634380450649644 1.45001569427101983933 11.57988866985946607713
1.09007677121505563989 2.57055114549454089001 2.18592480663112764816 1.07928685445417782418 3.61444870288005137837
2.53815359095610215689 2.06496326214706282798 2.07750580164138476391 1.33515064375210723568 9.70534504069794401460
1.31113904586327212343 2.49582139337440711557 2.39555320172710661808 2.80300610005133066238 30.82131418872295114397
1.17228231632932478057 2.31691881252453901752 2.78487748030767701124 1.67159594199982763918 10.74705956155196417967
1.65957132705294663211 2.21867672812171523589 1.09610196046775976164 1.17949535255477822027 3.53477004116205417716
1.65710515787977885616 2.39593463412608587149 1.46243445137420891022 1.06537196426821689776 3.70489311656225739355
1.97428610202011678432 1.32798958564901181667 2.06553027501513053465 2.92142661957224625269 25.40126422740527090127
1.81149921188561147112 2.26297972776338163214 2.31025693090061867707 2.18321312703725833870 22.57533445660283888401
2.14026288416612597842 1.30769198343601700252 1.90633307181791322726 1.03627997858384190977 3.07072644664981853069
1.92702910782711511750 1.43426617610762141553 1.84225978866220629904 1.53586407066968422264 6.19459990012964034634
1.52100604404682493431 1.93569383709947362426 1.01196892803158888796 1.83857869143255281408 6.13259180474984866294
1.63539030225671178087 2.81206688177189390032 1.38230501299377195323 2.12441804832028457994 18.11698705741065040797
2.29513481570409538790 2.28524467954444832074 1.34910155799148978595 2.47930776141734998674 24.83881680561833249499
1.65313521008357833253 2.59122149784368804859 2.52748067477608540088 2.02100905611419978669 22.11780218700934597109
2.56759824031054773030 1.09124557306539382573 2.79470922558384948786 1.39807953052233080449 11.29359066567362113176
2.11789744844177985073 1.33686012415626298555 2.18181900779781479116 2.56719952874374213181 22.84765470889394833875
2.02076122201390928623 2.84965227586437741536 1.74633535840568332453 2.61032404497153391887 38.45076723848044508713
1.47688937289371380324 1.35947096656022514694 2.47894638069488770782 1.71457869880088997760 8.67622720415482007184
2.04247862561725579411 1.92005744678059664388 1.66984523520770866689 2.10269503055182749307 14.61807302699850019678
1.15023847645296695141 2.11087783774456871910 2.25579562583357962069 1.29424175110579819936 4.59735684198527749800
2.19140110774197172105 1.34441599650147769474 1.47392775306262402424 2.42812493417212538205 12.85517522899101017231
2.53987453937164531226 2.21524450959388108373 1.27111512578186269806 2.65721880133694021708 29.24536693684731858411
1.40543595129199272442 1.22000690901999275795 1.15050705483127124751 2.18922319064656045740 4.73542906073382408039
2.69794733697360644697 1.21091948942066385264 2.28917605117867850595 1.03295276448960526849 4.82658810497721191268
2.38666023293634221858 1.98208321964314770902 2.39495239309129281935 2.96379756603464228348 50.65296376994892568746
2.75587148984571328469 1.72497378420713221026 2.75737705665620147499 2.82774885126576469574 58.27890905186917791525
1.85932224984988558880 1.83573395927365012881 2.71087515856489513766 2.64223881322729203802 34.78431786882683951490
2.55716967446761689331 2.06458836165096082382 1.16171250761103039828 2.58352746119410392467 23.94700478499138540656
2.03816868142993490309 2.55031156400958858299 2.62038022991904506753 2.04412385746934877062 28.46699322791355513118
1.75942138640868006583 2.13520536979679320666 1.00597693220172201833 1.34025912456823137475 4.40177375431736894740
2.90438445282100854428 2.72345406978801474196 2.56377743083119868928 2.05308186901065159446 42.81828110188329361563
2.32758380643356144191 1.47159476910267605909 2.87766823035567931299 1.54827798844195019257 14.57191908312761086108
1.40534694924270819882 1.67942377945914045334 1.20320979814501782812 1.70461298791815818454 4.35730216705614292749
1.58204298635287443631 1.47420323974281819446 2.99024309631354956451 1.54980872319982143637 10.55886590969749683211
2.50254480094709297333 1.95405603826777474197 2.04854200743937298057 2.20987222396860349960 24.48793151903783638090
1.76267677080637685805 2.68626863886605482534 2.63586185448146181898 2.52885967995918292672 39.91555312950841738484
1.11442221203978264477 1.46713798958325125632 2.16499407015317668623 2.73569272031038046578 14.26136251852162928344
2.72671472545216087013 2.85401043046771540901 2.77509959350518808918 2.39811311397898085929 62.12320533893542773285
2.15694102564960488166 2.88943120255002838803 1.55952187082443560762 2.20685771095494676075 28.31279953487023703929
2.41648128384975846572 2.15148153954004950350 2.60493580441738004083 2.85263714030583059866 56.11459232800611118819
2.58629796350663809790 2.48720745087978167831 1.17575957706188871654 1.97559197838633004984 19.09982056505377556732
1.58950276652642585873 1.77985519091051402896 1.78480783819509891686 2.26889381335126483208 12.99683020071792327599
1.14985873534848392907 2.27531374012271747631 2.87636991381142026469 1.45537070921709577043 8.18977575869232943262
1.71258399062196975393 2.29841370993840055093 1.39496493137998589518 1.42694667781876805002 6.30178436638513606027
1.66381995419407502368 1.30333734208868490256 2.91838161654700911640 1.60359751361088287425 10.92704278859890543174
2.87218636790908954382 2.12226332440872988983 1.37261265764044582127 1.27122752236862757158 7.41256765289988184264
1.42381779823014764652 2.71233453028212512237 1.43477579987715153642 1.42514796570450674729 6.80691546884452947097
2.28735978774549941761 2.74176770729591989806 2.24535318340419909333 2.45437402674350924059 43.26210260789101624823
2.53555391112981887147 1.63708795439293774976 1.64902600726912318407 2.17440997982494010898 16.18216779785654324542
1.59274348028919043863 1.62186197474678994723 2.35121586815623961897 2.33493147737850215151 17.71138611483108249445
1.95247457761987308622 1.15858204288555310946 1.61403672636945283436 1.14267358433767562964 2.51584492932354653050
1.16385029545432638898 1.17193927313518386768 2.30414685634534510683 2.52604911462286096935 12.40686090808237196370
2.20151672151742916483 2.09285085593974873319 1.82367288321223219860 2.81676383067401925331 33.64968655082007842338
2.46721907079661928464 1.46366454322004213573 1.68301788824329601191 2.03173625120708756242 12.66670090880607268957
2.36500961106534735023 1.06926095907403007068 2.34883693441531793411 2.59374796360494341840 26.49267268214557446981
2.22579893048949717382 2.26925635525379165713 1.68086310231111091262 2.43530839291804035440 26.31813075125581136149
2.51357186936446685976 1.63819787024752838711 1.51314121359158448854 2.80596959568512849259 24.60599318246978128855
2.96508421149334644440 1.49776965199673717244 2.96616066065801131657 2.61890608553039072603 56.13606140321822834949
2.58574383828093079529 2.44365246739282415689 1.96682905805753294182 2.33608488782890688640 34.71294005488988432262
2.36899658825195258416 1.00714131832282904888 1.92864766809729304420 1.16101713002428108545 3.77930003134727110492
1.51163068304485603832 2.47074045034823930322 1.91431685379604155095 2.49949910821535281613 23.06477544089801057225
2.12684741908272911814 1.55132754432981734283 1.53807517534963111849 1.25822495034733194963 4.01716780785335014770
1.22620922102400431442 2.53379786759070402269 1.87235493767208005522 2.74017171724024510837 22.84691778058129330020
1.29440228427269610201 1.67670889814055779077 1.93492900398180500687 1.13241694793092095850 2.72028727154899163665
2.01319629570579294864 1.23072619233583990805 2.00142658821070984487 1.82751421828566984473 9.27935610556726864218
2.94465977773093179337 2.66652517233949559738 1.62151526124796085959 1.21195697400845481262 10.53158411552570150604
2.83070742806998687513 2.67366192951290138069 1.15539794920754390617 1.42137122054450926179 12.12887765300412645786
2.01473895518520418335 1.37535856663344335793 1.29845885046139764007 2.96111204126337490550 15.80014428181038610433
2.75142058714646609019 2.42751978604459317523 2.50544538274426020763 2.05005544634238923152 35.18217376629628034834
1.66636424862774412681 1.90551424442465511255 1.43777926870745931254 2.53619187888840880163 15.26902745757472956711
1.39113134762062884420 2.66959479380230302326 1.48237194140468986348 1.49321832438120316588 7.23043824952990910049
2.11572349980909635292 1.68705047622745829550 1.54940820465282325102 1.02324403577420142142 2.90571017345794357922
2.42025963219832984663 1.48786172395418470060 2.91898335576207079711 2.47762244995041847062 39.86958872775037576730
2.74083137696894141300 2.88124630719473806550 2.33163411376517881735 2.09185913471622164650 41.19208789831228756384
1.56851114465593677316 1.52968252767903822864 1.43662553274671189740 2.76684886886091829794 13.21990109288732817561
2.79821618714099074055 1.52848404540523041817 1.77868103596964188817 2.66317076821935083686 27.28849604492043212645
2.06343145371730640747 2.45684986309457498166 2.59118940442366785248 2.18354758867971110448 31.36016177331192267275
2.57389382019853352190 2.31483660972580729265 1.92083166128776161585 1.95291264029163436078 22.20505611026954539966
2.47222585949203210731 1.56973201166532128070 1.14580288022816367821 1.63447998266852478899 6.23627814768593680128
2.50033762469308662446 2.32636118703911165539 2.65391201148613564698 2.71354162503126872252 57.32743788023896769346
2.57534748541260682941 1.62479237618329230841 1.83510261367890903372 1.62102487734039857337 10.16372095988410073630
2.33513502098439307275 2.43190164938538266881 1.45193192139533477913 1.47788940236473442802 10.22897630152637660217
2.28058477247385571474 2.10903767155475518891 1.53637265047129356610 1.53594594066669953847 9.15773998076188888717
1.73512063429918805824 1.27205968358604804003 1.36608208926103702474 2.99784088615183286208 13.58327175058861868706
1.54191176825710218878 1.07859158022229251195 1.86307576759862225657 2.29011996354460523051 9.36937354111155151770
2.52514676564368478751 1.26667819145022875205 1.95633275918548132921 2.14456544991135622524 15.77037204068812492608
1.21754312641598660960 2.42610228241553693707 1.92685248058638691759 2.89121440157707887408 24.42299158395007907529
1.23435403680704092189 1.79561238107149434562 2.38785178032878198096 2.26816438259672548128 14.17061184912431315297
2.75311723605577896024 2.15398085616552226185 2.41898067822064355425 2.53849853249229617802 46.53070337717694116009
2.01779495223709481877 1.44180737763051580735 2.63633726161967452128 1.00520546500718666039 4.60225153804129227808
2.46720517651102033696 1.76268074526681117753 1.46616216861629378165 2.61875459040244518150 22.23545390808359556445
2.48666634225689353599 1.63715729970323042863 1.63638484024434238684 2.33236192501074812711 18.11987975461995503679
2.47777123472444626984 1.24624119620452544765 1.23457091923543083034 1.26723559480896086349 3.06114079450959941653
2.99923020165098463963 2.64617294297676108883 1.65724942729678503817 2.26230591181847540128 37.41101436379545219779
2.74776047215673013824 2.21146421514915481055 1.94088519660294078761 1.76720128117600205897 18.57329257480762763066
2.71050325568393413178 2.42128913420660918376 1.91643412859483186494 2.64914539972832852044 45.34596674814081040950
1.18037530145495028755 2.76285682873014160066 2.74680997637626678198 1.46075536919073001307 9.55739344637163412699
1.46085591749871168687 1.59768637360634713218 2.96917575889135587630 2.74653617153169804510 31.32025367125799419910
1.72986119965551354838 1.66941169751471951699 1.43094990145567146911 2.81640990644918609576 16.58438311181905078229
1.23218226782840556410 2.61639797568839460595 2.12991251856773278206 1.54096840490350306396 8.32575295471027487793
2.38613331094949687738 2.44438117408694433053 2.63822728012035190304 1.35406748497048279312 14.14783240621052051722
1.20790165500247015373 1.30915981803009495721 2.57580178354368616311 2.84581481901416388780 20.41744216490397079156
1.82841182464209306424 1.11856013770550299924 2.19216752323486030463 1.41920041252637529894 5.57625909499022220928
1.79780594163584028777 1.19147326998503766404 1.59131419568931220532 2.40819219554514241111 10.30077482062511684546
2.89930578066540300952 2.21605413276688700819 2.60863453832276181998 1.22053991018768148713 12.65064144341416429995
1.49685491620823052372 1.33645193074575807657 1.54911346233612889911 2.46876667889435807979 9.54693847990949429061
2.66212556508827091761 1.76808835255008678367 1.35819895548925773099 2.01692772167790401738 13.45795499460620980869
1.79666829652070991763 1.91567514290912455088 2.44855643774792008927 1.30006738576782265859 7.33757033616951925836
1.45658756478305773108 1.21178423094217557754 1.57190907766969645287 1.53146957890399493252 3.36445345898096448423
2.39699193384138986573 2.14665730158038403630 1.26716314991842038395 1.40940130369515670417 7.39666563218737671548
1.04521964887963969559 2.72570533659888525335 1.82840877691190861754 1.97985839408058983402 11.03403303607981733592
2.60978594265468544222 2.73912825588167496704 1.86618668885727090334 1.80563469417585120702 23.36810910838944010948
2.57383305635134762568 2.76674267236063897712 1.66916891171206072109 1.87884726845991600896 23.71619501827409592920
1.99259601427230315096 1.49063602598402744626 1.97046942527724322503 2.72857825649165430804 22.64121134349340636049
2.86779332105056194990 1.96717533597799132394 2.93877178764798152599 1.24278012895641576385 13.84842504437000521023
2.85696551067755644127 1.62038380186598995891 1.77312818486377277161 1.90747225196088909804 14.99371386320218846322
1.37494352304052758207 1.89884058920753728827 1.89510474036818465926 2.03039569403569641892 10.19855865441875408806
2.59931681054183494339 2.81535690578164565778 1.51632309132663967155 2.87063629481408932875 54.75690033057834682495
2.07562586799018022887 2.90851921228006560227 2.31382649252006089569 2.26228513685203225236 36.68432141935378609787
1.83677985034454449575 2.20073016683120581405 1.81569539386443934426 1.51335325954779009727 8.56052067722903231584
1.69722460270845698638 1.48587127441888866564 1.03846530831126626637 1.13781761428036998218 1.80518513347930653623
1.95890325241275631285 1.00820553789081013285 1.71128111366615365263 2.91584453426593048775 16.42572281626904384666
2.16842154710750545377 1.17902264012447655084 2.51288501922005957923 1.64654349448632242314 11.32361392066752792118
2.32627517796271199302 1.25064443186923290874 1.84468825786877665962 1.45048285281413913417 6.07742002358407873430
2.20069672143747174786 1.98335283797040284881 2.78284372410206692905 2.50573988554805193729 40.34012266277392910752
2.55058334527636221267 2.08108759557071509860 2.36688919347210280364 1.51638695259729172626 14.56411092954968822255
1.86779097643743918766 2.10569740603129407219 2.03403279091594768602 1.56149777565471303831 9.75877337358486762753
2.56984715445471190165 1.62365142599441614202 2.08364506177251707086 1.12923684146081870772 5.71659184201951919846
1.40647429264104184554 1.98712344153397890700 2.56524136205468433758 2.27969829580426530669 19.24060606945478824059
1.20151487719493488271 1.67200840434491815323 1.51701528304906108069 2.06396837575661429298 6.52206911428530933250
2.18756414084738359804 2.57206778905030297722 2.08423553749099443877 2.24369354766794115719 30.17320313598624892393
2.91032144977620488291 2.87182732762102288504 2.97264490894783772745 2.12187225476833996041 55.96406506147452120103
2.16318696678664590394 1.76110157759329699623 2.02458941565498085069 2.19623100280252447902 18.78231857066520049671
1.64764068765834781338 2.66369534497806181861 1.26953849130421692060 1.03465545569818551108 3.83939335531284386960
2.52584326017274740650 2.73022884216400907320 2.72653019360642456803 2.15793628730392139659 43.77875415225827993027
1.53916875664217522868 1.33422607222088562828 2.54937751104965659721 2.43927791694255491350 18.95623721143633133579
2.00110084923392328449 1.10425163191060038415 1.18977258764702353844 2.33730525646072306856 7.20126872083286340143
2.85556305412222410922 2.23331692355971966890 2.49515341371513610369 1.56738756796100053847 19.66643104730395918978
1.99547996609605338136 2.19292976865827027311 2.85525975122941089168 2.71643186550571469340 47.71320346226584518945
1.26277341551895738725 1.57139699767254614748 1.25889721229027928828 1.59904924478709897784 3.27253817263588020481
1.97782979826104310384 1.31750859298931977115 2.79267840997459648733 2.28793844501756105103 24.67930359970143072701
2.23943861779812802837 1.25254052116110758952 1.66263730906204876270 2.48030485950749035595 14.92451054011023181545
1.78690006503598453058 1.24670690719156351811 1.56725897503433020397 1.30148781059819262929 3.03478226791980221222
1.37570797086887264271 1.76708972517706786043 1.35098778490382964712 2.62458750062356438448 11.72190606623662212371
2.64725093699671276681 1.24082884118572489562 2.67285107139073208060 1.82910832791251176666 19.22751855113991581447
2.34288376001437370633 1.68592856381380662434 2.05734138920918141480 1.93412494930672407278 15.50196614588349675046
2.21307725975176827760 1.31530011459177398336 2.36770863344237758596 1.60645177662296179122 10.47453519565436508287
1.05292125308395645433 2.78147439687184894197 2.40843923589692998632 2.03767169988612550924 14.79559762117882293353
1.54103679617587863149 1.15726850465793718037 1.82593110422202142828 1.19785174846039121910 2.58334456895605368842
1.61902666732198086130 1.82666888401416893650 1.06414648406189660257 1.28906700750463398819 3.00585266047546184609
1.94838687968641455228 1.70571258160899241751 2.21355849603791865476 2.30175369057882583945 20.15323739406855452216
1.11251809467185913682 1.55455042318876301977 2.93788312273957696874 2.32813177914587221551 16.65472227009471595238
1.42165349000502816423 2.43402805801972110800 1.19579221590761664018 2.92495744630387211060 22.36252305032971676724
1.74198233320937179158 2.66150689961615327661 1.10509994240423092826 2.90799195410370714399 30.58459442527551530588
2.09122620117070034951 1.50058983050295569051 1.73185331509135398420 2.75748116152009092872 20.87445946304253041603
1.66543463599621999194 1.65196332106918486460 1.02044663839775973102 1.18847634405148916414 2.21729725598037008538
1.85508507771205732872 2.42494545454947463270 2.99122297835033101876 1.60138097077138197299 17.63474424738000223556
2.41578990154811013014 2.44400208204219904218 1.70202424314907041492 1.29508480669112779893 8.98505641070152627492
1.20769389868660237397 2.37976826017657128176 1.23705858457247375171 2.45119400892848160467 13.04966004180476346619
1.64968708000324082441 2.34401190304193018932 2.85557974623317978313 1.33908509930106212060 10.09369318278416471912
1.69277067984092766117 1.59994962732883250212 1.15233598651603585949 1.78653248719037316405 5.25115237374932686265
1.95233482194248519903 2.38425282983430886219 1.91151286675813381066 2.17676265503286980874 21.59710739094517606418
1.60435819653933209317 1.79118751212938387418 1.57276927789986342709 2.32114671089191393349 12.27847380357757245406
1.23064342626916678469 1.47117629104820357711 1.50483201037301328462 1.48645871830228526456 3.01072972875288868977
1.51203587167288433513 1.56083897264133075744 2.67256878181157775387 1.32280274919211815465 6.33585601771267370452
1.94628136518570116209 2.55736100484613304573 2.59109774891464361701 1.21865663441780780474 9.57748488245751516956
2.14262900751192031379 2.69449035162369021634 2.03438399918677603750 1.36148653722800316856 11.31827683429803244053
1.99911804543748283791 1.79196009862908089971 2.94871205491723298309 1.00377113324777900161 5.99535077164159257990
2.98909647926966304254 2.93723470303090739009 1.27346314470160471011 2.59359894719927464024 51.51924069723735044590
2.34741119580363566399 2.75679234462446665077 1.81184119585496272720 1.85548589443552525147 21.98771283880097726637
2.50422415479675342098 2.13494684521880895289 1.40501047955556934710 1.76675449143876184266 12.76483725990823359098
1.86247144855237412031 1.44856346013079639867 1.61617319918804902557 1.50600584379281499103 4.97434955867579109423
1.10903049635150874330 2.82557778643369506000 1.38584035678790540302 1.05497545481278387491 3.05631617027469459913
1.38449715659549332791 1.25319157803127034789 1.49133410035812641325 1.11900136180653819729 1.64458179578744045912
1.26778999831145289257 2.79602827997714253883 2.59232950056174527020 2.40492911309415724475 26.64986125120497817420
1.53471698473172546429 1.08583867018728907894 1.66871891979858499866 1.38640903338642518250 2.92313172854716762927
2.51057336813998555058 1.65117533284949002947 2.61208721205226002127 2.72498466880840206628 44.50575873954213790284
2.75855113632511361743 1.87368737215993208522 2.57873641398711850314 2.43375500377590103795 41.50434006189140490051
2.69257977129292047636 2.84410551587226523296 2.51508489522628853052 2.96299338270606238410 85.18677770805859950087
2.30953642978189765955 2.53545068661315653458 2.52431548537365557650 2.05476739790643847527 31.20492624628665367936
2.29457655026428142264 1.23151853066070304799 1.37482328105264284268 2.76292994646760980970 14.91852912297156130705
1.34527068232047120055 1.68264290721023423991 2.55577198803510263758 2.80833684544006745298 24.83562275159374621580
1.46857021237930585045 1.77687531132133225142 1.95042660900620612452 2.82363335627607536793 20.37750594740166221186
2.50322341077190468894 2.70662285292838866724 1.82471530501518852674 1.84651902812379242746 22.73613692875516534286
1.75612813543843637731 2.05794651930304484111 2.73417823283060368311 1.71697969475598521960 15.15709086732498889205
2.75302552254626320405 1.82067007482941511931 1.69327036714810108542 1.06753799346487499022 4.84893333092899414538
2.88767732770390495034 2.18039339672310372720 1.33140110992455218408 1.64503344161701736681 12.75072065086448169779
2.22077363049307940912 2.52630953572864136447 1.38233024561583506262 2.71186557285971563402 33.86072887226180938569
2.29540645215189131889 2.72433243632251453903 2.88947168822820987799 2.55804386852510301509 59.22100141850675925070
1.06274215855920450835 1.28366057790062648714 2.39813550524150720378 1.51099905751449825608 4.48807231053061173043
1.10780589003453910912 1.71090244778455158325 1.98034717393254777740 1.96325525961117874907 7.31108750154961306578
1.59896467413876552932 1.20916561991588777936 1.39651557590562225286 2.83359413819021987990 10.95231977969458370126
2.26727623681201961858 2.02299364203531606421 1.19959651982904613732 2.92816404154415188543 26.88319749413102854874
2.27705684806164843081 2.14701910326505274185 2.74724202248062976395 2.14103488971731970025 31.72406643342264942476
1.16882864216911297461 1.19636864974587164845 2.38110372815845972028 1.09601258488784281120 2.49251952285817157673
1.55643150027548515801 2.11422846782161144574 2.63605319877182209254 1.21247596910705546236 6.53182328514676413533
2.75065612874572851254 1.61816241539918359571 1.30813904476666564847 2.36005841235556390600 16.58354404473930898689
1.56869177101422563325 2.75415147105177471332 2.71985013030294986436 2.59469963595419628177 39.55930981214112307498
2.63782754348451931037 2.43714155736152626730 2.55330409308565009496 1.54695374274392660752 19.66187687028099517761
1.98806486593698861221 1.94113726236676575887 2.04616316316365365324 1.65222312320849562539 10.79287339791217448237
2.61852414715962877878 1.35038813283142911104 2.52139392000999595922 1.04609458537243060761 5.86062033199321952281
1.84814879522923924959 2.53228875376465012437 2.54580005724416214008 2.16297083113458743497 27.87096016707979018179
2.27552314502480257374 1.20704599907700438344 1.54117862681577344475 2.52283344927162112015 13.87540415545797856112
2.39318330271947310450 1.30567692072358165767 2.09217663414665855370 2.02352880944147983655 14.89981362598800807007
1.28925779428156439543 2.76419829437340602851 2.98412224622098198878 2.11715843437350592637 23.90417060977765473240
1.06553848639216530714 2.50340777335943442949 2.77614292405588169999 2.86392955102567636771 30.53199423325640893268
1.94405664566983404917 1.35572977411352968424 2.65709796428326683326 1.50327128424355693781 9.77292313399490097936
2.28845496351885735464 2.64738985872588905579 2.51452869999970296533 1.08378263727060564214 8.95873467505662191002
2.91687758519639217525 1.12685511065019516863 2.19369915782744095978 2.29839905505190245094 23.42955032746950294609
2.05992659420530577208 2.64536840328226929842 1.18663274862173384605 1.06856041109873189932 4.94291316498823540826
1.04482268509900610987 2.81605058472771396794 2.14142547285198148188 2.64510684018948794005 22.87331858319218369502
2.54823661180149318994 1.52434740306488003547 2.12444718993522219108 1.41762639260569778266 8.75312757112319772546
1.79731448221272116506 2.65886878699478224064 1.55710556025702762106 1.64571656445166958349 11.55395716686127549622
1.25930408202881949364 1.17760508317508283405 1.01436503400228028582 2.27771717124125006038 3.94558533509830589026
1.21265675664264693800 2.25455837073145826110 1.75796932935372351992 2.44020031582107677082 14.75490346541871389263
2.07184163005540211699 2.61638947712900549192 1.43492361688851710610 1.25107033179530335865 7.21887525543116748139
1.09165680197309944433 2.40388152714478220418 2.43336365464634063471 1.54102131767565819764 7.58273301700085688992
1.14760009557535402891 2.01064680461166478409 1.72875352925470116006 1.61056616877855951486 5.23266218730797572078
2.62362493227915383187 2.86557759223002772586 2.77703575991547424451 1.70307779945645387798 30.29341568334774592586
1.30559445108928451340 1.94494906750529628070 2.07259298965997773578 2.54769676111369758331 17.11483884722864345918
2.31714015089977953821 2.84241137625316486748 1.86886460832107270669 2.31217457292674399838 35.83772047132820404158
1.75189195809160458417 1.93155505155720397248 1.17007161908392798289 2.16316021464703744925 10.45183479061954301415
2.15186999005775891902 2.71567863098186634829 1.77079807245183529218 1.89820615318483243428 20.37378868086982208752
2.30051291278672653817 2.76135433995382895134 1.02302099566518100993 1.16158785376915418830 6.72931001571586939747
1.99080623146678137303 2.56252959495810639368 1.98662442449226639418 2.80934462274489238354 41.29670370893009589963
1.07041140196491113556 2.81486942337134316006 2.28931773099875535138 2.64149627461403646578 24.58068449169067193338
1.02162269584114961951 2.70280315549331495717 1.55391311466022941090 1.57819256378934724694 6.18311675232166368943
1.99290758923896982324 1.09227707424670272829 2.29130269334752423305 2.89183145424579013394 26.84543873618320120045
1.28915903752440796914 1.11551917013206680629 1.52132678630559525779 1.60805074018600158148 2.96586792231347784465
2.91499362852155474712 1.49016451234917135515 2.64788141324332126914 1.56460113461669303447 16.46927207351227195886
2.44148009711355840068 1.22195514073539723832 1.07071054754091599115 1.59488474087299025861 4.09816247790274168494
1.36884540591928538511 2.76303276192794555755 2.12488995813328607198 2.68638225257414564595 30.00465930437323791580
2.59470565105226924629 1.37312422491326047158 1.91481418408094916650 1.99118074810207135172 14.27899501810823146286
1.05313221149976565805 1.27884024812429508700 1.53803439164027033748 2.61415789127688036331 7.19868467806588885338
2.11319974067205729185 1.79509251206830300340 2.01357383690804336851 2.61982974909996890744 26.38574291184247044839
1.27723983177589439642 2.85634556559215013749 1.19165065992587448918 2.08868651353196543852 13.34342844762493918154
1.68116326015931583093 1.16041959322068199967 1.99762114630767673162 2.49217497140526944577 13.93186829097065881911
2.12745686738186812192 2.82047933223343383347 2.84362468229206211134 1.83454676891678469808 28.71428750932194162715
2.31616496812764438573 1.91301167085061574191 2.40493895830428394689 2.02790562537703911161 22.48696457209640797714
2.98845811639457714648 2.64336563700271298671 2.95228295094392700904 1.51484236905955271801 26.92244880757669633908
1.60106573307390376293 1.57950035784511655379 1.08909732989229746103 1.04071337091225402105 1.59577579868958729925
1.61158424740424610633 1.35975323161130190464 1.19837467690865207004 2.36756082771281128885 7.41881854219443326315
2.88941060293821028182 2.84811458987883669991 2.83768610863836245883 1.94947997043225473845 44.37532594928271834078
2.08314784607227743152 2.44823053240830379451 2.73504435868325401771 2.73681623614248792364 52.56027185123797806909
1.10778588168910063771 2.19401232423147352080 1.41856442925349202078 1.08550504645444423346 2.22754647627117785547
1.04769488821455181160 1.63962438057543269387 2.70354163204470721027 1.12943298169435757394 3.34031493672501333947
2.56851620019507898007 2.21220672790028238808 1.58419757488136148105 1.33869306414156952201 8.51969023541217040929
1.96087478275615190171 1.66081308371604219332 2.51638615925900221981 1.84955917527596613859 15.24453122822995609909
1.25824857225583008891 2.13399604178226987017 2.54172865622522525797 2.70499970269813427848 25.35121234155941749577
1.92127488030328641422 2.88297358346903731530 1.80392072011806270382 1.94362773695521795503 20.98584013506196299659
2.34496393808382519452 1.97569415322997365969 1.92682285680727782839 1.16194394461780170502 6.02801394164650083951
1.11136142299226614583 2.48314140376988712333 1.44338202470005816380 1.62573862031968219277 6.05781670084745105243
2.78174035527606289264 2.42615454691749476979 2.55955521348753389788 2.04820143114811026308 36.28580205407502745629
2.14122270115153856551 1.73490708859632358774 1.61706979975614029144 2.67584710653041657480 21.55921093503408414449
1.18816865992268483332 1.97789102150052120699 2.02870252832837216772 2.43191202021295893587 14.10276413833391373487
1.24869559761037707268 1.78435302098018611083 1.42758701231326212699 2.68372280977953003855 11.74092056781407755750
2.79886602059750266847 2.34386947088975894360 1.78836411034042797041 2.20010940892893813725 29.43939685370782655127
1.51318821100702360916 1.91635825914542379245 2.88771690805999181606 1.81994559562561408761 15.05016129442316774600
1.10242674818130304004 2.66093311709506874507 2.06979764542578692499 2.21431630285770530975 15.35763229838901722246
1.47091491061193391232 2.76444596053943980607 1.09218823460171887696 1.71960391775208587539 9.60711002015120030251
2.36287589845559731216 2.75155704683303437008 1.78155547517284018610 1.42328148940736820549 12.85787470859134451473
2.68210914791732779605 1.82067544722058038964 2.68780736117951546404 1.93626548869703318800 26.49430748834156190696
1.25391943236576541842 2.76960578354589781469 1.40911026254085336440 1.86826257151761887521 10.56565862411551748323
1.36854587325913668039 1.80294715866001786786 2.20812207661777737400 2.69532997008588859345 20.19866175682007281011
1.92962463267437422942 2.05288837426225612148 1.71696327054824204872 2.74598153770926423078 26.05321951102337152406
2.25406781558233415552 1.02180071450977760783 1.34137613322476600963 2.41940436790971524772 9.37900505198979494992
2.59116686513893146326 2.04143664443972738809 2.67944068786115741077 2.65451147319452740447 51.79412835853456442692
2.04394148802441932844 1.07360512024134169273 1.86926613708103972478 1.37014449724927711571 4.45752389873876442294
1.89283189290646469694 1.83139290921896180642 1.69742318472118425277 2.15287182553335609825 13.67546040881184588045
1.20837601909290559554 1.34307582758585652982 1.91433826548436636372 1.48395926862025717696 3.63795860251653113693
1.59174550619970678333 1.26459285868264248442 2.49211358001792815386 2.92429834134364696752 26.57653208908224229390
2.53494154769015089812 1.38458870373759856953 1.89807852031220902767 1.95045436131420735215 13.30766738611436572626
2.11978058136981006854 2.63463560071601055057 2.00739467677924920963 2.07003083165250334474 24.91313103467022216364
1.89194002416223949758 2.93412881038161765801 1.84141859073172775574 1.19910478516818974626 8.16094618516358494276
2.68385101225597555441 2.66835543539677733094 1.63024780879826414193 2.91098802799082712056 55.59319995132897673784
1.51451993055618938655 2.02880134730953010092 1.23607040484180097373 2.26438293757649544702 10.95707010581378071379
1.32361034503534047424 1.45860557131335499825 1.00706357663982348782 2.74926687748705278480 7.85777658791602640065
1.40438566749855819893 2.82415579955577911164 2.10262046773428412649 1.53987728717102911880 10.32073505138390245861
1.77966763822573725840 2.23257179860120125170 2.83240552910432441536 1.66137443436088250159 15.97304407257462521841
2.01647077747248815172 2.17661375355150576993 1.78605859315200232729 1.20219253874941589544 5.77596583209810532367
1.62362057096232148545 1.26434486814393642895 2.32639230853969847246 2.69189285029900071677 20.62051758213026886324
2.02313725698123914043 2.39480952908916311372 2.95755069312232210521 1.60588952906624937711 18.88999284303510606264
1.97661452138107729404 1.63158060139905991548 1.80174021496337033454 1.83537954935243341481 9.83508235634625194166
2.42399006448757692311 2.74270967236387264165 2.05034001665462639608 2.91781850542407061866 60.49928819564892990002
1.20518736844532514674 2.48296500985067014611 1.84818448027012927071 2.04404439261881254453 12.06095188057929767922
1.02952814805369019524 2.29494082862409864987 2.09876656097311986571 2.68087702982561815190 17.89077697159940427696
1.02012947770932305147 1.23253280724181490946 2.96961149900579490790 2.35087012684051988032 14.57061046300381335072
1.86985909331369692943 2.62188670013650249047 2.06433283037687331785 2.85852822632851300000 42.53571308926882466039
1.85624010154795771044 1.75184049393539287287 2.65278199809878323379 1.52382954044369722801 10.89017139848698612070
1.07964437242989608201 1.68368252418810770976 2.64715571995433585073 2.09645551117610029479 11.67575880366028329149
2.84122634879645197259 2.83316300777617158246 2.27593984154966610944 1.87593766007448792266 33.01242635935755487253
1.45102931820504421623 2.58461665563912568189 2.42451263957802432003 2.13401166142270248827 20.74663701651075697896
1.97977933188322818836 1.97340433562447392646 1.09584459788771382271 1.33604614228421647582 4.50153830506787144827
1.01829640264432730312 1.54909394463465743819 1.91768458291543453242 2.97067022534028346570 13.65296817240904658775
1.37306787863588763976 2.88887469782092232151 1.68733115876608130712 2.11469973220316997953 17.18160214381888195589
2.36312660442720101628 1.67460843773529499678 1.07456423516331311951 2.22855433041022221730 11.61606786798657786619
1.73394435516745581971 2.57171407569545840133 2.00720305961442502252 2.46722090577336405914 28.08264793162769379364
1.71002231854603858885 2.09560348686910646876 2.25431347625402001000 2.15008929702061646339 18.72252729162633499982
2.39803505948726103369 2.82627928823577434514 1.17261738129444359480 2.99015682763385326481 50.18722841087365793555
2.07326060482877849722 1.79842322697797607489 1.82454450074898089085 1.90536430968364900451 12.35012822567159318510
1.99194712611278812453 1.36682824801419511296 1.21684148936940816910 1.00898236560286713726 1.69781390588883018822
1.91822207851379089583 2.92283425039913424825 1.81809088861540169013 1.90949701052570031123 20.71748818450801365998
1.03327633476438207616 1.86303351568624608880 1.55129888266282978115 2.57238873021696523580 10.04654120753236945518
1.64858042795221515497 1.29741207388321955207 2.29207373981411510755 2.88948048225629916530 23.87007963676375510431
1.69768245955458985108 2.00492030681660171609 2.08523529801890683544 1.55889664749984002690 8.63074339072474039369
1.68287293974219576143 1.37349774077186514987 2.87708031788753615388 1.40110916286762199334 8.39467069889369987834
1.37997108390445344384 1.55301355965534315651 1.79035220460708388579 1.98549903792696769145 7.63959229557911623232
2.40236653387546406080 2.74064058528676923743 1.76682789761291147990 1.66258132754734266889 17.65193740209133466124
1.54333031904342532492 1.83634870009517303657 1.12310000694889144945 1.15264965053274281992 2.37522927937687278188
2.07396408759062644833 1.88393036972772720539 2.60319079679530229754 2.11535922093010686496 23.95703325068659594876
1.77402929987771029730 1.09854502587968960725 2.86576867153590075787 1.30675210320640378114 7.13365157230842505953
2.19981958309929126472 1.80362750225334700360 1.44022267195210651458 1.86404931475889279469 10.18005498506216888188
1.20423149683087005180 2.45279208292585781948 1.47765783918570003941 2.73131537960716874736 18.41575910401891746915
1.09553845713541053719 2.48072150943264446710 2.15324196243721122102 2.57993395220223753483 19.67087007428299116896
1.76196080995858750384 1.13112157311331640308 2.96560635560658392151 1.58579542537594386786 11.15947088056809199941
2.80093335111033425733 1.61659003882469232138 2.56527587810789547973 2.75716925172908755570 48.94116577749880292458
2.21744046434709396465 2.62786989960140493494 1.37002808842881074192 2.67646985414167559725 34.87736038573024899279
1.84504180603868128685 2.43813691145824451567 1.62621094213159533837 2.79873922656642726281 31.03254651577488942849
2.35066946560251333054 1.58306070684448463304 1.31213038347633537128 2.71502255239190493086 18.31426683489451434639
2.18127744674004997449 2.53944480311011133722 2.83671493506546301688 1.99980909233630099742 31.61317620043288201259
2.86216311689963287535 1.72621334689112826410 2.56669203616594465700 1.38751504813281778539 13.18008692505021350883
2.52608947293012908730 2.95859281103744065078 1.78189291302256758165 1.60085184776330868850 19.30517382974453255429
2.29047638041820000865 1.00762192100192371491 2.01876373360073824159 2.80801672191028606207 22.98494524421705165196
2.85616870685605572788 2.51398202711936935572 1.52023509402761769493 2.17509676058771406204 29.15769801354929313675
1.77064733274982533118 1.02405235319332366117 1.30820930194219475773 1.16775224772994801192 1.66608632924577748646
2.24282772549846498578 1.40195160978474642199 1.09645503244306641299 1.78608733840719047237 5.66608230640904153574
2.76460860085117321461 2.59700526704508138920 1.38739641783151590460 2.04801182589628183450 25.13175833303634831850
2.14580931450554235340 2.27278093349079401975 2.50060537984930952859 1.56592117583651413426 15.02042717107013380939
2.65009293663772638183 1.65450687075340829857 2.96477301688480565645 1.28388071827546590420 12.58858765647261890308
1.68261700803749802979 2.51893420509336030122 1.56608511232594582729 2.10376896390373602230 16.37902912731461313456
1.21121672310324823840 1.66453462760480408456 1.96525337097226393546 1.63142738861028635533 5.34565067393508819293
2.15964680991520197040 1.52828816410559831240 2.97226265058048122469 2.52667659075615569364 38.50131963554155589691
1.20654873923984196082 2.79743701297470970246 2.95646601647291751291 2.24698190001186892673 25.22962133535356343828
2.23839307275581589352 1.53279387150405854712 2.48619409845510608292 1.83456517651190997853 16.06656942912015750835
1.77349533362664790737 2.25498576691106356051 1.76028614286616713613 2.40033384084808165682 20.90528325278497590034
2.75199553239984506803 2.62992706169232670632 2.05120005550111006443 1.31375506527632057718 13.20915695130028666426
1.44516200202445177503 1.26438161866482268181 1.70017698027351982226 1.52369797892412872642 3.76555798849897094271
2.20643760233137875559 1.59474973978728939983 1.64615520017108130091 2.63812732832236562786 20.16670766678469206568
2.58568179151525212589 1.26952732895223840970 2.12148027130395533391 1.98101450091288167066 15.50602970650948009279
2.01616723709936085385 2.39099637001277631754 1.45216736854682793023 2.52433629213734755936 25.13515745673130297178
1.17005722910014831051 2.46973429238965458410 2.17206812652272329700 2.44540986713317476386 18.92239174259891854035
2.20195235998435467906 1.77913358931408582819 1.51579841881533661230 1.93403377317277613834 11.24874699300872293861
2.12625668192448769034 1.76200727001900725455 2.28698814417646056896 1.82339940886554496835 14.73072460397989758007
1.99475182122656047312 1.48672470080824137284 2.27607557275150895748 2.44319529341011065782 22.00091935041015744901
2.94702468203114964496 1.73191014633329842809 1.02749250374327982804 2.58252387676939765271 19.92647558288979325880
1.97334891364532150071 1.21913542350933323810 1.54148758252253115231 1.77042363510120215331 5.97260763690448737151
2.40721760986676880378 1.81656095941443496145 2.28021199939300256432 2.49336649321322445516 31.79865405281541868021
2.89511211304184490345 2.84158325227040320371 1.81668034734414840514 2.29706499405708264305 43.44106084360868891281
1.12758125559814326166 2.48471914869577403806 2.21893252736174595441 2.16950671046541421205 14.72429961303835099784
2.36130728742942563869 1.74847594946676432315 1.57067480644997825578 2.08751167748539234736 14.21080740451204071917
2.75500774440420181932 1.14593813971914548766 2.64349029442163985237 1.75348802595691366513 17.57964546102464353794
1.05669549360789072345 1.62152955606617421580 1.84771928495639592427 1.62749688245833645794 4.22876261962343669154
2.60464189589254457857 1.79809395831857421477 2.89836032635618368047 2.37711571761881979015 42.80594525855787679802
1.65066434719408183796 2.07541066860357759083 2.25055035992063157124 1.91826232320178857726 14.23184646809398579137
1.78013707904724260978 2.21862794562818788080 1.83433747599880270229 2.91448644068320250611 31.32710906901488456811
2.67701615738474263395 1.09312498404425606502 1.77882526772068905174 2.05377849625778940990 12.30549756449330445207
1.90376601025094793762 1.63597745375205150253 1.52014772393377373128 1.59456886961269828085 6.03535939072990856857
1.55458876909296406232 2.53973932502894239605 1.23095093349892237278 1.48065301120554781988 6.78697171748241689926
1.82148837069050184567 1.86999902955106622748 2.54424762632188983247 1.88904106932608950586 16.20124511461899885489
2.93966590285917472869 2.96612933561729752441 2.96719230092071306615 1.74437213403226354380 39.36244487580361095524
1.36163008121030726372 2.86192880970199636792 1.98924226765935929784 2.46256564089611496016 25.07665454795226622764
2.11482135700577078552 2.56507625228253832717 2.22052402127951520328 1.18532511520789096693 8.55021309941446894243
1.06044837846872441744 1.13738886674955574918 1.85614638111628926787 2.58161776307744705861 8.37324838912579672012
2.64377777762417975893 1.25055068579966621733 1.89853849138182995127 1.76402122741331668365 10.62973459913603946347
1.80052543402320663901 2.20792330866889674468 2.46343237218194488491 1.42447744660712172227 9.99548026306638881522
2.16610798854368002964 1.28698888912740172508 2.10064418637161187675 1.64961706487850734426 8.94348641596837623524
1.76617907711869803755 2.33735009258719461656 2.17322622793665409802 2.98726780368839772706 40.13578396656907187889
2.70941534034185016466 2.43419756480352944550 2.36512937173843962313 1.66169389889284313533 21.54459113337259879017
1.50453043532518493386 1.10048175974004158739 2.28970248944045051687 1.10269865464845384651 2.95168505544408077412
1.83331434860818909272 1.45964209294522961891 2.30424070252624435540 2.32595947067635044903 18.44840619650113922035
1.37722474503723102401 1.26120276913130768826 1.89799059102885681050 2.67943082453433856216 12.83654968799655726741
2.34318879728686901842 1.04398615090915813930 2.52358195470813218009 2.24926669429666903355 22.10412323033382975268
2.80179846659089903937 1.69608401423722354728 1.27246894978628244388 2.85546573625432609234 25.67706299906458156102
1.23484274518173808843 1.80828977104650534535 2.93059677948986596618 1.25798474131779869367 5.79328890425817810694
1.69113178837801836352 1.68969320532043365546 1.36490029118879463432 1.77604347951354535340 6.29193246039036768735
1.94570602764123323780 2.69069042991876905546 1.84361456105468191069 2.07092965842639298302 22.19410830319601402039
1.00612131900950418917 2.06099004178513656171 1.08090560907452148953 1.04780741110854580533 1.49566697910822044015
2.47531623612558826508 2.54601450702603804288 2.72450135359508660571 1.26045508203212808240 13.67097486073495815617
2.67821140509139699049 2.09057772628518812041 2.35038545496592909956 2.77746234881507181314 51.10806409075292577882
2.41829175917503347293 1.12554098089142096129 2.32750749673282797403 2.41568654490976930660 23.58169348835178524837
1.26423663571404532036 2.93506804392535514125 2.99477273425303192056 2.29108910210180694023 29.17107490636303879228
1.47494877409124303114 1.96951773748627534388 2.23059159816989405201 2.37538754936423845976 18.42263944309868861637
1.40601952269843133436 1.25508022831893595317 2.63516408086931486210 2.57699029274265978273 19.88665126918545311696
2.62086525569722716966 2.95136432251961577933 1.21374065538055009306 1.17795059522349188086 9.25859757253893178586
1.77188366167765054549 2.23119805957639805172 2.70563538778384948813 2.26514992436289741562 27.95301090829048007436
1.39101408946850702009 2.66085430449379600759 2.09381611678057666381 2.38990175364964141380 22.77067083903916255849
1.96676635046157977094 2.89002241678085747267 2.37089309816294058209 2.79266133870459443145 53.58340219963380945956
2.61966316799609089117 2.17688075122041180265 1.95939663145154474577 1.25145443496472075218 8.79840328591256692903
1.37682789542099581759 1.06994562808442528201 1.81702745775980689658 2.47262706302991563945 9.35713161709789709164
1.37247906990597345889 1.84337885879359486552 1.34737072089554144050 2.54689754340963236956 11.60363850008325847796
1.43172748888284906421 1.99232179346510362983 1.11197573923684300823 2.24810158663688497427 9.41722036582481258904
2.04926775850585141114 1.82246364769666069350 2.20789806177712222279 1.58220092330033890171 10.51172216055521602129
2.97229708935676839587 1.20058679255308264899 2.03272726754519439396 2.89948068331982788948 34.81705264895561668936
2.72299231333918667630 2.15127095461240447349 2.88979897846185451726 1.25050327149340656518 13.81637579883432564998
1.36299047622548785696 2.79785767730475409820 2.61773944539219893812 2.94646179244461059454 43.42874691614389348615
2.34657919255240710044 1.48000849757477426216 2.77124473381629599089 1.99244443406452842460 22.98659294028668043097
2.71744679757201135217 2.23779237234081884722 1.21848004982500701665 2.75324012425269959436 33.43451791574265996587
1.58076391633244628387 2.42529139255957115751 1.87255319262997788066 1.57235981539465941026 9.17290336652349935775
2.14851652794549696779 2.35607544301180160673 2.02112296111527012243 2.86185317559628860096 42.39079165933156190249
1.65183640247020591119 2.44831331123978035436 1.06851023282652146662 1.55025847949676243154 7.08218396785699599860
1.99885234086113627860 2.05013801583743493495 1.41913136809232720559 2.97987380665041801109 27.58654521803216397302
1.21889292237716162504 2.63286288532943313356 2.39347353164613885212 2.21162492778911445868 18.87059679138069157034
1.78281312632577249033 1.27598712010659576244 2.52259333965679477529 2.28252446722930635303 18.55716185251531058498
2.50263420451594065241 1.39582704202183371933 1.27665815949958538766 2.43254893339914968209 13.24719271575797385765
2.01789620207708741972 2.85531885041080979448 1.49640976675791992356 1.25180663963453220333 8.21516226021359585729
2.61497469023390127774 2.33970665574070979531 1.40460496900753217808 1.55977914074850776416 11.84468103964235652370
2.59100525343133814005 2.46319626380581269132 2.11154790961611782407 2.73876024967113895769 51.14209077863453956070
1.86830757327205132512 1.81344494512706444489 1.47438390054221546421 2.09042058281578491119 11.14906556122126168873
2.34752048316659944760 1.45760473143593682899 1.03134415137347490443 1.47456576883160206393 4.06850134940211471957
2.92407754553477072790 2.68895531780501162444 1.66583763381404592607 2.88213076209104279712 60.75679648362290663499
2.93210319187028201071 2.51425583662888918468 1.68605560949635968626 1.93784278616170557719 25.22632715387196000734
1.75764516759781352917 2.23535129414312017104 2.86659023724646377929 2.09655304846124757034 25.52240898851036376982
1.49139835606301618398 1.87188036223359643984 1.02201047795445498778 1.95849995054554026908 6.50494176091425213571
2.12936465772711835953 2.18257395731169090425 1.31073084632528558124 2.55627119735569952041 22.54701773442025825034
2.93737309472245966546 1.73968615152791383771 2.14619937443202513094 2.34180604065791175827 30.73816947527610921043
1.50285962026954389437 1.72140868245227496303 1.58010768040179594429 2.36739404196095204469 11.49717716936241629355
2.87831137026505023968 2.49092391163224791129 2.74906464978505082897 2.19092498951833203336 47.53529524728583055548
1.99901658561599604447 1.73283001183658047495 1.25692368637356866046 1.71391752851168743810 6.72735154562259562994
1.78081571614315437024 2.16705520824010466896 2.14180888186106521687 2.77462250706533808398 31.81832423488630112729
1.76841485313027568793 1.88138298143139581775 2.54712990838698205565 1.80647596739581350889 14.46705148855992639767
1.88827578236489457275 1.47712699677214875926 1.09735955357688608203 1.07866710485927530527 1.85986044163704522525
2.11081706819952419352 2.44758389014127963890 2.06668525868490782216 2.56127350542677501011 35.52453384437042416266
2.11357879703789119930 1.56019717705429217247 2.95416301486785659591 2.95702160898805388456 51.56820448881593677015
1.15572280172407837462 1.46313518927725372265 2.31088413297932504520 1.33483907949868041420 3.85130817497711008812
2.98405853529254727619 1.99621580201632609075 1.16335078273330849719 2.42608572966641045099 23.44010564899605242317
1.87577468454022233679 1.04867917537834443031 1.04974194876229609541 1.13848779482558959408 1.33823644152735887758
1.69561745039059874607 1.05588293263380839093 1.72474687094913048391 1.58631469774827515984 4.36246262554666763833
2.14527061402113172761 1.54046202783904018219 2.91332619977020579327 2.63891297730536722455 40.56222431481685219978
2.44181640702611879590 1.91305971404605035247 2.58941424522593299784 1.68054895374388157947 17.86976919301729793688
2.23040650307383359063 1.31047803297960285818 1.70239374529442843986 1.88061828578929746136 9.10214661141027825408
1.12471254973609724459 2.33648600619720614446 1.13310577397987666259 1.78989863824986983332 6.07432100293018972792
1.07269535611679711629 2.00060591560534195565 2.34800742314904553609 2.31516629785753824677 13.67776936992329339660
2.51666145839135779738 2.00124334069358056354 2.02058228982657794859 1.09082976941274134575 6.05487651996122533404
2.18531344361487311900 2.76425034425175608632 2.00915790741564137534 1.58402469808620649516 16.00805279854213125645
1.89085265680561320778 2.74437869736379358443 2.51733820457457291297 1.36876348017525129031 12.28251569881034299669
2.58855533809321780581 2.04231200689260994352 2.38165124636852265638 1.64025347002110710726 17.13800077691194800877
2.53172998674768656713 2.71988580230643650637 1.03607384241866595787 2.94666021537740085989 46.55473650388046991111
2.93351275798187138832 2.00880123635496232737 2.38003076012115455384 2.60141155184414651913 48.14045483234877309542
2.92649641262856086144 2.16607348838548485759 1.06564481815811995524 2.90956573409052143830 36.09313775898669973685
1.52108591121301439664 1.94222762059709430638 2.90137257057465447474 1.29867286746999854863 7.81815914949263568445
2.63057876154081826670 1.05347781931894890484 1.31623786687980115495 2.35502838543014814121 10.36700157379946141134
2.46003553135761698911 2.45375709359175253610 2.04080739018189749601 1.79477418277554900961 20.17887531467420103581
2.44946269940818606159 2.97697510705616430471 2.55553440400321463244 2.10502127447803788485 41.76869908429095090696
2.15667618963913954033 1.87985642072571290662 2.84779386443648530047 2.65966428165050849941 44.40920108989858761106
2.99861560624088374638 1.50231954393794620017 1.32215626631779015199 1.98450905951967371266 11.82431891478729291123
1.43916501327439472213 2.44696224075939561260 1.06759179630683864737 1.29514907525179667758 4.30149892453295557004
2.48162399595335614322 1.92006095086011252526 1.52894462686605758783 2.72489845633415717074 27.75131953614087265692
1.97780535153872838450 1.34568688394942070907 2.74536999079453369887 1.54502421588955729526 11.03340524618230844567
1.40263619645327297647 1.77841963846803818861 1.07443107473417942543 1.33183639618094318280 2.68526294532000342485
2.69119420460780478521 1.84548942741791055511 1.76849363121102065577 1.93293690657972949687 16.42327313305890257311
2.92146902032778488234 2.02174727537619780549 2.05949270355427938028 1.50091228298975343236 13.70387322173213107135
1.20780816566693371961 2.62978404489667560995 2.48697785421151618124 2.78708023770120139062 30.72808474837555081649
1.79350195904659259760 1.12824612314243744038 2.55659951269015639497 1.39752449702738701376 6.83854883755019749003
1.44202157081346471479 2.87820153449571591864 2.56933234055796644313 2.94395529360145147280 46.50910538518921555351
1.09363494432631314091 1.40326840023266874447 2.23092417996622227605 2.88751514870333680918 15.83460628578140116929
1.87329119607967720107 2.65620871406700809203 1.88152427837572311375 1.93747698325945050257 18.62700673127669759310
2.72057861262092792742 1.78481828851070023489 1.99712332911220991072 2.14632662862284995242 22.47806924635706593563
1.97068359672515835967 1.87949229822667951417 1.05698403071417912358 2.79732191695736265302 17.92533786906660608906
2.14157201677161701525 1.81225792368116800368 2.45535435231829168856 2.70913481587454674226 36.59532189950931524436
1.13459236059452317491 1.62521130042510164593 2.87224830876471948216 1.60268130969587274670 7.93499826093563953577
2.13017971168073749766 1.29777282233630408825 1.50965420903865199520 1.01027693256696604607 2.15422370571484700363
1.13895215490901424715 1.57358145283285977278 2.69652654349479803386 2.25233199018968566207 14.07990457340684642418
1.31309145542388661099 2.00626508074956699801 2.82644137145720097948 1.59387705824886061201 10.01907357403451115374
2.64896608783501008588 2.79799361567222337754 1.58802856314141971339 1.65308174722253276023 18.73142075594573796593
2.16492645520299831219 1.57987233102347857105 2.26705483138241836727 1.83340329657644396377 13.89116270567036615091
2.96481832718847382324 1.62181690823837776350 1.55128960072160726469 1.02245200695865801066 3.90281315814933060793
1.19944596995903229875 1.48169190373273629291 1.48104702958395129109 1.97586622359869967802 5.13798186264693601544
2.29186353289161814928 1.24649270122945865502 2.62364304847236251561 2.50168087591987164942 30.25473395708758417300
2.66148595232445206449 1.33905635861170990708 1.41177500112220055684 1.18797452418719995393 3.55532875963021721688
2.65404148356840341449 2.36772678820536608413 2.53646142755119630152 2.19501284828755993672 38.48929186270389379843
2.63864593451408602220 2.21400559476376823653 2.42424452837108717063 2.06391908686322178568 30.28838818749655104057
1.99516277720309709309 1.18623543557873345478 1.16628138583027274322 1.67644833944899596112 3.87940763000042343478
2.43513553496543444510 1.71659627312791362996 2.84160051046584172241 1.75090423225301528021 20.56953848882257318564
1.89528764847357011902 2.96500154501509438632 1.86909638393106192211 1.29781860484517541643 9.80414324653833091361
2.82799119451087488386 1.40672939483934578142 2.65123698845012700787 1.78434769444367113955 20.27695620431186895871
2.95625043028463796446 1.04558113988347889389 1.44085554295996454144 2.18054038020328055936 11.13713490119335247641
2.78983128412511360850 2.70718244929155371636 2.54427052155462174454 1.53330104758422391953 22.63182281626549396947
1.27912776398273697609 2.58237130426210503842 2.41598500413198369330 1.39431236163446747867 7.77462578778007973312
1.09835398759762870036 2.90481517185458670838 1.20386798576487774604 1.44921998693129849833 5.70199004658675612234
1.49319186080153665230 2.53572397136962734976 2.29423187576777776187 1.94584673265425345257 16.52774248098260656548
2.10353988418966153517 1.01682108645770297173 2.78760430196161301808 2.62038720483797860084 31.79321384290853913512
2.27794692950943611365 2.45134741350263940518 1.16038724573028195763 2.80227497850480489205 32.89450626749637507373
1.57954106656537685005 1.28153527005096679048 1.88706130725579224183 2.23522632787346520189 10.26586529601095065800
2.92998420935697900802 2.93182394796590850561 2.38702617459044574844 1.61178815706383660178 27.19940215573925712533
1.98469959419848329674 1.29154308609718149192 2.94532214011521542574 2.57357234655140443280 33.99024782732630711735
2.46820463714323734550 1.61276567253440261673 2.61948343115795712066 2.35284054899479677658 32.32373501371375823510
1.94677236570805045623 1.86090244855999342732 2.55443267137958152091 2.95969245395794278153 42.58244033509233616996
