1.63199719314460711672 1.33374582230869798138 2.36046900807576465198 0.87037782695323340221
3.58849204756822448559 3.09636996426139887717 2.33611167262214536322 2.06639330433035617318
4.30700930991491404143 2.03905098532719408766 1.53379651098269231824 6.56530666472876678341
2.92391569276572660385 3.34297133967898485452 1.55608496019431452595 6.35887183870858052614
4.81014434979784333279 3.12976328291221550515 2.73060538507389694018 0.82605697699451940963
3.89682800099039861053 3.43454383692915188320 4.01526458726975565838 2.63388301937240409956
1.23928942450986223633 2.34333233447860278531 1.66116463327883145951 3.27504169232306630022
1.87490895749553665439 3.53504503700416572443 4.44121062134384558817 4.03072414923990596236
4.08842904475602253456 2.59399958843059064151 4.01490910673216294668 2.49908938263256530377
2.14836493630457781023 3.84377050549369858601 4.73721515770625778430 6.13480390674636133497
2.11645575079157399756 2.24188678214536585287 1.83376492492438325499 3.22586835289482376510
2.54682691732530708251 1.36796231792581401976 3.52556975740318456758 0.45354839198866692129
2.35456132182617050574 2.19296419741034886997 2.73552310885433724863 0.37244126536843058517
2.46425444171961371964 4.61916562283145548662 3.32346139237533355626 0.44702585520563342669
3.32237982064528170056 1.46148213848321706365 4.58951577051529824303 4.24371090505181758346
4.18150233319942010723 4.91430020542419754292 3.87790537151659719939 2.37817674969266157348
3.34247915466895317849 2.19534408497045507858 3.50728620838221516465 0.47835527463388505254
1.16830370042693409971 2.58055738601212691918 2.36367225651752432825 1.27501302316170939122
1.50167154416241022119 1.66773870169205062908 4.74535080621381322175 3.27371739844073950110
4.41076141445808467267 1.45327093562943376881 3.13838444633702184916 0.80045045897324573758
2.66043756334768399796 2.85203768575545169028 3.73175466411168743619 0.93519963811334250181
2.44138582987649588318 3.34741481198154833265 3.78507307755852639986 1.21476339789592824303
4.76216949241943865445 1.24041293451749279342 2.90443376744078385343 1.27775418916472904840
2.97210431143444919755 4.83209136568389219235 1.79935523380252337944 6.08692033084310502034
1.65441223271790027738 1.57667435976761849403 4.34520182605949045751 2.07148969523578818652
1.80717951706494650566 2.14434639901381851601 3.29587735728072184216 0.06117699744286975161
1.23030399467791351498 3.12968542460644627567 2.54719175081865945032 1.10858673233411364478
1.06680561387595584932 3.63214067502265480769 1.23986456874304140641 5.97813983025737094579
4.01719038285166352154 2.24178183801226404981 4.71820243061685395958 6.29386370064319500273
3.95873530227351366761 4.06651464090037784160 4.29662814428341022222 4.78425562730431153113
2.11108188542294872292 3.98540071152138741795 2.54769566044015238759 1.28863620325293570801
1.18617134224305864620 3.24484314548522467803 1.42134558596786630957 5.01524028646527586517
3.13906665918912519686 2.87815515569916602345 4.41495591468097181576 4.25543153310340471762
2.28549270911404045492 3.94817275008962820237 3.67231571554633084986 1.05226044269250351704
1.37732490469466162253 4.08115349843492047910 1.94486277881921809652 3.72582140647428383673
4.57339017831537564263 2.53996251737223888156 4.54407931301594736340 5.97147539569078489308
3.61208739724487992717 3.48474835869696430990 1.23898505638394951234 9.40830064633275853225
3.20075897040854329134 1.51010982390500680950 4.40374398820701973278 3.37518800409870678436
4.90629085764967598493 2.02901337479713506085 2.53069396254937339918 1.76634101028612988671
3.91564920649806058606 3.27788450665133579420 1.75766309682000532177 5.86237357738868158918
1.77034532373452035969 4.66313764698061028469 2.06688652180804455227 3.69823578070581771016
4.23916677020022625300 4.65348251704653570471 3.28001938408798610070 0.09462885215629590618
3.85538199337698905822 4.48879540159208989536 2.25492491200362055181 3.08589065415843144535
4.90038139973521946757 2.22572290517491300221 4.14564609785303872513 3.57990296402262053732
3.14610428599090807822 4.32308931739469315403 3.67670081998932074541 1.12436493463841102880
4.83222146688981979423 3.45646266061335571962 3.89864740810508303426 2.34752404130227354528
3.95219863582173980276 4.13322680140697151785 3.86865751410989622272 2.04608758448871430602
2.72572925426307532959 2.38861666997007127122 1.46078037423188167310 5.67465003815038393498
3.15762486709152767617 4.47175094453677246520 2.99852099229429081007 0.19081490714227200556
4.06583944363443627878 1.47638081365160322989 3.79821469454292781620 1.66105861969284207547
1.62195827011904691872 2.76552403084661380106 2.26696028704511265417 1.67113332933873559583
1.09106476129272333964 1.24320661564042378444 1.02135887421935400710 3.55065362125539163429
3.02799310296919577112 2.92567897437249690995 2.21995513951910838912 2.35511034763459647934
4.01473219251000301711 1.24826306083217275500 3.22730350031471902028 0.80218090692117272056
3.77297277713152467982 3.64191936394635362717 3.79807062851616938914 1.54212699292929400485
2.19499341928333580043 1.30935714958814886089 1.68766090028608894968 3.10901167164155989298
4.97785565563757881336 1.86019389455447026194 3.43931223482523851231 1.01980809819979256758
2.52367044727646661073 1.54099519550967878345 3.90184100773893405290 1.20652115145163474352
4.29321475096097771029 1.22656352561770720655 1.02530099848446765165 7.90100699334400591312
1.76330185209405554403 3.37643729373640644198 3.31898362517622613765 0.33628733405285959890
3.96929616108556881926 4.36474635352563389290 3.04889366924475391230 0.04512903865528272718
4.72476900007173927776 4.28635916725143051309 4.20957623672131475701 4.67387942081522123061
1.24868511669883064386 1.97404556629226757281 3.44949003689855837607 0.23035860269305397097
4.25081801352342836253 3.09174829571072473655 2.18461648113996265153 3.16631505661486123415
3.74747716965979948966 3.37161396085310416382 2.96353179585321369061 0.12233197247473182045
3.98518874376742093801 3.87453784619556529378 1.24176733245248049897 10.39914326555904366955
2.10985777999052803722 1.58972737631553107107 3.08405693706407157961 0.04280643734093336761
4.45140145224774208543 3.42784564530441748786 2.20155022909924813490 3.27180668144619080095
3.72945918979432278206 4.87861701563044380947 3.01553264759949390950 0.14474384624470459926
3.81090076978900116345 2.47309151872326671295 1.64289267803103022914 5.84170862812247548845
3.11795029760869946145 2.82418831072359122203 1.08449887522209298396 8.71583577146764554300
3.19333745619067865817 3.55064568789559364959 1.95178944761376804706 4.23980528704404768803
3.66774626040303175500 3.06438894823503860110 1.91350862106170183097 4.47895310859402506765
2.94896935943894789034 2.42646259125879559804 1.90782897860915179322 3.60625792739461381586
2.43883970174498809769 1.78074886505333385145 3.23861692745714613295 0.07123670919492575138
4.74621371289291715811 2.35657084115067272378 2.96596583488253395799 0.51694246304985291829
3.09341438890054920563 1.82484938459609935535 2.79780912120890468131 0.44446444567081400123
4.04347210416657443233 3.13289497668582717083 2.77350109515071530097 0.53482202108222409720
1.55517688863961023316 2.96506483737817472246 3.20547141077735631143 0.23425996932646953042
2.85830530601787646816 4.31456889296869050554 4.23931218070169535395 3.97278002512333783258
3.28973265535372005886 2.34688497896589032266 4.76068061744680548486 5.90487973085970274667
2.66214585857336683006 4.53837969974505384130 4.54851723156042542229 6.06641622413430336991
3.82298330129856145376 4.40950390080694187844 4.42244037159874725518 5.88477561760337586350
4.73167128279853432815 3.60320695273638991196 4.92644590682998639863 10.08912020906820750099
1.10707287079252392203 3.27471145951215492076 2.45693656697733864291 1.43191604675434369653
4.37896470987708941180 4.37727517718454173234 4.36358672661238244928 5.76359854453404629737
4.04073142058916534580 2.73028037776794718638 3.84546078989233119927 1.70676442324460087008
2.35266956464121923531 4.73797062102502053449 1.43359624970172205849 8.00390689617022488278
1.38460212719891018196 2.83193265221136591947 4.07804601759573159825 1.86943751406479696797
4.66662527660205839197 1.48229708195705045526 3.90365120490227912597 2.34363573427867155630
1.41430869087023713959 2.97017243731473090662 2.84354603565149410827 0.46606266403037643897
2.74649045856850726466 4.78016409768020267279 3.73561402136889819658 1.52133640225420752046
2.42054753022010427088 1.89220985895847793046 4.38891367831273804256 2.95221473637437981097
3.59478968953629074434 4.11652706456778005872 1.80388784505607446818 5.93418799830304521947
2.20973002677813168404 1.71569956258447842146 2.76553352813530439747 0.30334306442772396295
4.57437302951726021405 3.49345338722326959058 1.91118538307192809000 5.39863541771838928440
2.58421309070416294063 1.70873697129166846054 1.15180429815249585346 6.00278930646988317932
2.90915607543492704679 2.76662191224783970966 4.92050299120417022891 6.84810887263059253627
1.66121108504096737235 3.66602536493693920150 1.95563610918226427060 3.47435890183230622341
1.82124706694517879413 3.36715445910455057899 3.12516391752460442888 0.23632512492836355023
3.34429290321023264809 2.94548471100915554288 2.79497140834089252692 0.38598215340831565356
3.83796877946907111223 3.84227326927195544926 3.39329818101102276273 0.24201282629138987090
4.06610571432887724086 1.66743243682263253547 2.98242654548050767360 0.59169422727564047193
3.72876696795917572658 2.07923094834324739821 2.44402533137289657006 1.54000686768229844148
1.61329343102407030131 3.65839282981653424187 4.48530754252524488379 4.17779393464584902773
3.53762513591779548250 4.02696258719406063875 2.47442204455771186389 1.63447907643321954652
2.96016931394620597118 3.31366655377972341157 2.79133952141121444157 0.39027203399784404780
3.47216820114629287630 3.25508008198353548934 2.76604247336449660111 0.47210852039838258065
1.70006128392700572860 2.58313205297323333909 2.15506570029620458939 1.97138378665028213277
1.76983883981874479119 4.89880914795196886757 1.92438137059085700997 4.62950083889762353806
3.39912722617072216025 3.12540326779123045497 2.17588882396372484962 2.81639619951968844802
2.48747273150912873163 3.44855853586683736012 1.11425443591220352246 8.51838460111707007627
3.50502551650933691363 3.56446555832927547414 2.62514414763833503486 0.92223184849312023204
1.95033146018526881704 2.54291327167699465761 4.53061300381435572149 3.68806629924040763058
3.08509948541696576996 2.16261916734597603451 1.51813223462959623333 5.51965573703393985738
4.36786364902615709127 4.83899442695370751721 2.83440808553477552323 0.44248284779927793409
3.10190221584550585021 3.25375944121908311502 2.87067685873466382773 0.23356325750597228819
3.81144223173055918252 4.78574536313707188384 1.93625319559163244776 5.54455259535229671997
1.45769117609837106642 2.59164534811133995262 3.59723603552779991332 0.55860628156022285040
1.95639954915542624292 2.27585702767237174626 1.44950974032747081921 4.74285413592267524052
4.50326020982308694585 4.44870021769684242940 4.44378570103876135988 6.57628801275193097808
4.85964942620496298531 3.65998340627697338334 3.99018672824951492473 2.94393879190987295402
1.50851178556691234434 1.56405715112841736669 4.88142266224052967516 3.58938237565636342197
1.99072261449809495559 4.07053593896016430165 1.84426265164885760939 4.52367604652736332582
2.66285751659093650190 2.49180276396934718974 1.57869063487689187397 5.11399063832833444820
1.20341581343176873276 2.16117043053864321678 1.42020025618126455313 3.84848352859227693656
1.59959579132810914004 3.63053055089380238840 1.22456342020179453911 6.86572433835694262427
1.12580769869756469603 1.26004571422352418253 1.90375429945180707492 1.60729640016822972193
4.87215092017750794895 2.93281955638102820316 3.89982829280535270300 2.31588750502896179029
3.29135744212801739650 4.58023348641326144559 1.10092966964280325470 11.38749061642085180779
3.64787507721287473927 1.88061770915263748449 2.54025927306753374069 1.20898675926951160164
4.38373103187316193186 1.22241890722773050015 2.78825777056403767418 1.26236317369808048738
4.56264152375777243265 2.85754756284049848958 4.53048999508923522228 6.11381487407387069766
1.18320072542793797155 3.76084680654734437866 2.37561812598276933528 1.90343666962314816971
4.55126820607386761708 3.01712039413868238213 1.66373977763522740148 6.88055106892360335280
2.06807064918495875361 2.68332324596429661057 2.02940764145350360792 2.66564520044350450334
4.09418281877788992063 1.86566623743780457545 4.99650014836697664578 7.50923797013297900094
2.27219529925265906201 4.22205754904813446160 4.92932838782273829992 7.82759459124480727610
3.34917521041205867860 1.23291206518882567877 4.48566316093325312409 3.66852369927808474870
2.91560533064335958287 1.42478808597773332068 2.62441460936542725335 0.79717307741092424678
1.47531799908566929602 2.18078510746449838464 3.51600141887759543025 0.31722802350718160014
4.75171894596931210231 3.89915659431353356368 1.98553840339560050410 5.18194138562726891450
3.20414885828239981436 1.58322635219101837123 1.33294368629854043107 5.84873618736012623742
2.08266051937748564171 4.82043928442729807671 2.63690513635179302199 1.35617621887125761049
3.32455011235584052542 1.91040026225153791728 2.30676711661119826502 1.85134427941162149622
2.14925374821250425583 1.11821356818674200184 4.42607763891045102866 2.39182854015682355708
4.01856338687732872472 3.18232780396450554150 3.42706858718842299893 0.33818517838968276124
4.13022583831903311591 4.99502003512567327448 1.30611869432436034089 11.50164926999021375309
3.42889916195542854283 1.97217797582659093436 2.84876143895133226991 0.42155534355244217437
3.17753394796566945857 1.25691388613626742199 4.16377710507613052471 2.35002927617362722401
4.27462403198147722350 3.60208312971213695519 3.36212072362247349488 0.21882537809721203104
4.12870697754139470703 2.24824536719792478223 2.43917275844645198291 1.72598449459588998423
4.41568476348207461513 3.47541687522178621705 2.26716197005228758954 2.86554383621833963502
2.51832432550577678398 4.11590149106604208384 3.27455452751705999859 0.25206076664179732916
1.44074620632362515593 2.02466552942858735165 1.52771199563699155988 3.61253636076943784872
4.19737636960102200590 1.79937434475761648400 2.95569468939105606253 0.59503275945312239514
1.48917032271067917293 1.76643557005119156145 4.52625705554462776092 2.65531555454151080298
4.74382107616579684617 4.95771081210345876400 1.84259925427617021754 7.09760817106826102929
4.93086009893786503255 2.07345611855064726470 1.37053696536707425579 8.27642686081961187483
2.00531123438820735316 4.86838273278431188373 3.68252109222577805880 1.51682408377559951873
2.74424698884657836118 3.06040479004790677564 4.36220460993308378761 3.81620014704871657329
4.81496279086472256381 1.33590476698619742280 3.70145354049619923487 1.85286883163698856691
2.57947981153739824833 1.89946590940763027078 2.61078820271976752565 0.66108026443063216959
4.70827067448830938190 2.59029109793764344971 1.50025785808561673562 7.79082887051498129694
2.62753044613218822434 2.96458037463200518857 3.59121933035878138085 0.56495930141462658014
4.60757362592111974209 3.51278466360636620891 3.70296412988177525705 1.30902544723687874750
2.35462714885209978277 2.81723876894925995273 1.64881337058223342851 4.77039718158089254274
1.94270578112800818005 3.80666869737520530137 3.03578987475473338620 0.34095076985085448484
1.64272281285432475428 3.31026103132003468588 1.03358783042788715534 7.33965380077444518037
2.69634033322618948958 1.08104700336431402974 3.96161782048446164950 1.44793869382410411717
3.96068944997205374392 4.78339750082000580989 2.31608768957136224032 2.84027628157060796354
2.21139568429047939091 1.87081097236232540837 4.96216231269467833442 5.08774611506628282598
4.43195117685257233830 1.71816808829033185191 2.26840597794456488856 2.60478278945848717996
4.55094052082662514636 4.82030569384879470363 2.08232267616050181758 4.78583423387983497577
1.79081270078595489181 2.60308601467240974259 3.02051568272070536381 0.10734538815279126567
1.12209847153135733322 2.49443625457275208746 2.10936031641665344694 1.90033594698212149332
1.46042515732716138288 1.01981047407901792567 4.47246128033100021071 1.90022622976895450009
1.26141545760111606356 3.73315516873330821568 2.63593708670283133344 1.19762637504552627021
2.40668501203495388552 1.74471186450545578950 1.48376947951798943137 4.50760710917205376091
2.65675705686906082903 1.11256788216354296495 2.37122124975360693000 1.30167744781017891142
1.11604825539645391430 3.89891268373185351237 4.90021225654158953944 5.79395861558286018322
2.55326967549624583853 1.60909385321714948347 3.88600268725844077977 1.18079720955268951954
4.67540039620976344281 4.73147677577025937978 4.45662963523432154034 7.02716648106143892960
4.26888394847641805541 1.13054547474393851658 3.69674340425615977068 1.66556415123093959352
2.04349939031904526132 2.82659673170209213566 2.01331585519318201349 2.81177206354712172498
4.36350660795978928519 2.59525215307048151558 1.22014540784995784151 9.27069554764934267155
3.92485201990853838083 1.13926527224497897706 2.08275300027751786303 2.99231975339526412583
1.82099541000326103912 3.90468111567838693787 2.02437182972972973261 3.38882007043198907326
2.65405133062634268626 1.12796255015179935910 1.96506100777328551743 2.45275512614346347107
3.96259969216258189917 2.22732803460106287829 1.73544093460903958714 5.21606937606468434865
3.91686384925781627686 2.74751247995133995872 3.08294300210213689795 0.11467188767541980354
4.14422576792527763700 3.05177469966698344805 2.38804217399143636769 2.00904190608782595717
4.01107051825873295314 3.72486438927372320862 4.63684983075163792421 7.15252424185840762760
1.68895085117356957838 3.69786403787543971333 4.17298134737573356290 2.81959828826662217693
3.98511309657413592689 1.34307425078676034857 2.71583178563500116098 1.11425585587643549701
3.22212412983220630736 4.92492364271006266563 3.72967949484502403479 1.51838283520191641429
3.36065648817312334629 1.29006786141168472426 2.72648661269838266108 0.84002801139666205543
4.39922797151657185566 1.72745760868642594943 2.04798370055768774733 3.59446292297746960998
4.71861272543979559657 4.55645326946066475671 1.70791913782578719250 8.00741852291423228394
1.84086673076749418598 3.96746558193638998446 3.96820961956523010628 2.14713910250596073936
2.53163386485271857396 4.74604218843693281826 1.50250565993479812121 7.75074013920418103396
2.74986457869247846730 3.03814002307829422733 4.23123145573920034224 3.11260823608897263526
3.70845843612187930916 2.33716072390075035869 4.37156606680023429590 4.07746541802693762691
1.76432554328558754975 2.90280655136405885131 2.69790722034546126551 0.57922824185137233854
2.21661698163566578401 3.36764278386132032139 3.78768110688420645005 1.22127904909773210562
3.54661276605256370331 2.18986589166032930009 3.91195941627221133174 1.73646438198323860291
1.82596119385621991071 4.76714307903908984798 1.17243457040755316712 8.88204529554845478856
2.87368721499291890353 1.68169284961334009054 2.88168758532816937645 0.30638266413292480905
2.99216425173030398099 4.75781794216872011560 2.15590322659015987128 3.58231891919178213612
1.78191578184646637339 3.52392057263250002563 1.49314326349401582661 5.69462061744131275987
1.14159820290382540975 1.01019342703913084236 1.68808434827564202152 1.90046044479831199858
1.97868579103205055603 3.20275959599866411054 4.78991530013617250461 5.57138254536470434175
1.08083905155075132853 2.29350161250672268665 2.35607104309111381468 1.14800103136362530165
1.61781112278427396944 2.60931339510906701307 1.17955878399892721831 5.79409609151526794335
4.65243779082897557231 4.22692471349677667547 1.62115563712666510554 8.43290643482698243361
1.22912839021426067987 4.30476261365399714975 2.16495737393700871110 2.95847844777952317941
1.20267937630007759608 3.35187785855687225833 2.74732973341810948753 0.84704644687943586590
4.49700326809973205400 2.82717145957885040986 1.63236809290348672263 6.88536642139727383949
3.99508318111750382329 4.31473755308803585962 3.13245269332746412161 0.00649719519399916123
1.91913685611693196620 3.98949100554555924347 4.17323268244512846081 3.06738823715079922394
3.98444981893180294463 4.65536854133934951960 2.61382549461365254473 1.19812753868942678537
3.30718962867697330310 3.99526802634418221061 3.83697899214798265888 1.72053080465457952641
2.22816356345114519044 3.69510116934537169442 2.64555311367427714586 0.87618798527049435165
4.24404966869546207420 1.27704135947969188436 1.26424794905935211631 6.92616238464213473947
3.26825233660388958512 4.08542173276204323429 4.56039257925340635325 6.24713690549376465810
1.94079745082337851159 1.24370848530226885131 1.30940611721658450861 3.98749917466119541132
4.01025242922576197202 4.57655742803620491088 3.39620901197907354430 0.29493049179496466650
2.68281625083445751656 4.72547518862212712065 4.39375011894427647263 5.17742858182725829153
3.22937495121492901262 2.17406690064468266499 4.85453175853724072653 6.15417750527856721732
2.05409636185226140981 4.08552913643024950829 3.80154983419201952799 1.56240524447569661959
4.84359115671658990721 3.38234549461568123618 3.87357196914441770375 2.20436531364553811585
3.27501999126748843949 1.27712896498586436778 2.30202475819049245942 1.82071500826833077014
2.18305194429246141041 4.17673333318067818709 4.60865427519570935999 5.73443218344616489901
2.13807486852911976527 1.92253313576206164015 3.34110385750934257842 0.08615904846922273208
2.00685539811732693849 4.95978320715923270967 3.49116865862073399995 1.03841610714167664753
1.56546459046039121432 2.72110841246434853602 4.90179317654873791810 5.06374006074423732571
4.04495037972748505695 2.43567343452846785112 3.17456081438198456368 0.20639916600864438578
3.32627567582113270461 1.88415663133607047541 2.82097055444806388280 0.45870044763977357860
1.03383266631806014502 2.04050234938581276367 4.36401921823371807818 2.08271822451258747932
3.78095734736087241146 3.65268426869085294229 1.19175157828891720158 10.18392619648283137224
2.60404966842310114927 2.81889049754786302771 3.10145345600388955276 0.00862193324186844023
3.22750680831452152475 3.71526626111882141146 3.63722359098461289761 0.85052260979135851926
2.69281517881382592705 1.90329038068829525798 2.46806199766476375146 1.05707879950471905772
4.01407431815398574315 1.56706775350034721583 1.14159531327903795983 7.66856601557217487652
3.93162117801614963142 4.88715870596442414353 4.23517641357097662791 4.79211792642361977812
4.69114209345757426917 4.72384962566966315478 1.08485442549282318225 13.81215637174172528034
1.04143888858117650287 3.59002945093342740179 3.02299612193390387915 0.79143933824305401359
2.74842323187708403864 1.74524268816408945071 1.44751349157593534045 5.03230970711721070643
1.84155667123556376907 4.63897224759103465885 3.20849165238589106863 0.64794677560716795739
2.19127105291298951428 4.03759338825301306031 2.16805937824056327301 2.88329281790331926061
4.47108104317294152708 2.07668988657490816152 3.92283354129737160676 2.22058965088017412626
3.40171711679169019860 3.42996419324659651551 1.62358743209269507091 6.47119987760819093126
2.51333411448019239387 1.34936014030836881616 1.65365071623149972879 3.55787839464860411454
1.38544891619732712940 2.85283163966987718396 3.30758534407607562855 0.31677835427208522745
4.86150668577989808483 1.34254173011372923696 1.06313543576210589592 8.68795781841515690758
1.26518208273503196537 3.70733516012397235073 1.12095098645689494887 6.85596339093372808549
2.42058525428859105944 1.14201530681478091722 2.98951430551934160817 0.27571542179299202147
1.02392410573284964315 4.67649755851880577495 4.44103692425322904569 4.52737699001497162499
4.37041910395755195395 3.50495652005177227295 2.76620624314348217965 0.59277160281035445877
1.86535624726670778983 4.73944564192902362265 4.02836331650118495418 2.84698596096734046768
4.01495653790045370357 1.40952462235370479249 2.25057639233485495822 2.43361950416896322125
3.68467110744494208419 2.92722393039783002067 1.49876439162785102255 7.08461809723571267483
3.58705656617740009651 3.98527264247776491501 1.24204374910324100156 10.01376861934984141556
2.72827454713451933443 1.21229134130394378133 3.24445358300843933463 0.32250416315875662931
3.22757773700678507467 2.10654301217042627670 3.68661322220125109439 0.87469570998764023528
4.57394313537164798333 3.09006606965735475256 3.15340718285874199722 0.14554826114287067185
1.55277185281657148508 2.35855231282293020811 4.78094317935659951502 4.17350467968123428619
3.36621753688179570219 1.23095894494418001130 1.26909654930717330501 5.80690886358814140067
2.14359199676935263668 1.46979527582299684951 2.99495206650666290216 0.10147843498988873279
1.84432472023211913026 4.41382625889610835657 3.15471872026226662911 0.55232013712107530523
2.48738431465377862750 3.32828797341866300386 3.96920051101749171707 1.92191428572660427676
1.41022623481517195287 1.15509097541030625322 3.74004904418288086632 0.45634457113189652588
2.85781994246597381704 1.09649818144887634119 2.86200535316957216381 0.55140137322058668801
1.20956793566402831530 3.18173998834461180252 1.81872884679467539115 3.42847168464779983310
3.99915382647806527672 2.81837035784000145000 1.81245232242443821136 5.21067381518817818176
1.75673705234397115049 4.90586839024797072284 2.99783413559699951634 0.85177632832222904824
3.37852075192515099999 3.89188193964405781955 2.95310358311150400468 0.14659536776511128409
2.05293614227167076081 2.33601794013851993270 4.09033120446201348130 1.83679752675109142501
2.24220632682092047006 3.38081680644726878526 3.46021686122189908730 0.39364453696448986619
4.04573356946497852960 2.45769879557772341627 4.49904612963627492661 5.16815481696168266268
1.38750739771064379724 3.25156616841874912538 2.62700367954944979942 0.94113003588303678626
1.27259398508048660048 2.81937647676509151040 4.17843346157897777005 2.16391309939939180396
1.31879359292224451750 1.42723466686673861048 4.13539691374763851428 1.24922339209015920147
1.24862263410939933195 2.75790131436861285508 3.69468969212994746698 0.84850794982619648366
4.09895049591397508948 2.34650587174421465519 3.70664661311047094472 1.20694954891492489679
2.98362692871755275092 1.05666982737967352080 1.44715276622200716972 4.47825860830061728279
3.54128547768999801804 2.88250614023196272129 1.11416382717579409700 9.24128821479238204972
2.22823842359826729265 4.60998828315131614630 4.83430972852781781768 7.61780884611367614667
4.29613468493388950264 3.87723467459329373952 4.07710670731078117512 3.32962743962629303951
3.20890802496718308134 2.70646905131695669766 4.96218955368932235217 7.37243720872500496455
4.08199717339691758866 2.55749227734160156089 3.04002845407366839581 0.21069243610149790413
3.25252101733169807218 3.92821319889195219588 3.83873900484304808600 1.69985461906396473353
1.90700217927494009018 2.10910582522768308422 1.95078452210729125227 2.52838273120840906216
4.95161753819554650846 4.26392344483121554788 3.72266038023994383366 1.53395963684901648350
3.76762314708521239837 2.95572593176462294906 2.44959045349758985921 1.58445570891183962203
1.76761580562448594733 1.99043929404157982077 1.86105103231567614586 2.68440592285633350400
1.66892801419293945742 2.26474212635354810175 4.05614717369709332218 1.56125751196532247533
2.42696943695226741156 4.97079518675746978573 2.84615770401749568208 0.75207921623603279926
2.26402475596402608105 4.17217967254762811535 4.84047026742030972457 7.22134911430028481050
1.03126250461663548919 2.78683945113039355235 4.21821046014983735972 2.20993328594222981920
4.90439883321508940384 4.95083438067264758331 3.70490245013452756950 1.52280136693214274146
3.73242460362911199212 3.15038820077763315197 3.45284075199128759337 0.35417398534726540760
4.73964745144526133913 2.82667933905649837456 4.60476351923758198126 6.77997375822106373988
2.02073949619958037616 3.90152310265162505232 3.18501887483278256497 0.31187818844074310931
3.60837039941293546974 1.95682912944036591085 2.17180916023115866409 2.55996892793998309656
4.53413005594630647010 2.39574598085233470002 1.54704061676922455248 7.08645179852472928417
2.43946287978111309158 3.04941849908033457695 1.31179885342551871830 6.88594071623193748621
1.87003559880969483231 2.98009176179789436745 3.00294578156327851559 0.17404558998997998742
1.37807437051019032737 3.90454167644438721041 2.90774740251499919097 0.76959733167615418381
2.69257198437011568970 1.45052195814934492546 3.07498577088664504231 0.19932258106713263146
4.11673290196018015763 3.65381360580386260750 3.87292200191497437700 1.99729988732988594791
2.22382367961313498483 2.68334999654739370101 3.78113039121972116519 0.98709798611927324075
1.14167585752678180100 3.40557656404443509501 4.03464759939199169025 2.07445444251317123729
1.48421194473939532799 2.53509662925532142097 1.20094745730200536116 5.42164724764271177548
1.12308756050729741105 3.83380177472445504705 2.45198572105337753158 1.75515422474666271668
1.02041352140639274282 4.91733308252022816021 4.64795033852601768842 5.64925798009162960511
3.11711925557078961546 2.21512090179474396834 2.93580176205290355185 0.18773498523784670766
1.89016687651811787774 2.97759104024766729779 4.64403545062815048539 4.54369054835769947687
2.28053846483089062147 2.71059901849659334871 4.70344343550631016626 4.94665568451814063877
4.45149494725645222815 2.63399977839980703465 2.73237127358890363737 0.80253648326495774512
4.92166789180089914169 3.56472092210817637081 3.78648337126740708314 1.79161941549689007758
4.66027552782857501512 4.38974613355892273603 2.20057481342899530219 3.72225079509258272026
1.30804054484677934056 3.72753984403576721363 1.35420242616190122931 5.98464760612528134942
3.12118369157253061630 3.19669457884400243231 3.30749178142695532401 0.08718781620535409616
1.40653309681222449257 2.81334979878373525608 2.18924941409941364867 1.91325959498800690639
1.37179426432502760136 3.74371849800868705671 4.38376215923421419518 3.65271674341949914577
1.34398308262192500706 1.79914654921134031795 2.63079091555196153962 0.43011369729642012771
1.72859915512584949582 3.72085739848801644314 1.76693887165142804463 4.46094398863692997992
2.32881787885026803053 2.38444130535890330691 4.88341021349357529147 5.51534711789352716238
2.03691828805301167193 3.56440636747797068296 3.34360005818847660919 0.32187869170387273243
3.65467145782588254121 3.33683461155365179707 1.26432799235289339279 9.09861671653306913754
4.53298524221003074075 4.24053976473279092829 2.86886024065848754816 0.32897798434709280002
2.10391673916375454567 1.80174391702521541347 4.08599602827315688813 1.62292233930652685103
1.69181721666409368154 3.32609804087838467623 2.22444411899104732555 2.13295740279847834131
1.12534146880108565369 1.99676535697600199271 3.25874313519840086428 0.14462820315277769012
3.62618765685569233170 2.80823314433815474089 4.70261710950910227780 6.37205557216781048879
4.47642500831230094605 3.50329119200494121245 4.30933730956712945925 4.87321454843552803737
2.29637288915136750234 3.39447536877558375679 1.82965052512520953698 4.26152043818401526920
1.89636797154766378881 4.35521230191947594790 3.89375889275406716905 2.05453091832200218647
3.67506719188710917479 2.73810021509052825550 4.63400891386559443674 5.91640563540588448888
4.06045549003933281540 2.46217128064509171992 3.80274198095081628068 1.53135205134917740111
4.80409490060897681474 1.21498954942032932891 1.00596256179178578094 8.60550622163749423521
3.98966648889423591839 4.02251508303996629934 4.58755129104427972209 7.01456368400114360639
3.17024446605242316011 2.52323054630752885430 2.67591107540471462301 0.63922130842364577319
1.62436772896717140924 2.73552907352878049707 3.89582611014035595787 1.28734511898187253820
1.19357397056438374605 3.86190110549493148540 2.77077949106673981916 1.05338810736144861124
3.00750752805801369050 2.01321871158913090483 2.66684400562731749318 0.64369450672298178517
2.29867446861369595368 1.47601174033716509015 3.00237005527068490096 0.12638220476812422888
2.85000841582288622078 1.35881765983225388794 4.32559414777541562103 2.72415363394171183842
4.43940758694096260228 3.35097635347416966667 1.95112237029102608687 4.92677745063168437412
2.14548577462807177341 4.99367050226391384626 1.22612476513812485024 9.35110460308888136183
4.23747628019363808960 3.00476958978410202405 4.72773454088027555997 7.35175616118692332179
1.50209787742286771106 3.24964597696176893393 2.54584001276328253383 1.09424713210523849583
3.01651349226786269497 4.29136177765773041415 2.15872531804158329649 3.31679412588506616899
1.47691786727633234122 4.43076501470623540513 3.12834553524069658437 0.79193162785685533578
1.81539038936372643107 1.45080748601762765659 2.70291519388304113392 0.32774158441297318589
3.75326851225758018060 3.12053117259168244502 4.46465340349010553211 5.19543623942470045307
2.79645245978705281331 3.65870788074651231980 3.58241962009085135321 0.66943632982056833214
3.70557545792749642999 3.09700358349641513556 4.79663667056939679867 7.37270762447258221073
1.00536121811631984357 3.75381160939815750055 4.30284774249345858266 3.21208111611465518820
1.91204388695425597788 4.51041334681702821285 3.82943728174276465381 1.88459921018776999091
4.56245804874410865182 1.34134755096934599194 2.36974596957471028702 2.35819212737325267781
2.42554294532346137458 1.40874453114678210852 4.25864136381470004267 2.21375128494770700982
4.82316868034829759893 1.43031755570975338543 4.10596406954552861635 3.25959076356634280813
4.15825824618573669511 2.70291666646115080752 1.84868947258896731967 5.02177684941074886638
1.89798638526853169495 1.06966146657122251895 3.73210966932653365191 0.60053308867734456200
1.29598839697185441722 1.87511129375894158855 3.87322431630062480323 0.85121283329002084272
2.43577600772242108818 4.80511114952204998474 3.37856770365739622619 0.58983825659103850114
1.54253679263647702768 2.65112005984356269295 2.73243554826351386922 0.48302444624650009430
1.55818442561452163986 4.47530962699179468700 2.46719930598077841211 1.90824884200224786923
3.57606765751389854557 1.16000309888488972732 3.38358992739060271404 0.78131547322384253818
2.00808049613517880516 1.31550201221132123663 1.73250290115468841279 2.80022361483180048936
1.19314011623808413631 4.47268844296044854048 1.88811248737949011200 4.22424618775933957693
1.19149804500026190723 3.46120266099343654176 3.47482663299298666360 0.81459318376841283182
1.89679088186697564211 4.80986503253854280615 3.99364570296155241280 2.72904829939951998341
3.47556623536643138905 3.82709913482339558755 3.25223820208457414793 0.05306974244588147371
1.81349859805801294499 4.08783841653768931224 3.13585545769785234427 0.45595540128277090020
4.06525724419013378963 4.65048928869408939590 1.99823026485471677560 5.11090145790426575445
2.65095768850304924769 2.69146270367975315452 3.70134589632671762160 0.81545741277607053377
1.05678944180269329678 3.85955784073876095874 2.52792230197356859733 1.61415809867497994645
4.50870407196191358423 3.53213158172531827006 3.80513453440370597036 1.75303265602857560879
2.40065497919421577677 4.81992282232871716019 4.22381118233129981832 4.02734372415362340547
1.39707949193355274176 4.96861485078811959681 1.32092432549422023058 7.66870240725680751837
1.68142527655563922551 1.11311344540272116888 1.65919736800636119511 2.55297590874016311346
2.69112183366032597931 1.75950880674084375599 3.62523381675369638089 0.59774066950523252473
4.76561451645412059719 1.71361306442851990539 1.57533618911079820180 6.45328058858266651043
3.48251716445601200434 2.49681035223817637814 1.02444562061102262263 9.04351745913872662186
4.93857406305857793427 2.55785097717151277408 3.92231635296760927645 2.44662668628282364836
2.42488493402099214435 3.79895136496047536312 3.54255944148233137270 0.63504280021229675413
1.33017753888764378445 4.81425714965198725537 2.04527100431184871709 3.83213967528751409120
1.05609797237652935920 4.18101664682170337528 2.68982362944161712548 1.45609183522387164444
3.01179195788946962864 3.34053912636198235830 3.02779383607951446677 0.04954485746876446939
3.07108364099100761280 1.05158999993379342897 2.45452897226487687377 1.34397580271781347250
2.14557579771546169667 4.57522925812139291679 4.11898064173874089988 3.21677610495936283641
4.63609213993815139077 4.75691140360790498676 4.30055042728296221810 5.63334385348032640195
4.79223418567974057680 1.24371777444824749281 3.11402339126916372081 1.15510864821030967420
3.67832476900953997401 1.56353443982313589089 1.56072734605642748917 5.29015251396609986756
4.94999161652439578774 3.57548007745448304107 3.82014650922106291375 1.97537735845132544910
4.84918063587807424142 2.12673164287610205747 1.64149405436660167368 6.52221712744391535210
4.15948405980013014016 1.50649157202002426104 1.04880601420796226719 8.16224194357817722789
4.74483249575415477750 2.25141598648137364336 4.01211128417899587362 2.78370788985603301313
3.00232814185725294109 4.08968553649143817807 4.49599401894520589451 5.58729110991083999238
2.73863878319580500431 1.20450139333055794566 1.06376158017820632296 5.70701699525938010993
4.29170361755833695838 1.41404296352848124485 3.86984435561911066515 2.02858780455806098075
2.68372172002553810444 3.85436681605697062381 1.52960310235063179363 6.80298625274117529926
1.00761215304484963440 1.36746994055373516375 3.02197704648473441935 0.04419503007411051954
1.22689558686855715308 3.71551280723473720258 2.31585315707693828458 2.04718836486325406199
3.37564666953178615927 4.62840818727671354793 1.67385601433653175008 7.19076741314266687510
4.40429432007812948768 2.93219925059000985357 1.61222817739475354770 7.03879621645540254349
2.59643790117958683794 4.41654134411519905257 1.00723932747566680135 10.63091764365044156193
2.85729226351919241012 2.08728021054674117707 4.39703597234769461011 3.42971274978187068427
1.90990013828505889038 1.57578474572102944506 1.33473690033316039205 4.29713935839565408514
1.29022944291676777695 2.67302230474478053068 1.12943647888243692279 5.54984240026795649925
2.93223103948953633946 4.25823482441428780021 1.86221970364523370378 5.15996341067935659908
1.77601162574550075490 2.17696859782540164119 4.55320649892971118788 3.32962070353845485116
2.36428278657499646442 2.21315440393336304581 4.01656070188126435028 1.64480174660585953816
1.90145393782308946840 4.61972091388442152038 3.14729359723435830887 0.59364550678889216329
3.31451543935384185247 1.08943846800077936976 4.50985623357968634650 3.63947859865413647640
1.08443465854071030563 1.25832669959871124021 2.44052047012346129407 0.55747618591474146221
1.94511722137033782332 4.79440477679556842361 3.56667526115465749470 1.17547439886743632087
3.42848281629872042586 2.53617397116423060055 2.66512816615917724761 0.72397769814469103977
2.81071926464295529513 2.51711383827737256169 2.22451865009006555240 2.09265906999497630636
3.16210311045186953649 3.22242348561556735120 2.78649691894334461395 0.39857731152790965012
1.67554537343261467086 1.63618334584794089537 2.72937266432255976056 0.27762574422906149962
4.40498238508463124674 2.68170970440075695507 2.52425085295123174944 1.48151457729928459628
2.42381654481345965024 1.72800680137461348806 3.43810208815961404483 0.23733508988727347599
1.96153027415651237675 1.48585450153322318201 1.46964455186104148154 3.79216973075221197576
2.75774279786877229981 1.17622663234771573926 3.39184557267027209093 0.44410271055406491669
2.59553476433686647340 1.95177021481198353925 4.72448970130055201366 4.60177510889001339933
1.49817956542138519538 4.31737375558729752356 3.52641611189545667315 1.10102655780915714701
4.25842348320705177400 1.27100830300271727680 2.97363095545488276272 0.94195772062330451746
3.70955132765560158248 4.51538441230084863776 3.68148582464747153864 1.20382754043436079883
3.19569101418195167241 2.98926470067235561245 4.00703076725064644137 2.17744196595042804887
1.84525279335557712557 4.65273499535265422367 2.02592640493878084484 3.92196809394275591742
2.71040674393226588279 1.24194742806933211554 2.29176919662322120530 1.53010428755692018399
1.98626401829633802976 2.08794725751842324968 2.18146668046387981477 1.73871786122153215715
1.25695659379658319921 1.34651134826129048605 1.23741429736634511727 3.45492445924303881455
4.87276241706718771241 3.10451981992080661144 3.00207326407921959444 0.27402974257352852305
1.50268463087917414356 2.16465149234592857397 1.12174864620014691496 5.23320547375354117037
4.12806400357512792709 3.24597425583473597754 4.02415044381331732382 2.72384538108274654178
4.49566747251202780689 3.54588233369644800774 3.58391759125875797309 0.82479665602317719930
4.77997733530678381442 4.52364592167030998837 4.63842788691717711203 8.61640526990905719629
4.67402312006891840213 2.40593445835366459562 4.28442445551780348723 4.29649044290891435338
3.39617758742054443033 3.45133186140534364839 1.45624883452170283960 7.63013492857937158931
3.75727771476698046982 4.93800680366552313671 1.00318146047788481212 13.32676563007172632069
2.57674723340119360415 1.34906216936156297947 4.86855071680129825040 4.50575856618708581180
2.93656949720360049838 2.75083271077706648100 4.69993719305444290768 5.61662348882653716942
1.31978121066285858376 3.14775151530515540088 4.67259051427746996410 4.30533944196688089789
1.16023297395146451905 2.63145459410655524479 3.89848722340854569879 1.25119360071580798532
4.30479150457251513728 1.66159034653947168536 3.01658384767487275369 0.65917813955587423180
3.66167571246971057519 1.88220605327357226599 4.80128266824597815798 6.01000668286970984866
4.01932255916102221249 4.89877071652160367421 4.26674309085579217538 5.09276826748926669808
1.25759127571754669717 3.56910432228715990277 1.16234708390726781957 6.50965632731613119688
1.35048533067675169406 2.31175621117626572953 3.27126083126519739963 0.15807618223463881790
3.78873695679837263484 2.23446625456458480841 1.09660702828800848962 8.68035600587574052156
4.47324524975924209258 1.42640447652281032731 3.82466938014855051264 1.98115046942958716869
3.57125724931814270136 3.43809063116136837124 4.20178872510037226817 3.58449061489239673151
2.65490421137370447013 1.08794095240500610089 1.55068110247207746610 3.81121313276924578162
3.91095774644328963987 1.86583765756814745629 2.27475949807979072048 2.27995028222194395795
1.05145099880800030334 4.61700103779716819474 3.34818303862530264325 1.35554534968173090448
3.48929997076958731128 3.87675787076465017122 4.10619144513997191837 3.17508098082207190771
3.48388996134578210473 4.16640291604165113881 3.36855480307501853332 0.22591920031247436640
4.15147583394773356247 2.77899008274400838303 1.31554838643043181534 8.64565060090342107912
3.88063653984855694290 1.81533787699634441282 2.48401374527883644916 1.49454524279417189092
2.06673470713290985401 4.18260739989486207691 4.26283517749775775485 3.69399810927461658139
4.21047092094724639821 2.45379289291131241768 1.38542030972212515394 7.84915264735895235049
2.56201020118986511065 3.47828693535044219942 2.49255264788346320159 1.28389527717826990028
4.81419230454611835057 4.66904330563852365543 1.58451334480513050806 9.35317321325214479089
4.94075622192309893421 2.98286865761175334910 3.22672704705785573509 0.27350896822023962329
4.78889171233103994041 1.43490179785794058631 1.67333044865057356532 5.68717485169600234229
3.31598442096322765238 4.59528798302986452029 2.00589402191731513980 4.62056591369854974261
1.68825173683352547371 4.91812506155642203964 3.31202426361405377619 0.92687623762507431735
2.42136402720914212239 2.09342612022618590473 2.55976198699496793054 0.75283615556506999766
4.69288766732517004243 4.08336765578584781622 1.36676653838808315200 10.55018156349505531466
1.81829115492186055292 2.30249619525421422850 4.03410932314061998483 1.55309291276972905038
2.37929731570428382170 1.01658077850945538501 4.83652119579345995959 3.78099617283617517316
1.47315149245439425130 2.51333350791878951114 1.09633888159978054588 5.74464335863323416476
3.70184349544083701744 1.82538476005010430470 2.80255724115935356267 0.62421709781138812190
2.47160979101774236355 1.42497282718299933535 3.73467369968993523344 0.78419017864575746302
4.70839539517196392637 1.59960897994806794387 1.69270850393673422118 5.64051533394374882135
1.52459939596947968710 1.78253354827844967545 3.34354760414069041019 0.07708229284796042080
4.92922080305671261868 4.10804889598635902814 3.15557201263096587240 0.03826461353733989768
3.11479419400934265383 4.46272872431741696175 1.15542164012294312769 10.58653368440046094179
4.36094830252469023435 3.16616696813313458492 3.72277737790142460028 1.31561665897348856191
1.82059387724747434589 3.54046015394110158425 1.75496511484025408123 4.43117905305361681201
3.45114516289599171373 3.98822451129832566963 2.24211431808089001194 2.82401880980719965919
2.48971926476776639348 1.19773786965829254214 3.87936795734598494079 1.13182511857802037269
2.07856128968501074894 4.29329014458600610737 4.68997331548367668574 6.23793872752573275164
3.77941494024672985930 4.70558737416979866452 2.04052223122638665131 4.66728338617337445982
1.64875719823211186466 3.51327319337524590637 1.77100321895766699143 4.20475221784721142626
1.91346521677147318741 3.95493098031741485698 3.33259094325175997398 0.46658386755687075720
1.24393807874453443674 1.38410929498586598996 2.09832109647416764631 1.30698154854017412063
3.93403125167473488588 1.57967284482655578870 4.45576773425068140000 4.24824570039492588336
1.11618819117515188921 4.00977375187675200152 1.04296586123041068461 7.25702514462058623224
3.94925705734358745147 2.47714930679142586456 4.26986346172906383600 3.74764608088758599536
3.43121126326614778179 2.01419437370626575046 3.25993264080269495864 0.22437449923115160288
2.65557615701680260756 2.12247094309688932867 1.71705017261096859471 4.08607566209490169484
3.88802632765887512534 1.51903974422864518345 4.42623455840930368765 4.03512210311584240685
1.67659074446254141577 2.57847406002969492533 3.57467307193874095361 0.48059125065144314704
3.80640587767200067049 2.73697656611617556877 1.04732982718611111750 9.77034236348482565404
3.37140377263034851651 4.47593402160386943933 3.75732286698674045056 1.50492302436643576868
2.83295346627875455070 3.53603252708872206611 3.72656502474485096243 1.09144170826262687513
4.20949384889929234532 3.53515667641358177775 4.47361697795038537606 5.91992255991705196294
1.39201779627546029516 1.87932528081731753389 1.04383056728501877330 4.89818844851255708051
2.98786545044806928217 1.34666366518335189895 2.22202254204931870518 1.90272337869839658353
4.95423080500485291111 4.13860502741546820715 4.03106708848575934212 3.38906869223042050976
3.94247128775962041303 3.54588743903706271610 4.56523410752649816402 6.39192384507070343602
1.21075565766814774449 1.77313601810589904773 2.19733014365006384949 1.26567023755806373764
1.59010607506613377282 3.59945038672786044032 1.37745961899116897698 6.10887600307146705347
1.59533814821002550843 3.59279027772718961842 3.13617831369465616120 0.39999836732641114168
3.72553399387988104507 2.71695110548437845921 2.27432691483508975239 2.32614046298106380561
2.15355938006874936264 3.73240903337070628609 3.98019135596933848475 2.09536708312433850310
2.28075793051504049913 2.82413781858385481982 4.52661938516676976008 4.16736321199227788270
3.63155383668481634984 2.92062051478405937388 1.32419336140453980377 8.14218981713727707472
1.40522514169167056508 2.98429233893251533161 2.29411260907111458351 1.67870726767758249309
3.63311495213110546842 4.98243947806011711066 3.35074253570788593848 0.29175336144626307089
3.63729190238014732373 2.15325191623767375759 3.36944469613863395452 0.33806434771609872314
1.14077902295746680394 4.20776983763114742487 2.94517853833632825555 1.05095760719069275524
3.58541127537151638194 2.30040006885970438333 1.62614381649310901778 5.56806735425335386225
3.99066655999510411235 3.47294760656837198098 3.51314402204357190129 0.52602895802331683939
4.53764437437856926749 1.17339416656871620148 3.43808038878159694107 1.29744365734636257770
3.85927260348721690164 1.69548146945462185897 3.47455696703370886524 0.71975129269666737741
3.45538741395175508231 2.60995424064224312843 1.24986623083134906764 7.95997156791580540158
1.92122118201776226343 4.57432829828022491370 2.99537572095154436269 0.62980377821649558001
3.81529050970997296588 4.62198782001551933263 2.63793918106211622288 1.08155124088905818525
1.87667432698163594296 1.67114537099210158644 4.05543949943143466896 1.38479033624145220216
1.77540336119061326059 3.63631155104930492428 3.50804093091397195536 0.66740983861435232427
3.65256299036537468439 1.58755455830045555388 4.41294814298566695498 3.81944317643677111462
1.15672989133118564453 1.82558756007064859617 4.19794361312733599334 1.55224387855927936641
4.82959332525349083198 3.70119763441559745942 3.64965066248950931183 1.14300633756038916289
2.01949691018974908374 1.64336172573333794134 2.57434273488289866449 0.59000119776035120367
2.60777731118813926869 1.58797514224584057629 3.86523117903253066174 1.14573941850392335695
2.20675852524640525587 2.08868307047486911898 1.06630745607456489665 6.37090188492041953339
4.32456791971798892860 3.24001385848890333108 1.68190694349662317464 6.73447037706891826758
2.83792446961152666773 4.33118340401596491063 1.24752779433736415982 9.39655015481276834066
2.55840334437421024205 2.98950009082033396624 4.64753606180573619611 5.18944497270391646992
4.93581587918991715469 2.06049291765429565260 1.60511965811298962237 6.77743226921029773280
4.32392887132365544289 2.95256667317068943746 4.71997171428365103196 7.33068200414094750528
2.16091905456649646666 1.52625277763966016309 3.53906089384656974417 0.33817988215543293151
1.64268847201474033071 1.67649804845519279084 3.39313428093114266559 0.10462202455121172306
3.16895799818096657319 1.35169185862983853852 4.11379853187097488387 2.18824207296947292889
4.90162493768414719852 3.20341836517131328677 1.72247179817856599371 6.90759782217159035156
2.96629507432368999531 1.92731919749262692321 2.54367779234961144397 0.94119756869017789924
3.08313269941707623900 4.11322621968123591785 1.37743014532620300372 8.56499545312279053633
2.60717968419909063016 3.71235376044669740381 4.17039920965848232015 3.10989191081780358417
3.66078951240438499326 1.57528131924365011329 2.28665963816480211079 2.08412778510723750713
4.63942304655502546495 3.29530887303996689042 4.78356764621669583448 8.49088341623889064635
3.90411794273655798904 1.31754760836567941240 2.99053094288745668905 0.73730591067158890439
3.92061337576363611035 1.83610719696087310027 3.40880770750352590781 0.58109617723280315715
1.04651657840435996505 3.99752116282454394991 3.00685408453553471020 0.99040633632170571587
2.97058079298865607143 3.47137818050010960036 4.81784101205352044417 7.11796628876996351210
3.46283209813830294976 1.83369310491779513583 3.27415636882894478532 0.30099198399378490620
1.23452041473076512546 2.37302500911859759469 4.35822902106655085674 2.42037624525215289140
4.66618010250746984013 2.60286754735225045465 4.66086099384213881081 6.91005318750771735381
3.21933353129594967967 2.42056797045758331777 4.25750100550320897952 3.18692265698055265943
1.48317315289763840269 1.81962155674644066039 3.21410017370620426647 0.02581432796584381961
3.43553366876539456598 2.98697250708437600508 1.56147280182324799114 6.48223948284111983753
4.29124821487816632271 2.28240642681752969878 2.27395576493086393199 2.52626715285720582216
1.63504140112453510980 3.93409255637839905262 2.05745134006941032823 3.19689787862432917009
3.48328231024484669121 2.37828419657685641297 4.33831377861678291197 3.75808439113787517982
3.19005759232273744530 1.28563215845370892865 4.63102844862486939803 4.14651830438783353117
4.78835741802019398961 1.77973203542806057698 4.73572262607389848910 6.70431036234514099448
2.68997585933922778167 2.44710648996247170928 3.01528957015665532992 0.04661873683305017835
1.26979257471694140236 1.88351203049265158995 1.61272383454845380513 3.02366061637562610898
1.90313540100733247229 4.18718678935162369470 3.59773075031685340974 1.02174106929165819935
1.89069968320360004554 1.39032928916732467783 3.95236813950509668913 1.04704869855976090420
1.66084744634580072642 3.70320659430198695361 3.52533008931100733108 0.76476271967335929247
1.02281788186357802672 4.63514337986179114637 2.14970809433122678200 3.27543307370169944903
4.05812946183099043651 1.12005940794312630615 2.54350084993195979521 1.65440017922227022851
2.62803964785226007450 1.04103291105548034778 3.14879961815777020817 0.36106187868291073073
1.76151472025030653157 3.54537282946372478420 4.48629699686185112739 4.18646222943423129692
1.17640938777321668596 1.60116623555177195470 2.18616994436371303578 1.19304128989902546998
1.48761951244101053859 4.36739170903281248570 4.14848136741165518515 3.13024701872034549766
1.13636877546351966473 4.48212354075904695350 1.69513490177779990731 5.05871174174550564118
4.02069214962343490782 2.55257451828059300780 1.09559644011978596367 9.50467348730042260740
2.99173870344920178610 3.18029116250259136223 2.42026620237262379831 1.53942810061022594681
2.65564515453322247396 1.91136720618648636716 4.93456290155566179578 5.55990291557912108544
3.61188811770054885031 2.59259806792979885515 1.63222668300124462704 5.82875729754742089028
3.40198761655190873299 4.86198243385559969454 3.60890672038230064800 1.00210403799156111404
4.40359768408826734998 4.92665894487241384780 1.21152075853945406791 12.60557989452767202465
4.83990084829896805019 1.27343108031795715362 3.95884022577759342454 2.71599416293160045299
3.05717073822928053772 4.48763080107392475782 1.24257566859392598602 9.93282423520938095862
4.13569340373323246496 4.93752698297807413041 2.35618641712245491249 2.68263855584421317957
3.75013159450647792781 4.76765405751431359249 1.49049532009651297670 9.19614492592226540069
3.88710654274966715960 2.92965938444977602728 3.66470576530646674485 0.97015597066390046876
2.80022142402584961474 3.52494345317469193191 2.70271085085522910774 0.63716023502925445143
3.75630625307500887189 2.02184424619949210111 4.93194651041199882968 6.97858321244847612519
1.30618183713208502184 1.10837104811588682551 1.68819821001249881220 2.13268126909683708448
2.15247257189557039680 1.07548113048515947554 3.42745210535596545043 0.30845142436424310972
3.42798172234103404321 2.03447286035256658110 4.84361727165319155830 6.15357777137255812505
3.23996292615653525004 4.74702402378886034739 1.77245884447736923306 6.41594318444389433154
4.44530550203339380744 1.63647990059111370087 3.82066779342514584172 1.88417955559157324075
3.08580072203052635516 2.66537566070889697656 2.80296291663083785295 0.34111880323981846885
1.99708614179752874662 3.41532230684193960357 1.14847572124161922957 7.55332203945649993670
4.23201871143048791168 4.75484637025957823653 2.10503030933414025938 4.41866628530214367032
4.24036003579900366844 2.20816148348378638033 4.54263061047759642008 5.41459409080150866345
2.92418108012176292121 2.77914424914516011711 3.26344895839593540643 0.04412263114998626889
3.00156072107446814101 2.92772270687396218847 3.11246270923761336746 0.00297505888331350832
3.93469699860928390223 2.12967682083360987377 4.27183880235526203251 3.59550762845480331720
2.13062107018268376279 1.95173805967627789215 1.21865590611261120912 5.48904370834019772474
1.85052444630017820515 3.97827293163736950277 3.00655661663330597833 0.45163709419551789637
2.19893300390922696863 4.43345884394746114765 2.06776348092660233746 3.65518674888408723334
2.26124282730642178763 3.95173223403301054901 3.17329740441690910657 0.23740915849819366201
4.46349413018375607010 3.55928376204126584170 1.34858832965449382257 9.77960323545665133338
1.90814405500560235751 2.02498914669425156276 3.82589356372213984514 0.88684622780314015245
1.44526110907014482265 4.79134107740263814890 2.62553175915818526320 1.65902185517996780817
3.63446955220703715739 1.62925985655798966079 3.87986730557353531879 1.66407586465755708005
3.81320337956751487241 3.50814100076090795710 2.17473502799229256865 3.16724548657776949767
1.25857972531620632139 1.14429150210586172420 4.05391841133791430707 0.93419942900572139344
3.47523617172811594145 2.77665994143076000356 4.45913669423177161377 4.69526916941925431814
3.97801149606270509906 4.73877486441315554089 3.28078149784632344677 0.11724109616975297854
4.41146412547865551801 3.07138380889689122100 1.32590600809989300757 9.26773382846989690620
1.09271779927284606870 3.11084834480348826347 4.19043491387734512443 2.36510738890267413481
2.00014615739429801877 4.36869409304304312514 3.06289347829795088884 0.47510837759324875407
2.71685068613340563459 1.53102635930370301054 1.60962524549941132790 4.08953349583255842958
3.66676123601808567898 3.55663029678462860872 4.33020173430869803610 4.52973502161205487937
1.27437025137668014096 2.93153171570366932741 4.31468537539237306788 2.70871834461034088903
3.14666887359166658200 4.94981089016744757458 2.16013075157833078777 3.70941046662431617165
4.97685684572928099811 1.52898143370640982042 1.71397000951553746262 5.71863460734712347744
3.17143347979631373690 1.82286038945731387884 1.80771970607607057602 3.86561141868179847236
3.54052665770763175246 1.26459791378022234909 2.11206568445421938307 2.62472287098366141578
3.70927491387609364892 2.95662348283046361175 2.31485023490914221256 2.18011567506174674946
4.62875789459747721821 4.02162618678617089785 4.68440992394898714224 8.40898285146280066726
2.00599272492507196830 3.18400991727845283918 4.78443272975292632765 5.55383593209826820214
1.44837390938792909267 3.90869263364815999751 3.50441359831943843872 0.90818376860272920226
1.21294105371071658794 3.36522148858765479673 2.15855167279978532591 2.33761650128792464187
2.60309280922601571362 2.21572519355717556522 3.31542745617088607801 0.08798540798274512298
4.26812594827378788409 2.71846014360293208867 1.67549731867814477582 6.27460719348785733729
3.15288003913398329203 3.23009702182189784025 1.15066654479699170821 8.98626854527989493704
3.50589502318559098626 4.45253826707220667913 3.25314383942728158061 0.10561498105949240767
4.93660691481002622538 4.37769024504699189038 1.78671870614087291429 7.32231917830034628736
1.72993103023953942454 2.00091197310471802240 1.83665952939644849806 2.75318202576907067325
1.97154504314711465085 1.99265826242977217575 4.51342307159914213344 3.18066685498372159202
1.70241783328085638516 1.80694486418497124447 3.94973208661536734354 1.08601330599546752609
4.18820094615700178053 1.53428197615270667242 3.37614155011931416084 0.79143507989092665156
3.36956955215878828369 1.80077965755338187392 4.97707763567641237046 6.45919159542361231985
1.20874064084893539928 2.63669567285796402345 3.65800224851492306044 0.74055584640853622247
1.54914780664583773273 2.74716056024438914918 2.21466949858146477936 1.81954190176459107420
1.65650359398828683766 4.24684332896973515403 3.74602877518391519374 1.53853474437942860931
1.18106811679037049245 1.75580188444448559437 1.27911650595802495189 3.76507140577563514938
4.80807238652837032333 2.69167154294686516991 3.24158646639346326168 0.34075494286767149532
3.31658774879392792556 3.94893137196909371767 4.69807722383202097660 7.16193488908388076197
3.05777995909480049264 3.85887777273559740010 2.45799108947907107847 1.59024139148219667561
3.15489419658525038770 4.58311496967693621230 3.72036834351065248683 1.37156081693653320031
2.27771543616761684703 2.27612218221808815244 4.23758919755029062060 2.47200358082841598062
2.15716445769554931999 4.27293686224256141770 2.04070008328424723487 3.68067721528418312360
2.84991640835468285076 1.91127598463947068197 3.91009662233206789494 1.40530611822148676637
4.72177009360182964315 2.13141070588102143901 3.80486355244225871175 1.85361147752414101575
4.12743336798590476633 1.68810105384783915028 4.04146006557644721369 2.53337422264027622987
3.44566518232814722467 4.85858067795544279477 3.96319217580838012438 2.73109521765992724340
4.93808104423029625707 2.44130559440231653667 1.60430856282021627734 7.14671562169363738803
3.06317113424144649159 2.37313397009498538992 1.39901838958241286903 6.35804035516393994953
1.40112351243274169121 3.99270239480897348727 1.90043810872397589407 3.86256251203594924704
2.13150788812000735462 1.27391457118529904946 3.43154260081957529493 0.24732041535986315495
3.60148071376332756799 1.41266156327330616449 3.41506064528889874410 0.67060285908752437223
4.73866770040994289559 2.30542820292356864798 3.87830790735117281187 2.14783884234525235257
4.50691995561806990622 3.05925998114493724600 3.15991600747537049187 0.14103046376151695540
4.85500942978316096799 3.19398959622180678153 3.66528406824373664818 1.22876646116329002467
1.42931396643223163068 4.44835974726863092599 3.99528108472656340311 2.56333909172371043894
3.38810599234600351437 3.82865086275401500515 3.44419112740341182288 0.34073823928231394831
3.29836037216368804792 3.15846670876312973775 1.31176635870687441354 8.11030993039843828285
4.01631722719466566218 2.63347400934595077260 4.54142309482689476852 5.54316688387846401298
2.99513943490537748460 2.01367843198045726183 1.78706745747155393289 3.95481625063000041820
3.77411485432087179248 2.91186597571353367186 3.01364366825015039808 0.11002941726451176407
3.19809499787189288611 2.16768610360631441836 4.34623718048782414769 3.48045186226927505402
1.77795027974131514270 3.15559444129436306170 3.58218578504152551645 0.64866713209748105839
3.45087211019591233452 2.60586625821852635454 2.18563815850389397966 2.59720262471634288914
1.39058802037092199555 3.57010088410754278243 3.18614357979705031809 0.50886119236553106759
4.53684432857235009351 2.66633927195031539270 1.50184061678238611748 7.68246508179557618945
4.49812157810335389030 3.49691549803912682393 4.06844064490026458003 3.23293982843819005524
1.67423013509877049998 2.56465339591657359719 3.29005146221327260392 0.14016307172858688546
1.67377079921958671349 2.46307235137460933672 2.04927122330680244744 2.26712432647161232779
3.69512897349319446860 4.43120954514675879921 4.33221170861547122399 5.12317178395804262436
3.27848620874791407687 3.07749229274992419647 4.38725406575408527488 4.32666153990590185430
3.53645894762687307278 4.06050014612969700778 2.94109339088828658504 0.16992117526023253760
2.55930497888633734505 1.24170664826792842561 2.47910160619066166632 0.98987760879899200361
4.36047723315995661153 2.11826954726802663131 2.65766405241213510280 1.09832606066992521932
4.38207486354479236468 3.59718366940107081575 3.10248775737388760021 0.04476786045260716662
1.92462756726087480530 2.05760146499378882012 3.39838078083005346031 0.13272241760290981460
4.39137393123188957134 4.57910118637832574962 3.99476578376267488224 3.07281917014131344956
1.48502458888950705784 3.55245628614296427017 1.73061912825772523661 4.30642686490638215702
2.05435089152674121848 3.80827287982489082196 4.51382917472244216128 4.75914198670682431214
3.76190695408060582494 2.25246958301906330391 2.83318032520366314131 0.46718898843513123609
1.46802855778204666137 1.65698964112278357419 1.52663098560077381549 3.26273836492877666871
4.05460466142900699538 4.62802183167316805168 2.32546727192230040515 2.74758740791382649604
2.72843617509779967634 4.62537153435579995175 4.01500119495077001375 2.79089266564844429297
2.67320982473953838721 1.67540020945055934121 1.77248791404347549872 3.50070912047794013944
3.48538408168714619606 2.47676464902076221009 3.90555590166511690242 1.71893402362800529204
1.09363779635728075590 1.03798618410581511284 1.46419159089741590662 2.35835770879072281758
1.17569674557235526180 3.31922910190042363965 1.14524363991856192868 6.12595399631415560293
2.50913308340643048666 4.80362084394378552332 3.75946460002890692209 1.65304534193480634485
2.84160571428259656201 2.57154721601261115893 4.59839334412827405174 4.79817948241833303058
2.29421747545031751159 2.96077560407930739927 1.95574030077162674957 3.29764386472794512883
3.15664276618662809071 1.92567855161636369843 1.30728178985855070238 6.36672420946715522660
4.00952596513139170042 2.71605082611417314453 1.75598915755614681800 5.51027446826424682769
3.35911887517531448921 2.89310853613003704510 2.08084166672563863898 3.20827554855716368110
3.49310592215995407983 2.84872511345386314474 3.54159736571015981710 0.53086053413142142432
4.50580525900301864795 3.82391918272902087139 1.46166302354183308410 9.23392638263636555962
3.72589724077113348955 2.27304410944803514383 4.15786641570623771713 2.93430714664466307795
2.87333399899580710368 3.91783369770903666662 4.18951610911436489459 3.44020528264041747235
3.46064091938619355915 4.52036536705788272172 4.22202504000047085242 4.25565660016366997809
2.93211574387504203543 4.01883257387559922336 3.87459003264161649938 1.84871915000754505343
3.89528625982625120727 1.10758742642391494471 3.40339546960900873884 0.99021636551520320069
1.57070688206349240446 3.61057079143693604451 2.40003766982284671982 1.66907217508338767686
2.77824449913956161851 4.42323682740511792133 3.05658589043621242709 0.21571118323322568955
4.73077242828084365556 3.23702687164620162008 4.33688638016196748026 5.09749697982482707914
4.02488346751851544525 3.71930414749568694077 3.67933712517824051957 1.09814711948008270070
3.59120463571833736793 3.78510293024995547739 1.04933908414498944239 11.04950291697791442402
1.13101766379739965274 3.17172734216247498296 1.71851338186362267990 3.74522212595784820266
3.62094362756552712312 2.45370487594525821251 4.05651521987504537492 2.43904550085717142238
2.03382236448480746560 2.01909146415590656787 3.99563766966371813893 1.39041501370041231667
1.85762910516992540977 1.88057879543027262059 1.03122855343281294438 5.65873290832355291258
1.80655160039315498821 3.89713769074019644734 3.50529752755082446569 0.74408543605677657240
1.74789609402469370281 4.99655460026154685238 3.18812689138277693957 0.84036391394867226978
4.43180994834039054808 2.89900672876681309020 3.63982568402172956823 1.03355847144275792004
3.94845398506438405306 1.44284666581646980887 1.68554368029167456200 4.84473437734256684450
4.09064400042662779100 3.09196463010870115085 4.65594281096433526557 6.78132917570819859776
1.90655095430048504568 3.56636878004142099385 2.70793480591058655094 0.74050530669799474737
3.55654855698875493886 3.58417128938622431278 2.28814551992413228731 2.44652096337221447442
3.44126682482189405476 4.59304353988071323300 2.15888083978686706743 3.62316748877255001560
2.20034977554836119751 2.89211561937612549045 3.16455524917176589383 0.04853395018151385187
4.95666203062067012297 2.72179251845804870413 3.36576795330505618153 0.51624749874280517759
4.60759599105637107641 1.81547813603227981005 1.18407907069353468543 8.60468338363842555339
1.74521418899987512674 1.25384336211739633171 2.37006987409507363651 0.87823584115829689267
2.18170547563493011367 3.85836883294837784675 2.07286366998872129130 3.24759128599660051862
3.24065775850598836172 1.88919079392093447467 3.37359585360059766046 0.31380892243645064354
1.61794407163511655412 4.33849449394499231403 4.18705246863987845529 3.29904536010671201041
4.22167939588386520455 2.02131823097470064710 2.32306181832793967601 2.25092913961784679699
2.12952939000907193190 3.43885692080254878888 1.83411006720897606925 4.15967445670700897153
2.43861950509037805901 1.19811751828813539689 2.11013467406076848931 1.88103828164365816100
4.76510647477796922544 3.58882712406569481800 1.62994518312541281091 7.86501601639205460970
3.56814492366108648724 1.44904163476800418309 1.76683868304472468935 4.13134476365152103483
4.73982442490389388468 3.36815374401704481500 3.61730323738650749732 1.00414145988827918643
4.59601658665921419811 1.88638504100199977387 4.74438222029430001214 6.67077525173119667556
1.40057803332753660897 2.16733279280344515172 2.05957085705283393651 1.93176130161915327044
3.83160088345602334314 1.75183702415464370716 4.63737871078594743324 5.19512630637641326103
4.87078864343022033268 1.30858343382586950199 2.72487170674261891534 1.56219443006613012415
3.53866670619722789581 4.69309206753636409815 1.95405773793259029958 5.18393603536623182038
2.06803329352708686883 1.88923799279986770472 4.08826611944419404665 1.64706006220724221478
4.19736775358762415067 3.33987177677451718694 3.96387935464009544262 2.44109361113887679551
3.45170657194409002955 2.88626603129102132783 2.06312762384627079726 3.35407583016200216974
1.23532108291621911533 3.51431155464588806936 2.01175115627977385557 2.97107610906025376707
3.71774241466419841373 2.11560831955424166750 3.57788917055678590273 0.74976400565365075579
4.62763480309401220580 2.29807737882280083141 3.00139077405938836662 0.46754278606551924469
3.61432788707404561990 2.38074481332913112652 4.06180275182104466580 2.44183666301526702824
1.96236066014362231513 2.34992167929476547528 2.75940357908012190435 0.32732128423165907094
3.58737470058983953791 3.96456769815756082664 4.35301578550062640005 4.89933323165433520785
2.50136508209093388899 4.82554497216497146894 2.91936859063651299451 0.54926561006077356808
2.69182919828051359090 3.44338650485036312787 4.47975746772038085908 4.73146193018688876464
3.97457909735510472871 4.64031694158514707027 2.68251007774302019371 0.91508583915535890441
