4.57281947719812453812 1.19383387932793039177 2.16435420581103965532 3.54468615916987195291
5.51227111666907987342 1.45920345936245787755 2.54625734724351993066 3.57041978394929104823
5.56636892051120657499 1.28995764807107038408 2.28151631847913360929 4.08956134461191123108
4.94794626070675125362 1.44681514042197933989 2.55198799688563937593 3.19063995819078094485
5.84990658929121654097 1.05402003579016190216 3.84685002763577221785 5.48967765767445126102
4.63366855150749756831 1.94315809194306754470 3.71732799778834710480 2.22982535706507523088
4.22466248646189335147 1.41183212811227720707 2.03670509638060392987 2.56412725324203938371
5.78150289810837847426 1.85370774235207957936 2.01245013969365960094 2.70008944652351212667
5.67157278829703770384 1.26312114319787482941 3.68007198566655802097 4.40822697137449992510
5.06405750981292435142 1.73809146370023737127 3.44181138910544071052 2.76690383884220469923
4.04943020759078642357 1.09174411761420619982 3.38251948581018879736 3.59097335805793038688
5.73549478712276883385 1.08323524034067553146 2.28681493960629467210 5.11345614660523573036
4.59565580525317152194 1.11523271459975781283 3.32697998709122266803 4.01115546918509480179
5.92696101077076509256 1.19468591309586935623 3.38630289193568190242 4.87358797256111220264
5.00151177947208136487 1.66616246939153578310 2.91178050531509935439 2.80121674733840775318
5.43869116190449375381 1.78384479844709775698 3.91527073887324528201 2.94137782618230358977
4.50033752065751357918 1.58766760211579316397 3.38564877434586719573 2.67837627630723362770
5.28709168590303413282 1.11904167427606515695 2.00424700968294811076 4.45706842116819945687
4.40306098785459454348 1.71313710406861874347 2.71167122492647738596 2.29424713625050991084
5.25054417406292017745 1.11040875197756472303 3.56236847205999529464 4.64551324632732232089
4.41690579790888371292 1.68318298804333377205 3.45909109051188057293 2.46196121345245488854
4.44739550916364834166 1.86903040691775279569 3.14267256760739677190 2.15935251213509982193
4.94489919208020900498 1.40333710110964915430 3.19727838216570070529 3.38390187999193825519
5.30853141571758424533 1.54749436455457090034 2.85049063279560943585 3.24853781136174379895
5.04386292204524799843 1.05144723456038091669 3.20124207293303397748 4.69561197902109395130
4.23362715592384386554 1.90940282848522713266 2.05581676481147557212 1.60653956273262732424
4.57446872013743011109 1.53968362970599370598 2.34572522910306613397 2.65206031028822808437
4.87603985178428800396 1.18631851010274935732 2.21903466934318327475 3.85870903778410623275
5.76122580446139487265 1.74493493823379908214 2.73398659037511881920 3.09527389417165821328
5.49385164206746612336 1.91121329819718299703 3.50789676030417130193 2.73146465899392421051
5.14764889361040367532 1.36156170009212962313 3.06638635868727504885 3.63923036599340354869
4.04943005730905714046 1.12266755014188590600 3.13991724503276525837 3.46542598171327176360
5.44751457563855012722 1.62241658989559778270 3.04365506271802077620 3.19506713048637047692
4.41830636076766758435 1.93932138697553169138 3.30356083156351321151 2.07031094312436492189
4.36505031663896936323 1.68561270013201092155 2.52042672938245715386 2.26987796688362752917
5.64302012621805282322 1.97685370107155322650 2.74902074566692267155 2.61580429899343203104
4.99838686313369517933 1.15860736247139195498 3.41683378906363310890 4.21501695409612331389
5.32355817794775099117 1.25378133811418956967 3.29646486328796939347 4.13766710610534360626
5.31912329917889259434 1.03038587863613084750 3.89278551185491306086 5.09879071301197761557
5.28109545133468927247 1.04530232080794882599 3.67101788672398088309 4.97921133856396913586
4.94507129286950952718 1.90433108548133445126 2.06537317110480689308 2.10462171756871141426
5.84703922390781816176 1.43672301177000649730 3.85028884319453723606 3.98707261811941116036
5.48602148946244927430 1.22024915251370602576 3.86313622736469408636 4.42165943812733974738
5.90276103988429490244 1.61226856792445860656 2.97743629958397715285 3.50581385033562753506
5.71845243606879449771 1.17989685761700524580 3.97505337650483614453 4.78169650491722109109
5.99543267905694676756 1.72423971924722518878 3.24978903078855552167 3.34006291743597927280
5.68645607468580127630 1.58527270635701800217 3.67722300232121046548 3.48382692286219564082
5.03892988910962280613 1.07030533230208080298 2.59433406370476982161 4.54953671941823944991
5.91571658815776757478 1.61108068593841213811 2.57201231014103193218 3.46278117475053948127
5.42357473892038566277 1.80782950535606490305 2.11348775378572728556 2.60590757277705842299
5.07430323208949918268 1.35268393503552686319 2.00747169026554361793 3.40926274234310566769
4.15407776699022335265 1.00857924810239563129 2.09887027872543363571 3.83713704843498337738
4.43614508126690676448 1.90725786325671586852 2.41391386998253132390 1.92773588966378084386
5.86507806984451907084 1.41831695377180366791 2.00195474140451645795 3.82591266769623228328
5.51587679526384810913 1.56389548428343228004 3.45861317662476253076 3.40803875411710954779
4.63057136311164008191 1.13175651102779450952 2.21681937585565869142 3.83822202358756703333
4.90886490472678094221 1.52953594351915334038 3.68034437645330703148 3.09378011823437359951
5.01276646575607287559 1.20196879703656400729 3.11996355697245064675 4.04707908215446554578
4.62610483670778460663 1.49246509783874214961 2.07329286934122736241 2.70402197010756895068
4.17055990892797012748 1.88115281968132830315 2.88846275735751945035 1.93190151840926183091
5.57058109429214987074 1.78977148480111147855 3.00498915127538346326 2.93161806305054506439
5.52191013036396505242 1.97592377870199653600 3.65764695647213899932 2.65933131359543040162
4.99988176389410732270 1.15484909019902604044 2.50043677273725828414 4.14315157423806468273
5.40245119439708165743 1.90442024624865213767 2.04324790222660457317 2.38397875001058068278
4.65590457466408658149 1.82743262988872023911 3.22728242361789829928 2.35448600618880554691
5.43476282368303653669 1.48597332326500763955 2.66731025392482390401 3.46253578694165797813
4.21432198733894303189 1.47232834999011497068 2.69040977087806076895 2.61333783366038430174
4.15534283304838503170 1.74351901351139360052 3.93839385592835444783 2.24585345998107577259
5.35565198971574396580 1.55180737058394857542 3.78180424626299638291 3.34976713497974465383
4.16087701075292848429 1.61851969134099382686 3.05997880536072841551 2.35688691249457527022
4.67246024947402993632 1.28830676376023078866 2.78857550281158550476 3.44740900790319892977
4.71388075759049929303 1.71176960171240422071 2.75988622460332599928 2.50753002881912712141
5.34513661185634969542 1.54966957113834435944 2.40896358673205179812 3.19316583337604686932
5.63771457409707643649 1.06986989008123933864 2.29274214700717759996 5.08826457365468876048
4.09381973113863395497 1.62719816349433399338 2.82039898065964322882 2.25585240788857399608
5.34136680563556254242 1.20317339053621497058 3.77110541171452062770 4.36053428291974309872
4.51644069759825406152 1.91393822387311995925 2.01800080590807828784 1.77338750312468285131
5.48634056543272130568 1.39217126443776217926 3.17721240481203093253 3.81478817927248403663
5.23427718793473051306 1.30060807132752076498 2.53973808324065553066 3.82966959703088516420
4.65189571163969350920 1.82347017072124817361 3.98107737392729088555 2.42600446247751300177
4.50114711132683353867 1.68264659263698690417 3.92783873926229709639 2.55266837502150067962
5.93831644401137026534 1.50738897621878797928 3.47745797380653165476 3.83448526476365891824
5.83164650734502298945 1.79903597496179523674 3.40805504929656333246 3.10770632269755298083
5.77928573726996042126 1.90394835130582196214 3.53952328836542218227 2.90275629226363207636
5.71708226751480630412 1.00437162040633287674 2.16643488334348788271 5.50438632506403369149
5.77517135912029999645 1.71002757746657985116 3.77754045782792813313 3.27323986278449785559
5.49588584480267261512 1.44005828536312185939 3.41939769249975356047 3.70419321326811612494
5.71962413615201015205 1.18978867808142751983 2.66992747057113444242 4.66103300049020230489
4.99109818941310301454 1.69788234484058864204 2.36330131474706783834 2.62186149096500598077
4.76706003939435163375 1.87297365839742435689 3.05872544195575102322 2.32874140735744106223
4.83857936696866008930 1.48973200525973292763 2.22776014630456220544 2.92583786471547391272
5.33354544204272063013 1.41897149761980911897 3.99376296945032560615 3.67550685970594059881
4.67272181298632105495 1.64654286360424961799 3.00517151189836573266 2.63833607218816723616
5.83696768502792284750 1.44689375319764845784 2.46894382088318131707 3.82820428371722343286
4.26925035847308542714 1.36598070546178185225 2.82148218010392515254 2.92034398768080283304
5.05286410213547032555 1.77020913166447391163 2.92402493260011819842 2.64446249527646060073
4.46246418887950202503 1.11487873514580071443 2.53995058608639068254 3.80674645332128358532
5.86363684905696125327 1.30109791966568977273 3.35042123201815300604 4.40805757640953643772
4.69621897230734397510 1.44419777045954145223 2.54786687141382106603 3.00894311708938522187
5.81013308968781050368 1.28920414841693498076 2.28374125284503382005 4.29167938734621401409
5.08830305052695575085 1.32590718642093374768 3.31169600413377285264 3.71850423509596161864
5.25706610858516221185 1.42787986000483391180 3.89925249072004476147 3.59249042338036872479
4.74150577022656705140 1.30553468423733365356 3.53216430692158622762 3.52125784628613569538
4.71403818559377896236 1.65127156978273448296 2.59746042078058092528 2.58592052127100835435
5.77696843292460471275 1.35919505024651976477 2.95708507503912798597 4.11536783141363482486
4.64316631877477714596 1.81243344867756528416 3.29784540063328046600 2.37813896272614044847
5.13188928206654537689 1.34154661895772742142 3.20862633569963406899 3.69792806141530405739
5.98438705441030371901 1.46043327254472354859 2.25873458247507130636 3.85440944539206231667
4.77896628474209972381 1.32533198027973986299 2.18422631220731755519 3.30658718443578747426
4.87060670648000293426 1.56963912201147204328 2.81439382242447067028 2.89527890729043457796
4.81360197271388567941 1.37078409462139116926 3.32032304885010542961 3.38169673056094755026
4.31619516992663498911 1.33202645188035861956 3.06540412545601492766 3.07398161723853258209
5.18066523579998428062 1.13080723911865610454 3.91755691580755449621 4.51065604163184996622
4.12859052002013093841 1.86008985414079353049 3.28826514214871457042 2.00341939787777656434
4.68771720446205986121 1.14733498732199223902 2.84860999678688742165 3.93408498439426290716
5.73655766514471920914 1.94466060549573471761 2.95289128890844221331 2.75136849245466663660
5.46702513192110384210 1.43823150312833281106 2.74509687667138102540 3.62484300924839830671
5.30601025601160003475 1.92779262188283473378 2.61243544560274987276 2.47577053004424296745
4.35714305911418975370 1.18042148557072312798 3.66554256001088951678 3.59029589918745628552
4.27188062052625916465 1.08082679503881928795 3.01615857383543284342 3.81270423981754191800
5.73806287451668328714 1.73481794718882786910 3.94706456268101213425 3.21039421268363867057
5.95235191073293457009 1.73697617019565964114 3.41951701995502688192 3.30139784422438342659
4.40687110442857132853 1.14659719139428650792 3.82950827869078835874 3.75486220493701328138
4.44955134421346620854 1.99661825635143674873 2.15001155586883019311 1.68264910835770642450
4.54462714725813743399 1.23381192002522421802 2.84986176187963646811 3.51457665432208576917
4.31363518508055143741 1.06556171134212274154 2.47729870014074649021 3.84446707972815504561
5.22717401952277072041 1.24171662377940172917 2.00559721002458424266 3.90734952339712471314
4.67082630341503701743 1.03117224147527886124 2.02060511473693393825 4.25443200123806963830
5.34936608420748349602 1.77515341496684575517 3.44769761370057281624 2.87239806863277413740
5.01245761278751622569 1.15723720032474730601 3.68966528721505904187 4.24688701854193872975
4.16297846840196683615 1.92352883064024160475 2.52580426857599027457 1.77112957305790219564
5.09313693735074402014 1.45563106473100400962 2.60337970224640269379 3.28423966847187731588
5.61674387029433130891 1.79857119505297324835 3.34284039242013797377 2.97812630237985320747
4.65114089649942741289 1.74982245428204530313 2.01856964155720941534 2.15478399548620691561
5.62586447059736105558 1.04835199017806846022 3.45578857634177749603 5.28882793699700837209
4.35613038928319618037 1.37869646222873232233 2.81845185573192624773 2.95645533555746986565
4.86141577252664092157 1.55691375972692558349 3.98788443577969209386 3.02145856959346570392
5.56425467589441158367 1.52319553254771067330 3.66907842993392119268 3.55124958042782346013
5.01877590904449633058 1.36974063776476961962 3.30946266164345370697 3.53892904443524214386
4.13849156207635449078 1.43423830225579518327 2.96614696398461319404 2.68408281873411969087
4.30429327679220730118 1.89502668729670409320 2.01703790929340831539 1.65323816654308042295
5.12292450109024688487 1.59167106821027193320 3.53356822533821546273 3.09335185080690688864
5.00861190993913307778 1.11870148224639498480 2.28688193394010585990 4.26120140141263625821
5.33236149444825091592 1.16238166194685188515 3.64289590271855390213 4.50565573813976083528
5.84417475892952076322 1.15977999360997729994 2.03252405250980316964 4.79612663727984944728
4.07599940539323579713 1.18507976311684481985 3.97981583499175872731 3.34761985608232448541
4.90814771924118353752 1.71865177487711839888 3.52094753733663390349 2.71284773498532283398
4.76177165697954762891 1.66722660023822388808 3.67578278921501189203 2.72522675368410416397
4.34226383347817979086 1.36832723761592700562 3.55586217183119757124 3.04794468833102794036
5.41677369967329447320 1.35108277200941540030 2.65870396331482217178 3.83112524832918044382
5.20805791939732465323 1.49429639462234842284 3.91100147824977550925 3.39146138229950722121
5.19277232700648472274 1.52447081092616398834 2.71073851183575786905 3.20305855300507236194
5.21367404515565624479 1.73790861539777852229 2.99175130059654748038 2.81018558338833868149
5.77829897830462613229 1.05815042170864836990 3.66030275776636404572 5.39288186471862562854
4.38228290404564901905 1.22221613737707968106 2.16632727381416279044 3.27916278783122949747
4.16105437581531223401 1.54842318514058741030 3.69267885188009037378 2.54905939056670138854
4.39558491255928007746 1.46866295872047314397 3.10413420538465345544 2.81660543773414984159
5.34837639631228878301 1.56293983574538675185 3.71973529323937768254 3.31613661297446959964
4.40078893470081844441 1.90538317178389471351 2.54659463721912526779 1.95260194479578563787
5.47365370756299896016 1.33987846347469075070 3.63261150455436965245 3.99259552524648686500
4.97277598566166290084 1.95577758773813181747 2.84625258021543814380 2.29053703991604917789
4.99870690687701735300 1.75998436780404654556 2.91230828592659563014 2.62737066624789550318
4.53772533259441601672 1.05774281137955705745 3.46879956709651526836 4.19331964064736251174
4.57891087849748412708 1.99425307621557523774 2.39798156113876892448 1.88560359356086837401
4.76595816573354458257 1.52527895768308252578 3.38369262903891421246 2.98352091818260944933
4.93288350524475482928 1.79086598334904145702 3.86324235770241797283 2.63169137115543794181
4.07926606553851822667 1.82020536008718281096 2.19028151051551134287 1.72198374348660432354
5.64160756717684552797 1.17305394945619978486 2.99732624488959764619 4.69373070393902480646
4.32243638272827990221 1.09070397433565613454 3.04728439804950301806 3.82653159904610085107
4.92496902761448218655 1.07351581490209069258 3.36922182381785795258 4.49194322387943856256
5.81036249620620193213 1.24794953327494040352 3.66895393230341371194 4.57651315771901057161
4.64577704346606257246 1.71154243256289850805 3.07357524247389690686 2.51457971772627297824
4.53082949570308457510 1.76576946377621446516 2.73038911395970451679 2.29348590275059249777
5.02170302768313536745 1.81049946667880923279 3.55604293749216804343 2.62919787030065910116
4.96405189364720467182 1.44724198085057409457 2.32184340577820336193 3.15185436764612614269
4.53665288446824988000 1.10811958897756790421 2.65542124788336231234 3.91934000455871256463
5.22623454897100803151 1.21914421073774503768 2.35052167216048513154 4.07312352892458129361
4.36811292770031656119 1.54547517079911966853 2.98197313653671969291 2.62269883969987516181
4.39700761141220031192 1.13402058613739309401 2.67922147003349131467 3.69580777048326236667
4.15984542363557352473 1.02799011102799120465 3.40148863526810973923 3.93977083951430850917
4.22374057796955160171 1.91266727858091734049 3.48943795312811966269 2.01643650980685729124
4.78082082098733351927 1.41153752234181295577 2.97644832561880878785 3.21829935845244685666
5.62724701401601556938 1.87592929209869563323 3.89513586620134866223 2.88924892709667391344
4.10201754520281802741 1.91544179754425281104 3.14216916234117515927 1.89383483773697025576
4.43374698762787389228 1.40453217156639409424 2.77678025370610459532 2.94703341705577726017
5.02076479357928029401 1.62678267570413837007 2.29407294330772160151 2.76585996333734751573
4.77767427350053974777 1.40577778078222981328 2.43519128580809596230 3.14422713766659578383
4.77964256526890540755 1.79748734832453682664 2.06809563261488849051 2.18244306470915772067
4.77861685051651718936 1.18972245282557675949 2.22218011657365011047 3.75955502627158200113
4.26628108234837810642 1.75053317937372110435 2.72905604478588248440 2.14812344092110096838
4.13005763738467202018 1.95511746595918478597 3.37702023254068484093 1.89656233255975847918
4.49885697108565274505 1.97015697456513860786 2.96756790305324003043 2.02327879263016852107
5.93990883825995474865 1.52264010545340400249 3.79332194371700737179 3.81213349767680176328
4.90122293126094277227 1.59230337496892326854 3.26077755101994437581 2.92340342410196774026
4.66038324490900990327 1.47620606366175799451 2.85399117898179977004 2.95887710448215202064
4.89864322757751047277 1.89000529706508757499 3.76391472842330943038 2.45379665436601390738
5.23643924734474364158 1.31669912915064912795 2.20123125303607380943 3.71203353830802607050
5.18627143689476977073 1.19094233647361869011 3.01042864747907268352 4.22787432926616180140
5.16578522554771879527 1.53500853586644248061 3.69127290069170888032 3.25591582858584072113
4.51065780736494748027 1.56402127918869626733 3.85961438839585380123 2.76676556052113875595
5.40894480915886877170 1.23721754501179193042 3.03454943703277946199 4.24751532909585982623
5.68007166056932000231 1.90982204942626410116 2.09813686378563701851 2.56972888681621158824
5.73775542770328161879 1.54432182539761897466 2.90297559723270381937 3.55428753699273025646
5.61433600708054214579 1.06089605998855773805 2.38756539367318820766 5.12587900789779649102
4.75944226911341417008 1.27400449801551252094 3.98034907564000128843 3.65148476101615759859
5.51095721492720969081 1.23070682695997013489 3.32339387170031974605 4.37696490885709277308
4.54893807423324858519 1.06457306935872964004 3.78694481925921788701 4.19171289363604415712
5.81547433174942529632 1.01769244858470631065 2.30652660829289413158 5.54967508626280459083
5.10469632988054566880 1.29809402476910706881 3.73651051716844495587 3.84152145179667448005
4.53111160235696264209 1.18410592252933488666 3.05642249634982121620 3.68597828263524984749
4.11756451631029474214 1.07714224004892233921 2.18857513782644463873 3.54292574266982107645
5.44127774982635781242 1.41212103044559400544 3.26295464146318714427 3.73104035777013809394
4.94948307624613370592 1.20156678463312172056 2.01933635384083975950 3.81410025769032623444
4.07207041565930971672 1.50543464396421589058 2.04577982461440077699 2.22673517938612919309
5.97734186626701369249 1.27425957658255017968 3.21921706581197009100 4.58820013669868043138
4.37504113757244894600 1.12864476612907527198 3.78420080319828233684 3.78642444743604977830
5.24909829902698721327 1.37159918071064934608 2.08147473509445113393 3.51679452583523710629
5.00903371438079592082 1.60510617922277187830 2.77135297076791253801 2.90751578277839728415
4.52121539388606308307 1.97811534725854198946 3.79681156210656478578 2.13058890980564585860
5.85759085617814090341 1.03058954057947427252 3.75688843905263780698 5.62187684919355668001
5.53994360035298960554 1.54776248771979707541 3.40229540155189225104 3.45817014592089355673
5.61830165332892228491 1.88192157572044749259 2.69697414230685517111 2.74877418846765664284
5.26415892590457001887 1.34295650144632738865 2.96215793456847897858 3.77362336331522696398
4.72349739449775984923 1.49354863253679370771 2.11575642282033093977 2.79235471353551867324
5.09451184697248926625 1.98580613741611466949 3.62238463962291268317 2.41442309925298026485
4.26701833585740253341 1.19462504564986549127 2.14121766831633753014 3.25659645359475469206
5.47964582132921584900 1.55635983899546892495 3.88815480685236547487 3.42684221641304587180
5.56373206047743629199 1.55244686009301346985 3.77773540815732378206 3.48602763298231232980
5.32886245054366636253 1.31131377557077888341 3.72750017238498987382 3.97539883384917525078
5.36316450343716510929 1.30131611270859348650 3.60639426802820883822 4.02822386720519709513
5.39746335560699463940 1.89193368413521945115 3.48077548280606574593 2.70634973532309919264
4.67475022976309873002 1.22195580007740911554 2.80206695869774069507 3.65765224813135558790
5.47552025536952058360 1.56617822711048892970 3.45160026696516730738 3.37554439169704556534
5.27093772124080839347 1.27129922341649148620 2.36375113247995471966 3.92730723658070690618
5.79458698532105387358 1.14171121584330004239 3.66533850066989952410 5.00245630393999896057
5.97981023859510241181 1.09220790232808040443 3.01527765974946859728 5.37492379308288725781
5.14400568806081714968 1.38692003597965962669 3.36220287185634569838 3.58931379376186265873
4.68474041391648476917 1.40862527239873558393 3.01583980235003590309 3.15840191789929081168
5.78751314960259666265 1.11342239117915120516 2.15466677267236228488 4.98926780748562404000
4.87208850005797167171 1.20826199159891745083 3.65907709039281847652 3.93984558779916138604
4.70711611551645159324 1.18195350141814037315 3.76160283553552865499 3.89393096946987826712
5.63133647633352651951 1.76629295631495208951 2.61427103832550411511 2.95307705083781657507
5.35139878482793651671 1.08942471713452015969 2.51561936914296069290 4.75073254655292842585
4.34399211910930738156 1.73116784904912845988 2.01727475900812969201 1.96753243328302929172
5.80468906776526161195 1.84329699063618202004 3.45927047171030999095 3.01528386925959246412
5.62209909685482323027 1.42756839187426987081 3.20780179800730902429 3.81451767129813745782
4.71164214551826443511 1.09693340080772561151 3.47364640151691350667 4.19899086688198153183
4.97167242388449981405 1.01830105863609587935 2.49191626339824745529 4.71674225882600417492
5.27228893525216335547 1.17639020392193405229 3.73097057693454914329 4.40194085139203128421
4.36767413084592881489 1.66966512203785244495 3.14274906647502572099 2.41736625926752290994
5.57059325700512886215 1.55460458726509731520 3.05408077098967734031 3.43246430400101676383
5.59225430128069245228 1.12373079667919428815 2.88297281487349188467 4.85573516136147986799
4.50667147350058705513 1.32199336007686008010 2.10588503836553719850 3.06524818533490295280
4.83472649425397449363 1.19654583672911796199 3.01855438967787037541 3.90423082475352467569
5.39694852212412889969 1.29225206215516741359 2.09687972023411361988 3.89840505065722808808
4.59035009044083608387 1.01057936178033846986 3.03818984227377386631 4.42303305471562246964
4.62123444842025232759 1.12718791117266592394 2.82450356165941940390 3.94603001251228713286
4.64117826839798652827 1.85779675026908996927 3.27519193980821743395 2.30673009064795087042
5.87685109903711122570 1.72942823342948637233 2.42768245103023438958 3.14209851839323039968
4.26500127654728000692 1.88595700306084745890 3.88138661911891080791 2.11164333715537599900
4.05779508355982621026 1.38785008527609154960 3.48517822827045886669 2.78137607475775539001
5.93290174366740963308 1.21022800748754644218 2.13616947098991349918 4.67650442176020320062
5.53995231485742500865 1.43078324366486775432 2.50008911575713677067 3.66239555272701755584
4.02306420582823598409 1.32746377725239916856 3.34595507512169065834 2.88152745113876340710
5.33503401185955627994 1.27395855739816710184 3.15585757269709876738 4.06772201213711692702
5.65557142016351122038 1.19373399884625674972 3.80804891250887589393 4.66533371524586470969
5.03385994169974093637 1.73793488338113588654 2.42143486023044918198 2.58963561503129158226
4.46142041837462599574 1.15794403303465442967 2.67956174697756477343 3.67016404426643116921
4.43165622965548866574 1.30627769087945466708 2.73443237078984058286 3.19212300549165073349
5.40032202629125279714 1.80577840406207634771 2.17556678655580837400 2.61884041112876975177
5.06268618567842310085 1.76596974752963609134 2.85703289428048945453 2.64753394446955914177
4.33685915600946181314 1.27112885666998853829 2.76341686004234121654 3.21684101595674443175
5.43302074865037276652 1.08452566583740050987 2.24065934221088491896 4.80937384590956540364
4.28416649784811021107 1.42189912708670940233 2.45148667374310580414 2.72687508090240005032
4.37264209841714723837 1.42545194807317754382 3.65264391153920175981 2.94450332200669206983
4.11319356780766920423 1.72473929291299632460 3.73995279404952585267 2.23198435312027987365
4.59806788341466976533 1.55659851683887762164 3.94592079336815260149 2.84460379301573196287
4.26145598129154645761 1.47987022681940860735 3.61407845506462788165 2.74527931517490353386
5.05883926643205761309 1.70317066642601111504 2.70079794085528668290 2.73300527812457660914
5.86192132303195467813 1.78614666080187989294 2.52904126531251804977 3.03770748035768978212
5.76643235388665775787 1.15692146363963277444 2.00267781821959989230 4.73099799746315952120
4.48018197781912963507 1.85739103619840228987 2.55925267670516198848 2.07636323511688480892
4.50058047719260656550 1.12601725182641221323 3.27353177189787380996 3.87997549621332415981
4.46754625587150755450 1.89856753809935341337 2.18371714725511578692 1.86210861905631608337
4.34246211629467815385 1.69973660044762908683 3.91864079177294621914 2.42573651611610019430
4.37170107206104141540 1.30416226100017595968 2.17218534923071970866 3.02406003568424219807
4.68963384071556799171 1.25776943356975978716 3.06136003962865599348 3.58452914940762923379
5.37337463335052589741 1.66658402906813751798 3.68850050888826119788 3.10965095048416095835
5.51741580908782047743 1.91111743504602715760 3.47774332666156826832 2.74204329525361112374
4.88993066253647867825 1.60812932664193608545 3.80795979614400703639 2.92669908479870111151
4.96649769162381016230 1.83444588014550769017 2.69585599608929715743 2.44371741374915529832
5.01410532560227917287 1.89217616451458603422 3.26577667030680185434 2.46914021454869203609
4.78594737533644210004 1.05413257921184988497 2.60531127038764598325 4.37711590763090985234
5.78335465532932957444 1.98246167252390836921 3.21886770060978077979 2.74915241805971710676
5.42673076328795112033 1.07896723503944569345 3.57212572565640229527 4.95207045178439031474
4.74868425691440165792 1.14499131874652615437 2.33415768534978385063 3.92288674740351384074
5.50890033185708816177 1.21137890760030675352 2.57979321734556155121 4.38154725664907918059
5.50800632532978706735 1.07164567536416610594 3.99268945412947218188 5.07917977462640202191
5.60316167733290804165 1.50623806660814119063 3.58305533182218116650 3.61516522146787711023
5.82681160395795849638 1.16589767455626258652 2.33506643151220627530 4.81320598360263929294
5.75099391913372048890 1.77650187896794520270 3.82139843723129635222 3.13113050944065518522
4.53351923016965319135 1.66034560217777116264 3.88496274687871823161 2.60797413438351810555
5.75573090648380603085 1.74643033074820697159 3.48141009241015186859 3.16976441767901384594
5.13810054816208516826 1.53330832686853346658 2.99561765250627409785 3.18265596202353151511
4.20427425808538668406 1.85975536523066153904 2.42551060017048492057 1.85282586287576656048
5.08086685736795296009 1.55231732268482147674 2.55597296101951698688 3.03353843082387930608
4.44523260655201379876 1.03192813898808877227 3.52026756223425474346 4.21423925118877917839
4.59947930369252055982 1.32557303954417338154 3.23287429599158304683 3.33094835566510205638
4.45875963926386109648 1.18301495217284990957 3.82693412058902548978 3.67849239412492678980
4.88640904426858746490 1.01538646248170572051 3.24185740968064362022 4.71378245710489363063
4.64877048631384148791 1.99941305204305153076 3.78667998172831321568 2.17201099003835418344
4.57437003396628405483 1.41233592115251904708 3.55352106378470455894 3.11587427320309418022
4.64963972805905090269 1.85637009494474014559 2.52697622515476538751 2.17437180338629021392
4.63898318717353053131 1.05109949842457295333 2.40427260000403464346 4.21559255088522277788
4.23764816038615066418 1.77367945610572141923 2.41195257635445869937 2.00291582999699979695
4.81247510840544823196 1.73857298469998067247 3.53504162980298541896 2.62152061812333680990
4.65006727327053948073 1.35698371984330723450 3.24219347411869973641 3.28691767174782967231
5.53337586742681519780 1.48341219265711066200 2.74384706115433063545 3.55010110110782362014
5.19691635768482740332 1.31909388564472318528 3.61844526353223461257 3.84290614775375738432
5.23595347459543347668 1.29519898429819346752 3.59498375451454599272 3.94700297816778800097
5.44123421698667986135 1.93888387825102670448 3.43112130296031248022 2.65280669463732721169
5.40194962226391783844 1.36448116001537611552 3.95275239613878515144 3.87837781598380715309
4.11242601370258498150 1.37536150885332686400 2.85620045609772343909 2.78041165996852246423
5.51758287471453989781 1.67608209193017598793 2.34908900757779903756 3.00805641377013222026
4.11492132773143737268 1.19643660940417850824 3.16996828476980319067 3.29343351128251393689
4.42196255588583486684 1.67287167206315823265 3.58552293643138941803 2.49389686826949841247
4.26626240542767742880 1.38337434740401965527 2.35354105057781737287 2.78010460678516224675
5.52187402555037110119 1.24440719528258503246 2.04222719801179275478 4.16217285480052900937
5.89800357632042970835 1.22129830771732450501 3.00977324284323177750 4.71513822229374568451
5.37829865758387981600 1.59107369788193242499 2.45568627594448685159 3.12885794188711496844
5.08105173650531405372 1.07460212559051093706 3.42005520882372548996 4.63822433911179299315
5.87898200321921482470 1.37732933981604732665 3.66830542407326110066 4.18159372840611442967
5.62887291612435625154 1.07140652113527723444 2.75580741214071078815 5.12855015834048177936
5.58292694221105278984 1.02148727613756107324 2.46982671321413427279 5.31541231521086388057
4.52558677448968360579 1.34772378829587013982 2.42976648518998850079 3.09904326925316908614
5.22456765099921760509 1.79853450199211195581 3.25263536650738904754 2.73963000376358101207
5.53162721577762717118 1.74064869117295373258 3.70844931522410803382 3.06291798584798424798
4.55916122017849190229 1.59049662820928583429 2.55979090575358370074 2.59048327400813249710
5.43378723690312526173 1.22287028106124751048 3.75291247458046939300 4.36390590810469891636
5.97190765687351188262 1.11270816921815085543 3.84582253640200999456 5.30447140458838273247
5.46837666605275174447 1.58518370403456909656 3.03573690520729044806 3.29079581432988099721
5.05954040285580397551 1.35742221947233776547 2.16315765014921579379 3.43273226983123391776
5.25644378960351765784 1.84931047945670790078 3.95515401951795197988 2.72914053901752406972
5.58725003741766190757 1.29787748046799045198 2.44727272223772018833 4.10905863060170961631
4.83944380131369555897 1.28809324147420833917 3.28756733123865796387 3.63350155939845453901
4.42318767398184320427 1.73750309496299726320 2.59931938765612713382 2.24051321766889932618
4.57433275351811285958 1.69775776481065099333 2.37193750856569796071 2.34631593808537308732
5.08735805502843163595 1.30277293730476984024 2.19143153796124590116 3.63236167549531652199
5.12177115171209251798 1.71742566743708469090 2.28594011032563804164 2.64669784751720849059
4.55643435585875256066 1.76594975977793744448 3.32457369791550227944 2.40089116767829935384
5.46066298203474254080 1.34268172901999305324 2.55165286722977668887 3.87614432201811043299
5.69817678681816097708 1.70905504589111600922 3.48841948449316241465 3.21017857990952926173
4.36868367364383036744 1.80501685823110524787 2.14676682806900576139 1.92776995929817629438
4.83292971054382114460 1.61592150394366074195 3.17411207247244675500 2.82230177973557561089
5.67818614223009454633 1.01686448426602371597 3.32919378949841870963 5.50370279984434329634
4.47508010929372623821 1.27390231576641954625 2.48611782244736190250 3.27774046228436999328
5.76519971425149257982 1.79530282297765131361 2.82167399284722764108 3.01208127818124404840
5.57894223711359860118 1.07350959788919064763 3.82980071505732366788 5.13177066139348880824
5.25436884218455180218 1.69573841429415805848 3.70585390848406204256 2.98035125672485534665
4.46259686979000225193 1.37257718852414445365 3.94244372840526402513 3.15208802121369791038
5.10584502345261537215 1.74754348939545289809 3.08190260278761929413 2.73813399795090495203
4.33838165522443919286 1.89899575446885515717 2.53778203517222333829 1.92009795130961635756
4.49260244656762264270 1.12690232979124371759 3.88382127078400340991 3.90375913582711131511
5.25299354886018043942 1.36670829133320026472 3.72833433777925460362 3.75003408709550978273
4.39476358618570017711 1.59303654403359340463 3.35273101499127745839 2.59472460996377263243
4.98877283070562871359 1.36768056666452020309 2.06457783858618881823 3.31506246368982404604
4.83344981838718723566 1.42729548249594806464 2.32415883840961567941 3.10497151382572411649
5.47894423522254836456 1.63390563282672296452 3.05421384309687571346 3.19162254662164546204
4.65522819909454987908 1.12541152386002263341 3.06463663604653069328 4.00743195987558387117
5.71695720348765235030 1.03045494034193607646 3.05774172380293229878 5.45203023829128419209
4.48368920549252436558 1.28423605801685347672 3.51943060708760757649 3.37528670776635975059
4.18443543933047568117 1.04767936252562399169 2.83221273685850771784 3.83688183781377745163
4.67075654164148357239 1.59160076675489658982 2.36227668717603567217 2.61599079539228940305
4.22518674776080960243 1.78068782810038861442 2.76977238442168660626 2.08412964115300569645
4.97346144147572566396 1.77893293668840346555 3.38549639803521174031 2.63726101041621596721
5.81716419356528113838 1.22038911181707510067 3.49117827959363946633 4.68093639517474358058
5.50128825985571623391 1.11412727660303056965 3.38703022674187792518 4.84985646907294398744
4.92315273711159484549 1.87061090271775087857 3.22266775472682542869 2.44464231302313050875
4.98891780795147710137 1.69522883688928360790 2.71741763369959166141 2.70632688695957002167
5.73846556193980283922 1.10174186636583026910 2.24086761568251935373 5.01631389687752449191
5.62829396182486973998 1.99430943615127409529 2.87452419478379184170 2.60196709076962617857
4.80998542884789070939 1.92342573969568109149 3.62030224395902600065 2.34535039674941003796
4.70830358279662419818 1.61469802465197442842 2.36625926724132185086 2.59611373700726222324
4.51150341480437599984 1.04204239945313714699 2.25280944590127463201 4.09874603830644002045
4.54875149464609140892 1.14235615895243514117 3.76170923688373548543 3.89333738564694264994
4.76814972529482794528 1.23198535623277560802 3.25354273331820964543 3.74791080141046917262
4.79068188586809107221 1.46848444376493447727 2.21583066958831409465 2.93813890293106005913
5.55986764626121576782 1.52110625007337585402 3.56906836520666903567 3.54757695352393298549
5.51953901347894060336 1.59508663427470542828 2.65810685975138305537 3.25224125597114088748
5.05433506231524631858 1.50686643378112905545 2.50173632263394729591 3.11026180640647575970
4.66567732360908937750 1.01883580130663009555 3.81955956904800508767 4.50495079609056947589
5.07499212855256853771 1.34076375831206062728 3.45265103919750870887 3.67415706689082544045
4.18874609553685139929 1.70402978539183092010 2.10342697413738122236 1.95236777892724600036
5.50274707742856250547 1.88526216233514087861 2.65394519360626013338 2.66801023185157326623
5.89207040493420652894 1.80660951764717858659 3.74040951581952985094 3.15139120704195052625
5.14930681694240455215 1.77195929122515849485 2.35090793973885503476 2.58050986839472784595
4.71139810262842839705 1.30405501365826115290 2.50776109744130248913 3.38873805157914897990
5.74134918899059698560 1.68251403016653133804 3.68859985197696849113 3.30436454285943703724
5.52671112880533499379 1.60701332897633397678 2.01363639837462482518 3.06487330389415513210
4.22432029944849851688 1.21466388633975830302 3.19259781675319809224 3.33565188403238588322
5.17209316626409787432 1.97788518119310152699 2.92898559555028814572 2.38486457784806971105
5.45177063382157189864 1.59014431573886816373 3.72789256409763813949 3.32328993699282593255
4.15913639667885526308 1.16702112457912199339 2.53861799707340241028 3.34213452305024594224
5.06473218312996031898 1.76910894167573773395 2.64974997656521082945 2.60582883730740810790
4.65012501798281263632 1.47939720723584899886 3.00036430460271663634 2.96373169417069348697
4.52062495658524188258 1.29296000784338227518 2.04471780124884094931 3.14065606308888556342
4.20736546303630554178 1.06895555081153914578 3.79225236316324254560 3.84779011965746420287
4.76885591453515900184 1.37710983823136734472 3.74873386496359106701 3.36001142900667515434
5.91494684856443253551 1.44858235086094966348 2.10196077741400078054 3.79989840846664606033
4.47876975499647844714 1.90103752209521337235 2.31865295992525144442 1.92736577100014105923
5.61622366955446850056 1.73692988992111074786 2.11528678323384777826 2.87214712799944793531
4.74914955453478704328 1.03770258621748912020 2.13591561902561100084 4.33380812701944417853
4.20391202521113793722 1.22398705298573240441 2.41185679367387351135 3.17802516902017817557
5.66976877444010618490 1.24789784776811196743 2.93018029450506389821 4.41514275324202287720
4.92696809240330590995 1.77455815736580024833 2.38488663907887499249 2.44405473592147126638
5.39039961003901346714 1.62851966773153211676 2.21706586517682069370 2.99135350843326008885
5.30265529558381487618 1.26853366911198905953 3.49291041265741153410 4.08223718158656545540
5.88746872253968689392 1.27062566775264285113 2.52099460825355059512 4.46279709501949195527
4.03462867271988034901 1.17264186431102190866 2.46127184100111850995 3.19510919093235923327
4.70742749845112218310 1.86612913959519532980 3.28567488984456534951 2.33433120651755299235
4.14848785714776902012 1.97846854441459907292 2.74438237852018973584 1.75676534857634236708
4.70135140014833030619 1.37792290048441223860 2.82949004518902658134 3.22620028644209444479
4.59722987949049066714 1.90798080016285975802 2.74499107039913470274 2.12031258427982560733
4.53898226032147977804 1.11038814123649176580 2.75670302278401990748 3.92567405800746405120
5.23575033566283032371 1.07140746008175247184 3.89932180937247885311 4.81992387060545635080
5.72371529374401433188 1.00229297149565166336 2.55463288707161151336 5.57663657908983445566
4.18125736713371942699 1.37452394065015126579 2.03650864531241015953 2.62180085219170555533
5.38694890219531608011 1.07451864681422026848 2.55469359711667287627 4.86019902788561442009
4.52446238015707091762 1.66170660699409689087 3.41331001574734482773 2.56250019465861811341
5.74898771009401077237 1.44468380378686922505 2.51627598007303365790 3.77848140145129507417
4.07082667930366870479 1.72312066763654003765 3.24585671568227063233 2.15510857252509646642
4.65831831550047592572 1.98742344584098207250 3.87860114786764542671 2.19949766522972867122
5.38588202366511392682 1.70535210230628520023 2.87050690599479851883 2.96252874846163605227
5.08212312265698606950 1.24902894563043842524 3.23412117052506076220 3.95120465008961785358
4.56870526755876582570 1.06128636148180310883 3.00165531758732573309 4.17570788962716754611
4.76294624436788183175 1.32041794788387445436 2.22705577490361861237 3.31988038127727502768
4.18229844915523774063 1.17846856132839539200 2.02713294320277626070 3.19266170724308695483
5.97549062827863597391 1.47228312550742757026 2.98555213232647442823 3.91987574087900947362
4.54871724148424849687 1.05006318117630392805 2.31645315519817529548 4.11407736121751277381
5.27698854431174257940 1.80693325768307389012 3.32158419064564425227 2.76301347650470052741
5.16899588370263796122 1.77051212608115937641 3.63687356840035169725 2.78877278590815036452
5.73945770198338500734 1.95089975040294083541 3.67236421472210761152 2.81482997257914258071
5.67414230582689516069 1.92980868935992733171 2.63545446848783937455 2.68777893410241874861
5.48340717733254834343 1.52699145177647466198 2.04155561913133087870 3.24456698995272052599
4.93483677467975745401 1.77126323551734965456 2.86079540182684555205 2.56050017830788290141
4.27125687444885304700 1.80726956308757680247 3.07553787171180958993 2.13122692941911173747
4.91057925530772720890 1.66153718539876837923 3.54487794273951895008 2.81943874962183116395
5.28392790750073171324 1.26045457097504876032 3.39208099768308901645 4.08849382424563501104
4.48044769880869431233 1.35144753115508065022 3.20535608344972633432 3.16710798732231424424
5.32914713247643856420 1.31821097640747320057 3.02960585086660749710 3.90745754156719238281
5.46727187317605167749 1.62520539144212627924 3.00214734059553833845 3.19715131766820626069
5.99953586698445029413 1.70319114893768563945 3.61954582190315532486 3.41392026872890985700
4.85380542179618945653 1.22925040778274485831 2.20859499838444062192 3.68348016640030895275
5.49447517974184407308 1.10004122233247336737 2.23250561608773034905 4.79246328310416469520
4.11759360661806717019 1.27074612564980515828 3.42434411991007525700 3.10770691424879030862
4.70552111057161770447 1.60819856817107087466 3.44907115839378608513 2.78057151187038265050
5.91355632687720778051 1.82638973072875865356 2.48979514520191713700 2.98186098690668099920
4.78006135150182132065 1.14606106808146712694 2.01837931367899781065 3.86954926753779293591
4.38668065695731179687 1.21881771796488003190 3.74312257032335349294 3.49990007379042511459
4.53233891196866078843 1.72573600373125346508 3.05123091062063300782 2.41608401523759575014
5.11759713786388648060 1.86305174921592153758 3.47891800545146434587 2.59420992856492249601
4.66115336834957005863 1.98664374043560565397 3.41800947610675898147 2.15871905004748443346
4.99863187076365278472 1.50672642210285268050 2.64882992429950325786 3.09829520455557005931
4.07422699883372985141 1.32324411055503476931 3.84012119935366236234 2.96829314394617904682
4.20053617232070841681 1.95530399342689431563 3.78754197819512583578 1.98169201376150949656
5.70626122490175013979 1.22325508906652924423 2.31985800055718627277 4.46392348530284266417
4.57925975287972608641 1.77651611005785126096 2.69004914290748597949 2.29792435880166712181
5.51980286972802325351 1.91742900692891549141 2.59145012824412157570 2.61104644356219317558
5.20485716958369337704 1.83663172439116273438 3.14332092656874095837 2.65182397865441599194
5.85375973332782706393 1.16733497463857638365 2.19977290675306313972 4.80697165717939967067
5.53076328058974908686 1.85869660887793597404 2.12645996130643855082 2.58294818565184813863
4.46725688599989112504 1.94900828601823494779 3.14214069137542573174 2.06250292414304103872
4.92753591215200170694 1.42421923024862362439 2.24888300762508031028 3.16525439571132105598
5.37277647129898205947 1.59897700785513174893 3.03733088193861089366 3.19697769162308009783
5.28485892380224697717 1.20977306457634048442 2.97978087506322086853 4.23933794896316307188
4.35936038853645069224 1.65825306696072916068 3.05909409505433460552 2.41999678262196527001
4.78465564336541504531 1.01034222940323825668 2.28928590533441633781 4.53248648653402508302
5.50145313292784088333 1.40757166717232218289 2.27769519931995212403 3.65700926125745873208
5.20995043768714349852 1.24473833830787872223 2.61567142118578477294 4.00955257508452067583
5.02045922068702221708 1.26024074220816650893 2.99231580210728376201 3.84289537947002068918
4.07088986043681266835 1.06971599227517044639 3.58577434181255494394 3.70335546042715924031
5.43309944232910524420 1.83267193877214040754 3.61085132578911593981 2.83403443692145096122
4.71922667734395329120 1.82705604431754453643 2.52079294498288319915 2.26241663715968099879
4.48701924397338025585 1.89828078060196414611 3.89475423446349022782 2.22183961629980952779
4.05821381258208813136 1.78472580477608788740 2.41272743995395888561 1.86413225196501053382
4.84237342800779835272 1.28805513581974673265 3.99056346637443448699 3.67609322568681884391
5.34401240561168755505 1.05922751128938963383 2.84831924345966225331 4.92315883270766807556
5.09576510207716015799 1.71688343537663090643 3.62460215046802147754 2.83865703727750728902
4.96806329499795129578 1.46828136892754734788 3.82058209564884609932 3.28215481609496784188
4.59915800699008947561 1.66025535288726522332 2.10235125513980447565 2.33253812544262428830
4.40683989624527594486 1.77210949904070802496 3.26024893013433603173 2.29249241328572894716
4.42345929086265954311 1.16704611220666931715 2.13925408141113049254 3.49424897533128264726
5.15501531624021147593 1.32490345015713928412 3.69787031886259764946 3.79697699074770689265
4.61059042694792253769 1.13512446111982434616 2.70130614894828635641 3.89169077776269389801
5.42034281693018105130 1.65258740577083806933 3.12461365660558110235 3.12200760177292968578
5.12945214736403976019 1.05958459478478772553 3.65866912434850544145 4.76424116283735354926
5.06318251229188653895 1.14145740149456198509 2.37146197157586247073 4.23327633147644633027
4.59410096693276948088 1.74297661767905909258 3.41000586064963862043 2.46952654617750910759
5.35692842663041890461 1.10764916544267366660 2.89502273687289912729 4.71298682087759068793
4.62874387628481365198 1.23047275735627881232 3.24121961432052607677 3.63474519385271177541
5.05903731302660997216 1.90404385390864572258 3.47868673685672469276 2.49880854112869421613
5.92788164576646270376 1.04783674567909201869 3.57718600316983659226 5.58867312167846108650
5.90686103628777381402 1.83907570410230514213 3.14144074079183077686 3.05220798740717302877
4.66470015921447167528 1.03764769078093532784 2.02517740035994187053 4.21932435331690758318
4.76727597533186830958 1.41246030834244740149 2.13627438246372847175 3.03793364021075040782
5.79871934722980331145 1.68908335448084789832 3.86552514117751710998 3.33547072065323790824
5.12477485594080128806 1.92719125428217541440 3.70219467952714786918 2.52016474790981659382
4.11682316310660034731 1.16477222556110282525 2.62679404446600184286 3.32594836002653293505
5.53260349553682306833 1.08675266678115733932 2.01752002826263820978 4.84696176326018512981
5.05023736023919944671 1.70047575847536647231 2.29348092960239569038 2.63513858448273907698
5.28466314360578426346 1.14912063702927458309 3.33008393236166178042 4.50107324241561634892
4.89804256187972075764 1.89025542581946126575 2.94645193102107461058 2.36167480216791236813
4.73089851482645329384 1.35318104957497076235 3.98209575252599101702 3.40595417166991998315
4.54133778228342599448 1.18354745038429598480 3.61341433853139681887 3.73725816028407731295
4.87141187016737831073 1.45850512834025791697 2.04140516925473836096 2.96433745993143205055
5.96143879464440828997 1.56282785141863600487 3.28766387142443816671 3.69289214550975053442
5.03118767959874269025 1.13920919684360844037 3.78915028504702799950 4.33786306188547676754
4.12083260786858396330 1.38706357598855944957 3.76130828019128760076 2.85107792103425783381
4.75999953694411548355 1.26125927665258297239 2.97974920036693369241 3.62374655331319495133
5.21930208362833614189 1.42506199955879142571 3.86533587816149459826 3.57118898745200308298
5.86431434087110492470 1.03593336764676902106 3.14126158131947352814 5.57185504209083948268
5.23432782144096098165 1.35023562249516215772 3.06020096703926025583 3.73820167831413208148
4.74664323775385810222 1.29627639775424796653 2.80447593425633989739 3.48619675351292102050
5.36117254251146313493 1.42376904323349195991 3.03272414215936070292 3.62018620538971980238
5.78603820584037542574 1.29907618181481532282 3.60411365652759840827 4.36783548800283849545
4.73545059891223285575 1.25363469347757350292 3.10271745615617700054 3.63914270805375217321
5.83810546456397272408 1.31476955859952471251 2.52791449165310577740 4.26294692429421395730
5.72903492380742651591 1.04295498893135185625 3.57370538789685010528 5.42228122909631693460
4.24235140339414495969 1.46211574051139692187 2.89975349886905053864 2.69166055285338279290
5.67760677917890532740 1.61558881114323682482 3.74104232177897877420 3.41245557191868664759
4.00641638409113021169 1.47276000597971501449 2.56478863008783086741 2.42897448022333994899
5.39379609814977278859 1.21936152627579064145 2.69456645360255375721 4.26704482402665963292
4.33691225427419357885 1.01963115348519206549 2.93936300900470648401 4.11693895939270859685
5.17702036700200984853 1.79701569621821732881 2.37304212117294799356 2.55870152967569275404
4.78965910359997071311 1.23435743277738096957 3.51308226691272285080 3.77583394764084134820
4.11470153496302870622 1.85231163463464731933 3.91396560873104704115 2.07130266937617424361
4.98099629283624967258 1.00594997268902863752 3.85579838315131073756 4.88403983146691977879
5.95347855091351352286 1.92768077752932054381 2.80283159444129825744 2.87784162899888862341
4.01096397649952773889 1.97109914979655709288 2.15268431446589936229 1.41808457177745350641
4.31442153296829999931 1.07389389838922011400 3.37620949678341686351 3.90830585412732833817
5.40544758480627063335 1.66945508256529140390 2.10702990453091576484 2.87412342255186903373
5.40543095336578982568 1.83312664027486915685 2.31507168991378264877 2.61794314058463184480
5.91668460710675248038 1.00028793845851837752 2.25013241709196698537 5.74784164653047646709
5.70004834484863920352 1.04927477926472478842 3.06146317307472592972 5.33456713616220667973
5.64156775134911203651 1.28941169104254216293 3.61498045012773694395 4.28812751208537346059
5.15279359615975174336 1.09084133422037510286 2.91744247777921161813 4.59931067292406847713
5.89431018419759578109 1.69258043032298388653 3.58468682007999905892 3.37035994241140146599
4.87276036944791268724 1.60725220045261618651 2.47564977332743119121 2.75337142652678235066
5.09728296370030520279 1.65634187374551089533 2.67337745081235933498 2.84423042840779194407
4.83850430944791209953 1.83318731727758144068 2.02520867106544955050 2.13542618437926501329
5.52462291246190240201 1.76847681296996750433 3.07088954599774721643 2.95168597026104873038
4.01332591554146045354 1.54350091146147194721 3.67653002131460437951 2.45572472691700793845
4.11000639491818819948 1.47942361723585036337 3.44465653730054022219 2.62414452626740768437
5.20426172423059973937 1.94430415395084832397 3.47428476248756812339 2.51930795983914235237
5.08530502658942129557 1.49092049161297124371 3.38561292025180549103 3.28220184491687305695
4.54199013119017802609 1.45770886032407043231 2.17402654723630828215 2.76048539250466928863
4.43659767358535717108 1.06147329185522010242 3.99216087242333728113 4.10490977002451007394
5.41052264860074227926 1.56440223341382633748 2.39907828697289549069 3.20103082003728500737
4.89480888291730042994 1.31840140330917909850 2.82756021504810828304 3.54253743154440314811
4.82440424061106298836 1.43521473538315058605 3.94174713485913352784 3.26559898855088093228
5.08461294337230285123 1.18655403190269748137 3.68179475408936918157 4.19938041902705094799
5.82769637742539092784 1.77003451735120931332 2.74632981997207270553 3.08730704698156754873
4.05851630440401134337 1.71038312799829972377 3.11615854026720517922 2.14805027640931189836
4.24043079554388757657 1.23673700250206164419 2.14905828582550606498 3.10147695296629333228
4.70533036323074682628 1.64416540093308860548 3.45141156063248200070 2.71322212832784037673
4.32214936897760004797 1.56493031228941870125 2.65149814931625193992 2.49482294976534024755
4.76512939155233183897 1.80242437825371237814 2.64538016603178771646 2.36198787951737410040
4.60117935320082249717 1.05579683111431377185 3.71776770624484598216 4.27530601261209319830
5.74568390584691623957 1.09048626523843195102 2.37861614365942664051 5.10069491105171479717
4.18873750065997185743 1.54641571273439026868 2.56876895883142175592 2.41685791786708881190
4.79902099936986470397 1.58024156434430773643 3.49087437956342849787 2.90048369120413163103
4.31920966869418077039 1.06993161616931420355 2.51364441737567023694 3.83855995299937990950
5.17638203224577786443 1.82589623712513438036 2.72487617943646309726 2.58995588260091302857
4.11474613243206999158 1.55995094970101444432 2.86067596348646757676 2.39825647781603912279
4.86909068624121310620 1.11095417722501177415 3.25399391203905219427 4.27514133407144925059
4.85846558158025931817 1.60251126956858791495 2.76220496847475960323 2.81036312758215567342
4.73720948487840853858 1.33434244297192394768 3.84708643874534672591 3.45502555577020720179
4.59953642479483360006 1.55113983145425282650 2.71433419397983222154 2.73005249319806564401
5.39631191317500835680 1.59858737801428318903 3.77167970657554363356 3.27129795637358888882
5.01605221082912589026 1.80568245691129369845 3.13232281196262229983 2.59054920234576169236
5.91562011105809215650 1.76119912302774794810 2.05941574280300887523 2.99246620808007701697
5.70202398252056763539 1.06479025358717827032 3.08181584223153937074 5.25714575507630677009
4.89491897827783617458 1.99430732418172551590 3.39942320472506498419 2.27381656982211621809
4.51871619841368765691 1.56702610616496262885 3.82765513638739696134 2.76435261980767998935
5.77061227575566437764 1.04404134127698489110 3.90193506574001514053 5.46823154089272200906
5.15440531954344827170 1.36655228400890105256 3.18135692483402898745 3.64026880565805033285
5.76780547917666286395 1.92553161860310106945 2.25264478596389006171 2.65097276978031803907
4.28679443209667532244 1.07515609784592602871 2.15667139227352366859 3.71151265321803780495
4.50523312357780270077 1.26206305976150479076 2.80617580784730025201 3.38964285128566089611
5.26742382900726369144 1.55950570806294486204 3.28653084904135983635 3.23953700481770656694
4.33544256738369071513 1.61564871697778400517 3.80755219115297993682 2.55340743181536078410
5.12584614817053374480 1.89095013451843363406 2.54834251722279647723 2.41417460964017260849
5.17550621561873391840 1.45329456657111011353 2.67455746960191032002 3.36193017673840444104
5.34617864765549022366 1.04710948316637786348 2.36877845189765690037 4.93039174192331497437
4.44501338270944668096 1.86828652349033230706 3.84070456380021507670 2.23416144561789886680
5.37610006975213750025 1.33014949332429410767 3.96208779821657142151 3.96318546553697981238
5.76509397443920512671 1.29750123995768906759 2.60810502970737267958 4.27683709326915728610
4.71957066906765909664 1.95335587716116476642 2.43253780429734867141 2.04200044031796545951
5.14785894997936654960 1.79916780107037155290 2.99783928631963370037 2.66242669946594778807
4.18800221515371795533 1.31352461759616634396 2.30456323874960578024 2.88225145593836273861
5.46653000883803485976 1.31022651219558139424 2.89945201841504918150 4.02905351274925305205
5.41560469504369912386 1.47579308982715229348 2.51002833394904678599 3.44957844647797973181
5.12046686008126439305 1.94017082449085709328 2.26786143880235302461 2.24640293478948915862
5.30753102574684909598 1.30684488108126206640 3.26765266146514843371 3.94589485606528933559
4.96495848844625076168 1.28210800777840194797 2.97439247225076375258 3.72567323539464512194
4.13293693452551735845 1.76563206379422199532 3.29635678922175401340 2.13796531105595732924
5.37915323740994999469 1.66227690876663425357 2.40547324939114215425 2.96076164921544338071
4.97406105458880087866 1.38724610440251261423 3.50239023101507918057 3.47155492050464475895
4.03621100785176523118 1.37861653800983474660 2.88746957541519577717 2.71805336706137667946
4.99446305545813640236 1.92703786607187588231 3.09277454617565128459 2.38443249871639784132
5.22711266681022745928 1.91295260681909273792 3.47404256783682718890 2.57850786306951684779
5.31093620974685975966 1.51008721017561420297 2.58699108090419116479 3.30066345621287826617
4.68235172347140338189 1.51833818055763325461 3.04817623949443738951 2.90654398125188651036
5.28664606492442779029 1.91101029476359829395 2.14578381188770617172 2.34723801627995776187
4.29542079475231020069 1.26109814953153964723 2.61787603569412841154 3.18768838636232398898
5.76204416747582293112 1.31549293319042548411 3.89029424482784769168 4.30505537194596676898
4.17391818291789196138 1.96834474088376598644 2.78231091440243716306 1.79490309454324892258
5.91614112725108931556 1.71369149363698580757 2.23140247673118263805 3.15214948435974262608
4.07715809208092849758 1.74887905570504820219 3.02590149459697688172 2.08734781817599790443
4.83055447585022879053 1.28121152433648255453 2.46367506591014429063 3.54811661982955062200
4.18539182748945304269 1.57814034339825592923 2.55386929954651975549 2.34956012974784700376
4.86381407505134077951 1.54383432726932556811 3.08805575585723923737 2.98169906873325807339
5.62478700318294588811 1.98261146859194514747 3.59918657571921407623 2.69944802870180877719
4.61276177280022814386 1.81406790145958995986 3.34182887607993039936 2.36261244206365006448
4.40767050292743611806 1.85150436594727940687 2.94079242831906295663 2.12743475052683983506
4.07867871490331879158 1.05247118958838825620 3.68750838146699599918 3.78052845681950122625
5.17236833846008803306 1.46799211918744632044 2.43119911467244120828 3.27792393189065522918
5.13917196840397494384 1.79169099396310604888 2.12182511439204724013 2.45665422717059112045
5.49206749976091312959 1.06867139229967667013 2.58352382560528770483 4.99321819336307104464
5.10329987919330374524 1.93952269496848783703 3.09886983420881856333 2.42807033255459980836
4.78723475776644225022 1.91002862492056335597 3.42684359442129382600 2.33268777597621568276
4.20421740117780196044 1.48509545735101133879 2.05285577077075043206 2.38164812651549828715
5.67240528397180732156 1.08023983620843266884 3.01257123135316007279 5.14646987332471272936
4.39059772012125382190 1.63110099261464380760 2.57329861666051096236 2.39902703931487071287
5.68553766230928570025 1.30245758445996928643 2.73244055161940124776 4.21110506478259249974
5.93693807610756518756 1.52156659931078830361 2.52837859767371764264 3.69873157578527589351
4.01841778004874594643 1.48847713586140506514 3.19517629127100466491 2.51426974082092824503
4.97401101150731328460 1.16437626966326090994 2.45725254469439757798 4.07601849264992743826
5.59734628399559319689 1.04412652544556672218 3.69402998995537945603 5.29290424412629967321
4.00888664685365547768 1.10866221695948929948 2.40783105751888149015 3.37236950357093512309
5.83579501565313396583 1.04497691992848285025 3.93546705602325364026 5.52726802248379645022
5.67620872844002288815 1.47292353362176209330 3.95141994560673115444 3.77079699297330694918
5.28951946983215570697 1.62165740034801930669 2.65264188287792679333 3.03919407700251253956
5.77230518930472502603 1.66597647662178527384 3.06651669418749905915 3.30989410874842482357
4.10395925692285068465 1.84902600456186316791 3.20283857724425802260 1.99102232301538184522
5.83485221760106309574 1.00069628498097618063 3.01075329397609658955 5.73666592106935802065
4.89548229310055482699 1.81861041459606953552 2.37889809347492819924 2.34568015210554436933
5.34442866712638675608 1.71000252809318009639 3.06166477903700950947 2.95214891631415454754
5.14293723220163112586 1.88299490629808286002 2.55646980394644973700 2.43918097778107023643
4.90949987409535815175 1.98962275798190879605 3.87092002310744520699 2.33026676995929582503
4.25566265152612643874 1.75286707835535326971 3.22457451552113072424 2.22377223025066372841
5.43709470394048643982 1.15509383217527661358 2.12028776542580388309 4.46777588242711676259
4.66613928330622940166 1.11898721420611368949 3.24640868318376618618 4.05612528716168263543
5.06296486275458690329 1.37757757126121260782 2.10198195511230334631 3.35764763204652272321
4.78564679041397056380 1.39119965670125633750 3.13693364519865847129 3.29093172278579571000
4.76721029236493087922 1.97526567738862812718 3.27006437991103471319 2.21399749475301943491
4.97889565764857877639 1.53982023434795012307 3.80517889368949813189 3.12624630843743300801
5.95933229646511453126 1.33404004926261965380 3.68176427991413035556 4.38487959691786510774
5.34477858269662320367 1.36223564053680412655 3.40385625441393724344 3.81343475713563861973
5.38032361868275543770 1.92282587255776027391 2.63455415248723712196 2.53132330283109929780
4.16493414594361865966 1.95399684359313985382 2.34700652956839839192 1.65877846578535526056
5.18790077494019463700 1.52965115992356848196 3.88043787951496277344 3.29351154055090145079
4.29501294166818858855 1.12364570715046196980 3.37733304040790027756 3.70747896809845078891
5.73243078007222273129 1.57501001327084444448 2.41456204806515906114 3.39910767488950682491
5.47701319537991793140 1.32126836284093496232 3.23105663733074255362 4.02962386931265026391
5.21018059579285175431 1.75250420408438278841 2.08852449694202046970 2.56437387404837258131
4.14700242180407485648 1.60628673602181049063 3.24885571702836184471 2.39380098515110484314
4.79657875463399019367 1.46623295779700124619 2.84927411759383719669 3.07995058472325533572
4.76897009215042722019 1.55465560289705262420 3.01503017095907743794 2.88515033789944208564
5.98684176453050564959 1.97812060316740767618 2.73148280654413744273 2.79947474828191866791
4.22439609421164519176 1.31117230431373377186 3.38721640805116708250 3.08546062488470607121
4.05179723235408850712 1.20496022862970142420 3.07589681323261698864 3.20373137090810011784
5.73019961751270479056 1.77918673229194190810 3.50885366069998649863 3.09373385031688075131
5.49666644132789805610 1.22497593299553297896 3.93087381464370455575 4.41541547398974376648
4.37710335304790465472 1.85488068871335043397 3.74290917632600805831 2.20545767701855766063
4.59773468321838585382 1.09535933366520676913 2.84198103657103562369 4.04929231916789511558
4.99282142282561292035 1.99393852880108624070 2.13638616294049032973 2.02671987402657460819
5.95797933166849347231 1.44989253669158024707 3.11843409005544769386 3.98385183984298363313
5.93256308980369695405 1.10203099577375196461 2.01973818070298793970 5.15368844525731173434
5.35219813449181636145 1.93126598860121134749 3.74741421694689380573 2.64150106270322293511
4.09124745843592840799 1.18178067827356425568 3.47152817053625817323 3.34156244461837825810
5.47031453412126111857 1.54559551643027637269 3.22129034259050417432 3.40227287832450020488
5.17331970668899909782 1.66518208874357664939 2.46484022311695527563 2.83327428639583356329
4.59905118846505889252 1.01766883675682384691 2.25365497645176171559 4.29883181372928557806
5.83250681412278204618 1.42127092622310335912 3.26453054279674814708 3.98929421570774955796
5.57339850497073552305 1.44693705329064759013 3.67978706550465251013 3.75605455790972220242
4.56357899016831680683 1.17342463572153299367 2.65973448562213121704 3.70540541184047222956
5.86511687063382236573 1.19882662127377681571 3.13665135278544360276 4.78876195063030696275
4.34815715058017993044 1.06434648500802708782 2.00639101309468781409 3.77330547848857644766
4.18450273706725717204 1.21532623321584298814 2.73273966715893390500 3.24552021368904819454
5.79269992600274630234 1.74743717749576177312 2.71050358904389687709 3.10574244735768489889
5.79670649848677843607 1.28294317543295455231 3.18305702276198010381 4.40917318003072988830
5.06991395673056821636 1.22865492533811826448 2.57865883612616286769 3.94244318503541713028
5.15958148486742107508 1.07627411251999505204 2.32109628641227683232 4.59889163780423970707
4.06384231041460175504 1.74773436206764865020 3.20490194094870650687 2.10848291560576761583
5.40911845949151537383 1.52655977745260251766 2.19276145925601939624 3.24076996381491788668
4.48085756702976389931 1.72740271224220398594 3.57396134025739797835 2.44050815327000236721
5.49465457248478905683 1.59473341913199462283 2.67287231610475028987 3.23882645746893871319
5.79933224648824996450 1.34179848377894295197 3.08453500153135529160 4.20033999691074111382
5.37774473598738822488 1.43506467876799614913 3.77113613551125759216 3.65361827158150997974
5.90824303610682743937 1.74536877494439357505 3.23857077402223492157 3.24312752519150482300
5.54201133600701645321 1.71169391566987894038 2.97556530278655184674 3.06075496407104452601
4.58580761408035542104 1.57234603443186693461 2.96622553333952954091 2.71743599769148902467
5.23019652354656550131 1.16031542824548594695 2.80334761641249752273 4.36603521974267838601
5.42439637128833052060 1.40159118429288431784 3.44142085982142331702 3.76096706994863660967
5.93727630136626594037 1.88246264206998281665 3.05210151719537314818 2.98130466961657480951
5.79756738793744652583 1.90613501504154703170 2.59690246088162624005 2.79059507277583085383
4.47332147266652668804 1.21502311553568675961 3.91888668715469146164 3.59333947853961310770
4.86517397767920467544 1.12984656736725286308 2.36089137696911244291 4.09528282640391960712
5.27871375326693481611 1.95913825605635016913 2.40862164234306419530 2.35766731157948239428
4.27196971121610680200 1.84897861802217122751 2.63524887763485171632 1.97913306748207018515
4.26138361387944275549 1.25364792675266079058 2.14724532020099356799 3.06820259991558597079
4.65554808563461630655 1.66888681715969156016 3.20379795008885270846 2.61158859831291190190
5.91779635310443996588 1.15777801292381576914 3.18910163851360151099 5.01551223077407737350
5.34773916953634653737 1.88708015922647698304 2.87868263565547222171 2.61530419124013002730
4.31531550693477417013 1.82050175924199164612 2.06614947693995354427 1.81847541800518719413
5.89720636012592791531 1.32978288168933422853 3.92428980512299974137 4.36185789276098923040
5.19857315604452807634 1.14456176079697957704 3.17153215434496349445 4.43264546437318784911
5.82240708491174885353 1.12245553056761271371 3.16470588977631983596 5.09133092471621129249
5.62425790130359803953 1.19435731347973228544 3.52808943986452394626 4.62406836071100268981
4.54639168980394536845 1.54717467861243296312 3.09044390756476117232 2.75707796007702476970
5.09633455440274651949 1.75109310860278610811 3.38815788799807648957 2.75871744510594396615
4.42492384722571330258 1.92995973834018030857 2.01477796582018031657 1.68088816013622954770
4.50914781099178707535 1.22141899685823562827 2.24048002620680808405 3.41507071699635655904
4.63103937981940738666 1.20683826878635014346 3.64112842838953953972 3.73907501283949450510
5.45629866450180234239 1.41853791644633409064 2.44383571404047739151 3.62524831779643585961
5.82683214863194898214 1.68715813395967773047 2.41433350202244945137 3.19912831421082621830
4.56329735299093997014 1.77389357901004807161 2.73797239683657434028 2.30240441247679950010
4.24508525978135686785 1.53867370480445453396 2.90386230836273639966 2.53795798522402238362
4.11933426280777048589 1.40955055167719978115 2.46721811597055218357 2.63045749074415935453
5.82083015504840517451 1.43408231012999953791 2.76755318219916279787 3.89695898199169565856
4.88515254485538008566 1.30099420507435614702 2.34137053673399453402 3.50702135841401174687
4.86387527778276940182 1.92853069801443410825 3.67870053546189534899 2.37307654221072716894
5.60130204686996080454 1.98532305366798333957 2.54588772566729026892 2.53718790298221907875
4.56460023938225933904 1.03212164106794856977 2.79653736558578813742 4.27748420230840498135
5.38899650197007673569 1.63025695767665546043 3.00699720301199091566 3.13616705587087540863
4.70716415055839032533 1.41523703229155328742 3.41595659233004678157 3.19638308556655825754
4.90410621486102638045 1.95975381040676888134 2.79048806063552756740 2.23485512392160190487
4.33448186746905328448 1.93426711301854536984 2.44414937529741660427 1.83560958875863833306
5.76067453027969822443 1.78761288658220585113 2.89254262847690402083 3.03401106911909757002
4.39428282790087632037 1.57426122233085030722 3.20218026294662472253 2.61323698409146709665
4.10393923508878000206 1.86336809981594209162 2.05125436596758170538 1.58273965041347697280
4.75829303103818723741 1.95831191446905306108 2.55497710143021450335 2.09570653931670891623
5.54558193184497127959 1.32751226917217790557 3.15587458617883243051 4.05708070081470140167
4.98362615187321367216 1.44929403850650007080 3.67531745817129529286 3.33072303265775948589
4.42162700907570904718 1.19334574385720726397 3.26093683269657041990 3.57779637637300629294
5.76466255531220461705 1.62646366538943709656 3.54379515922342402945 3.43163461585538387411
4.41301329821086962824 1.89867962801189360533 3.51020122910508458602 2.14502907182365154526
4.61250867760887484081 1.76906906219440607231 3.76798542518017498537 2.47040538762992722965
5.59546943824415698998 1.97942440819110210271 2.53079678097481419741 2.53967576826766094911
