2.02221212388044246921 2.57164463208442484188 1.02775885035152514391 63.58523827253304716578
1.06347208232063028532 3.46427502141475862629 4.63693137194481685981 9.98430068685834015696
4.10094686202457214819 1.72950838214090829581 1.99780010915272798755 44.61333039613354145558
1.69510850680455549266 3.64230281396813415640 2.56823602441219112080 30.20984404313855975488
2.91429996379165157094 3.10504969323099500045 4.68455610813518763536 24.27416082511660633259
4.38946971748171677064 3.34729955810778445624 3.65369515607752726183 50.53406003924084188839
1.62691841087091937368 2.44999004325736136067 1.53087161702075746916 32.71908772308325552558
2.43318555402086378336 3.47544620168589091236 4.10337921548015671647 25.89727146673325108850
3.93752586346020017061 2.50729151385178949951 4.35370055341563855222 28.49571504226765839007
4.35328330640731575585 4.90917000615160681321 1.53929869418657494506 174.46646702488294522482
2.29187234577313336814 1.66465286124494671327 2.45262612803347757051 19.54756290700313670072
1.62537209035898877474 2.03775424881449351844 3.97241932768208361182 10.47754134345039744858
3.91634081491334695713 1.00060355823200497483 2.41220309965580570477 20.41448904901702476877
1.28992824130257988102 4.52220206316608930308 4.53772876928328106061 16.15425170407766231051
2.63306658711633456704 4.87608503225484302135 1.88167387617950687684 85.74298941738898349740
4.56433241585225601966 4.06947191165639665655 4.85508198447516381435 48.07603220817558309363
3.57836226086054765005 4.15526733243365242743 1.31219424925348304711 142.39508806467091517334
1.87298522449261417577 1.45118971193516621554 2.94810810142360102404 11.58577264990057997807
1.35334208224511254315 3.68527718890884470326 3.00067662347167907200 20.88663197476742183767
2.10082026767950091894 3.49207615135311577603 3.52064062839751601430 26.18549402968130479508
4.50577014711375589684 3.58252798328487553903 1.26884459044143582673 159.86745313447312355493
2.10234421103757718186 3.21012463331730435456 4.32941456093347021294 19.58873577161423540360
3.40056674974294326219 2.52590778210417177263 3.03401393346549586028 35.57632534461880879917
1.79506365641922505105 3.04034259496228687070 4.78943491812706945154 14.31950369764800612415
1.35418759909385810758 4.55671605984917427179 1.62980152829212432408 47.57797384432615928063
1.12042585716018683328 3.25884176545037451689 2.99529111048770468884 15.31853463868275788684
2.30230457002636379471 2.25290476308304876696 2.54210148536333502278 25.64026966149196340439
2.84113098738766023388 2.11818953363142403745 1.09309919504282815339 69.18411091459701367512
4.56504980611360444698 4.67582483185526598390 1.61354663191906322339 166.23868548676898626582
4.91783046139605595215 4.51357746941143744834 3.47919540580098773930 80.17251294814658990617
2.54161307505609013191 4.56077918911764612631 1.72277030908612838189 84.55337900627557701227
2.09012758852347957372 1.91133643637175953955 1.97487192824041057904 25.42031126873252588894
3.17210647609661666735 3.40814338369571334653 4.01540074537909674746 33.83347320589534490409
1.03804228152137101304 4.58071289959862326668 4.29401119470748859897 13.91537159090586328603
3.18395526045882037991 2.89201230122329278061 1.53447396092253551814 75.40800190725600771202
3.84483128291336129223 4.53586811372978715440 3.30243994823756636947 66.36095698851246993399
3.17924311309408036408 1.16566942936737927283 4.04070153406850174349 11.52529996881897567107
3.22507295697149265479 3.15081082120237754296 3.00749955336996865896 42.45864834616963179315
3.12901778273929087604 3.35681751624573543324 3.02706524337845905848 43.60375055549644685016
4.16179146302505564847 3.41824576229548116046 1.42201047955813209001 125.71603237672516684142
1.13231939590129249140 3.00572915895524994667 4.46231262178153365028 9.58448235427370498485
4.00962713145885096822 4.12035632637430815350 4.18939436509035445511 49.55612994067006837895
4.15132510075511795833 2.08902761074982423750 4.37419144359851941317 24.91397376625241832926
4.03362957917871689517 2.99746196484596394427 4.34536832125839467267 34.96495423784492828645
4.81292773283028907372 3.56924522822916845399 2.73714099466181703946 78.86756331017302557029
2.82338976340548875044 4.96278242223722720894 4.78208106311925540410 36.82044232366438052395
4.54666099329442374710 4.10957808991740858318 3.48058757787757233615 67.46011996011431222087
2.91789193853499106979 1.88859996313883815588 1.81509706025465078483 38.15216535074983994491
2.15161530176862614283 3.84039637258161503652 4.56340781707152132185 22.75418354886143035287
1.87375430625724881395 4.92384602105738267142 2.51178691907585527332 46.15770176598184804106
2.77118555925471765633 2.89560701936903397424 1.14540703090803974717 88.03497542890006855032
1.16869956964209187333 1.06284641588017603198 1.51314438355495717303 10.31579944772095736027
2.39916903272438819528 2.31949728154433776339 3.55747429083345334533 19.65725216225230198575
4.69338220576432796349 1.35035577437487797070 2.35953639402766723876 33.75338335704140035887
2.54407809084572011926 4.90810446221660612309 3.85973873576394899132 40.65333614462846156812
1.20568237701452751764 1.92049260019422129986 2.28107448693214154289 12.75604222297968526334
4.10461151586337624764 2.04887097955937091953 4.04946541608145516022 26.09749602426671089006
3.08096963190482764361 3.09030996186653839075 1.88074788556226168978 63.61634905479298396358
1.89623815669619011359 1.23100538125994729555 3.33778902767418816921 8.78827855836371618636
1.88617583691174628413 3.48944755842593989925 3.20349573434856571552 25.81811713407450525892
3.35308449575674494270 4.25214648770247638510 3.75013660123738512553 47.77662767942199195659
4.88291934014630868433 4.21147585823627768065 4.61297657310772368788 56.01991954850354460405
2.25331819653792697622 1.05558126474346680723 3.38101216839461260477 8.84051015738623746643
1.47410334050537805695 4.59885632371048025391 3.37742547764796974263 25.22329741982447970372
3.46231634802621979219 2.47119434409507343631 4.08586302211111451754 26.31477789600821992622
3.54611069230289466248 1.85347155381969130872 3.87507824722809113283 21.31412953019446732128
2.56143268806961010853 2.56415536716062097966 1.80469961658037059138 45.73326648872895106024
4.02545661868154702745 1.82788542343137283552 4.17026077364013314508 22.17230128409450529148
4.54094840406256938792 4.98947454501864484655 2.02346653115743668749 140.70684242942553510147
1.45184120996174215179 4.51514509289816867721 1.90939303314391484179 43.14250526170373234436
1.31341086078778168655 1.30330886933474099365 4.49413268248368336089 4.78643237993258008345
3.74030487236296460551 3.70837988072809432438 1.35897405896167811079 128.25961044685277556709
3.75532285540938559620 1.88004467392239726919 3.11676543297627040019 28.46565588814475233903
3.25273847060475329585 1.56574047903153523720 2.51008910425027753632 25.49703330142430957039
1.74847915422813526831 4.37134326908380543841 1.31081806825722368970 73.27280470991773597689
2.42064638510220975220 3.74507417065378378496 3.77415329105692931577 30.18436910217023338987
1.56236691241521397089 3.68744122107301031122 2.52695813084882381361 28.64969197677983814287
3.14689795519980242133 2.12308958619761867226 4.59500693736049647953 18.27151980322812718782
2.99213072309825101058 1.07576514808203516083 3.67052001220210799559 11.01996718912915618205
2.87069241646228912046 4.44269235712628507429 4.24833980619065698647 37.72450239937799665313
3.77841506458726961171 3.77372907136138335815 2.86889209963102631562 62.45626816839127570802
4.87329571627440394366 3.05682034385082346262 4.10756785018171655111 45.57406827760993905940
4.56784445259757543312 4.44222786450921525159 4.16924142874767866829 61.15964529399573734736
4.87066600195413101915 4.69726576852831279041 4.18019102255314045635 68.77763188660793503004
1.69932182147420007823 2.79843348859865415079 2.49913335572549311081 23.91173321793726458395
4.15823184104110055159 4.50764919682001519163 4.92668896928065613849 47.80942587753315820009
2.79634820703201203429 4.12182408322012960866 3.75835153428852430935 38.53835447955821535970
4.25686213285183967514 2.24950069968244337204 2.05966383804409103320 58.42372419578858000477
1.49627424254127650016 3.54263751141457428062 3.47914432332434975237 19.14588015411138499644
3.82946243358354720954 2.32271738609877775872 3.76667765392188158557 29.67464913675366844359
3.74454489340649931961 2.07195562687976364558 1.48640781908410346546 65.59207572984877288036
3.32942222902397411133 3.85834591518298930524 4.17059899899052410888 38.70628279670592064576
2.50788821891866353653 1.82777798197017249393 4.58790426876911539011 12.55530112824282440442
1.34553099289092337187 3.26571376812337854645 4.99854363003796997589 11.04684345719858917789
3.66407395411675640418 2.07881029357108904065 1.06917046337133969658 89.52451993105697169995
3.17660869401262901945 2.45928273713007028434 4.34236313795670625382 22.60767525499551666712
2.48340651519449329143 1.38249027039212446510 1.75579732193363957649 24.57227581292989526673
4.93885648039826019584 1.52332724262271446136 4.25164472424529993333 22.23681137351725567441
2.13333438670912567403 3.11608525711869521757 2.24431265304093185975 37.22157717619449357471
1.87014253054729007175 3.64443017597700036347 2.88704786633314869349 29.66608389533962508722
2.60250057297114079091 3.92229059063395535389 2.65032842220712172576 48.39948827816830601023
3.80996365567196715318 4.47355231747441095536 2.66498406575718993494 80.36900671612703206392
1.61122971100592016214 4.92721493315461067652 2.20683901303322116405 45.20621852712518062845
1.84176290752983096155 3.20618410010031551494 3.27434959818761450734 22.66245713393319149986
3.49347970075099700793 1.86773101081166181814 4.49291250793500296368 18.24964648951397805376
1.75182951002889364389 4.33355304428713949960 4.00607803099120474144 23.81367457305556456504
2.46902385533702517506 4.03999495359010296625 2.57959434719521452095 48.59197555744055563309
2.24360319853130096845 4.84911690002403084065 2.34210473948169806135 58.37303248879715056319
2.02134802951199166188 1.58541626852509365264 2.94530005297619634774 13.67302867481155992380
2.32055663592072525248 2.56927364414817738236 3.78608460469953067573 19.78891958440308940226
3.63400885796819306250 2.53569327517686948781 2.65097115261608928805 43.68049614063887275961
3.48250878674200192719 2.43231983153727959746 1.31957056796074523319 80.66593002466537143391
3.18433659735124141577 2.35781321061289883545 4.09323504034024487908 23.05003268847377384532
2.06617532137944293069 3.06665885989856423777 4.19263368174243833408 18.99133882525342542635
1.60889339276718734695 2.38911947504391442010 2.86166705900389084505 16.87935691100036450507
4.71276160255011156153 4.02055005045047053613 3.34286640257537692733 71.22817020495232043231
3.66104423405601897556 2.20762875608317532539 3.42910830345535844188 29.61826952000027546319
3.79670058260044784859 2.32087027260779610316 4.38689876615982043973 25.24116909146531639863
1.81608358774885436659 1.10428715549066192025 4.79568094006086020897 5.25505707070210004161
2.76890450487917982869 1.05163336621649250446 2.07066074700196312008 17.67149320610329965575
4.11039009396700283361 4.83575861869471257393 4.94608599419337480185 50.50052068745230116065
4.92867816008776760128 3.57585882628104156922 4.60397802557064039775 48.10469290094478367337
4.15325332511901734733 2.59712408537286476573 1.23255985328263495404 109.97221372872384392849
3.23285703906434385146 2.71503978619486741053 2.14563612686890436976 51.40631690482619831073
3.54925093741127506419 1.97654799081751653134 1.33968007704039715478 65.80408193098536173693
1.70709379847740594371 1.91932433857170181568 1.53013595442382488443 26.90825899011364796820
2.46562753409143242678 2.97653649872940651022 1.21481105072911965692 75.91713562475649723638
1.11877859405196744547 1.59121772795674276679 1.82334356270285358192 12.26916798961739019092
4.99645289185756880102 2.96472362937013977913 3.96392330064306230852 46.96027520031748281326
3.54371720378764409887 4.14103156016027185160 1.34230526257614446450 137.38084033158756369630
1.69446545222255506857 1.65912599213924538688 4.69897547934905901457 7.51828476180034677157
3.01870947740922446201 3.13564716401606835561 2.18836852036560047807 54.35480118938791349592
3.96781894378719623973 4.76615269094497051583 3.42482359599079666523 69.38913204029994119537
2.74051930459943537954 2.20663135405516674936 2.51176166189354965752 30.25478612019300328484
3.96562393652294886692 3.87907472456309632136 1.39642272698018787835 138.43076809994130371706
1.04260965104048297647 4.22518580754506256625 1.63795172167792291162 33.79685746948700142411
3.79685511137727038644 3.63534557238176914140 3.44143778710085079808 50.40105956002263098981
3.73635512364956445808 4.90356638719136750382 3.04631420776348127433 75.57799644048606069191
2.72747225018182115619 2.12547143632724599982 4.35316094276421594600 16.73480875902083653273
1.08613079761840980453 1.66100925459681203478 4.34166145971131633985 5.22165396724572072884
2.82164850036260217436 1.51008085334608344041 2.91662627596144918840 18.35828859395363821250
2.73384319243396589627 4.09521614819645662919 3.88909588938598593799 36.17525844939135737377
1.67340334697895665172 3.36311617380850469416 1.30866264626905293156 54.04115974700075497594
4.33761971463783346792 3.46930566372301996125 1.70931242617296152986 110.63243046387226797833
1.34639678412143393160 2.22182640350074178670 4.05588753467833296185 9.26845080601407111942
1.07759001459779923948 4.00763273351687665524 2.77114343376243832395 19.58359108270449056022
4.69348291762571978580 4.98102972764077200907 1.02226548986821530463 287.38264614630043070065
4.72487652370630240029 2.88951720303835291048 2.81938782987033542682 60.85143036965161655871
2.16689542028961668052 3.68752108214861173963 2.35788200050910790040 42.58535387448365128193
2.28074651870465094916 4.12592786739209493874 2.15426795253115788142 54.89196716469773207336
4.71929475325805380947 4.96712342385909710885 1.57868540346984342904 186.59342009659459904469
3.89549204049656205839 2.65945197974710767497 2.37738902873940149973 54.76008127799497060550
3.86831729793745582313 2.68526086630738136662 3.64030536751377686855 35.85755064456903085102
3.69813472525068576147 2.32330507630366112082 3.93395502469940483437 27.44539234284463447011
1.80778291847166894257 2.04327384170511683337 1.40043661842986288946 33.14509434340855165146
2.22063768969418351418 3.02213039182384957115 3.80026297047494221459 22.19152352056360300026
2.98460604832692455446 3.15752088950653009292 1.76996066983314870313 66.90822291754319905976
4.93588478649985962221 3.63929412481669700696 3.01620634536356790889 74.83951854159724348392
1.63383105865253730471 2.98358366506413119623 3.94472041695458530697 15.52883961442163496258
3.88484062996128631795 3.65823755651929438670 3.05823539128511745488 58.39612982082090297808
4.03408609795673456233 4.30148569442066275315 1.84659238773441813919 118.08710317621017793499
4.98663050663485218905 3.38968733216617890136 1.36426779956354105039 155.69586018451005315910
2.16391825511407009941 1.98438328436586886028 3.08519060630090757869 17.49017981361916440619
3.37648445303220778868 2.01104754224083182024 3.47539938176825646821 24.55230308155174512308
3.23972015724536532844 1.83800692921967812055 4.27427805478808586770 17.50659704114839598788
4.71513175783823967890 2.50863136787428997465 4.59847773028146278307 32.32410120112773910250
1.27202313929535160142 3.23410884849370239280 2.57801423915922001129 20.05276186784462666424
4.57911912394081088706 2.06301528344809748106 2.35875284465604462270 50.32824821998632103259
1.16576194270025990107 3.47919686252297966078 1.54720996085373707629 32.94196395319028880522
4.46774783049036905425 1.10118409514997184218 2.18243872547845274568 28.32803089989649336644
3.78377003963002644937 3.04703480206562149490 4.15934030901413542836 34.83273355585293273862
4.26457583068236267820 1.51274141851188748120 3.43812112973845707131 23.57920888301093498285
3.73825258226626733205 3.31905997108695904885 1.44329878845898740281 108.02825441366189807013
3.26013990132273434597 3.61386986439105184488 4.55748993649005917916 32.48574959803104889033
3.09054796945913068384 1.04491221406923084913 3.30946069540465437342 12.26218688915670362860
2.19197496971347449701 2.15979203535637642730 1.45824054788002710481 40.79699918794960922241
2.06324529380281429525 1.53532127072331592288 3.55147242024147180572 11.20860456155116402499
1.64298665071582217223 2.71945483543036958807 3.55813610284650261306 15.77986171350595512308
1.26761886740077622804 3.23461432863681874750 1.34942409542868979599 38.18322477264297987176
1.12090477181536973816 3.07020569471531157291 2.13684891016092937122 20.23821658261669398371
2.97390719931185154579 4.54948119648847359997 2.30194788036441666534 73.85904099251270338300
2.16339780361984201917 3.90833311270833094753 1.99564187608508980531 53.24210433306188861025
4.94507567618741639137 4.70109637057419860184 4.71906325595266018524 61.90506179975878353616
2.40478842936228121019 3.70495599642579120925 3.05748956865697962826 36.61885898511329884286
3.22286653015318691473 1.01810718198659388989 2.88975795454461215073 14.26869377430310770194
4.26892580662165421757 1.27895267169366677606 2.54713029623706921356 26.93591810103104577934
2.59696786058318584978 3.19139672862314949242 1.42902806976483187640 72.88136113884318945111
4.30296524629215859648 1.48216257709106047358 2.08029341866458139521 38.52555917642189342587
2.91754855996715312116 1.99884295895566310719 1.03654761972986531049 70.69966781383908482894
2.92660617274585055370 3.90443628010462440159 1.12828743558162836180 127.26610010171636133691
1.11976199217564564847 4.05296499268647814063 4.39287309267455317041 12.98254336361608629602
2.33299681036234618503 3.98907177224599918119 3.24996267646851544342 35.98466681841483705284
4.11317703031522619028 4.93532539962527572186 3.98076369458027512493 64.08208891728122580389
4.92638785786348876172 1.11141140486806166976 3.52276228730199614247 19.53124715744785433458
1.12801187072768582809 2.35458765324260754781 4.45681582024902667172 7.48882547077154026027
3.30674958906202354214 4.26529725887054667055 4.28288194361747542871 41.38322883293545118022
1.67679573471180454192 3.12655400760208790345 2.64320020395731081209 24.92446818257172225231
1.01721519560206363764 4.95214039205288791834 2.09903616012747296082 30.15752741854558038881
3.08316701265080617134 3.94020655250541862458 3.80160909846306660498 40.15673968273729599332
3.47109755426511235044 3.07129861429584893884 3.44415603973732276089 38.89698220313693610706
3.29368327242240788166 2.88465509024901312074 2.74405242159980922168 43.51041120490102542817
2.42428098942669922877 4.42935199503785259623 3.27159488104878581893 41.24520764863503075048
4.08553755203474278090 3.45350187896758065165 2.99065250231577461903 59.28609068973584328432
4.33320778751033230947 1.59767992671866210230 1.41461073701649908685 61.49958818474207333793
1.68425011140258895637 3.77721266078200113014 4.06352777392638131460 19.67363695930805533862
3.57585317323789508848 3.68824850543285132076 2.31501031906783572012 71.59072919612502516884
1.66887053282706210311 2.24664244925230782712 4.00852271694589656903 11.75390352357888268386
2.48811339531468389552 3.93578008774110177370 1.03927486547293357333 118.40783308654852135078
4.19658768999053144455 2.25316450242679922056 3.28753136137239643233 36.14341317549487087035
1.30759187682407329589 4.38918344058806830787 1.23079455788717995190 58.59765584005479865937
1.29980051899181603403 1.62419154907058160831 1.42447901644664653986 18.62377689559757953930
4.54514432096425213814 2.25030491403961896424 3.29118309754244053877 39.05232244013803466487
2.67028368049022457598 1.58430264568374168377 1.62877053422962481122 32.63965119841508766285
1.05291128796130140088 3.30429156140397140007 1.29727456836080978775 33.70141243425992172433
4.43724599084674231619 4.23225786977213580542 1.76481015486607217824 133.72034760213011850283
1.63934533461996778669 1.24815076387932588631 4.98840515401087536418 5.15448927930100264660
2.92527378994313336236 3.29152354463821561481 1.15096224654985368474 105.12651599813780478598
2.66401994908345018942 2.48083618938519823161 3.95995887639067634112 20.97271954755260736647
4.61230456480859629664 3.84558987078970915263 3.01278835884059814632 73.98133807860583033289
3.68238658300181453953 2.18423735902267246445 4.40106196682666883646 22.96580066818861709521
3.22083196180659259156 3.72442843833776571216 4.25289115149284313588 35.44486265682932923937
2.74207354086351573486 4.29039889471389201958 4.11296257570487533428 35.94445279027787165660
2.68459449622976542571 1.39605988374991829559 4.73039716841289781257 9.95623184373985736784
3.83392974172980505188 1.35113784799496183808 1.60228531370268933998 40.62691276370622261993
4.50039973666910420036 4.88182635273368870088 2.98241020943498735818 92.57120238290791292002
1.35122202032203553301 1.40063333323238126127 2.00130553694051593894 11.88358943568577075212
4.92988270118875426817 4.25430246721001026344 2.77097860033796106194 95.11338581850776563442
3.62301789387260786413 4.15642928033178460367 4.17939736860162813770 45.27798316494530439513
2.18942334205331823327 3.60651521263640351123 4.54173250425843111344 21.84770507069382716736
2.11362581325714904423 4.52708969461205690266 3.41431233910382081476 35.21711859867543381597
3.59655940637348914279 4.19970131096092202938 4.55805505045873982084 41.64241806530301914790
1.23559855756366543389 4.07513223445018191171 1.64434033047341054967 38.48019406646125872840
2.15534074039101763987 4.84437442412661045665 4.16635026255357843183 31.49254268438697934585
2.46642780987626952793 3.81170188484245908711 1.18111613878002508216 100.02408696061056048165
2.78197089066916580791 3.91887163939875238228 3.78800125044191382528 36.16707363412553632998
2.61875609955643096072 1.90739145911613450224 4.83292173340112185542 12.98778191337810206107
3.84601180834472522463 1.30643509937884605421 4.31817789613107549940 14.62203392513944244513
3.94095446787079906059 1.71886196301733962244 2.30428929739514076758 36.94156411970747200257
3.38211328988616655167 1.12488321000735069788 3.03835611526103033242 15.73500100082516794942
2.34119925730083933146 4.00988558228607061551 2.48216242536988618284 47.52805318241416188130
3.37705078347827170049 1.56914050112051617347 3.66092716848000110375 18.18939267622951660996
3.89965875110246562585 2.34207536020588547032 4.38052326170820016671 26.20060639992955486832
1.50284606990218216893 1.62946499187940219144 4.14762672743378946194 7.41941619828219067756
3.53363741972213274423 1.19673566848369805626 1.90951137632611223083 27.82965576734955703841
4.09478803983200467798 4.80898783127231777001 4.55250072524721449696 54.35568142638681621293
1.01161228695323224258 4.72235067908177530427 4.58825693494641662085 13.08381709653752267286
3.59566228095197892856 1.85494455133160895954 2.32180372450699357145 36.09891816104867956483
2.01375741527476614934 2.55129469273935649554 1.45992509995489960772 44.22288453486579840046
4.28603262373605709001 3.59370038668461022624 1.71784825937281837582 112.67366046812642821351
4.52222020029232574245 1.67820333540299504449 2.36368256953850153224 40.34753406545567600006
4.39741283272472571753 2.09688372886953766638 4.02939818882775391273 28.75684696961438291396
1.53201774071259588794 2.85273937240334296561 4.18934851477106207085 13.10959464996565415618
1.69119549733202934050 1.05259731988727978091 3.01626214739078735150 7.41646332842135080909
1.83546798216508433299 4.20639375337532506194 1.49664046131960359887 64.82598417156556536156
1.66952720549130262384 2.55533497855829949685 3.12157258274299520551 17.17424945312914275064
3.44115754414145991191 1.00118527351931563274 1.84734838341277729512 23.43581538214845139123
2.27863968139363803900 3.07615830283955737912 1.25322224209117161209 70.28555962084905672782
2.06393474189440784272 4.94846356598032421914 3.16433209197375564514 40.55964515269357661964
4.51053121907732190721 3.78971976178129743573 2.24601139389038984007 95.63848732164082377949
3.42687264460523000054 4.26729853086551624841 3.07737361059711167499 59.71461405014704837413
2.38339054054092303048 2.52754366969784705077 2.88220883674567796007 26.26505398864940588055
2.48428425526280838298 3.94765560431995554680 1.63119193997663725071 75.55189149154382732831
3.94672394154380024034 1.93539521508628897806 3.10175260056026846911 30.94632784957891402655
2.80396338482708529227 3.02294307425399333411 1.44000406188191831802 73.96877970255435741365
2.61728714889935032417 4.07533119032679458371 2.34791849444332356711 57.08751363976308113024
3.25481977003051747843 4.44001850296472078128 3.08191441409974498100 58.92519321183136327136
4.08576572982740948703 2.32455234677579802849 2.38071880300952631870 50.13194492759901521595
1.83440901217466301176 2.12879905547124259613 1.93022149390827779669 25.42339592208588783251
3.34224740445244306031 2.04212898611947535343 1.28245785491929664701 66.87880840529241766035
4.08515305278056217730 1.64813134282964046662 3.66131079554987248770 23.10858847940379590113
4.70306044032404635402 2.46055000838112647443 2.58862062537652892757 56.17643989874851939703
2.45191531610696200616 2.08175026803516516338 1.90419540750695670539 33.68468158277182311622
3.65473169815460430243 1.27435804669301244729 1.86170179853789496960 31.43740653571017773515
3.40733067598831418366 1.57822707086624403061 1.38795801095169224482 48.68748125207720534036
2.01808798667687971928 4.54777565872455635798 2.02601090873846612084 56.92554727733346453533
4.06222913513994576817 4.02239391658713962840 1.38264909985006134718 148.50699305478565293015
2.63697834953467102892 3.47242765495688221478 4.12728272040159716028 27.87952789482966764467
3.85749760881069736485 1.40626481780896162022 3.33898502249275130893 20.41588309587189797867
2.57778707061382217347 3.98665953433123787519 2.74203676122698913886 47.09694968097738865254
2.39648400570149489042 4.90427305785783929082 3.67066944058999267142 40.23590418532361212556
1.05036164853437297140 1.60125941594556264747 4.65173976375928699412 4.54354680316999637313
1.74163536974407184843 3.80998875727121033563 2.98159678972140884667 27.96674238544781587734
2.23485954947057230413 3.82864996761137188486 1.03964647544391386447 103.42370136092294785612
2.30071681572423525353 1.41923572630609262646 4.11157715859560290994 9.97973756997451211248
3.66220525994965928618 1.79577525424859807401 4.79367458658014200523 17.23994911724948408960
2.00465302309618742527 2.64569438856055416665 1.03057450538730854817 64.67096760805051758325
2.56074699217314893929 3.50038495134087490612 1.56019952811397422110 72.19584455047129267768
3.63163553473214717471 3.87285045307432795880 4.36057255942264809789 40.53212103342318783916
4.44443871390238243180 4.70616687827863167115 3.67716237885183394596 71.47946622326945487202
4.07859356091707070391 2.17117317669930676161 4.55003125975161726302 24.45684199981814543889
3.89220557207022155310 3.67610254422726390189 1.93023489021461136517 93.15004950027599761597
4.59909281025367455698 2.06925884794103076558 4.36219145689331533333 27.41524527964722324214
2.09767374637332038034 3.11978733203619107428 1.03787244566042069494 79.23714426290695200805
4.93745150832582346823 3.71478214097557746243 4.80504328999806062939 47.96768416811815427536
3.17916160551859006134 2.56349394374469596869 3.57995130146010565042 28.60735107247933228791
2.86965995707205490106 1.01069199134300236054 1.88487911658453510810 19.33640008431838452907
2.15443667125834181775 2.76879114009509752492 3.25721628158457132685 23.01373968289336602311
4.26095420204491848182 3.40347614554753796767 2.62747668366868003531 69.35864028669521985648
3.54256572358108590137 4.44400150875130250938 3.56278954103166034528 55.52797159944807958709
1.11131739845768962027 3.97635348622644579919 3.00379781697874159718 18.48682223780217626086
4.18258990227738536305 4.83894887169325116361 4.98089509616789349877 51.06211354328781482081
4.31584511687230154564 2.37472868541437387435 3.63085041705581046401 35.47164715378333710305
3.42237874383518692056 4.64811882126740361088 4.65208074477242483624 42.97025306336451677680
2.15141512855325967024 2.56163507857585504013 4.61160507579243983400 15.01755514914389699754
3.60551492187611177798 3.01865175855634682023 1.25742874546916105771 108.76941463064460435817
1.34983260837680818511 4.86583836684142312379 2.26447477802558205795 36.44852600947580612001
3.24184661626212289320 1.72174843414196976354 2.09268228612744522366 33.51727675988320953593
3.57157904395950698273 3.41411896165016948146 1.01518369607156033751 150.93993039887857321446
2.43408045198973166379 4.24331837102713116394 1.54325424385185394627 84.10327937556772326388
1.76367857747050882367 4.52762602626240706627 1.00185585263349619112 100.16006828223288493973
2.95423417473972316216 4.44218545433443079418 4.37282759526400433003 37.71282904992480666806
1.93924836607392325760 4.01094433538150241247 2.98815445994106454464 32.71047798157507457972
2.21133818002582893669 2.97175409460917228088 3.62918979006989372849 22.75454824473316506328
2.01808701667760015397 1.19091224073366630520 2.10072821801704368028 14.37671430281434048482
3.27241133323892618989 2.04434112681682123025 2.16739048983476800814 38.78769342044295598271
3.96129726464921194662 4.35553274209195429023 2.18482224576210981581 99.23673608240447663320
1.69398123214756246568 4.31206451119459721610 2.16328865156579253082 42.43158315860765128491
3.60931006394761233480 4.53800091032250207945 1.34886611492886787644 152.59130608838228226887
2.79858569733601481033 3.37617313234507010478 3.63917914487218618902 32.62644450165196730040
3.20353793848396950494 3.67545924680672531082 2.86945956808294155849 51.56455065370484902587
4.42905317155696298670 4.08650159049808081591 4.24089376375245663553 53.63089407190661006553
4.23414788358389948542 2.59547736021522768013 4.41596485884781131404 31.27285437824991731759
1.02012968775657286713 2.87406844900608104965 2.70756752471347716948 13.60764783630133045733
3.77341718253849744968 1.17624745022433829789 4.48038964261005379086 12.44880307964089460881
2.80857312432393957380 2.12288402389014185800 1.56139101113789857678 47.98551869181662965502
1.72720554859961339389 4.30479174144628728982 3.50628131857556368800 26.64767215299054470279
1.80339380551858008417 2.63815627419991338698 1.47034342366546466607 40.66138543591590348569
2.22509776269180203911 3.67189629710303044874 1.48042479015980443791 69.35264346487201692071
4.33981864858759625037 2.41497992007041029083 2.88345892665853087422 45.67527809757666545920
3.53459721125417747345 2.84655490833524060790 2.81729150840127706701 44.87842155942623634246
3.22454596602203480415 2.71244633390160405639 2.38550838848343049747 46.07428904703832017731
3.85382841824756461335 3.16084746121716353429 4.74498491688855583703 32.26048858442889155640
2.51330734893039275946 3.27037117902030471939 2.34883050507857937816 43.97449222462155660196
4.70745897466130891473 1.16071201429013770579 1.39981468093602279268 49.05127986462554190439
1.25606127713345561148 1.69887746448596210769 3.56203656380685451666 7.52808256182424440084
3.78036498027722389637 4.84672610227640365821 2.47036373813934462262 93.20327419492713261207
4.34892698009685396698 4.26857750205010244571 4.19202321324700211136 55.64824494954561373561
4.28497716853110244273 2.29866702585738380549 1.05575625402124417818 117.23864205208330702135
3.29941309231752955000 3.23792637274463412922 3.76695413625654618173 35.63880997211381895795
4.56444959805320582547 4.33774831709312636008 2.11264657997511262622 117.77029932880586216015
4.08587140022543504614 3.22209168984723914875 3.07601844636565724400 53.78281341559923589557
2.92253901978537600215 2.22440006250020472223 1.89078342973067847765 43.20572462387854528743
4.31614285774531580842 4.20989783859476141004 4.72776828976885354905 48.29709933135778499036
3.74098090429165219817 3.46163206906226372794 1.21896681247147142813 133.50095709678018351951
1.73031870722582814537 4.97956920917791556747 1.65456631635986450846 65.44004078007550617713
4.70290212491366155234 2.03587466564863062146 1.23116548475285281228 97.72606473849424446598
3.29066070365098584105 3.38426819362105391065 1.08280438106419962807 129.24321031538630677460
3.01803263413086719780 2.69427657784338503433 1.27971454265087780655 79.84778366255224568704
3.57246272589930891073 3.66132937918051659665 1.45238821321977784606 113.17060951467044560559
1.12177992058569486744 4.72700027474734518762 3.73190453651574749472 17.85552515114261495910
3.29031561428723673401 2.48504128147504266266 2.72958168962992209217 37.64306120809665401339
4.70602453367319295552 3.22814345942890756902 4.38600281012617188026 43.52592125141860890380
3.01894052212067975915 1.58711034927431171582 2.78602806026933613737 21.61155707789122004669
2.36021296049437045994 2.19522939186760623897 4.99089051412297202148 13.04556583746918363431
2.39536752625352677981 2.29410956720561909350 4.40239153681915595939 15.68583031960137574856
1.71613577196236422040 2.94603462241015146006 1.43625002889268005291 44.23533331991625772162
4.59191510711853467797 2.20862617243155145985 4.64949538730938893849 27.41069880820724691262
4.07561502647972240254 1.55907153234400386310 4.47007916345804634517 17.86297728967887366025
4.23679755303052019144 3.66553567287831727484 3.86329729621433370923 50.51576065564713502454
4.72813841463183148761 2.19595122370670470247 2.27761607793745834982 57.28517120637092574498
2.95730434475214876144 4.07169658220891683698 3.28457887001937853810 46.06823760234570386274
1.82965161723417546469 1.93177225575315159034 4.51776857392770025967 9.83128332765498313961
2.26214728468219883339 3.73141360384547526863 2.13588754753246190532 49.66217643461386899162
3.22561197119863019012 3.22969246824650468852 4.00572970701007413652 32.68146496086745855791
3.05083730791031282337 1.63204626607973946051 4.12929907942059593040 15.15252605570317356865
2.77416428770484513322 1.52283034247425819174 2.43837170548231485512 21.77176570649438502869
2.09143975824741890079 2.82016350947128557891 2.31600450106090294256 32.00295740708158831467
3.09306310327506706059 2.76467120480569139573 4.87145533435983235648 22.05887748691919725275
3.12503199348349536280 2.20919961197964331845 1.69014461000175764127 51.33049182237378715854
4.78447939498712848660 2.39414472719511195464 1.36224968521824862933 105.66672239590046444846
2.89256649052681691359 2.81480223640973603594 2.32613723666946325963 43.98511873450901532578
2.43990019472564423353 1.80320583685667790164 1.05108165245903073526 52.60060932202670613833
1.51211778036642341405 1.66222859694569669031 4.42617201779807345474 7.13605100529426561451
3.94279505463964552447 2.48015023713071203204 1.66110845187854616611 73.97654915790975849177
4.77893880688500871656 1.52145434346607411058 4.44870482010281875773 20.53840282177144160869
3.53091294480428530278 3.96350291221094996885 3.11435434774914554623 56.46873139705699173874
2.43486059177310831814 1.91338819460579223630 4.94650082643918942438 11.83556428962316076081
2.45462645586640171302 4.31508376873507337734 3.96850415422367230889 33.53958360862223742060
1.39087598602897077882 3.77564259562092008338 4.00170871836584574055 16.49087411757261634193
1.71197353123495998872 3.39735015699761699892 2.49486783834540659655 29.29541645534284555197
3.46527119717507003926 4.33684352018285146357 4.11578468203863057084 45.88473192645887621666
3.42078678051049234199 4.96114302875597434905 3.24961313502474125059 65.62751434593322130695
2.32145655314094989663 1.46131717671082794752 3.95560640004284458371 10.77709825558654088695
2.58105581526009641991 1.16460096773936205850 1.01862428178073916030 37.08261757056884988515
1.33632558955394742384 2.14399679778804275188 4.62538192385654944871 7.78392571154833579072
3.99958884670500891545 1.67154102883715038885 2.21204355698264265584 37.97944196796628091306
2.10641889969607154498 3.30122206577105048453 1.73148279144937822238 50.46742735121236478335
4.83075433606623327876 3.99238649304581594279 2.53596651819979257425 95.56830395083775897547
2.86884290518143769688 3.86205061398695947972 3.06497633198899466223 45.42631073310523959208
2.41569572940954824247 4.25785614074855089939 1.40662601564949740762 91.88919228223453217197
1.99111452966399671283 1.03749931758147351246 4.95299525292452358372 5.24114305218482900983
3.27360375779384460415 3.37806346133127322062 2.75587681862976907610 50.42477592362804017512
2.82112660241376511649 2.49652325850516643158 1.23877736579848907184 71.44548604913353528900
2.03203385769681599271 4.75011754164950961155 4.06069697389528805331 29.87064348422749304746
4.98467802247580671349 4.66234819209350348501 4.52676556592619583341 64.51544179103775888962
4.19113892523890640973 3.55716962841871087164 1.39439496489422953829 134.35712140388247348710
2.88158192170242521968 1.08309057802865194020 2.77753401642075337108 14.12037485954063775750
4.52447348973149665596 3.66112334576038067624 4.78603267177164770629 43.49272448512472521998
2.55252587308848388759 4.40750249891411627345 1.61298837037490994106 87.64786627920629769051
2.72680182165755624624 1.21924402392713737697 2.83316322351920568678 14.74628011560653284562
2.27170703145272456780 4.47532997311709124233 4.11907291687537124858 31.01614142938144169648
4.39621777140936043082 3.24302014020246565096 4.20346879689631602872 42.62171094505193025270
1.58579371806833879788 1.93201837665745079775 1.79311889888271114302 21.47131889521617864602
3.42908689545219580452 1.06547567739757065297 4.99711567254825794748 9.18782029400770561267
4.25146587935651965040 1.31071578897251628248 2.62880098401758921511 26.63786320382484973379
2.56773395480789057288 1.39933828896636924810 1.60977523163169333742 28.04899885415152382961
3.30294098748960340828 2.38665058726774770292 1.72544050202471277444 57.41158433286339857204
3.34698180418622071031 3.76505907615842483338 2.42087008061820441185 65.41291864409747347509
1.53007824901656031003 4.13299443855515580282 3.40644710343080836523 23.32849258325342489684
3.58053838316208272730 2.86168811358389740818 1.64804026769639833105 78.12907425575674835727
1.86484000953788786603 4.83840977431582341950 2.71228384188751858730 41.80410716609200960647
2.14043070074911279121 1.04857148246272702252 1.94150579144967228018 14.52681438532183477719
1.17711235735779995437 2.72878313517124260201 1.42913655320874211085 28.24379677574003721929
2.07112448942218518866 4.56900673083064479130 2.47819414266201532016 47.98467300084101339053
1.22610918391290768525 4.09254597044238455084 3.42475930462376521035 18.41206594116259509519
1.83011630201116171079 4.37233433132874349525 2.53957125282845508352 39.59510638740306376349
3.77608813948270904959 3.08889241226629307491 2.76214267611178643236 53.06506014114408031901
3.26969611892670464215 3.04634595988637135733 2.79300141334060558762 44.81519836131938205881
1.06597112690345596775 1.53368566045808885079 2.24185060400357061283 9.16399818558150158765
4.38592381458897939694 1.18704048666535744161 4.72971483048593199783 13.83252687909136113831
1.49409545596318604765 3.33384656160970127559 3.84792072499622639370 16.26700876324230904402
4.82572961360359364846 1.02214603403608217391 1.71843302246207008110 36.07058508025694720800
2.74560424178498418968 3.40028683789830488138 3.11279891674661968182 37.68879817561793288405
1.30412246245832363911 1.21762567177862690571 3.53579844905725249049 5.64357803293212789697
4.52551953980632770680 1.63601189140310054881 3.31037535725593912161 28.10525461272011327196
1.34248353620616089898 4.38457215258720367501 1.82371395788126955395 40.55919545370513645821
1.82353493884375206235 1.33645451442327800606 1.98803932839725350235 15.40469711069161995454
3.32703114821737466755 1.48943554785772569460 2.53470420565083776054 24.56751105858183947817
2.57493969325105398482 3.48814162310038433645 3.35191153816830000878 33.67274233809752814750
3.83530777926387100862 1.99318188851877620138 3.57477916197469047788 26.87248318956839554517
3.22718143240019728069 1.13647242980645302168 4.10632676505603733119 11.22376706282618386012
4.54684766953640462361 4.30515725721235043011 3.03939439427407132044 80.93236476469226658992
3.86633744922708499914 2.10173896328071041495 4.26294796172122936184 23.95401760356964260268
4.35256438740480344762 1.01675546929194737800 3.21221995229627355073 17.31276006539812684082
3.62113455101203740583 1.30745029824946312758 1.45350657826732865274 40.93197621712506872882
4.08737835417124273363 1.16510107097081716532 1.16454329030113035159 51.38811279281379995609
1.08995462244203222824 1.41665283272116448998 1.85770599418149151560 10.44491075362645560176
4.25617585552695576467 4.65141756956524066169 1.84770519814372802259 134.64247185702870979185
1.50938055059994402640 2.41842960708017074012 1.33648614871918880453 34.32239636625585887941
4.68685562461267402057 4.66016424552204089338 2.11623741864762404674 129.69650524817021164381
4.77769473796013777189 2.60584472732689098606 4.32412195065790427861 36.18085806824903727374
4.60128629129774679996 4.87629769971640314452 4.94685485260928281548 56.99675933410100725496
4.30325809444191875741 3.77306140276511081666 3.29591147814329898935 61.90498068866993719439
3.23202909140214122985 2.43388368859649339981 2.65431668082632210570 37.24193253274857084989
2.48124070463289259081 4.22088928749012382013 2.85827280715003473333 46.04463604609842519721
1.05923366435266252950 4.21983962658991273997 3.64723192957695907523 15.40047811242882680460
4.68462502478226205938 3.40907460672586415384 2.46467923544869949026 81.42556815417464122220
2.61379842236680381973 4.89473937471825237822 1.73312331163493649200 92.76455466240240355091
2.67451612120401316375 3.95965538615173517911 1.19505110499114897138 111.35917290203029494933
2.04592779018997861229 3.98596312172626676684 3.05510388769916874097 33.54342918002850382209
3.00816192289213990563 3.75428560894955198890 3.60292023919320270053 39.38979626317492943599
4.77028600253395573816 3.97755220994454861128 4.92360906237820561415 48.42689326054652099174
1.65622110955897028362 1.46630138952046795708 3.21495792874765351499 9.49240220991136318673
1.94436174043502019160 1.08300727719662770454 3.98768280247105355585 6.63586741653455192136
1.07750409263689661543 2.69198886809519066787 3.48581628560411349582 10.45677004396894638205
3.54758723666577902023 2.24926378849982899766 3.83239484529670892954 26.16453928346249568904
4.10132864115499273794 3.73342019205822639449 3.30006704444999998671 58.30671094777691365607
1.63655784542200422038 2.16824981850519682425 1.65183548481197384206 26.99502610066337027206
1.79518724755864100828 4.03157711912711391733 2.15161904104577272889 42.26970445284545263576
1.33727773821713835645 4.67302881914928036622 3.00452717419777748376 26.13688349607635785787
3.56763547399844638264 4.24235273757173558806 3.83264916341312922299 49.62471747201486493850
4.49181676539783936164 3.23141787983151074215 3.25112532012167321227 56.10367486164464168041
2.40449365169735473913 4.34429949066948317693 1.57934092673588510891 83.11460905131647791677
2.74005243198922743275 4.33506183529755162454 1.04320434242683646175 143.08517788738706144613
3.96579978609684902224 2.10266285224736693138 4.65382821700801141418 22.51645119333242206494
4.25837496549335092766 1.87920170019169452402 1.86718963270882598593 53.85657528513937108983
3.05721548342056781422 4.05037412422467113515 1.45355862255525547511 107.05291628382482826964
2.43724459773898738391 4.63106993751310458407 3.78122455950513636225 37.51093159373596819250
3.48108666531884747286 2.93101071156741177504 4.68249474309815827411 27.38197734371589220359
1.61292907843256072553 2.04146942434925993126 4.35728736315045583893 9.49624285758055464157
3.27210512463000480210 3.23861810331086941162 3.30003524030349071339 40.35322729120765927746
1.97742183145348926487 3.38396221550120790411 4.51684191017740666041 18.61657581513055248479
2.77093005753450238871 3.29022829807063832419 1.21181762889406563488 94.54187144312876966978
3.67568641737143364523 1.66891039444471678266 4.87489165621594544575 15.81307639469455139647
4.38866672301204907569 2.63877420696106579356 1.27887858419892141981 113.79295650406508855212
1.77347844159911449680 2.13016863271402145941 4.46426817399604480840 10.63406933364655060359
1.31400451904175996631 2.19983929969120017844 1.76301596603611399061 20.60352048916885792096
2.60808673328520823631 2.20049393436104878674 3.48493995158048397442 20.69458732849801663178
2.81858683098612949891 2.11891442861058587610 2.84758843089418745009 26.35587753913534214689
3.72617058020662383910 1.97068065362340316682 2.27783515209223574871 40.51040256017729745963
2.04104723932892673233 1.87890192154329493945 2.71012910439550580577 17.78185444027002048983
3.67557577982130556649 4.28154540718113629794 4.74626368054167713240 41.66620414528174620727
1.82896124979544438816 2.09515325220907477899 4.94052606503064772880 9.74668585857143376927
4.95061502035065803540 1.48199553319969945520 4.84151645802192298618 19.04296202442814944789
1.14070949202802429667 3.47555791780263367841 2.66010161988122684207 18.72885476574754548551
4.58295209509613421517 2.02081602106220437065 3.10818569071696026995 37.44337619137882455789
2.11476532515208459628 1.04260638933624028013 4.44739710515159103466 6.22997806973491830007
3.02926779355239927938 4.40807426728679718764 3.78242961286511159003 44.36347727880969671332
4.78874927171655873082 3.97745210366702783844 1.66313891227071275480 143.91577367325825775879
3.06140203712209446607 1.81311153367608879350 2.21013496716096957684 31.55992450987122310835
2.98845137548550576767 3.73589598791506061204 2.58782719420272622202 54.21451313388492820877
2.35545571037065393227 1.57005700033290152007 1.05047017968451728009 44.24014053391127987425
4.11671873620884554157 3.00328460100910454855 2.84602567708795639589 54.59070906977451898001
1.89812081434350776732 2.67193111081227341330 1.77624802804680559376 35.88024199887536980214
4.45020424534497038849 3.54255046925208905151 2.77157243179435308633 71.47918976863348916595
3.65159729686154665984 1.27526968089372205739 3.70219904252937670464 15.80647436703964636706
1.38615379789892667617 1.13383346365836690239 3.98969078666097054509 4.95029768487730503779
3.37852243276246477777 2.58104328284628126156 3.84778720349502778575 28.47874929801377774652
2.71075674536590316421 2.52013248241409160144 2.70628111353488254309 31.72129264340044230153
2.65802232660958592803 1.03006045016108371826 4.00098035505758886643 8.59933330125202743943
3.78438969531022006976 4.19326957663539090504 3.59582571301617415216 55.45744597852110047143
1.57718778520326141646 4.17753889173291259596 4.39077740815375960892 18.85698908769663972862
3.88368631932987673494 4.37815745325571992197 4.53069353191190415941 47.16074956574039589441
1.06489042030851788212 1.22513394118114504749 2.23557451058433942492 7.33346471431497270999
2.43129957286418507678 2.58505575960224165399 1.57714670857358996159 50.07790582707758630931
4.31082173769078735859 4.55928743105641842703 4.80988569835594326207 51.34901822978626739769
3.15449635027999830683 4.67511787542333312473 4.61507061178267896651 40.15633867971551751452
2.46255174157651257616 1.03651591440750445727 1.80762979691636349600 17.74441603271960588017
2.45664872134519551850 1.41867640947207318547 2.76638296026584606935 15.83156946987292279516
3.49903839782152781268 3.18032191567124389309 1.80974076601194200364 77.27042216424553089382
2.61135665162637486958 2.28331254725265120342 3.95986699302637878972 18.92172903817552409578
3.90683622242091566079 4.62849622263528459598 1.38049251754067103803 164.60420526414813480187
1.47336182194636844400 4.56488520268226771748 3.63077287736465859069 23.27823531412672153351
1.42776021970050148724 3.44769059793797616464 3.12319256475323392408 19.80590373769467760212
2.13072715135038759371 1.77617948313826579110 3.01297997939254713629 15.78440833305564261480
2.60198622167857251952 4.78671292587208263569 4.48615535337126125626 34.88814911508186611400
1.78888787357592393690 3.95605075020654073370 3.45263817259477656663 25.75750368429951464577
3.47746410269192107734 3.28661303776935476151 1.62521603003529824250 88.37104610073991750596
2.13913515716010405043 2.80050890088304882397 2.63969790438943663347 28.51877187345482411729
2.48420583766400460135 4.01526549854236947112 4.37825301489268881028 28.62930819296449413969
1.90406673670954251776 3.51337984785766677120 3.73623331651756496186 22.50003259774634400969
3.94847406385592814004 1.02747536974096220774 4.04530428554496701565 12.60257756336642209760
2.91189839995631682967 1.05811317970542084765 3.37111085223271222944 11.48537480185969705815
4.73536124706610550561 1.42723777479772762078 3.26177170410348837848 26.03788775437463343110
3.02139178186821588667 4.68761421716438064777 3.18799485247206115801 55.82788290261030539341
3.47651073767292695393 2.70055400305784143455 1.61359834676049329616 73.11573753599529368330
1.83975725332393391653 2.40839075851550443730 4.92983211457451542259 11.29445320197940993978
1.07423693792827235072 4.53993809076888332754 3.89752526592998593813 15.72428609762231133118
1.10981067882311723594 3.09677607040253910498 3.12661855961262835635 13.81317978122824463583
3.99794926543766981908 4.20175050368408165014 4.27877447107002861770 49.33532658228728706717
1.94335860490508638421 1.16804988150123900681 3.23029722391034646023 8.83042725583681331614
2.75631051874079480157 1.59195473226498407371 3.68149707696456740535 14.97767010855483782450
1.65195262359867367508 2.86466513982371751013 1.28255304442321937941 46.36667777139474821979
1.30609272019498856565 3.97137015120064029716 4.09315071574397126852 15.92452561988460146836
2.05890233481688023076 4.78187109607862481653 1.68169412410745700015 73.56927362635930478518
1.66412955130352324673 4.13212561053847515780 4.54895233217359162836 18.99586724625257616594
2.53785562558382116194 2.48864664983833172585 3.58850731067773098815 22.11699799630235219183
4.43190878374066699052 4.37756536880553337454 3.46180145894881707846 70.42569810368884475338
1.11548053004917191444 4.43117765582049827344 1.71452026531586154690 36.22833690862317723713
2.96938368331743873796 2.56131447688215141412 1.21827071814973031394 78.45042129325565838371
3.29417062223072232285 1.83647908676135340755 3.64571599341192920107 20.85254693822627558575
4.48948021750981141054 2.76084267596536170331 2.48429952417648713947 62.69654797244423605207
2.37821648327802082079 3.15107355121036336598 1.94529055587091148638 48.41002545019823344319
2.88992877665316694191 2.77097922474444757768 3.09099473973725480391 32.55607252464910317258
2.87853101321402427004 4.52355836780591324953 3.22523255549345666537 50.73409764365764829108
2.50033875439764141646 2.63408107182147110947 2.46007456675787805622 33.64260238899385768718
4.15187555629468896257 4.88984266204153072977 4.16858283260479645094 61.20129920651396560061
3.24820381059693419346 3.66700314678768179988 1.25322853558310809419 119.43569556163978973018
2.33090061737141684972 4.05237128273263280676 2.79916361623718090712 42.40475569389026588851
2.87101085281138290739 3.72956970215947025693 1.45764435772115907852 92.31065880150877944743
4.61114048625702643847 2.92431480303847823876 3.87462705550536901100 43.73331859338208715826
1.89161349225169361787 2.80685344331954444996 3.87186826299677688823 17.23222798190945326269
1.32911982931622230097 4.60841350026289120478 1.99502084071957730416 38.58140194883642237755
3.43951510853646569288 3.79976395689366919228 4.94474716107552225708 33.21388017937573522431
4.76389068319714326094 3.37406211659613619602 1.71088698144158390946 118.06016972892392402628
1.46252509900671245902 3.46314002916593288717 1.64298762539623588452 38.73904870320996707278
3.40723194232834325490 1.12024001028054387419 3.41836548123717154368 14.03150153254238396983
3.26118064284304232103 3.85574113090720738128 1.86307917575730996873 84.81277565657543959787
1.43492976850636821951 3.11246415636473816591 3.32420181566251038419 16.88330576280945294343
3.69857513645810431768 3.21507037609738377526 3.35400274050155466909 44.55242836037773912494
2.97692168519713273867 2.75634142274971782882 3.54505623612555398338 29.08621142207975651672
4.83666766810228132556 3.85923700467914043699 2.63020238279455176311 89.18019039443669271350
1.82000384889085919937 4.06974273802744779260 2.21691657681156506499 41.98554321630588503922
1.85945128665529413325 2.07391156438562651587 1.21793979389339268593 39.78863882999873169410
1.33571325838856624912 3.55540107309487884990 4.93671706642632202033 12.08852915920883575041
1.32992362054303780994 3.99676250787782594287 1.99414827288000262584 33.49557670536211873014
2.09087883268865715181 2.17839138891253236707 4.87567584096122352832 11.73923557263390726746
1.98460686999279634080 4.24104394872792767046 1.55921384420714792540 67.83462760172456285090
2.19998577590038868479 4.44907392298863335611 1.04243125973325634348 117.99182879040961324790
4.44530142507672110241 1.24062673018799962676 1.14234429229094303082 60.66737399754520509987
4.90070390099041830467 3.07072249757326698472 1.90484202299420868343 99.27729482539557182008
2.76821027743391612219 1.03603920748917976979 1.39130914040484832128 25.90368161181119432968
2.19822943857763464237 3.92354050077731386637 3.91181254787524368410 27.70658426356085612952
2.29276480504754598400 2.94975495732122316994 2.15335774817570246853 39.46745503375564823045
3.83099841149192421597 2.84992917640808895996 1.08189817295406554010 126.81467587677902031373
4.29481833801784240734 1.16878986841176635281 3.14586081646591564365 20.05171840724364429320
1.77278379701473154384 4.69648133872275153067 3.03527722220037432521 34.46988828682685124249
1.85802739370291059018 4.80130568519509637326 1.17555473508216001832 95.36268681635046107203
4.30077988078279016548 3.32052920172277277189 4.30577615769534016721 41.67858198553727078206
3.02857194440045462969 4.35958578334340618454 3.10489140251665407533 53.43755410573248099126
3.24490478094176681978 1.78725272743011665000 4.99192575901161372798 14.59922063504181544147
1.79507825233106643736 4.25115343592736394385 2.80081498025251329764 34.23856930795885489260
2.53645627763585590486 4.42555937039086533247 4.47913350478976113322 31.49280968514816336778
3.75147859615626089180 3.00149324196989919500 3.22279877561814576126 43.90525631300677389390
3.79173980190835591131 4.35613755967267213265 2.19228178665883222109 94.67898669441871106756
4.10063437843890099543 1.75286742662975036922 3.27690152636612586079 27.56427616086323340028
3.49563069230055045722 3.17178306375431473541 4.17466569741601922772 33.37468537744526031474
1.37872842378238225081 1.77333826235794234094 1.28611379078035747980 23.88915469139067937476
3.77353986596731250103 1.64502661306689246246 1.26471651336260171306 61.67917351859104257983
3.81677006588917144825 1.91619379425777713877 4.55755337032652096951 20.16571048252317410743
1.27003991949291528130 4.89219853902875190244 3.48066168859825930681 22.43207748210665641864
2.57699872243927652349 4.24013571090473817549 3.01230821175555396607 45.58315891488975069024
2.76592450795982625067 2.69200971056598170605 3.20440210715241624584 29.19979483390843455481
3.38147922170862180735 1.73080780775311593445 1.57462576138178622642 46.70765680373892081434
4.76120152111698047293 1.25719987280582179423 4.85185489449742135548 15.50325720683098396080
3.47142118706675084638 2.70291769048525809538 4.88055288020873234700 24.15911225944481088845
2.77348901009440407250 4.36770164320900367017 1.84695596019440477775 82.42002415834782880211
2.63661463054321076882 4.21039249749527577649 2.20575728848951557737 63.24429880305608975277
3.71143702962277499680 4.36793025538504942062 2.20982521100405282510 92.18701051902637289004
1.30099033239498007575 3.02174490047063271092 1.37435993696759251037 35.94522814107610741985
2.02276191397682625350 2.61465516674093922944 4.44783805458670222777 14.94239063109422538389
1.74193559137649689461 4.80332700996257955239 2.31872965420811016912 45.34547911250336937883
2.74061136730372600923 2.92961737901912577797 3.91811005677836643457 25.75085131143092453954
4.38033137463364674602 3.84406692443943942550 1.19095294280181684954 177.66961798977698094859
1.26113301985700543284 4.04490993843238655359 2.58247145136236877505 24.82241818789896825592
2.00967492781894829790 4.51457203428817432922 2.37011259313018918249 48.10423224403896824697
2.84764902492581040150 2.54273075300228867945 3.83274218166284352804 23.74034874115805493489
2.21112134083059030942 4.42488177671019400350 2.81178318472778876469 43.72625494893987507794
1.36874681000780284990 3.27418881408755790829 1.89268615191498401629 29.75487293027513047150
3.85946798069049945568 3.98847205879790545069 2.98197803891080504002 64.86933106552841366010
4.14679795416600160962 3.09032676546167683895 4.80393773625800157845 33.52198852595395806020
2.13701695560522519912 2.31736236933480155287 4.49908328921673650314 13.83208819057909622074
2.63627158749423173845 4.05441928218668223849 1.74071607176369180792 77.16151260984250370711
1.23751256268313714060 3.96763951875070075559 4.32445892763147377025 14.26789521093882306957
2.11217049794923994455 1.52823876118914769862 2.33106620569791100905 17.40104934676991632614
4.29876499418862856317 2.75892583666324719971 4.67660021693332872417 31.86862665979539244177
2.57912406583391184967 2.29979447640458900537 3.84327337479478536864 19.39410967404376862078
2.20547423151308441547 4.55724266522629939402 3.32802296834746735854 37.95139041317273864706
4.30538848749650782111 2.73620990421616827604 1.13433969737321493909 130.50540202797944289159
1.22699767405506232620 2.41025606460012475907 3.24184729700230533922 11.46368472760003065503
3.01158835572784955303 2.21684002565231974557 1.72739411916573581962 48.56779544372352575010
3.66716347048701063471 3.33339448140085936600 2.13180502381902137188 72.05752890689468870278
4.39654553980630247167 4.63769020080491056746 4.80124448490578892290 53.36657767025339893507
3.52988617564037987506 2.78504029397723140704 3.85146380121976061872 32.07570627916269501156
3.48274716041934606636 3.62730643265552776811 1.91939525370591335118 82.70878486750432045937
1.37455144852636790276 2.03054484937377921483 3.45001706772042515681 10.16628327078989180166
1.76821441932608358627 2.32372964075828125630 4.07485514971227846814 12.67121366751734434786
2.70941184151746528030 4.16675506491777980500 1.83289537502991661810 77.40075290210759817455
3.97116422491158216346 1.13299279254583895593 2.35118754658049056161 24.04737000986995099083
4.17143181362613901797 2.77155460246600071628 4.21307451601116689233 34.48413301104726258473
4.00047064181150702211 2.71675660126902984715 4.24465924674129091443 32.17576275184239875671
1.09550006549044631754 3.37099214048788287101 1.33826309608897542347 34.67675977039996126905
2.68285170531623107237 3.69685577865677617027 2.30640766143397168975 54.03846050329486416786
4.00994946820380882002 1.34959129984905823463 2.07572474285692276652 32.76281968195270621891
4.77341428321460270467 2.08332265294452367854 2.26961541203712835468 55.06089374668820823899
1.63536489953193209246 4.76520072309255393606 3.64511963711639630503 26.86543940457671908462
2.59750690514502124984 2.46999818090360045986 2.53340707962152000832 31.82425372779572825266
2.97359200157392855601 1.10535886095701041398 2.41086849879579334655 17.13251097236839370908
4.00810949880836275838 2.18173991280427248540 3.44475106026995669950 31.90028593926255950919
1.32866934994454188868 2.20427833214065538314 1.03434773014201963903 35.58169614150544646236
4.28300295420338539287 4.67722064974383044955 1.70122338635602288193 147.97377458732600530311
4.91898624736167899840 3.46955127945930463795 4.08727373239290692197 52.47169081414422464604
3.76630147915420154803 1.51330666067427443977 4.15242308722002739785 17.24845863022492409300
4.69474355361734563274 4.89095751510461340672 1.74726738085967747693 165.14151306610636993355
3.60370199922202250065 2.77416778387667362082 2.73248327423979819883 45.97629243062245762985
1.77442331813386999784 4.02161644232163251189 2.84572962844892485279 31.51186536614508781895
1.83169997359245728674 3.16659723727532416149 3.90781940679819017603 18.65187715202196372388
3.45863558781548929844 2.34779797428589009911 4.88060269583455763609 20.90749193756712642767
1.86642941001274342838 3.28536415212417587384 4.76615144212409447277 16.16728557113401620882
3.25037711577667520757 4.89389972703188824710 4.56906347605804974421 43.74933850488910991317
2.75300636068117432487 2.83491710923436102121 3.46640088350423258845 28.29297768867373008561
3.05272668265667412868 2.29096804408817167342 1.54501065402063852972 56.88337284616258671122
1.41268232511492497494 3.68799820042959503041 2.34754208007401476976 27.88891959253750130188
3.12546988054894381293 1.46111426228426166674 2.37224710830072593737 24.19075573372129639438
4.38159912199048484638 1.23193729560395093259 2.74295850044260847156 24.72930273131622769256
3.84489469714371212561 2.77053580688799527820 4.25254262924803594359 31.47816485999661750839
4.18770471022357426705 1.98692210545562231161 4.57812224000517531408 22.83912026777303339031
4.91096743520474099398 4.51815682692303077772 2.28812779999022808397 121.85909319693634245141
2.36595409663826838909 4.88459128108406659408 2.62088780519028707872 55.41099875946422770312
4.59144318445961197028 4.35015372972783787020 1.70946710877560192898 146.82598879296278937545
1.62672187831416170667 4.56510535485115021004 1.61743507050921353496 57.69618809258592762035
4.74471825011848213904 3.47788256283888230769 3.11477925943571998246 66.57450275065964717669
3.03736711439333451068 1.86723359172564418174 1.94888218262709544959 36.56960060119852329308
1.75055647411241199762 3.59131430821956998400 4.32452826180099236808 18.26840647286605801014
1.53480192085824773685 3.76492124695608865181 4.41387084912329008546 16.45123373937428112868
4.33067348493147186161 2.08213364100488584896 2.16891926006580959552 52.24329025230279910375
4.60494631151866862240 1.05337873460417652538 2.51324277488432024086 24.25406511291466316038
1.03308099212714354920 4.72825414458525372652 2.38150200692986047102 25.77472824707341558792
3.02539910907286602182 4.35583722774314185955 1.34153675537874317314 123.44161785929399854922
3.66845289695733178803 3.88226347213751354914 4.98594818187576649393 35.89467753843542396908
1.57077917702290292823 3.58671451470604774059 2.49865256886220699073 28.33452502665457473086
1.30234036445607337384 3.19644886269934813683 1.87270562657425587716 27.93396668116013614735
3.91965660980982244510 4.17458761306484049669 4.92661066918141798965 41.73719154644448536828
3.63954198740009982060 3.76442919500996708848 3.43074626171115681927 50.18421465103403988905
1.73024612898066543210 4.05299502090953467359 4.83165837483550220099 18.23885626728801057084
1.28827134348911975792 1.67444989284092260462 3.45036211042724927367 7.85641996071841308691
4.27037133357859843841 1.74052150777855541008 3.17645488282340204833 29.40439229664426434852
4.09333176479276872328 2.52033628862515657332 4.39678300123825138712 29.48562041306436398713
1.96488061440199057728 1.00256664750533452946 4.48720755274484517372 5.51674775214045798322
4.90576484937243595397 3.74192201266129487180 4.89853814596645076307 47.09174988144664553147
1.57088695467169836562 1.91902406159779204131 3.53065355474330999641 10.72951553228058685363
2.02664890537933484183 4.75729177598119079562 3.79865821561006500318 31.89465812676097300482
1.93696273748554137484 3.36127090866602751262 3.69337936660491106267 22.15188704147188047955
2.00729465989852906560 1.77276571347389699795 1.12249249983419963073 39.83720761241686858511
4.81317249608811437156 4.52922612535880908524 1.46237315770406084425 187.32989394389701942600
4.65523134309383124219 3.31433971895201162639 3.58219939464947056962 54.12506084088281710365
1.03277875478788816466 1.06551316823658259736 4.15512619068179844817 3.32806471831687833429
2.92349894292340151125 3.06263075964806086304 3.89416990876935553700 28.89299408521321410603
1.02886746404933537846 1.04057596600865487346 2.13993745871922946833 6.28697897009030004511
1.39613287250060924549 1.91344080720498288528 2.50810857565759937060 13.38459749524831998713
2.87192885303151346221 3.34817142610586193641 4.85192069317935725792 24.90448314672096685740
3.56454033065338782293 1.92478899395906610792 4.59335314849108833357 18.77010435804452015418
2.77571177741750441115 2.37028592122762349348 2.21999634455680805445 37.24197547380511252868
1.16506535864714511064 1.61114900280851891523 3.67655860685611335370 6.41585244028003742756
1.70317565411086180305 4.57215382077989040965 2.14478349263396728119 45.62539937394179645480
1.10091074073711414627 4.05873639608611647134 3.20801355724139058978 17.50316649182732930967
2.82267585829532574593 2.27245093639537953933 4.73889052476933514413 17.00938895072337686543
2.34767932408865087623 4.09013194420867165491 3.26746610281143023968 36.92962235535596704494
2.61059824260356831971 4.96245525175003265872 2.61977294062529475482 62.14166092239805294639
3.77906918555502269186 3.71713115229471391388 3.60024096003553051304 49.03103071860457617959
4.26506750287405633770 3.88996927806515024884 4.36678708297424567064 47.74412379520103399955
3.94819385363275943135 3.32808833146410076864 3.57376371656764302287 46.20376234392305292431
4.39010644776109337784 2.05294293807588879019 1.83396025761622727401 61.75496400171205380047
1.32901219958934380116 3.40970876500627095851 3.10768560751542910481 18.32394759609369927489
4.38840135490315752520 1.75688753975042377675 4.12671631748611922319 23.47770016879541898902
4.69820355493821750770 4.44853706651268865357 3.63101359433241954733 72.33209297449216990117
2.60856429381055177075 4.38149829397006662646 4.53326490752732524925 31.68275637872200434231
2.26212348282907438346 2.26648794460032743103 4.02664723020965453770 16.00059019626408485237
2.30789542130405234133 2.20044689640467572289 1.61986938364356225506 39.39643141767948009146
4.30788464940996984609 3.25973619027039562823 2.56121514560559671025 68.89858816605232050279
2.26679464577400979763 2.79053584069330584683 3.19084061108605698820 24.91176716425352566375
1.28567355124044757630 1.49392670317950893022 2.43141741832450719585 9.92682441742073606861
1.53207966602031486758 2.99520490934885286194 4.97706306131850517716 11.58629569711822959732
3.46705783308641501961 4.36326326731466807018 1.92038784228550696298 98.99047772705105785462
3.74426581174903860827 4.96196037516911925280 2.15556246769098525107 108.31016442949440659049
1.57279398412895243808 4.04545582452437546550 1.54842958391508389582 51.63660805233764961031
3.37790796567930540206 4.43109915727890069093 4.28780170598637155877 43.86664827948298039928
2.20368746903953605099 2.97990868680572829064 3.22219186453509776058 25.61010892133262117909
1.65677347177907430265 4.48436571068866385303 3.31859873836041874284 28.13320918469828058051
4.14114010044381064546 2.68175849727014803392 3.27722857275665058197 42.58363398156437540365
4.37157047519188157736 2.78969997092044774689 1.27442861912884675135 120.25117550311654213147
3.93473411408172157877 4.87777290020645892810 1.99398591088907162217 120.95525624329339109408
1.78241789452556176343 4.41561886732340891371 1.37625683803614951017 71.86401679458647606680
2.39662099499299596772 1.59225566330440049256 1.62300599211224882978 29.54621832078447951631
1.58928347729430630153 3.81819466127053885884 2.99272563599109275856 25.48017430305431574311
4.87583253769471802741 2.56554375751889418567 1.11418528198977861976 141.08493884497741532869
3.10124004485005277942 4.52059036717454532095 2.53126731958823736335 69.59890234492698368740
4.43916264082201905694 2.11828407986376987537 2.03781679645395641387 57.98691252154123532137
1.37035544123202823741 2.73311775415917690424 3.47499673215855819919 13.54400281599735933469
1.86018545863044426625 1.34864830468959961962 2.68852238307795365913 11.72603438624151017677
1.78629978615729934077 4.78937010305937427290 3.31876695582757408332 32.39409502639238525035
2.20012248821660216791 1.73622007348492646273 2.87089677366981987916 16.72029440125236376957
4.74269251367424349297 3.90264939010463685065 3.16757184793507695630 73.42904749283488285982
4.58447476326974090455 3.55951522078519300152 3.13327652885955609818 65.44727659119520524200
1.11830877631279390627 2.78997390626811947456 1.87618663701102228458 20.89756574754937190619
2.26054386191191269972 3.26083012597371713071 4.83610775551307892073 19.15380262756369234012
2.81276641380150582705 2.49876249065716482534 3.61957201473239820189 24.40120581265197685639
2.32058302734362653652 4.05554403580128042250 3.72098934433334971317 31.78320364628530825257
3.39774283577743663187 3.27892926665870332315 1.59644242130948343927 87.69587346000274408198
4.87096656381490689114 1.81668966437674939129 4.96992893323982620757 22.37461541352172389452
1.49376776092951590869 3.64055985469328424742 3.41441139381434011213 20.01452441445242413920
3.30845687003933353054 2.51310329824096401197 1.11192788134184139537 93.96563682043232290653
4.99793960632772993335 1.76828756973502398964 2.59387775820485444456 42.81581909551309195194
4.45790323946991939863 2.10726116018207099145 3.12701549863118399841 37.75103218214343314685
4.04084747227928886559 3.12238879043623418497 2.91431647491551881757 54.40422015779519426815
1.64178974740517968911 4.34955614160216974540 1.24881085035620742474 71.85809186510229551459
4.85406671775660214507 3.59135310892020864770 3.80028077279216303097 57.64452021500063239046
3.76860060838552168860 2.74071043090539134823 3.75344830317926803076 34.57981710785056606028
4.68835718708058735160 4.25711044328961207839 1.77509306575465020117 141.29420341430403595950
3.81085997441565016430 3.42359910738389006113 3.99132560837455407921 41.07698896887803385880
