1.23546919566388080369 3.75136415518347376974 1.18239555074594848705 1.79366671283165279860 2.82988275900444907762
2.27960235844717562514 3.17152454717163934106 2.19497967207534294687 4.76185230622533950395 5.23371435776266924478
3.41850811331236137391 2.87939782011762446245 2.78599539117347516637 1.86476989936469861320 2.84075001455440867559
1.23528627462942663939 1.26823242049273376963 3.81984715290103826746 4.52670640989560801870 0.86706271588994721089
3.31515217306715781476 3.93808537731930963233 3.65386390839635577521 3.03795784468003660095 2.27725242198621069534
3.61193630578832536315 2.96531347864143457471 4.23497414975702568540 4.14587180953442313580 0.70929409575578050706
1.16233786467520827657 1.45701340981413718367 3.87387831390700876355 1.39761988735509579129 2.47761411831122746463
3.40331044068137611447 1.97825429808477748495 3.12816807516166761616 4.73447762398764027125 3.99676182816967440203
3.19031580338182241263 4.19129547073228536647 2.14319701342046320391 4.60282487383453897678 6.96467568384585256069
3.85776375759639345020 3.75378451596525541945 3.28303140456591302510 3.31811259506537004071 0.16920915762159227658
1.05651864229766623282 4.51197469415514085256 1.45236069655169242054 1.82308346698077272663 3.54793740101313570534
4.32292200793258629687 1.88058659603325573073 1.00425598354234413279 3.25039800919175858596 5.69113478610764023102
2.38815944711911409826 1.92226097221778058355 3.17556533829449438855 2.88131476011039300289 0.78209795574306384403
2.32924280116012649700 4.14904476805607913548 2.99299169718777724469 4.23873551953639982059 4.05799185524550765081
2.79984143271722762947 4.75374690745276673454 2.38880455392101298528 2.70643566786057876428 2.26920866125741271802
4.54755351187710488148 4.75177613290531741796 2.91296011559486789366 4.53703771510738107509 6.74990632333087869910
4.72415655778113396934 2.88202173920761639536 1.30035210207040741182 3.35172898488782289306 6.57358989588803144244
2.10324289656688057093 3.16879195268993640866 2.14256876468297363658 1.28229674890920586350 2.40228436208846218847
2.07610041104824105673 3.53974686944739014294 3.33878600349013066051 2.05844874143081391082 3.55396741201812815802
2.64639425369738434668 4.34789681283068674134 3.14849744078575000117 2.12007026871661219403 3.74557424733443022902
3.71682488751465944787 3.91519478316468827472 1.82750576995647628920 3.13604681507181881628 4.64736528224525180519
3.81709128378375694979 4.80684397765661408641 2.84411490161683477851 1.22299013374408316324 6.28665444625967673176
3.14756299019942797912 1.85779380985047781749 3.83608667627147026380 3.17868947719622685355 2.02507362405786883741
3.21459519465911203184 3.31176289438141546739 4.75763743255693061229 1.64763348530374376111 6.52554424857678405658
1.16778923790014355077 3.78085925017186053054 2.08880905186901166815 3.50072867064444004370 3.77644851691021443685
2.19327285694451035170 2.47807617855038309074 3.02408719369596035165 2.47617659473634255107 1.29319330132460375005
3.13854734599071516499 1.62836712406798289621 1.04231089129706999685 4.26383025857839914607 4.76349055995480963333
1.66333013024480624864 1.61426884882880061767 4.23808730186129345441 1.09371606453863057240 3.27759581668368626950
4.97279541845231953801 2.27030951881694287309 4.81689335987649336346 2.32097594808034868308 6.92222203931316304448
4.67735427598617548028 4.60423467689983567652 2.90011439076046917407 4.16615780754795039798 5.49115308416289149562
3.60626456902408287775 3.51704641090267466907 3.42274606455792307358 1.41994900322388151181 5.99962903829991311966
1.64607440072068511583 2.96496792777425000054 1.99386244611242924307 1.85568652882861284681 1.35370396786884961138
1.75149163002393848387 4.24680488046646331668 4.82907681634751284605 2.99707389149282388274 4.99448433890731724460
2.99877903755271635333 3.48071437049663501284 4.11949282586571818854 2.82077885845171261181 3.93674177750436493639
1.65024128130834890626 2.72697586443121142707 2.30346172440892305033 3.70892109052983087736 2.94590834056003370023
3.93367178680917906064 2.42487690086388640864 3.97979870718685457831 4.88823459644758884224 3.10187392224661762086
2.14322453084553998792 2.22683876831333993351 4.20155146786167854600 2.92834877342437138736 2.59872377460157055751
3.86257586292365706626 1.92018740219661010471 2.29137740824104341186 4.48358195770588263684 5.21943757659175133767
2.88980483226304674105 3.84540883666544930364 3.18371557420792239412 2.81159219520863379316 1.56022858980121070793
2.38933737368801413226 3.90486564859520646209 2.07354451149912533126 3.77533915659432173229 4.83677195713035334990
4.00564922388441502221 1.46953365947514580370 1.26015775974323718245 4.85802815852656788564 5.36407012401512606203
4.00842999814184963725 4.58801756218444012347 3.96215549337766015370 3.34213245886389387351 2.67997062396250518290
3.49630480364770868107 1.70825788141440693124 4.32756357319544093798 4.45647938024415335434 1.81555351999491598747
4.68570992126104535203 1.84108612053828002431 4.53258258479576170430 3.72022048749295297654 3.67133529513799938826
4.97642249177377493652 2.58241732156715109170 4.02010415287035005605 3.00344202143402672078 4.23188741152468850260
4.01327513940042202023 3.48509230764533528557 3.85131911740885923834 4.88844619451587369952 3.74464442564134092351
4.71281148572715302691 1.97474505666781441349 4.48348377625978322669 4.65581593534130266931 2.78795899010981118593
2.09739149249773282335 2.27763799442451153610 2.88554057503757732661 2.01547538853694119254 1.85104349390039901735
3.65436742340830100773 1.45328121039216062726 4.08846501378407989336 4.59122573442906123375 2.48176332981994152149
3.39518085855621443159 3.31274303258868130229 2.07246392053624228780 3.95407765469599992159 5.42044626659446926453
1.98986244538420864458 3.36085054513692149669 2.18804765617938379307 1.85691301653223606039 1.61438283515309399796
1.03996178975578335013 1.82380531901750631008 1.05693124751291778196 1.27416454081213803562 0.83878753281886453408
2.82803121137083435244 3.72763969950101259343 2.27719937582800024956 2.50091853829167609646 1.15530186581528426792
1.18367660252952822120 2.95919667094323513012 2.99481467882382812462 4.35957804111241742362 2.95377195673969872303
3.73633607462543348987 4.01220366807064721115 4.36854724461725218987 2.78374214781343809477 5.52068665087469501174
2.32607057759621804749 2.53600106897664945294 1.86937298378898786311 1.16458823184581028443 1.68964284014237531295
3.83626403468196652824 2.67414607663875614207 1.97903533968915912311 4.95688437024452088764 6.48929865413182227485
3.66337722714635427579 4.54845106632877893560 1.70081937786058690065 1.09716191284385899962 2.58323817899987018265
2.18180922316312164710 4.24715829192270710735 1.54989593716291995662 1.30835160434518815720 2.19173087684679801512
2.51624196639509278839 4.57591077511449384474 1.43303771597152840300 3.01434484336490005063 5.24523339710745517550
3.40299419963012628187 4.44094030509082493552 2.30702685558383713271 4.76642370380164948074 7.40017959801744407144
4.17342464754748476707 4.86025684319749284867 4.63059412263953973365 3.42051241852427789780 5.16927843330660952148
1.64083625199049665255 2.71709983303636315455 3.50722088592371283866 1.44673597556963651201 3.77742274866182503601
3.14087140886444915466 3.36408734938888009935 2.70946890392375294709 3.60722582022723381456 2.83001609500556261523
2.05546843481304408741 4.85998657310974380152 4.96418187228828422519 1.39707286619943316097 6.78541789881329204803
1.99343484909931234483 2.96639008904221235241 2.77926643874977097326 4.80858670240462160450 4.24358411856327588652
1.00164360942095242990 2.27396719216967913013 4.82981723277096097746 1.57643009698958014297 3.27126718438791153076
3.24085881219139482212 3.66338899132821405047 4.94279859798269072257 1.63328145401548008309 6.88001705481780856388
2.49661561116677699346 4.34138618162098310904 3.47598971136591083919 4.85702840968752358464 4.58169028606796580050
4.69294789409166313021 3.26005354061966912127 1.28992307920426441115 1.66560361504938470034 2.04626097361366898753
3.40602902866979961871 3.08834501435238673039 1.07467935112789625407 2.53662638513869209689 4.34205690170563141095
4.91866976620230023087 2.06292311873681066814 2.41492602995720284653 2.26076243220874406603 2.89757927077014709738
3.67656194436486849497 3.25621195380064376579 3.17466265927454971418 1.62279505298881199238 4.86485708760722612709
3.11500549466062004456 2.78614872203043617560 1.98155819402262611817 2.30729935464029001224 1.01040788399018044430
2.74405387509856657502 1.08837938466401862314 3.70869369255764569360 2.83858194342852288017 2.20528233328415534942
3.62322191079954691872 3.63531230763351320689 1.08810930980282405400 4.96877224530377858969 6.76855077937757254603
4.91734098595369317763 1.40673335039990776707 2.42451248512586925443 1.75486926541560395165 3.91306531099991872225
4.85678886857733438376 3.85224509050168828495 1.74494121057218531945 2.73341440758306930547 4.22480530429924971969
2.69756956964058058901 4.12263044237736231423 1.99616068243196309595 1.98370099757342899238 1.42566649226751329671
4.87759826160271892093 3.45090629735213783036 2.83998635370244256748 3.84744187464067755045 4.20981433232075819006
3.36066430414419015094 3.92789350814187976368 3.87141054586101995838 2.63856092578322343201 4.23901584036705081360
3.84674190088090783846 4.16970053229649018078 4.85184126276935856481 2.84211021785224371428 6.76881336504347164151
4.25431569715463275827 3.74089216398255874907 4.44095570018284035996 4.29527621908050249999 0.77508820530536659543
4.54267135148908440812 4.02285127662661512460 3.93482155951001022487 4.68733984365166378439 3.18426365099592700858
4.06250509456063912950 1.59567269765208363808 2.24343575527156513516 1.69602071955509536849 2.82485049420735379044
3.13414178215942085259 4.76248254811932358876 4.08921530592758664113 4.97434204535994695107 3.68804561618495929665
4.11269668061298432349 4.46715038072919057299 1.27714493066468870452 4.04309435348040757674 8.42921579755153160818
4.01274598351300593180 4.24736392647390736954 1.63229381822810948321 1.66397258020272076351 0.26860406395605057606
2.85892717825303233070 1.71141984973236116474 2.89682975975952095027 4.04051122792965777819 2.65494834850499783485
3.92459549112093641909 2.13333394130903508668 2.23310059797359450329 4.88975780933021653141 5.89643123086766252072
2.50635595298852731361 3.25775519112283973300 2.30809432068046360698 2.08617730114455657286 0.98237519564188580112
3.59485271777166071061 2.30653768234428158124 4.58342370796670195432 4.51715554945072916837 1.30236511310355984605
2.59149191505372700206 4.25341622243289574357 2.92341819673756164732 2.17032664052964019419 2.95356548216393965944
3.74367671388618772355 3.43789197359714515656 3.30395558705534941879 2.23835297363700025386 3.65736309197136666427
2.44054683512252834632 1.11140219601105139091 4.74933597635718562913 1.12978078081123367582 3.46531375419016418604
1.39461596441771851218 4.43020741467872536390 3.11998965855246934709 4.23188928250848483970 4.01224366455367853490
1.73136193168994223512 2.04649449735482846791 3.01742400276347400023 1.37504241426821627314 2.77355471577430856556
1.53802341276493459432 4.69722457470406418167 3.56521574924567064002 4.05617160321295955328 3.41865709856053179294
2.09887490082157146531 1.00757538633379173376 2.48579042879947609279 4.69555768487339264539 2.81830785279451045966
1.99156839875794444694 4.19451410701280558158 3.73683911817787484111 1.53467188684493516249 5.60551721584836748491
4.40028994107340132302 2.13196420556011778658 1.97722072920011804342 3.79362612400418885983 5.33571707414193774355
4.97567682757112983438 1.34826546486260667734 4.90081083825552887845 3.33955755165146506158 5.14267848451481590644
3.18542208079401056864 4.36399197423075069224 2.80435606313421681435 1.42625145444925438554 4.88540229305429463125
1.45525081730195493535 3.28161019467546433148 1.74897806782235143430 4.82243116969069873790 4.73452087112393460444
3.89805368250204464786 1.82027631788170651816 3.26354948439535963445 4.15841340902218359332 3.10321458747938327960
4.51633888026484697775 4.87615353308006760358 2.74891029309294188110 1.02507034483170444972 7.13362957215084225737
4.89562226429855318344 1.02585062289901918220 1.79950282631785318799 4.54048706306708993452 5.85393613749373376010
2.06224643040427091378 3.13518704291079020052 4.20249879748979893179 3.36356270967271209216 2.33259919898402134919
1.03915260470879600163 3.58945987344495165416 1.82124386173347208029 2.58416719532618710531 2.92776975818468532253
2.26962183865896660606 4.63260670054677525798 2.59693902068636983671 2.14397503259208477289 2.77566972509633380639
4.29973786829545012722 3.39918078717094473973 1.70651348436776961748 2.32101859199099047615 2.48164996561167905398
2.34123247247294363760 2.45867726463160130024 2.65092102431062137669 2.55882558722359076953 0.25016302114455496453
4.47921683549545779357 3.51245505326654194889 1.52184179204773650795 3.37814299383837557400 6.42362013900853323634
3.79823168923575726907 3.83193576048191708594 3.31616018549187741016 1.52868772586248446999 5.94712693033389694364
1.03652872147449848228 1.10218295272494515302 4.25228299341538473755 2.89498691082456938162 1.34352981943932303643
3.18911642065011147196 4.50581760081299265153 4.14332658199560910361 4.01097212487550613957 1.40892040834337084476
4.64150762882718126434 3.44045978823540998803 1.63805076935121185500 2.86355084076713772845 4.75080848529486043930
3.36738997621259450455 3.98480076150726736373 3.49226898585379119666 2.97632423978820170873 1.96840463013652122726
2.50316431073133038865 4.79206366544214734660 1.74878062789605603911 1.55812148073983358643 2.38197016857005650081
3.21907210537201970979 1.14594985236437407750 1.89518593641785892956 2.13833793348452338989 2.12482036905939164484
4.76485769712371265427 2.94370251354760803508 4.92369558445730071128 4.86620595475313777456 1.83383511865501702687
4.81849115044675180286 4.72095621487408756423 4.55486002796732947218 2.44611310756484368056 8.29555766023952401156
2.81884000348042551565 2.55036753013670614010 1.98110002307490429274 3.67038354198694438679 4.01869100238990206719
4.74164141308175857148 1.55778313444212734851 3.65155303297543953889 1.11161171679107129151 6.09004592624100027365
1.26562557380414641983 2.30690315630801467961 1.26069544376832753940 4.66462428598752509856 3.54445741398534197586
2.06040716809704882451 1.93256710745519066919 1.60586848178994534564 1.55064818508109114603 0.16876567456944052692
2.30495834031934121455 1.44018308799827021716 1.35302195015937565259 4.26308629560949192694 3.72141525452826282816
1.08525916975120617636 1.35826823859531842231 1.51351794364296488027 2.19889090296799549762 0.86039256755759829787
4.77510991340458446075 4.43128055956450594977 4.66090816420543152532 1.46505706846599448312 9.20300747975905331089
2.87383500593368035325 2.16582664295864324444 4.65342503197130419323 2.68069354094665301957 4.22132315871766206072
1.76978312050443253867 4.29115228363205858386 3.48609021233645188786 1.46035628109591719692 5.31226711515407501452
4.34157334165967778716 2.08131956339664769828 1.77456343765972146542 3.11865537992575170279 4.37253496844877798111
2.90079236264929640754 4.67329132973286753838 4.26841235237434357686 3.99253736832285532898 2.04131113460583701880
4.27656105948349107848 2.71040301670233407805 1.29622319440506927890 2.01916950354649893384 2.87257812663413147902
1.98178521676175467547 3.75948165256986488458 2.63152482253581254668 4.29168971827074763326 4.40353056243806317838
1.10428346096703489110 4.56126346311014430057 1.97107097325435010049 1.99341155978131379101 3.45734357136010261868
4.86365348180864742744 4.10595958446946518450 1.94041230183897761563 3.28804850473804499700 5.62803911678697943444
4.27642705169896419903 2.40040525657361225598 3.46641741048606055742 4.94310377498133757257 4.70324539149015041772
2.77165280536458791261 2.43623382554314504844 2.22705549806213731756 4.98887435699072590012 5.11466977713994719323
2.31564486937234370600 2.04074246436026296436 1.52668748537706466806 4.08947389164661956329 4.17596125992224376233
1.74429940207171219058 1.67511385276946844769 4.45036329853503076492 2.17750006463535461521 3.10201489864854140777
1.60765985599843519438 4.99955941166488315730 2.67704807405319922253 4.58705430090393662113 5.73838431970777929081
2.83704521376609353212 1.24669020331484414754 1.41551864192436482881 3.17462672423929825882 3.30564501060295778956
1.85890478778810219751 4.54658640623430976291 1.67189987573375775654 4.70909025784684942550 6.39830284265884952077
4.82607361786796040803 1.76103397807586770085 2.63739229762032012516 1.24503180563873483422 4.83479959388760516248
4.37115144889896001246 1.96770502124781199171 3.45549815421663364390 1.00331544997329169533 6.02100252917452571921
3.32718214625197594714 3.15275533443350530760 2.91934842131825256217 4.62091605487188061829 4.87295821509486692946
4.69938787972034877072 3.18316652262943167173 3.69242835066860886073 2.01249196762876936262 5.95613590404253478994
1.98759534252701364210 4.45170898275616355733 3.40062440915824648613 1.44113936212118121105 5.52039338742465712784
1.39910404909617547276 4.33753062144932677313 4.70355705147072988836 1.21285380874165271692 5.67246172800544545822
4.65524523608734774882 2.39054685327273652717 4.75072833249869663774 3.04791294063346152043 5.50598441266299420960
3.63950031077073887786 3.79432554962366364038 2.24835547674112445904 2.29597809011244136101 0.23512458227257268528
4.85429938745479816475 2.02717555957530315425 2.59799339574958354504 3.95069460773020297850 4.83893303326429791156
2.08360730575212560467 3.78397914056515727310 3.27183838705685703374 4.16280002201434840003 2.95748634100533447366
2.27691845216360011506 2.29218853186073268091 1.33089634846128168633 1.71357567226551799067 0.86905593746760567697
4.90236589987445814387 2.43774861242824458785 2.48355097950808234586 2.12352154308145557593 2.75803307918854390124
3.49603349762386761412 4.34770987853941370815 1.78953942727025072656 1.27086291844440335552 2.17338735818283224077
4.22313110080469211738 3.38664843769429380060 4.08535555149408224906 3.29620305641300648247 3.02553343306659572320
4.15704184629657369499 1.82226537312721470485 1.14859776188829609822 4.39216766933385827087 5.97272178229221673007
3.29052451726189820747 4.22718463664669741320 2.70373196560053452586 3.58707773936736717957 3.32315723084231029461
4.29838996605914136495 1.03448572826354157073 3.81890073743850644306 4.34452234760179933915 3.44289855635325636740
4.09065344939539521363 2.97462249977179782334 1.50634104974745541838 4.48908805911435848657 7.04356041058116844056
3.76497955413160401150 2.19582951761715339245 2.71235474098208628746 1.19723075017869762249 4.25167015986841168029
2.77934012383421036319 4.91460084014555498300 2.27956131542410611601 1.73889334447618759683 2.90790966772038572685
3.55790002804607530251 2.81740703356738375618 4.58395273756671528531 1.69960070763778103853 6.32335914411576816008
4.01933017654258151197 2.88922236451427849602 3.85017701542276702398 4.64891162030584226272 2.88100770346497148111
4.35942193918688225551 1.18661045531290731958 1.87436262043840606850 2.19875715818125083700 3.25673658675042876354
3.85200991513735324645 2.96051934709528552503 1.60590236112384410205 3.71821088462928361906 5.94630863061909931133
1.29582111299133595494 1.54218873460959926547 4.91432626591998378274 1.01169565965948482500 2.63660094077891704600
4.01062506555515607687 1.78541304309156867447 2.12046498392541238331 2.89886539718223668061 3.01256514204496594900
4.06483922585657886373 4.66726333962942430134 2.59072747073521947314 2.91111132109149384206 1.51448912239498034715
4.56470314394560361393 2.60781951130110956072 2.34033020552838921802 2.90852771975240420588 2.75141157014643589207
2.35350270795029592463 2.37378488384828711943 2.54841420437202614835 4.23933745978295561940 3.53734819547986267807
3.74411984526285746000 4.14343882726289702845 3.02704877919606429870 3.98311320318298101029 3.64581747330317140765
1.09660023197534917117 4.77181673852788179602 2.76772682067735731337 1.58552205201776308385 4.47297698840981361457
1.66657804200299519692 2.32806266297544928179 3.14032383019068284113 1.16989803440229422904 3.34910684115952372863
3.11510141553508734802 3.61304722294585056730 1.96745736995788300661 1.32478967767143185341 2.17685634758661450405
2.84216014692924323626 1.82480714425447532179 4.25020206294358438015 1.87137078649913179973 4.34817253014596083460
1.31162643414086943494 2.11082760673570835053 1.13745269052954878219 3.81091177976081096901 3.33428429615894605931
1.24158118842306119944 1.06732441377145237382 3.27192125201010686197 3.03620141946757060580 0.32195752074767763906
2.88336248106529557944 1.02076048849792888618 4.59974231234628661014 4.70808780043936891957 1.87184458118654095671
2.07886032543375476322 3.79410877404106505750 1.95692904453945493159 3.36358318234395836654 4.01736427029630505103
4.06987158372933777173 4.96060078640179646925 4.29070038892199079328 4.78077050679021553492 2.35497278232572693213
1.76300745560529126266 3.73449742727772271422 2.69791767482033240100 4.18450945779354022136 3.99339200257507442871
1.63736340565997684493 1.06670363068127249662 4.95164231540207033788 2.20673037221342394076 2.65343724752707599279
2.21759586637592187586 3.00983010046157151152 4.36209693714654278551 1.65601765333875894370 5.10684684724168480585
2.48763607945772058372 1.23159729092753877921 2.61600560199868592548 3.58929960076678122860 2.06347829394827053662
2.74728496669495569904 1.94293478495636762204 1.60860095475336928317 4.71410021913437482510 4.68947847341633661244
1.43613799467847425007 2.88514796413124896546 1.04509417918740954434 3.16505695965880917697 3.83564324456763428017
4.01833808228115785255 2.21538582459169353100 2.90822779856593438552 1.69550616340833482099 3.84903347375283155785
1.07580418843720426736 4.57327650136816821203 4.14120714861813166152 3.09988276668861706398 4.13549258465655267258
2.53938914024837236738 2.16854403062527323343 4.26759662946580586862 3.91431835974885844465 0.90425884030601777486
3.49835417581223850902 4.06205221602852795115 4.75702755761829898518 4.42006907423580752692 1.38420417689647701209
3.65378101859523507500 4.35398438337672111231 1.65167154168577923201 3.28035205469893931252 5.84362637774462090334
2.87904387098504876974 1.98317279194112749963 3.59518706409083721454 2.56798393372027611292 2.51309535871761813297
1.80050425034483829734 4.54402816899603667622 4.99152250158866550578 4.17971010726190783657 3.55375645981592658273
4.15843217570067835709 1.56404094957275674460 2.07104823389703884828 2.42348316049685719165 2.74415696402079944960
1.80264857527574529072 4.06509040396039100784 3.16855890664866546302 2.08274586421698160166 3.59750395383905630098
2.11511902358640835331 4.02032592337471861299 3.59568308433076655461 4.53272953415626211893 3.25049865327569476037
2.26216802996558952188 3.82332672686392793793 4.76647038770014930265 2.52008467897146060110 5.52744716286064541322
2.42964216197028903821 3.93134541866472542182 1.20226574489030246795 4.43528945307556909938 6.35471237243687703256
3.88507631563081101689 4.91479029788729704364 1.87799841982522330852 2.58537366191271100746 3.19732892629358023129
4.29434081205246176438 3.73927990062482473732 4.30735382866864036089 1.33938766286185639842 8.00351156703549904137
1.72836590541344126137 1.58234357090084021280 4.82919481262531569143 2.26716849555609245570 3.17294663993977721361
4.51920604187533569984 3.15429294565890483426 2.75663868094455155600 2.20909444210188832258 2.45580177426970314158
3.94956676655398064568 3.12624633976733168339 3.46647539308008401093 2.35436097026193458248 3.79980687379524084690
1.20826068441444922641 1.30238686175904483378 4.70261173686999178756 3.69235473138655478920 1.21774138618383442889
1.73063625256855102563 1.72013826084332288602 2.73017374724848238543 4.14966785877873611810 2.24868345253113721682
3.04091495198570438419 4.52976256232345697583 1.89093596750421699682 3.54053711656409131336 5.65107774063217860316
1.72527511095202612523 3.44367051816031022327 2.78523860798183697796 1.74283854815438932206 2.97403115670623607869
1.98705945295934283124 1.34690738803825427183 1.09824703470097606584 1.10643197676179161348 0.64029209352141669420
4.95509441939378447728 4.50889563502887380508 2.68141652255802620530 1.06773875608271850979 6.84095226814579593366
2.35323989807583044964 1.21776589116570121973 1.46985842979212932846 3.37157512937034375966 2.98041918858308330087
1.43796106903624121287 2.31763834298958970592 2.30441392395873467791 1.95264336217684686403 1.08719387768668895866
3.95819425474856734226 1.73456342864190826702 3.07797649687649244044 4.89918427734142092334 4.69879857063717931709
1.11834801955722573652 3.04304360730167822169 2.89587083174651160888 3.62068364350632565518 2.32710392730305937192
2.71106319000009499121 4.45674473197525600199 1.85189401475099524319 1.20422259553918742370 2.81798581023110417121
4.38183011614206030515 3.21953095756844609454 1.12662184111342789095 3.52414151551277532448 7.09393771514792081945
3.08953588148258573298 4.48624011375638964694 3.54265511838072200135 3.86222850568356035339 1.83147476949841325755
2.03632429124591673997 4.51890435729162120992 4.32512259834882151210 2.68770889902732657006 5.07860479662194652661
4.68731037165333042083 4.43576343035169706752 2.72804698043900728521 2.70659869764409632964 0.26988946720255241329
4.37590646495322133092 3.50712454470608214763 2.40884149742173736541 4.30611424304827572485 6.42589924764363562559
3.68205586352718095000 2.56816201359920803782 1.78808957776850840915 3.73553304290884602423 5.20663033518614426498
1.32046741651090115965 3.32988596794743285656 3.04286727361179609730 1.83932435633668056596 3.11034649954801833971
2.93310055523532176025 4.94884734963294548038 4.70415439731496221043 3.36660430400335464185 5.13654009171436332082
2.03884778316523052055 1.36524772050366793863 1.54077586835617275085 1.73692664345391589720 0.74865937615662270233
4.02580362434817562445 4.84905685479353998346 3.60370118773323788730 3.07763573351705810310 2.44064166563797568799
2.19616480914931999635 4.88992652259902627065 4.82694044986087078541 3.77399742007524574561 4.25470127732674985310
4.18200151570268907619 4.35178752722203920911 1.67203283254467738317 3.33480117271504905574 6.30635430844497069103
3.74114567685384180606 2.78340390354914823945 3.24855509594329516787 3.51157161050667854241 1.27807733610257834300
3.28850639623249207943 4.57700264915852628178 3.33381502912640215186 4.74555766739251350117 5.19570937507750585382
1.18828295204362976989 4.36116862773270419495 3.15826426837551821336 1.00745545832168836853 5.10998706932110380308
2.84571957642025452628 4.48122674270431264887 4.71550485876989355916 2.76698984890901256151 6.13071317111667024591
1.53570130954874750628 4.74137363920102572479 2.40686255089448808420 1.53969519049876879535 3.92646361197425264322
3.27508629507676340964 2.95526080662139145616 3.34087813370956343562 4.20583293606406805054 2.62736756057293030509
1.29255335422318262673 3.00920839338041234967 4.50201635057129756490 3.77775061318306670799 2.21349784312386210772
1.47804350542448581507 3.45281612862108877593 4.68271458746111424176 3.28139745745319322268 3.51922954080181193959
1.75874233378137301287 4.11194583223279153117 1.06097014739441730669 4.20577854227571812373 5.87068179670016032645
2.35007404222675564398 2.66279175012700708436 4.13399629796682077654 1.38086080216705431312 4.91897845885183215842
2.96117578727947572403 2.71012820733572734611 1.74332429818983181136 4.53146448786117161944 5.58314517345909511192
1.20297052012036242985 3.68796114943948083464 2.07562399543020692505 4.64178674085035414265 4.74260349994271113161
3.28345448372766046674 4.02779058690666147413 4.24549978592330745641 2.39744790041108268852 5.85183928925223995066
1.20238568732409145667 1.70941184873246010412 3.75951383750610679257 3.32559327028209228416 0.79877485315708252056
2.80984042181341919786 3.49577184861229373070 1.16684531942263891580 1.99378419492213110331 2.61022855980692058964
4.85698959183915945914 3.79262687360164729711 4.29077471371430441138 3.96560174439287349557 1.75029397003300535296
2.91150204430119030619 2.92381235776848624752 4.96712685706256262819 3.01248711691429349457 4.83748927196243361237
3.38039764584596902353 3.82706265007184009974 2.19465169289612216375 1.33649966787015772596 3.02590996291985225852
2.57967385533038839895 1.69463711115052495515 1.12949502433981807670 3.25464061727258791024 3.75883731402282572631
3.33783206674951760107 1.20499904525345780115 4.89720715056998301407 3.58263231128665715630 3.24877428142538082767
1.77512097739035157318 3.09337755861363161713 2.84556594987354927184 3.82946220235833578727 2.57648356427988867168
3.11310007948902223163 4.15254374355747479797 2.76032194627256055597 3.74017921034025002669 3.53982617451502346029
4.36278252878760408606 3.73570601926680012639 2.26528967587230001257 1.07695290860804471222 4.56337339142930442648
2.67831936756544575218 2.77581184990374518762 1.15783413010865920967 1.84017825044862393113 1.82721891032401551058
1.07805592669950600637 1.93194806738444713190 4.76580450809913891419 2.85403505589191297531 2.50750632147853114162
4.64000167942457775183 1.54753898058351868627 1.65648272183132849733 2.22133005224336255168 3.43424530749658796225
1.73358707990553462253 2.36222731151012466100 1.21906809471495725106 3.46555597779743163045 3.70242220488326934102
1.30563649984413121530 2.60847747820150788201 4.18687080165008040922 1.03396344568592635227 3.91405828119535392773
2.37573098582375541454 3.26106226164997625716 3.25407776334817055996 4.61874879614635069913 3.62040336529261175258
4.05086017133608322638 4.28567618761934987504 2.55674520401017080218 2.86455979569023710951 1.29888890757410413457
3.24082242236076734088 3.15517776926513748847 4.19819030368400003539 3.49591746051033824827 2.20147022862374486252
3.64534079009364919699 1.48500800079184402946 2.13699445948209998392 3.35800120374154964509 3.43270150477721802673
1.44697870503698089450 2.62285680299022017081 2.34014489939546033170 4.67758027048214586330 3.77342689885968418650
2.87246532928701681087 3.84981443749567953105 3.20628490274102562196 2.12897821400972420136 3.54898571454776767808
3.30882989599809684833 1.70934230807077058856 1.19558262790717240165 3.94704270950670998985 4.93275429083133420960
1.78762681894144348504 4.42141816972328260960 3.05194463942801119671 3.02694829273279930604 2.63472865438381287362
4.27183683757746379683 3.36530495263387718907 2.46116896458000544712 3.91438657151342894736 5.11869320610743905320
1.84040305393265235523 2.46042983221797051385 3.48214739724005273303 4.11414987305682622321 1.46072074150796615832
2.56925207745798056536 1.05603854011912634547 2.92727163650200461475 1.85395382011016129908 2.26422324205997815838
1.45307902397582866527 4.42888856161465049865 2.36212854166809815837 1.00381170912111539195 4.36029705619501317670
4.07349253904424912776 4.08428615147273887942 2.51935558305778117827 1.95877557611094621492 2.25674561254353633899
4.60142845765520380752 2.83180601557779487720 3.00391837773885228557 2.59119667392318842047 2.30647243230667964298
1.26581454353675315616 2.34770270700647953888 2.40547473060915040222 2.86646100644335533048 1.33824521769957405226
2.45648195591584217468 1.99289004688258764020 3.81114175434103197304 1.32638384950089349701 4.21422449774948937318
3.10872284439453316907 3.37294633740243021691 1.16306745419511115003 1.33999015510528396433 0.63021734975970511439
1.15778657707901055929 4.50710497531200893206 3.29949856607819791421 2.65707394401495511360 3.64671138918114001726
2.31983600736215578308 3.72722153231115882477 3.16891163434372158392 3.67470850143601657223 2.03617884917692171243
1.96981136467009143587 4.32145930858940552355 4.02609228470142710421 3.24904430978960556686 3.22748030535262175889
4.18377405803625279646 1.07598147004329192100 1.41501604655850776737 4.91896854621738022217 5.20388108408807159577
4.75620458134502932523 1.77156069114204361981 1.22047019400614642493 4.80954664307357138142 6.39941157733451149170
3.76623904485456195701 2.04459253877395985555 4.15902976142057578812 4.50138325093409363831 1.96413367660164950301
2.50287130314094330430 3.73951793050115055550 2.24609056679545249224 1.71820476079053419127 2.01926902572559496818
2.49134368416295437498 3.83452821345868199998 2.53000177216160526683 2.62354186950031742498 1.37392548082606746895
2.27678549577554756311 3.04757226009081305662 2.24503300006583117465 2.28958072526486544618 0.77966643191123830015
4.47954666420210667610 1.24241744320070512941 3.49921725760197555033 1.45183686096658570719 5.16877327657641494341
2.03055316536046381870 3.75734614816050260799 3.85524162711869378128 3.94965086879505422601 1.74635791456879330141
1.24453001363378090716 1.96255716405296531946 3.25035187854793461426 1.52235286594968721730 2.48299205143060719436
4.17475365885404592348 3.03961450588864856570 2.19471240756089169821 1.05985441425223658740 3.99388766534824846133
4.10010591458061846026 2.90965702197851161515 3.91690445099148920605 4.51998433260010301638 2.37196392077951667687
4.21728800328186537172 4.37876148288394162478 4.93866456522802543816 3.02395033058698992079 7.02937192362813600965
3.92876321394699612455 3.48419292756270193578 2.13190769128134283150 4.61920505172085693602 7.02124706533263243102
4.50661217103116840121 1.85716337929327979239 2.07844690716113422724 4.41716749173737088796 5.94863583502882065090
3.87976510556104026151 4.94270766774306835600 2.41022213084812753081 3.12956096270925021585 3.26069773198055345986
3.51985176104578023626 1.85508066197595411495 1.42872600122451087756 1.95818393350917219209 2.13530282715014241290
3.74091882170940825958 4.26840675549251713505 4.44635123963617129306 4.39568582010621877743 0.56499890016405807103
2.32863579824964084253 4.22655268310062393056 1.87664096537399149867 4.17272544950360479987 6.02858445212896310039
1.25940272970235023209 3.84354764509948454432 1.30038230280929623106 1.97160727671026769769 2.96277397421920563048
1.48713543696731598232 1.35223157469287080801 4.03084782085680082275 4.33189212754703412145 0.44617784488765771522
4.51938229066409480339 1.94571042026043850015 3.58184351749658791420 3.38232485495378432105 2.64058186674597594745
3.97722042012865939498 3.99636091701359275064 4.55942980797529617831 2.56578502115426321240 6.69582196705865317909
3.16524487810578669666 2.05975858722852267491 1.44738000170667513444 4.57726076083725708088 5.22491788776422172447
4.69017219347209302072 3.89601679938943679105 4.94196651571004608172 4.19336948032193745917 3.22512832239756397357
3.36893609144141326084 4.22202906445660453016 2.82893564360229721188 3.24289081029179548921 1.76932915909654875364
3.59397567874869361404 4.61521050043767822046 4.80246507322413762608 3.27868428663624866815 5.71469285718051267509
2.30521999950564726589 3.41880723751257420417 2.18281088680467227903 4.70679961399723900684 5.46376327401046690824
3.15755109201395844920 3.50412641309525119127 1.16176252884431363555 3.04226455773419557360 5.38455620372657506323
2.11877275559321054388 1.32416569736121125800 4.66538702767229196411 3.48989605558677729036 2.02034426017202406456
3.68627400967954699240 3.18565630996743376357 1.26868263678580017739 1.69944578432135440238 1.54795455708604201561
2.89363864091811295864 2.67228605956803288990 4.24617272793145517085 1.12167079708976391572 5.56572180232005742084
1.01175729353691057355 1.37499024777202416558 4.86861312035699178580 4.11111644233022843764 0.94484837088304751695
3.29823388171405396108 4.23485821522222671831 1.47234150338507241429 1.25208055583324462390 1.24585881100383133457
4.23652832635548115547 4.87221074879037630012 2.56045269478435155719 3.42721098073929653083 3.86838459411408264188
3.91509636330596322296 4.47002055663040742672 2.28812108564821148349 1.16606255442040929182 4.48604212791500156499
3.41241168689256202384 2.26934288514012338922 4.51936738039033158998 1.63588124912697807645 5.63642615906372768109
2.79258048623413523970 2.33384152480179229983 1.26745463760559395894 1.50257806734809395977 0.75437949962410066895
1.90074915072180949949 2.20088701172429956898 4.75370788253320242234 1.61307530371027274541 4.10163569239451941684
3.53230767222287722618 4.73960716914752921980 4.18055891783943422979 1.37127836757946797164 8.16043581442954568672
3.63694651143495129020 2.12574617412184307952 1.01946262494040862379 4.59400254467364632660 5.63754873920991972369
1.92264810320599455196 3.38586770322510988152 3.40147529958878358514 4.23209443588882727738 2.52586027829820558566
1.52316926399577434736 3.34199383230745050710 4.19623882313568330460 4.11899079641611720604 1.82715176421795821859
3.25023769033470966150 3.80619695549045422567 1.17501970374782827022 4.89596445451249628888 6.76430298539636876143
3.49983227888663384064 4.24742924465343918428 4.08539302285845273843 4.53710805166163488877 1.88172376732054913440
2.69370948447713898233 3.31350964162215388953 4.30855336243916475780 4.55252917683925417691 0.95541256835322063701
3.63888320763719619322 3.15926967821999493680 1.19007489931351395640 1.28514105039893333782 0.57779648757008550408
3.86738004397046397642 3.57590487608893603522 2.84092392805272320189 2.47920476009936718853 1.36921928661598668597
2.81984119009168621162 3.29875061022851401304 1.64737194430152600333 1.45793923536039082833 0.74977029861237676212
3.58718040318737552141 2.63332181177288715546 2.78717434025223687044 3.82369053356943400246 3.19089766425000531669
2.46993887986650140220 2.41014601253531957070 2.07445088360201523869 1.46279966240406222866 1.47040471181270926415
3.19129944528235753864 2.18077945468115608207 1.61421627833792991069 3.38401086784161275745 4.20616345087035092831
4.11996293026081694677 3.82378385520355479343 1.89955677611198270327 3.07603715522087828305 4.41484930526448593469
1.78641000925562742907 4.28873907591131509065 3.51458191623115823177 2.78033990176438283726 3.19527231466076422350
3.49006983333506948242 2.29405127999418478879 3.01052439348567535404 2.56046372092639495932 1.73925370939941448256
2.55232282975321522756 4.56433372013208327189 3.68643358180280777958 4.37880519105930687829 3.06809721681592773024
4.18788124709260678458 3.21541696114852504351 1.34191921526071844539 2.39192483909110764628 3.80486767842120965355
1.37080737536057917225 4.14543904390237472057 3.12163622080793556890 1.57448167160460794634 4.33533266323283683619
2.36143811145189630452 2.09337909931430754540 3.49344799993751831124 1.07671089939818376280 4.16651111520858385973
3.95370877193921632653 3.38863271036190827346 4.50096778987218115731 2.89461714652102886092 5.29784236954331255731
4.93760053786996966352 3.36819896564902432345 3.76163012926016904203 4.29535309327889791575 2.66253324881079045383
2.98684915761563551939 2.65518720766436189251 1.83224292311310366088 3.14808405713730676823 3.45991875799337877950
3.95686928238216406584 2.41276516071773450278 3.83911511561513618673 3.30089429085257934915 2.25471214713546430630
1.39888255516778237109 4.90355445628124098079 3.36499465728641045104 4.77270169918226816463 4.87587973645642946963
3.32697573944818225655 3.83453711643343542192 4.61694321313214217639 1.95988961327691013636 6.95343430825793618055
4.79294234675412234026 1.14777079382549374031 2.61730777337738373944 1.14400023542491080519 4.81858504658273556487
4.96191277082660775477 3.86465224553871022906 4.20203162576299327213 3.64623759696257110363 2.64133986980595203420
1.95891860441702991835 4.12395195126622482462 4.05458854013408664940 1.29747830792099971831 5.98512632304998781763
4.97372554342605255329 1.03878186453387932886 2.82996440661200487909 2.36829738682388901694 4.07008053634872002391
3.89863042694499251084 1.17802599476092861863 4.12984299433371582211 1.60072642794329755844 4.90945897384731644308
4.24898578590824271828 2.63693899330247782942 2.56871368313651826654 1.11103954118761016900 4.74107761135669125707
3.59882837872965444248 1.35772432401638321053 1.17206175625013075958 3.63221467893636384972 4.73126875797374601973
2.79027412879542602298 3.83056140743860007447 1.34441870272456442947 3.81709130421439102321 6.26327585405801467999
4.23635864004634044022 2.96088795715561881039 4.74655000874046528736 1.10677975834388453436 6.98220472284800042218
4.54529913096658688687 3.69511933498549360877 1.77276654925007326469 1.43163397364404065826 1.63046999791947877512
3.71616722613222627558 4.19009515933038656499 3.33698477870369147880 4.65232027519035540308 4.84741537808583533575
1.66480542858233659942 1.98673528998868853535 2.47026117644617304592 4.17529933932705166200 2.75754359364799928045
3.40718795112696870575 2.49842497799547347270 3.19861420032877452613 3.63455843408325041111 1.55505251562506807694
2.40892568147057550831 2.51506300101035273897 4.72477153880403832886 2.81917630091679072279 4.01371713797041085314
1.43827917022818452253 2.28495336474589505471 1.41141524005871810132 3.39759202065216214805 3.15309918734446537059
3.02862165108961045590 4.82433033998478677518 4.17855535264593669353 2.95725473326057564094 4.73712444880642014056
2.54282044468894063982 2.37618122152424726679 4.27760551726683857510 4.25590869717359865376 0.17496541913808502655
4.69452798652758573894 4.90391002775063267194 1.18702333975256779652 4.38060629301408255287 9.59519667855258795441
4.83116633136069673071 4.59292645147485867341 1.58567679792448501530 1.41380017279032177413 0.84300045297559034196
4.10290866218887462225 2.36994946688388319345 3.90570017119559143026 3.14675247941822711084 2.88795315506448524445
1.35367935480988688113 1.73660861196581128851 3.92338755340034817110 4.33830361879054748897 0.73862489399863184847
3.06007514443274031279 1.10284512497060793734 4.04929329893517575556 2.97009806107127349861 2.71924073080550421366
3.05564708623400171916 4.47853961272860523479 3.86172291478210327753 2.24945324040489014195 5.52531291090113807485
3.32707108477022650561 4.42899144696787061548 3.07274700177806936452 1.09300941809012908124 6.51185189768633421181
1.91384383046020589703 2.15166050300413536078 3.31934278892326162236 2.00686410725912400821 2.48767932257421042763
3.45196927312522516829 2.10711692385465720889 1.32129410884024878214 3.17739907168732305109 4.52221778150112108108
4.23120370701246883982 3.36794303297962871468 3.67053650336963421807 2.61246004415414923017 3.90704859832191031543
3.75680855032465155219 1.22404581380342447616 1.70206301518071168033 3.08036813408320675478 3.72189027999713584194
4.94550033269846522899 2.66952660386052054164 2.44734902244645313729 1.38499077316274998850 4.32786107418270571401
2.29399309692235053859 2.91953459198101228367 3.11357906628428926510 2.83363516382646229985 0.95537873749457036254
1.65066656516514953523 1.83329057299433362260 2.00705136996627331314 2.16600091514521997382 0.33112880006721973070
1.65461173859381904805 1.82595700696333240742 3.28604441688735349203 3.68524285081490665661 0.71025613935268605559
3.33508665053133990241 2.93385842087466652828 4.00349723119911615754 1.01437532648670547530 6.25081155864093229724
4.93057842122444611732 4.14678817570147550953 1.67734292659043848772 3.27603837916899509608 6.53047949138636685262
1.67692512705408391938 3.39307688904302784394 4.11489353021808312860 4.63295541529542020953 2.10675989930799989480
1.90930183564421040998 2.26561058254406555434 3.71929187309314990273 4.65103302772027404899 1.90220024846403434893
2.28689845941582747813 3.19543897223428441379 4.04350681728852379138 4.58185443097010480784 1.70078666466726069473
4.22023564128274308871 2.60534545491805547002 1.98202552032737466803 3.52881936598958656504 4.90616364205480426364
2.18897057931491145766 1.09871141775660596807 2.29153015454423458763 4.79637473326272889551 3.14105648983748642067
4.04625594302061131202 3.77866561621517904612 4.39401757244736401731 3.33501122747258582635 3.95914551617870991151
3.13313222266260016369 4.06784393447534586841 2.99322381926524494489 4.90957733633604131995 5.91590505261315424690
2.08503710600183111978 3.27178548548786851669 3.23231152959816681047 2.11217121567510135449 3.01818012652946476848
1.00941742541459555937 2.74660036943723406822 1.41431002332496280616 1.18006788178470323203 1.78023419329716015014
4.94736448393736072404 1.61796306503622577821 1.76219479717715854505 2.84433616563779123609 4.42479741938164838899
1.22651940087023580972 3.75949489259057934021 3.61845606378526163383 2.36655561590081608969 3.57026992844182622378
1.59373068928719030524 3.49514633471419289279 1.83874415903186294585 2.97596646134120490501 3.17421702715241949022
4.22337424823301077481 4.48958251620957859984 4.74972384265545066739 1.48532694852770852378 8.69655238287840504086
2.27847088191313895678 3.50841437118520138583 3.42392249002439941208 3.92881790530967167641 1.87286349454958811478
4.56858602285002390886 1.12177800458132415073 2.17174921579253243920 3.14130377881278466390 4.04132985210406747711
3.03671897224987841213 3.81813987542434407629 1.18155319361439126169 3.07020844778689339094 5.57200737990281158574
2.61420050891114152947 2.04541668854874503225 3.88790692894510137023 4.15354797212986959210 0.83583640445211404568
2.41914842330198132103 1.81069563721102300136 2.72528761794229001936 2.20165523669114593375 1.24260652171319296855
4.05057629736090429873 1.91271497948734348071 3.92586582016713236953 4.40002409745271805264 2.50597724562948886984
3.97717885189210074159 4.78687895777030014699 4.55755981501131213207 4.36875306169405419610 1.15424292496227098859
4.53273973870948410081 1.81884243577518045498 4.18808392927468453593 1.82903840367577386061 5.96207744346045576123
1.96647191259616915815 1.66601981191236481195 3.92245744950023178532 1.98781075629397196991 2.99573977207003316892
3.52409610338443757271 4.53200056503304260502 4.41467055693386178916 3.96386952120771862695 2.05108987570077605511
3.52574191171119144528 2.78238009218591741956 2.72236011926605536715 2.56897117263853180802 0.88484171569106129240
2.09275649160762888812 2.80242091008132065966 1.94277625743372528433 2.68559497394611845777 1.89567998621740341214
4.57463002739837421018 2.64580413491941079940 2.68570119497774717487 4.35823440146422669272 5.51235277352689845287
4.60499565486018447302 4.70787294086072449772 2.36317998095851011797 3.48401269313079797740 4.95091897278193027176
1.54636639164670519619 2.51973603704142989912 2.17090728947120270576 1.30371299386233108208 1.92316854096501899107
2.51965297517323172372 3.20131383941741098909 3.97253619626492326944 3.14992258326915752775 2.37108868867729327690
3.97733139288943249312 1.95445164034781937445 1.96447704171373516147 3.30236651391521940369 4.00633137213238477159
1.50780381708440325284 2.31251603896712421005 2.92899371303438815772 1.10958373840361357310 3.05567343728785179024
3.89509207204930918422 1.36534950964760026793 3.63980015064257456103 1.38278446611864769267 4.87598969893100608886
2.15069599276751910466 4.54970368471140940159 4.50899342479379683368 1.62173360268292032771 6.65325588430417802499
3.66753829068713876893 2.56674242463691770766 4.06350295415242790398 1.86466873171829838896 5.57683692192373836605
3.47108322899937737915 2.71848044447755343711 3.04929096674792221577 1.90875136141180723470 3.40101535176815517048
4.89964501373855654265 2.21614006956855558172 2.89047995327599283044 2.63133701208681314299 2.81537155342593070628
3.02154787067279295698 1.09994956790439424310 1.52360442784100147406 1.51160772851439650921 1.92172275822047633476
1.81338099740324576459 2.24177789788541570459 1.18870402510271366836 2.54571686807695707344 2.56690168558588727166
1.07665924679693203458 4.00114878469818968654 2.40782880984838287830 4.88887397946625767986 4.89610737010780994183
2.44748025021159598680 4.69933210069063811432 3.08279992249351453282 1.44843114736083489191 5.43463493224706706286
4.20368121896044577568 1.13815698320058222848 1.77369563158043996864 4.63655092556570647133 5.30715653132667242176
1.38913439630354007548 4.70284138151620112467 1.85014762526919662733 4.82695435985587195660 6.07743149221857681397
4.00984982773180842486 3.84005861956738581142 1.80245569773983804751 2.39673996477768058710 2.30409198347104826610
1.62356434926043347033 2.53502772898738637508 1.13476966893100561506 1.60028203708553240503 1.30639657537082309879
2.39146015745641626893 4.74045604580661361638 3.63518272184013024884 2.83677824583132220937 3.51688605652337082930
2.96620094178970905574 3.83673733498373392692 1.40958926616748270177 3.40143897425816854607 5.72903585807645043815
4.81594952154278921341 1.32419476314361528324 1.87144579620896633898 2.51766211277772766763 3.84240414600353563657
3.01180008304967472554 4.27614799155099234440 4.20285662668672621578 1.05947011768647048058 7.28794523132845561975
1.46589386067064975094 2.98990813157872858952 1.50637614781177786583 2.68290674430353526247 2.77870379927461419456
2.45229723388854159438 4.59903452772775001023 1.80902215798130683311 3.89727936505659711131 6.19055474700614194461
3.16045981046019575089 1.32422981712490894779 3.76704882998818169071 2.36034047504930422079 3.22098931518608333491
1.30392362852391174854 3.17862991278153517172 1.67483891624499392492 1.21619182942537751302 2.09074439841920378669
1.53818352678439929093 3.34667655956923404403 2.13125353105822634703 3.27395485103894223755 3.04830290531110392749
2.94507949841340677111 2.39996437124070238767 2.29147733787952434525 4.99349794725015350139 5.21781781385988452371
3.42957240129660112515 2.54660593549117519885 4.66308416875358311415 2.16350495213504068204 5.67774390491467428888
3.08187877444099900259 3.58548923099195704367 3.54439122653109750516 1.35460354563247786785 5.93097700048911757875
3.46575728858902598617 4.50999205602608022048 3.87854097304179568084 3.71911091037044094776 1.21937753541575233385
3.19591945012825107142 4.31501284936823914506 2.51890684299432177085 3.48881402541417040553 3.63863631247301899663
3.60350318105931100021 2.41881147628943127259 2.49074900997643977618 3.03573283524980208625 1.98212658167053445979
2.13962242856677820058 1.66229176998988537051 2.55367816768020672313 2.70974065857474188945 0.56061888052759289991
1.35172960778467565746 2.44125999123919790179 3.09671673421070936527 2.01056102534729230769 2.17074135907875032103
1.03360136203147146006 1.92668262549949576012 1.56644863458234206988 1.49025016743070093383 0.89952829615211271630
3.17190002741241361406 3.34711465806934382883 2.89433491345602833533 4.81385942868089955482 5.34037901524230473882
1.68297456809065781869 2.59828268058642253280 1.08336682629796632327 1.85180741486489930381 1.81531476228311117183
2.93046361304011560023 4.81201934785515028636 2.98988177903097884780 4.25815354839401116749 4.83121398910707711138
4.00985087774503767832 4.90933006460759635559 3.90504881703372275226 2.22859830807581937862 6.65826104446267308390
4.86647472531163494125 4.95167867586582222117 3.97777245190436445910 4.63080332270279804163 3.15015282674648267047
3.43858117693097531387 4.96856818896090501880 4.78845007789598575698 1.76565889839724698973 8.39281313366635117745
2.95509608665199463573 2.28302096069059246020 3.97155292500953693846 2.15232129990734577518 4.15482390987298355611
2.41894911303897774957 4.98377819148490974754 3.78372899824339725683 1.65203060589201822239 6.59660661504290413149
3.08646242806866766273 2.87872524300873688929 2.00534920655576609505 4.17858265544966656080 5.28041733442391159059
4.10318380506248026052 4.80333779242692848754 1.74648859684195434383 2.96264978065784001515 5.12058158230128146471
2.80982901801977114076 3.77651509962601217296 4.97459036985836888789 1.18681007164177021451 6.25308832159714178545
4.80453894582112983613 1.70531865692413431290 2.91238364821558581852 1.25132158755527989058 5.24107254389981047638
2.38491169419787629735 1.78806399096864865328 3.67947685627879161885 4.39431894039026005316 1.56335940911248538754
1.42383971024400102223 3.79534395594415085995 4.42007441414406443414 4.00144224449953878064 2.56073066984251562772
4.98728759196606752369 4.27215494147397656377 4.43432186687460294650 3.30995322736660391172 4.97256264949140103226
2.28589143792594828852 1.36471768339613630516 1.31715347215791123148 3.79085235396565378707 3.46212626099263331980
2.22436597326217366799 2.81858767774258334171 2.62628685926571270315 2.18816661245472587893 1.23992427611215050298
2.85352764806356962168 2.99818460796519081768 1.16999124368605711410 3.11559373389591742765 4.83692697876825672409
1.42645502565102155756 2.79080704967582660103 4.29221397523354575299 4.46194985642770269862 1.40565781781588072796
2.88101121135444726562 4.36427515088825934697 4.42706011161741130877 3.05466875283935479501 4.73185930651864694596
2.17784939494028639828 1.85791970878488488239 1.28408559039040248706 2.66966783257030737531 2.58932352406174404180
1.56220326570852341419 4.28218045481123077423 2.64637983093685136282 2.52225282126318717246 2.73883447965997062212
3.46546894795813509305 1.70837197698548326485 2.97990988288124292183 4.04319684847635318903 3.02876943431083045510
4.97829344108828486526 3.62319000977179905831 1.82448466053309754642 4.65977088469414013616 8.50331598215255723971
3.00976107493147937433 2.94155476514457792092 4.31563431727188895337 4.14631685876110456235 0.50779767991951829664
1.65388319263564387285 2.30361931369297101568 3.06979018211941001582 4.34853904464406770813 2.41829229178248050758
4.30943903854936394282 1.49361894474031764446 1.14712795022451885529 4.29165844281635067148 5.80305319666362784403
2.68870527371734402422 3.93417383672072507039 3.37297335909819295807 4.10447961762617907766 2.63883798935861868529
2.08440505116335783597 3.24676607595463506684 3.07534335876861497638 2.75902057405011635893 1.42218839944118946583
4.01509140648074769331 1.58822367507695805244 4.95977477547928025103 1.11501910905980095023 5.32653403841012629272
4.92056802701125750588 4.19813416163564845363 3.89639421961392740101 1.24373469514979317907 8.84929964685042946826
4.51639089265898263648 3.92627406402712031408 2.01871363678134141395 3.96817264170779582244 6.99457775555699523551
3.21336705584277915193 3.87187038349904932844 1.80652328479120871663 1.98734496856662357089 0.91614440434041910510
4.35073067563128645929 1.41185014776108275214 4.59700228078924943986 2.73743250318394659715 4.94173098716837255751
4.80797408067627962680 2.52534546522571901050 1.40811243959879073273 4.45330192586999284998 7.32562777455694735806
4.09790746486582779795 1.60868090173606148596 2.71520319727437220436 1.46987567659022744238 3.89421775054124275073
4.92252212286429191579 1.73705751271318487028 2.55274371052599091669 4.18891474888021431155 5.32595496428288139867
2.88783688857567755193 2.83673967635134749443 4.22447039067109209043 1.42607658749266708043 5.64050595297075219037
3.63141416563516017391 3.17889287357689909186 1.49650958893691132801 3.14548967471611806701 5.00956860883928634109
1.73043435972658787847 1.05944482030420195073 1.19203105664904684957 3.63216377524066658111 2.63016061342964801995
3.52765012716098746992 2.93431349109334904668 1.64725154171457877084 3.28738865799134805101 4.74224483768871785117
2.79773125436311120851 4.50972858279001975745 2.26631692483460556176 1.08804979568328041850 4.30258903718427720975
3.38239394053605213486 1.95545285227163034847 2.51932922986273322152 3.15017735966684009341 2.14061429290437210682
2.28491083004349437857 1.89972619314847435135 4.03894329601606294489 1.13843755728867845889 4.15452913039453797239
4.02844435248891308277 4.63737872700585285202 3.69899121833657407166 3.72609974338007932104 0.62010377216210643692
1.68448042501859207576 4.24065407383775827554 3.57768939244657202536 2.26676146882248730208 4.14121139355034273422
1.97133154390726517136 4.46601565357804197731 4.06986041793062458538 4.33148587969018183941 2.61201728870049931786
2.51938315761193676323 3.13264785973107606765 2.02805096813842844483 2.39119338776623102660 1.18553287669730389453
4.32517933970741275118 4.16275131430484712780 1.08934310704865522368 3.39202522731362288155 7.75240203823707485498
3.44029871293082267769 3.85309762736860639265 2.27308437351578884744 1.01153535909622771527 4.31432798141877338338
4.46042578329153194261 2.15039898550377195363 4.59275423621659228957 3.60093311861201037516 3.74474384627571632578
4.40309014929851194609 3.86716695073026395235 3.80099014585264516342 1.58997413507145957112 7.39497503918690668456
2.69525275209711567825 1.59280078565695859538 1.66673868836471017474 4.09246079768701953583 4.03481480412811066572
2.23497474332616041792 3.61451858646401325004 3.52104426605179465781 3.30331783982564175517 1.51148393745336484528
1.63871058786099244031 3.01205608461893081795 1.37146352833648954572 1.04482529747279873078 1.55178435002217862682
4.84622664946118320017 2.35305642868490183517 1.67220075335751738876 4.32608664638241080524 7.01217633277176055628
3.53720077643132313483 1.60666789518800579017 1.21094107611602419539 2.56500546348361613269 3.55654183853535554860
2.81881040322917364449 4.65580312936677920277 4.85242311817371074767 1.70514166005218426037 7.47458512179925715913
2.48951252521216170877 1.56876452223501683392 3.03935708471717180856 4.70627086806461125690 3.06729601299479659460
1.28695555018433838157 4.64721517427392871724 1.81195992937958649804 1.35581098721640858074 3.53756187501487362468
2.54167792804632730608 2.33502050696536844754 4.93717857150376993047 3.35296745338039503537 3.47443128722348770765
4.10020328105497000593 2.19723282732976965548 3.34572964998174660067 1.12458765873762667198 5.70515800032513986650
2.84215318114578296971 1.99731020933913505644 2.22858844323140381505 3.53939588795303361479 3.02464645610130933306
2.93619237524562137764 3.50084113609078428908 4.35992978402162556506 4.42496813365474217505 0.60190824806667431179
4.53259544423733906626 4.58105855130586725465 1.02694470130661885676 3.21841867076293519645 8.10448912618380390427
4.48425248596189440775 3.99610102124140587065 2.81682589875288957870 4.97663721516536838863 7.48247632076227553455
1.13464633647567980645 1.73571445789494749334 1.30498167604854664603 2.13841169723741453268 1.28525557259579570335
1.54574351706481127877 2.80775537201538050169 1.78622355907662511143 3.11058833557653802160 2.85575519546225553569
4.91192773037637486766 3.97708006963137483680 3.43048398714378643959 4.79756786534682078127 5.66039188599509301980
3.96060151898478229882 3.60408186369933192239 4.25540327854298894295 4.40720508133923694061 0.67484054747926658369
1.21048332588060114645 1.75444043807859673123 3.24981093568642132041 1.56726045209112152534 2.23986896994054518473
2.67972326096971213971 1.01664570677700272228 2.79292590012229480223 2.81334955224135807583 1.66341915917082161513
4.61149897701966970942 1.08409906088807472813 1.87831786188685434524 3.70318884660123970320 4.99543305678304250250
3.63304532759433396194 3.03525066130568799139 1.29693597072272481796 3.95410881875553066322 6.47523807227722247859
2.11355855489388488877 3.70016563912474749642 3.83745933615297651897 3.76040167744662268134 1.60116719226190862280
4.82066516106282083598 2.72528242823615540757 3.87017742129395259099 1.59162537847913165834 6.91001975078703623012
1.74329782779833930562 4.02429858852388466772 2.99770427278149442785 2.09874071461955447049 3.24049484014042432634
2.41123824731075853123 1.48608753653349534574 4.18941827084353057842 1.50723185328652542481 3.80080041272915458705
2.55037397840215573908 3.88580380188623086823 4.42073151800538077794 4.66693597675511284706 1.54307181494742384764
2.56218635455342624851 1.23684069432588961135 4.78369725758463637533 3.95959027719582623561 1.94671563566872052320
2.74559361465115081558 4.11708547020756387980 2.87351561781161102260 1.66858819823076354183 4.04975705735671986929
3.82831394066631336415 1.33550035937124667029 3.11841160920626458974 2.03282050175436301842 3.41621308975834869770
4.57614339369379230504 3.25602239432497331251 2.23480414912493108304 4.18157967204517699855 6.51804090245275613569
4.58076500224381000237 2.04061939816306514572 2.87002869892770684501 2.85973575433219950881 2.54034053026832262745
2.61194137750227772798 4.11272414732823765604 2.88689985457613884634 2.68160599069250915605 1.64423143061565890655
1.94280929629216947419 2.30551747959543984479 2.83152391974567274602 3.23796377439526539277 0.92809378937553843603
3.68657748533512830136 3.50398866183555668385 4.50187187307232150602 1.09276499409148275532 7.12638050578527071366
3.32930381901407157486 4.47125673880046825559 1.92226481036857688167 4.64923600059862174305 7.63715266668333114808
4.40272106034294452570 2.70191072406663046479 1.87923705892328518630 1.58476839193045160314 1.97909735416264220831
1.15127085209983581748 3.84843180403035267645 3.19540814330859701542 4.13234831679908687363 3.29966147214818672495
2.39032862261690803862 2.80314756903601436377 3.89586020581039127464 3.89747975473716445904 0.41284023225994159745
2.61013532529102221247 1.10278753182325361948 3.71686464266480376395 2.58832218493354648814 2.35905581256205643115
2.89894464046173316873 4.65979429479599716046 3.84235653531708587494 4.81316324457499611356 3.85523862515986870392
3.52668378394395176656 1.47259013459538845581 2.55017796957196862806 1.39475990469145205708 3.22716662176945812135
4.01296341050541727213 2.65924064066838283793 1.07064907895809691141 3.41296042432690382995 6.16896725831832792863
1.15192285633456226179 2.05867915726867822812 3.07054492068065121302 1.88440743155090517646 1.94559869671632745813
3.87131262714085666587 4.75372299377905260798 1.69637982796729636092 2.15032097730371019040 2.12277516129029741876
1.25272826496471045843 2.64383071988617368575 3.12580833754528342183 4.52486885177058439922 2.72528420841199370273
2.81609038262434863142 4.37947692809048749751 1.85635125920848542691 4.59718380186196018400 7.05845388322460909336
1.77808733736761892530 1.54226444550193564353 3.41859200740105251271 4.84530689708777373426 2.18006466058806847030
4.73690418616437547428 2.15501469175560922409 4.96975362864729142132 4.12745651984866945838 3.67290837410634596338
2.41611879134229612376 2.03285697934101117212 3.42924862902787985774 2.34805136665693803266 2.31312303539623842497
1.54665505867821373442 3.62157464965513486987 2.16977536972040940810 1.95913958692091139113 2.13375029458332665655
3.03460006956535721656 3.42954551192046563912 1.92784306629167367930 3.41615371654957655778 4.38812261355545363273
3.75629463989616052544 4.82446016882334305365 2.33413537101217061220 1.90797458040538803203 2.09348413610580763589
4.67614529288545721641 1.91438283044931223387 1.61172802745306942285 2.16972309783747707712 3.21605639645333418741
2.05822445694785249870 1.04358195062983272194 3.88298069449944405207 4.75895864993720252301 1.60466494540086901388
4.93339081508232979445 1.77360956540596426123 2.65330108084208360353 4.51898045545115856214 5.70701078518644155935
3.73595048552181996371 1.57514672262165733585 2.84785564008822422721 2.23882732853597676836 2.60483203402677165883
3.84248930311105718616 4.99830039479321186491 4.83495341535045408676 2.99993630217898932244 7.05544161109015099953
1.40975754175443013239 3.29929727570537068004 3.46943349612556772854 3.02228241931228769346 2.11776998802889471207
1.01661545741121273068 3.67707591411704015627 3.15731074665125177603 4.58300976517479963235 3.67061292220638835104
2.38771212885635231160 2.91245476007928250084 2.69864326723175818046 3.16091823625140477816 1.31725369857331053858
4.99652258518879666127 3.73251374097140065089 3.54004582569823433857 2.61352591305417281120 4.06131282339449395380
2.51523041264757107882 1.95991347661937931335 2.67058820636405291893 4.44577083436998599097 3.48837264904326582737
2.60544851050091041955 4.86753011974664850925 1.19751425605024541809 2.32419785490068653289 4.42530336952095204595
4.16315493553413062955 3.19138965079390546364 4.38175843844154311313 3.99846932683551292698 1.69482698793812391891
4.92379955571475314002 4.29265576341880894518 1.52103954520551587493 2.36726308732203882812 3.82778264806245305252
3.64498585183712897617 2.61941240576748768376 1.60959130393629035183 1.28346517387262792909 1.43468160263981459046
1.46497987397053552883 2.69455645435588930781 4.23281380534522977399 2.59427010313658801266 3.15297527168941060793
3.92417103116642662641 2.73814680643003915961 1.41622848471767381895 4.01377148719630127971 6.42524368377921728523
3.99712130109312457904 1.37046581368208864049 3.38900959431828896484 1.92103909060103195117 4.09030518462180836536
2.48702801896022718253 4.08885393197261493015 3.49788031973952540099 3.45616961084597562603 1.60733808220485041574
4.60329299336574226942 1.54696530352236294448 4.97052924782796345937 1.42351811829334451431 6.05567190112414088787
3.52416348084684338815 4.54458226598807435437 4.35413072100300180267 2.43085895601401036359 6.64311733897145817451
3.99138109475458824349 4.85177196456038473116 1.25116264784364927820 1.05518159906207875665 1.21724575135778723123
1.11300910897307980818 1.65131048150555148624 1.11079762737461562594 3.22449837688799156865 2.42170395252505876726
3.37289909462517156769 3.08942865741806294011 3.45802684602874865760 3.18218005894886424301 0.93179321583924246131
3.14468476497346616227 1.52745547754853339129 3.45306210624061771242 2.20119461958911388777 3.03479415685857967233
2.42313072408973484428 3.46905271536467640914 3.35781385001169851989 3.04698353786823350475 1.37825312781698006148
1.24710445831861616028 3.04202915313697630495 3.58317496504865928841 2.84234613529069513049 2.28262028172682684968
4.33106960004628760430 3.19173732429162138047 1.14628202685640978586 2.00085775703889856558 3.28539941787308187315
1.45580994873327140837 4.10405745657939924342 2.44251143104887002977 1.52998906156096747821 3.41358498865110204790
4.22977287837771243062 1.63841112883576167647 4.21155105214447900153 3.09488034991332305879 3.80725837495865482296
1.22245890815855018374 2.47665348651533667734 2.08901822821241633932 1.40883627034133906974 1.70895926168153300395
3.75241844798031554120 1.06697509198484974391 4.70476002303879603517 3.71593657082588579854 3.28901002392577312960
1.54016131117520993499 1.06079609361025450909 2.81994647562368383475 4.69255150861817149632 2.11392286994080658147
2.41067342397183281832 4.81762692307745243880 1.03789523987785781145 2.37187936258827170022 4.85505917655818119982
3.60954056455873795173 1.91839104465159371316 1.26635634234480853877 4.96940829776873194135 5.33215838598244573632
1.22343483073955416884 2.86285942159665474094 3.97427746436493922744 4.77324042959387284668 2.19250705911425880501
1.26637743218285425684 4.25576853669543808678 4.06539733301403938270 1.17898463211580173393 5.49045127403391930443
4.51917027743769139647 4.84953771177416470550 3.63291285316795375948 2.24151497374816965902 6.00996463103482803092
4.58215831985902077861 2.17135870285736354290 4.88603410534521032105 2.13348765303108711677 6.64251184629746926902
3.04451358172822494907 4.12364457941161344223 1.95299698403127974800 4.21313793114711643284 6.49950878193939374228
4.18219346457382190607 1.43163225194247711869 2.14962903521474402169 4.11467885856219250940 4.91325082097982246410
3.44019514353541433493 3.26224416269258776779 4.76749808764240423642 3.66422640507583130542 3.51588989619834846323
1.35699042535872660409 3.83301726611887261242 4.38908241374934249279 3.58602680693952269309 3.05100392426513300492
4.61376985310061460410 1.18557050589862189582 4.71041235005650271717 3.13771044488348804791 4.76584688214555551866
3.80633989997711452702 4.46238333849123236519 2.24401503534406820961 1.80557844813294732234 1.90878523457211279890
2.83182765183951401511 4.07732626610346216012 2.66639330483707759356 4.52411795429304852689 5.58383445047054216559
1.12278365980463101792 1.11477400529591941236 2.36997593105087878129 1.25626338598395292934 1.18261361038683388003
1.63023594749173028617 4.57723342689642009873 1.54678537152685446898 1.52552348993131392518 2.94756973313419923244
1.96901477994945173222 4.98677461606834704355 3.08274185129331135258 3.44528935590840834635 3.22233146078240251242
2.79504728554178738520 3.92195449435521226178 2.60851752030589523201 3.69507242236406341362 3.60382232454170159386
4.89617310679149575492 3.17568572450657748973 2.16737085189552480813 2.84824373572386813080 3.14548367315964583213
1.47848341866798893562 2.25329570338878815150 2.94153114380151281537 4.84749410268119973466 3.07487660741290680377
3.11594198873215111334 3.31110123872320549765 1.06628632442738213726 1.99862100078737991993 2.89399247549367188981
3.59389513113470426831 3.95302818771730413161 2.30403071859349184436 4.45494018095041521832 6.64202540878159641835
4.40955183613777279561 3.81801386886969940093 4.79389530919915607399 1.42533817044818444941 8.17491877946154232859
4.49284412108572883682 1.68517667170616824990 1.78174014321229456925 4.29538818291191759613 5.93963915236424089272
2.92773880818491116784 4.07014748654924751747 1.62662423441260894919 3.78997499469147847151 6.20063386029199747895
4.71647716531233918147 2.78728572518894379684 1.38218053262497653222 4.71370339116615966191 7.47219199928832544799
2.39903925661820194293 2.12136028964922784823 1.72216597075797217542 1.72301353740094986833 0.27768554993095873051
3.18106829836243898413 4.85360659839814090333 2.03836014424914679921 2.02199701905343109942 1.67377366123392934405
2.80877271150171781144 2.01057393183034305295 3.33154982826399281848 3.78959930307139813976 1.34216033217489671969
2.07847735820195023138 4.49976903207332679102 1.35788321457571425910 4.89287124377718551926 6.46873080497650576604
3.60906897870734288958 1.94508845664920348995 4.91705989146022837133 2.31405441858215521478 5.37225212079590264125
4.08510682728859286783 1.43184513133914359528 1.95861804459107657905 3.29668212474757593711 4.00501887485495622343
3.73999628629501845722 4.26760807960837418307 2.55457473772960241831 1.40857245926288321414 4.36395118867039144561
2.79032635521173455473 4.80449184491359027049 2.47766809126117104611 2.33375684875388111905 2.08183334585213986045
2.07330780474319631423 3.98909378105128453740 2.02921224041595582577 4.71149151630877405239 5.91931847738315841667
2.16168417312033156463 1.44044808423027159705 2.33967793232357079702 3.26922099533066745636 1.73851226877102327251
4.84754004473572042144 3.86845393812328719463 3.56018594854151215756 1.78121539888441482447 6.79815257555148377833
3.23445672390664240581 4.42727129951704689859 4.19549044168583940007 3.81399473935490895826 1.86594320131283386566
3.21131620374632875681 1.93060688996943508045 2.92988093706019059326 3.99817127046776121801 2.84039953603864070431
2.54642770175988442105 2.29033732774198739435 3.18616742705903677191 3.41305502542333050187 0.60375933448098562106
3.40296128136810827058 2.21405193694927460157 4.83462679561772468162 2.47942696832229980686 5.20833215528835058450
2.85744202986545037248 1.08940935871696709114 3.50509902662975347809 1.01135168797745311764 3.78367433590616863981
2.83368290772035624769 4.83678752574350401261 3.60499663560593042178 3.80681014574048948162 2.13746586615667633069
1.74868718886313212479 3.85278156419356010431 4.03782883318721808052 2.11600003828823490792 4.74713770114301780723
2.87979561931658212259 1.72790134984845300536 4.96751641281760214497 3.99761260442513499669 2.37743816274765729091
2.26663543216405072300 1.66241069705500787990 4.16292867130932631170 3.22554140428845670385 1.85489195733823075685
3.31719485184047124804 3.38946907744166647802 1.56805775426910409820 1.36342241141987230435 0.68877618604431289917
2.79036907829096536560 1.25613156411468107621 1.48863383582684383200 4.31254644266081132997 4.00292374412690943331
4.37805002525958730786 2.12830759795376955879 3.87182579008024463363 1.94356641276971542354 5.49705511440313632221
4.88656401824567510062 4.97276114271042590786 2.43555909536921255665 4.96588957595712976456 9.40245270846436298484
4.62905989105112780635 4.97941197857763029333 1.58819109334945451906 2.02130878203072894550 2.09273584860754668924
3.60388379026169403119 2.13305776024126414470 4.96612921650658378780 1.57685286060001894626 5.69590294516114159507
3.46310344492587907084 3.11344297250469637106 1.07071908752072486593 1.98651549454936970918 2.92412221950488504518
3.84062919126212953813 2.86995078886946064500 2.25823012221730223814 2.15583554683013201014 1.02843657820452727414
2.43533168864629345762 1.81645711988231450817 2.76789642854627793156 4.78376882801004743584 3.61100767330018301848
1.63608275867796137959 3.66252295666164551236 3.15461176460643244468 2.01857267591535105566 3.32312154593594621943
3.53110372442418407601 2.93571683783416448321 4.66193344716401103511 3.61442384565813101815 3.27511977960022004908
3.44343849671095059151 4.65587967697649496301 1.51513475983509549039 4.80286883122474073105 8.07819029030396329460
2.74614963376839726905 1.51991979042768443620 1.35440789855284426935 2.86733638577788108037 3.06083179029944618676
4.38237768084089829301 1.17420950680427926827 2.02897921307390483037 3.97458571214709976971 4.93474783071916789368
3.48394663234404777796 2.00397785330256716918 2.36494350166266853464 2.66433213818201330980 1.67673682890562192327
1.90123810425307393501 3.72530808904605326148 3.20595187108204626725 3.55463475531753259062 2.04442039281024445785
2.87454298939146024594 4.80095952500245282124 1.45065728493227652507 4.19807414318325822222 7.53635869771288646746
1.15460815848866449329 4.50751944623468681073 3.32720966518715632887 1.39582121587642715710 5.03223453027284772787
2.31495710939567400644 2.91150197866898441390 1.87840121350311761717 2.16178587272988131929 0.94526272205404959781
2.79976883290622602374 3.60041356361615560999 3.07156517783784543951 3.56793419715725601549 1.75330220594356811503
1.80681605245883192268 1.38025404561785780544 1.09997234464636184370 1.82039368127631195904 1.19216914794091222163
4.21369697453452829450 4.05511434544828297533 1.00595397060267677247 4.72206077069932383949 7.93012088146359772622
3.72126319143324790772 3.41594671270182104195 4.84374169021257472423 4.12456214501631279745 2.52772260182821773000
4.63156112242299222714 2.03451481992723692827 1.34136708852826336269 4.67298942643220094340 6.64058094988033253969
3.51669445540569114428 4.04929751812647698017 4.57993046837596473608 2.95676064239826841273 5.50044367389769206511
1.67228293980669207031 4.11953435304454984589 1.99842201935977215044 4.39928499384663851401 5.47128609403617804929
3.38522964681499161088 3.88649574841548606230 2.95982245426609003047 1.41363359551935774405 5.09089276185888017778
3.63058416226663949189 2.48086791104499004845 2.65703486418073842046 3.08901873440914709334 1.72530243842362396300
3.53249685087223053159 2.83453198586810950488 3.56189486738226612772 3.96531413469599192112 1.44732733825317883003
3.13044138676821015466 2.96167589684624266155 3.25840352040758629570 3.80900577652828253861 1.66400604444442867802
4.09312820828776935400 3.16044907921060014289 4.11001649376541067227 4.87867374919225760266 2.85377087434812048983
3.32869969403519050388 1.57019417541864969579 3.19044538195392268776 4.05226583385793226455 2.59614872443361566212
3.35488443071260933337 2.43280904951559717730 2.65858636900726352792 1.21078913163576951106 3.89500730175476039818
1.50922204520071501221 4.04176785760916690293 1.99498780891736293697 2.78795273839025403717 3.17057778570887860425
3.26698397551525943072 4.25874004075438072903 1.19182978375757775424 1.16677147210141196609 0.99615060129970034453
3.79315906164648364296 1.56494694028352876458 1.18570007963846713039 4.91777580745411668772 5.16710793138013180226
4.01564581368489470492 4.43038925790531301629 4.66573708193899783225 1.13585946739607868139 8.28774961914521846040
4.86495746526511663177 1.43748124875278859847 2.70399070686094189497 4.88720907456724340534 5.81157098958820217405
3.98164346539934621561 3.80687665586854206978 2.63375185240855369528 4.81405625185179886216 6.90653241791765992730
4.31598049098125180478 2.70118936859144831431 3.62571163750592173614 2.49091811948559671563 4.00962225610039624257
4.25493242676545690983 2.47287520497818835707 2.56224573196126748087 4.62570715679435284784 5.84574923558262060652
3.65170293955786995355 1.49507855016108237578 4.71233538225143711031 1.01535951776244193212 4.98479610213141821617
2.20467754919155645155 4.09097010198655830493 4.34222993381214195097 4.26890078394975169829 1.89909872370318999479
2.15487835212222700321 4.40783805957472729631 1.71625601278749684298 1.38435475901895266304 2.47236354440195027493
4.44466825380432073445 2.03430019344820278704 3.67510002738191854377 2.76650956585197294046 3.57416009813271129403
2.03947711481769999864 4.74314382236783949054 4.38392177447073461138 1.81311781843880659437 6.55262963393525232902
1.70869850479703000445 2.27337202834536622476 4.16551790249591924464 3.42967130376179518692 1.52610273400231655216
3.51775424697731331491 1.03129882298952724184 3.85751016844636707148 2.91532356940200809703 3.02847532102345562421
3.19293393747562026519 3.73727934910292747261 2.13886006632631264779 2.24121234438187455495 0.64900817697791612915
3.76921351593315900885 3.65447034852535601601 1.79965715205594101178 2.53960084940301422662 2.68645470093664728850
4.42474240031937604556 3.07156215163840995430 3.88252780735334379614 4.65283400830740667686 3.08294846666706634508
2.68011913198252038626 2.78598518396749472714 2.84305405401497601758 2.17687679718348725544 1.79001443831579276633
2.18025362431619207371 2.82454365343714286496 1.84341875196927951208 1.98979263691248364765 0.73947012550554469534
4.43681481538124522501 4.15745284913535950722 3.94702548263160180042 3.94750420595181505945 0.27936953221630117516
4.30665134655018455589 4.68878210119621208207 1.36084729187951847251 3.65928384048322064004 8.20932165989352746749
4.83477861619950211036 2.67956563118435431292 4.43074969417644304315 1.81729789143238562588 7.27564325570973835511
1.76305180489862189930 1.85038419944424514796 2.81929373311999764695 2.41605273145452059680 0.72865793701030234786
3.73318890007899994998 2.39835545479347977960 3.19668779136105785099 3.06620931279225494848 1.39068130284952218290
2.78661727203952347409 3.32691259046879528327 4.31279137771039522420 4.22372048592270576961 0.60450120791794093034
1.03059727634999820367 3.34822342126370964266 3.87301483918421585173 2.09518080539343332092 3.70018681986281050555
4.96234431034386247461 3.87750930607762045454 3.80815082468500465396 4.22835517061089127822 2.12712926280813041657
3.45623837126380051288 1.17661583241251754828 1.58242444585381925037 3.45729238757103951585 3.97054006925716507226
2.39924074351798610749 4.45392608762657182808 3.14701475334001301576 3.79320030977287547813 2.92072476332252284337
3.65176914755442627580 2.92848956913555946713 1.77827379879781366512 3.69374740909677345968 5.39800306667994345133
1.32025731602251772401 2.22925027716658163968 2.05592768389566815657 1.11506462019068841585 1.80139689530191904332
4.20772795677118693902 4.78286852285917962746 3.28478456319998546320 1.94889409150002901328 5.58681988723573930145
4.59263047299392823675 1.67643734034414837453 3.90576900169544938279 4.81336748471004760574 3.79773032644337904529
3.87081945529934090544 1.19443402888003102902 1.73037760676567042850 1.85038616971844183112 2.68878152503298473164
4.16292906724815736652 2.51837574920280760082 2.12205364547799790742 4.29846310282360999366 5.96727447090868778901
1.32169525331134707358 1.22404583308420011889 1.41808064935793876060 1.28722118814192798553 0.19287221965344747421
2.53317352735455836310 2.92137393019928959248 1.38599536345810303573 1.60560717789510665199 0.71146419671300764609
4.22653836577961428134 1.74161053838877455391 4.71255945180777846559 3.79595383051432166965 3.45517913622479655444
4.01175857493438492440 3.33724023947152836911 1.50074406875409893658 4.58011395073231675212 7.34547245254052327823
3.08455426185427095120 2.31947492201598803874 3.12676246401263524533 1.79102276248734071373 3.40027632807662660852
4.43851484683698060962 1.49555829683258068030 1.81813666996404954546 1.19149553704564992174 3.34416375401438736858
1.81641983604479850811 4.55543747125211417881 1.58269122615493129658 3.49309153659804749736 5.43729238451922025632
3.61753112652010377914 1.13086954274592921266 1.65401073159976030880 4.94101602219534008498 4.73929938358988600555
4.15896387565452041457 1.69882036321365381681 4.70740804993346539931 2.67070643593872114607 5.15081692503912957903
1.70910828710267637121 4.59478942200092177472 2.57147482112601721838 4.05467463502613867377 4.76015863028946917268
4.05194154130927230995 4.52268667055687245693 3.61272159880116916497 1.16495181002003400650 8.06540259666778247549
4.50784492148421200852 3.94080546835054512655 4.50506695724372718814 1.61375873936599489866 8.38288009972645831169
3.48217917247329689090 4.91012124431659202628 3.67232405917282100916 4.12180057063576832377 2.33142268763266136133
3.57280715570056761621 2.79472051692870726569 4.90555796818207134891 3.13127146397119160426 4.96096003339668367715
2.50971696424448742491 1.71453455028844414798 4.94182652755834261882 2.33396533967469377302 4.08011441622875725699
3.44270411985299418234 2.99198678303804976863 1.11050896256794606742 3.28716421155681004507 5.70401984540059903139
3.84820408095238075674 3.52879675043041363125 2.22978813798919839329 3.85092516183529376406 5.35048687372870634960
4.84490039387327886544 4.84540348517948693541 2.38654569799331373048 4.11310637653656385737 7.36442453131920338194
4.13577027693858134683 4.57817553969077550846 3.02774587412898554817 3.17065388125387759288 0.76272793348370193645
2.76550783847952574845 2.81374136374282590722 2.95036794040378103077 3.07276383049472423536 0.34460501020497757985
1.82991739692551602658 4.20259517138667249014 1.29910326149754906666 1.31381310470819601122 2.37302841042032452989
3.53056704886372552110 4.74514190409254243974 2.57948076124516134655 2.46360935443416551038 1.30379060097731724888
4.34085309444583433702 2.12359001299252980743 1.81630101865563098329 2.90064366968027620430 3.83845579211735676850
1.64798280170624478203 1.66664047080169774873 1.68552194797506249557 2.12280727738397789750 0.71918837163038873417
4.92722907519497166362 2.15180020060976318064 2.34041638115094308148 3.08872204977069131360 3.65623144645859943225
2.54340092477072809984 3.33489895918284728893 4.75704445364567618526 2.65769493968801917561 5.11322857171799416420
3.48900025964675331025 4.81645557529961720888 2.16336257298561651652 3.72571685796080354081 5.92348208149377786214
3.69305082717538679660 1.99476076526600110128 1.39690206041618258936 2.90198525805962459501 4.08046649399826044657
3.69258618683807338101 4.70603817883851860415 4.39600959844572880542 2.85659589450401973920 5.88994627259754199855
2.84603399699367987097 4.05400540353794269777 1.85961621279635647142 2.62393902703607961868 2.80671815436066829363
2.31527463736287808516 3.45013580667104946542 2.17144275285215515581 4.85686502954317500524 5.62195219363877907170
4.38281385367913411955 3.56673091057263658143 1.53926164647810637121 3.79838980997401876039 7.19662961968962022752
4.35569641063211676624 2.90261180622886749703 1.07192054851070750487 3.14147000898206929520 6.28428380643675854600
3.20725918080561722689 2.99561304101240910569 3.68826364911983439754 4.49705926050213378176 2.44835824037607263648
2.19037257654648032101 4.10193369482200242970 2.62426215195648149248 1.68140879662907538616 3.32668454958982096059
1.52674508868569613895 1.10271628506882546361 1.02555740447679077931 4.44186976805637989685 2.60534141671877694790
4.20485782958048837088 3.31658350101640264640 2.50334639454354723753 1.27555788738907027735 4.39318155422940126442
2.31234558134279177821 4.65014057007347947348 1.76220225345013226104 2.83185874101754242460 4.07909002960456046338
3.19785210122526031284 4.28022848925591414826 4.02142029793657584946 2.04375137565067799272 6.27534889271268081501
2.38257231285641868368 4.35421145232237805089 3.44925113920889314656 1.52026724231527277098 5.64887113298303944475
1.59484142772599613025 4.28107838914442240252 1.45939266316307802995 3.12708591378836464614 4.71086368496869134503
1.39193649521392570634 1.55945654727276838969 1.97134444519254659056 3.53960545282051386451 2.08767461229122019972
4.57337358521738401862 2.06557919890909547078 4.08414011762787243498 2.46520390479552942153 5.10798736379308682132
2.95694593395389659918 3.54168418120948969019 1.23908325361815929710 1.78365370126929478900 1.83620124936167750107
4.79705720861395867871 3.45167748008673935800 4.33572263254288081669 2.73686488644253600455 5.98790358698378621938
4.72215591410916601944 2.60181417748793286648 3.27724654648509705623 4.14784154224526080412 3.63792126316604447211
3.54679327286331114166 1.14915999844137273200 1.14194976912717649498 2.52062627067579381190 3.51337884961605562140
4.03846681895042447508 4.96271390548073743076 2.51068726075877224346 1.85969776964730293400 3.00864232584050839137
3.87543826806199742663 2.63904310101219419238 3.06892248314346405280 2.29805435044178008042 2.70391354823907814620
3.52288338988890714631 3.97609212321186156203 1.63261964497544553865 4.36559107108593202895 7.34358069652370915037
2.15111156176861451073 4.72157146432482299758 3.12425704379176893966 1.18881526299218487353 5.84504847756036749473
2.81465307239907236436 4.93981566125425608504 3.61690383342526855515 3.65962867969692151604 2.13112469404718041233
1.63301144639692275007 1.62501666351700757573 4.69627014100077211367 3.63061739144670170276 1.65499465448289484470
3.95626150099846896069 2.78535012807487669662 1.25713780197605773381 1.63660681166897870042 1.71431216075812109523
1.26699121538283909771 4.50166853590305127142 3.85990063820568085617 2.98728035432979632802 3.81281062343032139950
3.64296735972842755658 1.44896269019468615369 4.97871576819161631988 3.07469798896329127302 4.33864009805096539907
1.42518879758664418489 3.75886265847558709297 4.64088832388512440019 3.55971230676931549297 3.33488108579001751863
4.23512927205753086923 2.06390065075037654196 1.86094918195552327944 1.71590912918026194944 2.21309517975947489532
4.51931291122610545585 4.81362606904884504644 4.67877387990354165481 1.79118750199044729499 9.25784594728930976260
1.29312809399725470172 3.92524485451504290268 4.35398567549836279511 3.89591628303734038852 2.82393296455703035619
4.84824301958824044334 4.66877327654988327765 1.24257876930794486370 3.26508870469597756170 8.06622096372982433365
4.92923055173741442303 2.90492779183206906168 4.70993154284018800126 2.16994440920704123599 7.50639630955347758601
