1.94941561239190219723 1.66382040084852556028 1.32087126727249870584 1.00426772120882712436 0.01665606079315982632
1.54586553526055370256 2.58682162886761535248 1.39493239640551358605 2.54220362092608231919 0.00360495667109943154
1.34948602196955835808 2.15594408301979978404 2.48398935516463748030 1.33944036609242944635 -0.05608427684658105761
1.36019122630263367135 2.71409396448802953117 2.14302648078121826813 1.10817010139228133703 -0.07001761053040223004
1.64037260286174535473 2.81098712344214129999 2.54191699878490107167 1.86916938384521857941 -0.03222078287528351570
2.73858134851312851055 2.38445869648955799391 2.60550060574943698199 1.53173598015266665406 -0.02538862168345072320
1.59593006291447458977 1.11303605096448898770 1.16888456028376541695 2.05381399707363021534 0.00514681136424824815
1.59354423514894105729 2.54717756215139168319 2.74386272947712939185 1.69091722098506180849 -0.04101516235576115749
2.22773484100793917051 2.28802662680360135994 2.72635938605002969837 1.69987287559750255284 -0.02588132325336300540
2.36182128965154269906 1.97504247751859884907 1.83616756520564861077 2.81250562681564231227 -0.00220636453856592335
2.09133281726086339702 1.17671815231446852401 1.60802261611772756567 1.47214843342327084130 -0.00076892799101713053
1.77727075642192122729 1.21575704490011871073 1.70958225663554319596 2.36538205609916296623 -0.00134595669443778780
2.27915303165017313347 1.65078663761969068879 1.52257040980783253659 1.58965944168307671269 0.00109954129644765776
2.46448489485038901847 1.84549616927701332081 2.95808224074531711523 1.51583858058212350706 -0.02549864652360707418
1.24601597992627799449 2.25963267671707601636 2.86568669041761969751 1.89859310671395742354 -0.03852089336679730830
2.69124113388242180989 1.71653857502701989723 2.98543802402041258404 2.93703332946751149990 -0.00581241620674221790
2.24838586325693912116 2.61636553399049720525 1.11384183227231314817 2.08194441140453623262 0.00942609484752989120
1.20659397542250301782 2.32964554297492609791 1.46888049986744495534 1.24776281413365008888 0.01004024480250141974
1.22310550491267622242 2.27801514833104867819 1.96497283736785610664 1.90803953361638045649 -0.01563484467046613244
1.36756961699011947431 1.97776365389516217697 2.62630414925922739400 1.99261934817391050956 -0.02522091367734953515
2.14827036558743778016 1.41171777935934916748 2.47832642979532247196 2.21336433097987583807 -0.00841126787400357442
2.88737146313494852379 1.88005784044867274574 2.50772863603110440778 1.04740324498349357540 -0.03805646846601147548
2.17963146989603107073 2.26854239588350470314 1.98058700633767714727 1.50554367868175309475 -0.01455812641344021198
1.09469885538231226363 2.78559543427122724424 2.17127870039956372139 2.30478702766303111815 -0.02153929632582593512
2.00563952353504149073 1.28992309986031816749 1.38431913732013422980 2.53869553495793365272 0.00147226376024876902
1.76196385724996029687 2.09011291060331494407 1.29544865744850179468 1.78840830001304640362 0.00802433837605095665
1.08690003063083806545 2.56578974694834016645 1.42411597623656671630 1.72629198328479649405 0.00921311722471979989
1.66745706382535519019 1.37176308315322881271 1.83300264971227422350 1.34197510832665978242 -0.00942282064417242389
2.00081959649491913922 2.52433973435271541419 2.05977607394805994900 2.51012682306469425697 -0.00748484412621563521
2.77747740309654256308 2.40547745888461683705 2.64764134835042685978 2.23729826790609998000 -0.01212288268105940307
1.02400333772214935379 2.10986605691235462601 2.50717975483598820574 2.27079063992516161363 -0.02561012906347904378
1.17002233943528533011 1.00647964641492460025 1.49542847702792425224 2.52519610708384956155 0.00080832432647649170
2.38484013559321095244 2.13654302844938559502 1.31055450506982040793 2.98505141617410529875 0.00205874564734285321
1.74447008056501418061 2.13004632838192176081 1.92601660972999622068 2.77468874178502833416 -0.00438947750974043663
2.06611468638841255796 1.43121170241010831070 1.40186640025977471424 2.23596862459778655818 0.00185373309735913571
2.60742956874164644177 1.99377901928405432130 2.46587962151234174613 2.43899236871367985913 -0.00798130098819759687
2.54719040583752454054 1.27043223814904848723 2.82178906504533699717 1.05076277193249834063 -0.03412503214395991302
1.47663538108869274446 2.22491290088615922826 2.81359286006027531357 1.63536481873194272652 -0.04244316166768707932
2.07724540144383107432 2.15369753948646502906 2.72094165656653252938 1.32416168695277280953 -0.04295282384468227660
2.39512241461071484494 2.32138278501461847725 1.17316640943333583280 2.11392884423060456456 0.00668347341451802721
1.22597121627823191226 2.51601051309861212246 2.78485114609064243751 1.22941113607844720867 -0.10124790280561085654
2.47556321428001435692 2.93917631531960488189 1.58571716254787475897 2.95503111409196916881 -0.00016143387577684999
2.47975861665178687332 2.03873965490845510118 2.53816998996794751520 1.75142622766802125156 -0.01756178739563177271
1.93984036489194089370 2.68608241040301543023 2.91162397172317888305 1.71540164605654088525 -0.03646071637848752323
1.35005288497121456182 2.90370347219637414682 2.10343318128343170770 2.80298933362640712019 -0.01106234340603764500
2.22887384248103526119 2.44406749239240195237 2.51768978209430738247 2.79572420427285805999 -0.00906094862182764936
2.58934921741279744367 2.25120862793174536520 2.17926643412234621877 2.72722597311755743377 -0.00531710165640750677
1.13502893725195019847 1.44418520200987954283 1.24480222903755399777 2.67582149426809490222 0.00452878688917402860
1.62037508022710885491 1.76279138690242964671 2.58862618960427859349 2.79324371308624108678 -0.00944217864299506937
2.83794942953779472106 1.38657519161622100334 1.71577804981159287578 2.22799641601402687030 -0.00113159407846126665
1.75178087509386304355 1.22782163696861168489 1.73096746769083598139 1.85333833396498381951 -0.00258977445564623644
1.11547416801298449052 1.20639366520845858766 1.11602057137471954995 1.04090761679380139348 0.03489135323991762738
2.00366932285275467507 2.09326855289837965302 1.97111294054689656363 1.49056723156310799716 -0.01458234550468539246
1.37043264817955745549 1.88877958833056358579 2.59615019846429406769 1.82707803173799110397 -0.02808754256722512457
2.60734931626887966871 2.55973299971808643249 2.88973363228278046222 1.21751227828396091368 -0.05104068043631813240
1.74301021341387185615 1.30042015359543938757 1.44107906440974864459 1.39782377552534997633 0.00393050354568416638
2.75395839439928558079 2.98348001834075482464 1.56471059029014614161 1.38041387006825133632 0.00027532631993613406
1.47369341468513503912 1.76640654130991059390 2.18725367644736667927 1.98434398244486587259 -0.01400486554139420900
1.23524801745835532962 1.37176403631227139535 1.84049902172149693058 1.95326492803967211032 -0.00617163844847267058
1.19995396409832100204 1.56228364551048515274 2.69382540915957591210 2.28452992200553328672 -0.01789439470936576501
2.54057047779203237781 2.63917658948128730501 2.40056629666391430078 1.73804643252982282675 -0.02018966802191507828
2.83920133687233366970 2.34635371308993567752 2.66108495862035088209 2.59662570814234072714 -0.00864918121521414049
1.16056197594614007862 1.07193962892668670506 2.71902530416089405207 1.61514091895719391623 -0.02569713628815799983
2.36021076109091509920 2.30483676792784830667 1.21571429078199155782 2.43812230819457020914 0.00454498414787056233
1.33367461484894889168 2.43860155773969866644 2.51714955999063239034 2.23971483578137320336 -0.02353266678456736316
2.29094709963072595826 2.20008312726158683503 1.98283612492575800346 1.70663645064970337373 -0.01050780822134174571
1.59492602757269374969 1.49297205970478907844 1.16447583614127458951 2.49782506610806054326 0.00471877665955093908
1.54679768469924772134 2.63273878092076607516 2.80041885073016061369 1.64608953526764034692 -0.04710592241617245907
2.02038987597199515278 2.98040953986624490568 2.81412010347983354563 1.66083302469220472908 -0.04029618712135456943
1.35084290059644041015 1.18248158456179108811 2.21078474318806206256 2.61794332796095474691 -0.00606972370737471779
1.30250600608354272225 1.56884543037748058758 1.87544045540840165209 2.05997086622658098776 -0.00677520809757691574
2.54699450617338252201 2.35601426993282281330 1.43433108508721662844 1.53971111928899473398 0.00422410594910310831
2.44236669911305792624 1.41057026929145790106 1.70889671362620476636 2.23182791596057938932 -0.00127018254586261652
2.22683848748604917844 1.07484419276365983364 1.28477803572929749620 2.41977368394635306004 0.00185077515125839061
1.23413384450389074232 2.67034953569008148833 1.81414691225062441049 1.30152375595369296235 -0.02449228125395493463
2.65255397779508150791 2.45280141941143448037 1.55708858958921858573 1.87958551466335155311 0.00028550668711362895
1.99981743757534946582 1.51000310070684684582 2.18394190476892013919 1.56314748898538957711 -0.01415076558699903363
2.78458166276426410946 1.45952319232156191298 2.03774076532592829381 2.21862957034235197540 -0.00381450704812815204
2.21663071442574599601 1.89591330736665475420 1.20559707727368703445 1.96778657939730838855 0.00627757904063482204
2.22517952275245356475 2.35636320722121617166 2.42722491592006495154 2.44163203839020681585 -0.01067937234646495516
2.61461927018479567408 2.94757042072653696607 1.71987195328888575752 1.47034732413386626249 -0.00616315163659789458
1.37950989055784933868 2.67408860612280729896 2.69423392990468624220 2.96929945818700868898 -0.01577406257860565486
2.72742031432979015193 2.90963961561392059352 2.50542134957201056977 2.07620334282656360259 -0.01584151778214365480
2.80476264892824911357 2.66889070965877683861 2.44243769475370964273 2.70100814902136487916 -0.00794426474282149478
1.92310616379161869460 1.36448298689509517345 1.19770728202971343812 2.24180676255237720795 0.00409495073407212251
2.37211007771826754009 2.70465275604348409644 2.62305201643588814520 2.69051756200310254741 -0.01088645962708835457
1.91755070713285835637 2.81941478888709440298 1.42142535030732775070 2.72453128427679214241 0.00234567963685749495
2.06181863401360399024 1.09456394227271025521 1.99554609342913136238 2.62888738957173506705 -0.00251902147342901320
1.25372625252205982527 2.21584449740384403782 2.87558361740289702979 1.35130811634846370595 -0.07431349785624231929
2.23637630914639817803 2.23183433647123230514 1.74674513812540666002 2.33769429663142203069 -0.00254375324142771088
1.39943640635588684162 2.19332830607321493943 1.28705420311956397761 2.04055064218613946281 0.00838545192467538697
2.85808980607287121956 2.72204806954530376117 1.79061230253237257948 1.88491798112603170523 -0.00465137433724865067
2.46169541293679605687 1.28157636319353152032 1.53716346685223514967 2.61833979394465998780 0.00020320304654130987
1.75867465197712502523 2.62759075306506595382 1.84136809381554633624 2.10368334346353513808 -0.00718078719244816688
2.10459621770633065196 1.07015648162249021880 2.36592527483926673426 1.13943951201649640304 -0.02225134441460443688
1.51629910896875341741 1.73322567989383746756 2.39645485751059972301 2.90302929753185523509 -0.00793307586094520352
1.01501732057493554429 1.22706296474785769846 2.75409534885919971003 1.04138885487276433572 -0.08213001521891029333
2.59199409266531732854 1.83045890739744732123 1.55380690838101687135 2.87926889865521618006 0.00011516202148846311
2.14474716553437350086 2.09624566514387300487 1.02010632001214363029 1.78544991809177866493 0.01276706719522848962
2.38285969521536689086 1.24023435093865508350 2.12575329362638454356 1.94554408485220786673 -0.00576563320796469325
2.73288009137109444424 1.03694302206674549005 2.55006094202225552792 1.79276147313138856099 -0.00779836064802099521
2.17821891857786820168 1.63936436130573137682 2.53085363468399915376 2.82901876780836847303 -0.00613049213702231404
2.13011761858535564329 1.39106213691458191484 1.57663089467514305753 2.76480256905587173932 -0.00003966532941182726
1.20448812316683895318 2.46407076415688841564 1.72579712031494825197 2.12364868733264611222 -0.00557274234866917632
1.24795679126178038487 1.86165029165219020335 2.45909282734648382274 2.94238672862443850775 -0.01064020558845710229
2.63346622432192267738 2.59712057832626896925 2.06349887027585188193 1.35468142589735163206 -0.02022782938132641067
1.47132587674585391113 2.37493164973563342102 2.97274133666961803968 1.22542631564084758544 -0.08432130020528116887
2.20290816649630682988 2.26931760352295164296 2.52896822642794871783 1.29574410821293461993 -0.03994653313281287810
1.39965523756679388612 1.12694859534065217055 2.20573670909312724575 1.68775892585857167916 -0.01334141455093740790
1.57924487073112662650 1.77244987711024570842 2.80693621657314462681 1.65250167839005857040 -0.03089181590540138536
2.45016820890813669109 2.08369722588203920566 1.18272800359395935388 2.16468248971706955786 0.00546503326439710772
2.36534447642941270118 1.44615541627195276497 1.23546268644349455101 1.86856849356346033098 0.00458563785119693243
2.24373221608905293323 1.67178304425348378537 2.91984542930455859278 1.60664722927629388671 -0.02240741572318464409
1.71837523939567926590 2.27541401386378838723 1.89912842832077433108 2.22824076286829431126 -0.00684369231178423316
1.30827405153769160684 1.06941239409523958237 1.90071097259454258044 2.28427752398878158857 -0.00403862317566944760
1.77574158743420262851 2.63098920285608528502 2.96432548314910970788 2.43325924549074823489 -0.01960167000056536185
1.19606157295329151857 1.65743434599758021619 2.53547003458592978831 2.75966876030699426181 -0.01190031582382807852
1.64926190461745458826 2.28476525105866468124 1.88675631472402161037 2.97470714919555012656 -0.00387111042640927473
2.55268319880846261682 1.91239428810336620224 1.62745682919271494882 1.08978368846872752940 -0.00284274605921184739
1.22067243462910313134 1.94314707382863427476 1.31994395354376159446 1.63630013213356395596 0.01174423034125252584
2.72088873004211340145 2.72277058980062669491 2.91150162881112528623 2.34454508711146214495 -0.01410503442287781677
2.43122860266768681115 2.06637962678802189487 2.93085360489878166135 2.74047894713380557619 -0.00880654499018635427
2.52359484896405961152 2.02214525317935578386 1.21068891624320573719 1.63074720308159681892 0.00844917598579381958
1.02987636464501930433 1.70581872195660566582 2.15246382090222576622 2.54716914921939086014 -0.01116156800915097877
2.52216708267197464721 1.26832055903246243567 1.12477863008273382128 1.76062920410872303378 0.00556885274345124155
1.42478586747864777173 1.48659470423030559694 1.11120709943505402428 1.55205262680134947750 0.01528946132269113668
1.34634115919403440920 2.33661943236300562177 1.58854992498207558960 1.16085337969872881558 -0.00181941524313827038
1.30028370075633792347 1.60360291344297811733 1.20995599027724098917 1.14618969316310148621 0.02637455148792818352
2.83836460631746811956 1.15761246149900265401 2.98404592266229951036 2.58457720675594693205 -0.00479837157284244715
2.36566771497647065914 2.64626843335002481794 1.04595725153429142118 1.96810455677837903288 0.01151530920342536818
2.68154809799937687842 1.13808641437556157250 1.64387748637321617906 1.92481746737080738896 -0.00066560941806391688
1.13202743177128306584 2.75276248923515609590 2.15593032281789076521 1.61407046901225847968 -0.04102425546938834322
2.27467558247710499586 2.97211352141543816430 2.36348340792182920467 2.22482430114537610422 -0.01496139887661114727
1.63139669603309500623 1.07563249781193004395 1.94804344859758349351 2.39575313605406137185 -0.00336733118300749402
2.40125440735824380312 2.00200951289996620375 1.66232012362846548470 2.04222739830732269439 -0.00145390972385030931
1.08661239681890209319 1.78984601655354458316 2.77183178832352128396 1.11504508308994387811 -0.09830033225711347356
2.82931098271885739237 1.58557901432258696595 2.64683620722126899949 1.94466317320721193695 -0.01037845897002212872
2.79059694491304277619 2.10654485502929222918 2.93774200823697562157 1.63347770817266413346 -0.02204705263542636878
1.22859534378658863396 2.86307818865475960379 1.48024828777643446820 2.52945711407048268171 0.00262086870919765605
1.19517890634692935947 1.77090529636444693473 2.29701324885260227404 1.53556956353261520043 -0.03320562106550335041
1.63029775790249997769 2.25608105166646755180 1.27697538048937220267 1.74283811839132085630 0.01049976662955811983
2.19866719264274301793 1.27307486834340921611 2.76563686433477862181 2.69851198890120524965 -0.00588561967147285120
2.06974668600257860618 1.95007942225809993708 1.19349783377333151790 1.08936754297167692762 0.02327599040738249220
1.04988476321864632190 2.16791595442290407902 2.25988569206098732778 2.88847298823962717051 -0.01252271443308465050
2.65636449691514453519 1.75186047235794140065 1.49099265016695792241 1.25587951358081473252 0.00265257612251237505
1.69839164494983352327 1.53559250953677128848 2.75112041391482886610 1.32298959102703972412 -0.03801282051024460623
2.25812356317871287814 1.48436850466882996891 2.66379286406077575577 2.46669971697412959699 -0.00763429362144581614
2.80819170465021539229 1.50469407648773634278 2.57411458531264347727 1.88581672443678449724 -0.01011052536902124974
1.07380234239049188183 1.38684007131290121251 2.61731220673410369670 2.46366111879105975646 -0.01465850928101248771
2.15561156304475609602 1.34346887372504042446 1.66065460487843208348 2.62894057160576988252 -0.00064396043480414869
2.36323659261897311978 2.44726364475150237610 2.72715938600065754827 1.72778734308821024790 -0.02526781999941933934
1.06147754781549541470 2.90736295088859986180 2.99674289267111593205 1.00978125096181203801 -0.21152021701800660658
1.50971995284069859800 2.85389830331029425992 2.67339902606884383118 1.64380574263910284039 -0.04968021513279141654
1.22529625216870785565 2.45736144587852400889 2.70629807950662515381 2.16354973963145180704 -0.03091504532060865978
1.04511210961459588553 1.71694336214143228325 1.19535572178709936786 1.75678839712537349094 0.01553225371602360433
2.30249817978960980014 1.38657967428077055771 2.91973657877368353297 1.37003613151323500041 -0.02490547160266780302
2.00073655112034964887 1.21231336765070851769 1.28473408456097293318 2.88148820273313166496 0.00163871172088901141
2.45898345641001014883 1.98855949051657443505 2.25421314766771985205 2.65394549590165995667 -0.00576933098449080358
1.42851847291902345205 1.45964110193040275121 2.25407065526370242736 2.51755010594176109606 -0.00809942980223371002
1.34668964680961655844 2.62979905141530467816 2.14984994573926257999 2.70488174290936367328 -0.01162305149708475933
1.92748915386331409749 2.12225364143223682589 2.59880179077673734156 2.05230307013131918481 -0.01781244156347265226
2.25998299865546004028 1.39467300402064409148 2.65448951615639749946 2.15920497360298391243 -0.00930830875486996986
2.00296683649810303152 1.00224300423657153303 1.74497435478320550573 2.10614371739930739125 -0.00155563824873754621
1.12919526160199001907 1.74529704237466853911 2.09760458492158985422 2.92233441267195859226 -0.00724112333419689620
2.17254777360550255239 2.77581344496334736505 1.59536592375429608914 1.69273836735333449433 -0.00087173751581847163
2.63132188737291183855 2.74369355554250660134 1.90148355468998841999 2.30187260641202939837 -0.00508466388052757935
1.92694896987256236720 1.26311421294731562881 2.17854387656981263177 1.45162792704051435422 -0.01413523640767409655
1.83177702201046432862 1.50753767789197024030 2.28715311852940850201 2.38310983992484359817 -0.00757226476221377082
2.11391742799791559904 1.36781649342543820680 1.26302091957979678583 1.57588938385999033365 0.00628107750381223014
1.38451010037947908060 2.72503051965246534394 1.18442797852856207541 2.00904561076857923752 0.01462270642438372702
1.64451138528747442535 1.55264969930986440616 2.99902134141421861102 2.90333068359282986393 -0.00882276744232125647
1.12729178313869171646 2.26608472489612911005 2.88219827515984983179 1.85548941583337634320 -0.04490919556475566482
1.18180667440333819762 2.41696891730925145225 1.53081083058257583218 2.57129056721875537406 0.00098400930568431108
2.08047281721439425439 2.20945328956597153436 2.29529760700056817413 2.74403692363535345322 -0.00743859061245899858
1.60358353739587577991 1.32796660578216263460 2.07054553266321761384 2.05980670061823456507 -0.00744311105854235985
2.43381657821861008273 1.15257756526969834532 1.43107755219068910613 1.06576872490794505310 0.00462048277420095896
1.88225958654813996240 1.89922588522683688517 1.08848270588337769915 1.98898893977127277921 0.00941415703982897978
1.86595527179483089419 1.49609368422835276036 2.31860804792881314285 1.62017648011897796856 -0.01652931847874153024
1.12523767991104151065 1.13877851252689366035 1.75947251386275982377 1.98877482635085267582 -0.00381901365799727473
1.55932320841408467160 1.38217781423237373595 1.95219723180001558660 1.38791026660457927910 -0.01363000748620692669
2.98785271745680969246 2.48350784933901858054 1.49630928622914249893 1.59344064085196612801 0.00193866938722915463
2.38583715906429727482 1.23773713414764863217 2.38525595003710488839 1.49839363029316774423 -0.01337433724102418502
2.83486266935680575330 2.72805225203609902351 2.90294364223192591368 2.64489727979775457456 -0.01063669497592338413
1.96689640834108625533 2.15566971842182653063 1.62421816672083929589 2.27975223993795816924 -0.00089604086768012184
1.64975532660454882183 1.24436812833674381729 2.21747341620118998406 1.70792884807457334695 -0.01239835855996841880
1.26345003010308953861 1.04300949766368766802 2.38172145189475159555 2.86058271643851824706 -0.00581974864464469919
1.09835125136874256491 1.65177963957801310357 2.44634112153606064766 1.66018523138700913044 -0.03334174959099551333
2.83515126673004891344 1.35130494200525319570 1.56128342564220878863 1.59473025384698474660 0.00014187283033138357
1.51293547630346436605 1.14338435250361669659 1.72100389215365101592 1.69063472803549164070 -0.00314861720766765980
1.88775484723680775367 2.42648701713136327740 1.98431657021304141963 1.05262423548306505161 -0.03709572922304912174
1.83491066834462990265 2.62993696208434979411 2.23910484099655526791 1.75387627881259811069 -0.02297606207236791570
1.27832815699094259898 2.78332622433836984754 1.61836164933225168383 2.63516762718755037653 -0.00118637523026649309
2.74387942791681904708 2.65874762222945681955 2.77105139556209234541 2.02461954011425326883 -0.01753446642988856427
1.56004300942199969349 2.40244088819626089304 2.42562139638975704514 1.99006145720574401103 -0.02334572035656052799
2.52268508450495687612 1.51664811771523644346 1.36931279063976751864 1.98160637972049680222 0.00243822799113131402
1.66122798970909579808 2.89579766979750363731 2.65358885279140732649 2.45134911333414118317 -0.02038977973776347555
2.97788419015612948471 1.23401842961067398363 1.57415223536666593063 1.22433385960475638043 -0.00007382671804137071
1.48510366818519590204 2.20156595619146777665 1.66547183246312013871 2.03866323290172335447 -0.00268325982494140806
2.04024986654184203871 2.17102042071751810681 2.44714335544253813737 2.30054753739156669923 -0.01229416817478204416
2.57136251029376650123 1.21842624766430063232 2.29313231421307328617 2.47518232140025329358 -0.00406915763702739817
1.45316300578555224199 2.00075965605555383675 2.83791970709368879255 1.62602155836294937075 -0.03954374935616238040
1.68813327040168914550 2.67983778540879313823 2.53217541997002637544 1.75442422694958399809 -0.03365323788573214292
2.89462107464418139102 2.03774823913273683829 2.48321915758384559325 1.36196625973646767704 -0.02388836203603387359
1.83824503923071413958 2.81576376179055287707 1.34690286634446443337 1.05087772955066238723 0.02450673712535275314
2.56682160054203878374 1.59901767364965308182 2.59960740016885782921 1.49213364238519008431 -0.01907454084433461011
2.97027653060957330666 2.61888799469662947317 1.14883059794583952673 1.66548942080756590123 0.01035948521096941542
2.87379141665073500889 1.44174829907208734703 1.15838280181335750996 1.86165832537069397823 0.00461716683859741440
1.55160884420387845672 1.41499806589747745278 2.04197881338314424227 2.00114560999094148741 -0.00822630929042660053
1.17615294633794498225 2.89915787599156171694 2.34793390342723151676 2.07115807523150774472 -0.03206560093620527963
1.12301355297597149629 1.43586528457601847464 2.00792832697785694762 2.16455903097819701841 -0.00919331698941136706
1.58185220284565031257 1.06145340286890155213 1.11764422353660841658 1.12456756624090536967 0.01848551153713957895
2.56235716108349231845 1.85584199233461211165 1.25429434466411926508 2.97505371133929497063 0.00202676368619964008
1.60972796846908927648 1.60376872050454122309 1.63939258247511165933 1.20805095833816400486 -0.00372364818907142559
1.75373999914018829926 1.28467272549785049840 1.32728033293332781106 1.64620444264840970483 0.00518652633725978380
2.48718436156580935403 1.81475576757464041044 2.29425210430331993905 2.17633405515034716871 -0.00811508943050348423
1.48407435406066334771 2.87567971000692779171 1.52542385898562415925 1.41414221306942033962 0.00349729442988092314
2.69529714248896734574 1.68562263534448897317 1.07818371673381974141 1.52599529272463696472 0.01010726913356834247
2.21277088309991309956 2.18283710972936262351 2.59560127742923940630 1.03729543963311954258 -0.06235044179135219161
2.77610908347430207499 2.88082747781899994877 2.29221602231710575026 1.42921582093900290111 -0.02670029481382448291
2.17628652205567973965 1.64205191862227151134 2.90659407441248385240 2.04335104012377577476 -0.01398527929230340694
2.11744927119626868972 2.22826819136197773474 2.54981605069364558602 2.27928482022612088898 -0.01337826532197569987
2.27859575522510038326 2.88361800702925830109 2.02071323285557458149 2.02280378443484121220 -0.01070368198283753840
1.67158460299481337330 1.61433308112018591984 2.99688089136242918897 1.61391884210170810654 -0.02919632491253726023
1.92532930405200786161 2.00606953905228824198 1.18387509603544693881 1.60501387582339716253 0.01214521623904584943
2.79810865966283062178 2.99332888260578133810 2.22032437346791589050 1.88697119962019521644 -0.01446001903067690303
1.37443797020967761746 1.10992257295969398712 1.53291722576496014518 1.38060369948687111652 0.00127677806287247318
2.70999841820492504141 1.46141108893129412216 2.74850927798698263516 2.78815455726252636737 -0.00509924625118693235
2.84382596975664325711 2.90610287527207056257 2.23171421359606370061 1.75958796392636251937 -0.01612250569497750488
2.66767146123405041180 1.39229111943859784617 2.41244676844053618225 2.24186495897027437962 -0.00616252295070659518
2.65768179471140708614 1.34576155718654200122 1.63448698119911117743 2.99129379428589103895 -0.00028662837724391751
2.33942987707712291012 2.22374212239030200067 2.72976594707382247407 2.64486582617630627823 -0.00990918925136419909
1.00690491926050951221 2.05973980241793785950 1.30600823972401691719 2.38666619142229752271 0.00747897828539419249
1.62601555243811035645 2.80097971459889683032 2.29800304208454697630 2.47993523158632678260 -0.01481754652130744081
1.53490447989532308171 2.49798452793808634098 1.83152762555320602900 1.13251312854702823607 -0.02602995337407658372
2.78469791833455904140 1.35835350847121838491 1.74962811260192263596 2.86694736796292914960 -0.00084006483773944049
2.75104066550930959068 1.87724772078243917761 1.02090913940070393551 2.50792208891859935704 0.00451178709940028549
2.14139049942247439162 1.64793364330329805689 2.37881858637102716614 2.21391244656121699563 -0.00903243007728476988
2.40429068470449225359 2.35855258925944877291 1.08907066405664498809 1.57763743357096286601 0.01453132414709316401
1.51256052720246980670 1.39190794191121103296 1.60476779063390262436 2.57294959611421747425 -0.00037571285396626846
1.82429689166548270052 1.81233260809921570278 1.59894921025591552066 2.62630795419158857840 -0.00032263147685912205
1.71488421570219307100 1.73845200391991583366 2.91250172820333652624 1.44203426325509531658 -0.03778064012498096036
2.29577367255796538359 1.55581088399964340141 2.68834656366798485649 2.30305376625989399741 -0.00914079785724748566
1.64839057385251042120 1.52632586965389593914 1.31950124918583000522 2.40658542296881128308 0.00316357506462765052
1.31177949200811094776 1.01151695741216229862 2.62214422712451300512 1.61461600380243575081 -0.02043291235963809807
2.56430121168587188407 2.96926022309734793936 2.38071312570940207820 2.46548117609294514807 -0.01097848392877470193
2.94893382982935126080 1.90319959797698046167 1.65019083292169455035 2.21142766222065612070 -0.00083290997645625912
1.83878332288603285605 1.45856504779783624492 1.91727691255315391139 2.04183707576497752711 -0.00514159251908941767
1.59648693214808012897 2.25599218496843878512 1.07612840935092290984 1.31521575211770924696 0.03086196927633539158
1.22858988989630080191 2.58063477930103157831 2.78055482238725293342 1.80239923112385347359 -0.04813553578228318280
1.16561691214658180726 2.63898058102717003592 1.06928766787448692455 2.98422873202254601566 0.00972578430476401384
1.82983535774495886805 2.50587920698281951815 2.11021078216526269955 2.37186484774345585080 -0.00994974308451639956
1.20490041020662030924 1.48485375155598453567 2.78909472822057313834 2.21676118366236174495 -0.01872946000772263142
1.20935750948856846065 1.03256253343000992118 1.41506509685175330127 2.40012540431056908830 0.00182937518501652733
2.07476859274275238221 2.11996323737766401152 1.26552497263949503825 1.71360248230731926355 0.00832239356687253067
1.87545142548452314912 1.62480785044232689529 1.67605113673080086123 1.71212227587967746878 -0.00247090774039089751
1.71101227476718587006 1.08967548084314769241 2.51675334709225229091 1.02822361946351903406 -0.03887858807286803664
1.50140946555273502305 2.64939753932046606621 1.19539924489899895832 1.07819258530660078144 0.04428815947860405972
1.88708094086958633184 1.14362042028948951433 2.81258813278457520113 2.86417812103462310347 -0.00556339482562640507
2.36036840902316580326 2.09236413802964449360 1.86687523746356598409 2.49344988266962896972 -0.00331047195465084595
2.59932335787477963862 1.42323507757705836063 2.31515205856724826106 2.56499650216327435004 -0.00448684407455702053
1.13167629922682944077 2.32777954382728813343 2.58096599377117463803 1.17517939633898960139 -0.10037946500443165054
1.92787168086664628674 1.39449189845961130096 2.67330332833099015843 1.46001959341845566342 -0.02409582718886918440
2.55854673498770424089 1.87830527362331833885 2.33105201375654758067 1.17951448291373361954 -0.02893629412434384554
1.42313382476842975599 1.06492012059543506020 1.79274369545445755314 2.60006863155397738296 -0.00193896659858904061
2.60554621630286931122 2.29503850117763885663 2.08965074114737348054 1.01043312702410781334 -0.03404455955260272948
1.77739962797524508886 2.96692207685922149096 2.87545048741773401346 1.37274365212227666966 -0.06800898983775244266
2.49345794145066257386 2.87325698071841628689 1.52696425299762816863 1.03477099659008664467 0.00375255450863731625
1.06423316928830269390 1.32368423392170408981 2.01623363207637851247 1.78248395368391832072 -0.01342193579171005978
1.85702598643359317876 1.09172725474453180539 1.19124518910455035048 2.43132688026363830147 0.00293218943139739088
1.98501107508517282696 2.62711315951687662817 1.62157779498164278387 2.04043792167920656766 -0.00128403774202061273
2.89895066447740257232 1.27802372993522839195 2.98520375227142231722 1.32728096188134236932 -0.01967115372799409928
1.70090383637262343441 1.78187195415626464801 1.27641212472988452298 1.58673561517585914871 0.00960729659252132669
1.34090210931045072940 1.12552802216599334706 2.13639215491361689203 2.10763562179560182130 -0.00805855971128435419
1.86188010926117142319 1.12931239526481919100 2.28638113719526181455 1.09895253982191798414 -0.02622028874347337446
1.85470286970826214734 2.06643015174445698889 2.49576750651934187175 1.42385770898089325520 -0.03492484640648604172
1.50438745443366594934 2.20050476449686405189 2.49576223132656238590 2.13181438470636219762 -0.02045424282516605102
2.68459526233510814563 2.38029537353884590445 2.28683751368793686254 1.32960477285303646511 -0.02619797743729238709
2.38228370878970707736 2.65307419917291475997 1.66316601559601040528 1.09692346969236242948 -0.00679368052720905578
2.02050612318171252113 2.38231947758593287645 2.41741102004878172238 1.36384619049545063874 -0.03778376791079036262
2.72406465959464494375 1.92214399734967411604 2.57103689521565481613 1.85848093036385586529 -0.01368197010746007025
1.80876977307437236675 2.14879820112565322887 1.66286219565668580422 1.29627621442990625944 -0.00517240272677624638
1.11403454921139477563 2.85742329751507551094 1.94660502974299598478 1.78448121173466156542 -0.02352543394620990047
2.06113922940133154071 1.45912333047599718228 1.48757146957777086627 1.80844016008170704879 0.00143191789861605678
1.72781724244620260578 1.29789590494883455563 1.98943422081819165648 2.24441799271634856439 -0.00482394924900902966
2.88662780291256515497 1.03897639225366900106 2.40887727808861740186 2.35938856266555507801 -0.00382477395942863426
1.50626703308488307798 2.07989897053056527199 1.13076005074764140979 1.25449363466626628849 0.02974231884268133119
2.83512210642244877334 1.85676984813039802624 1.21428989423863731290 1.24986212625634962592 0.01164342443309313718
2.66064240124376105712 2.45649293289674020002 2.92736676481905266911 1.58914938881011380545 -0.02842804844179549692
2.71227805073793604151 2.58353207085660097064 2.24910111682415481127 2.58796078966293308099 -0.00710150039237412468
1.68268145233282329087 2.74163569194054268507 1.58121995320449015843 2.98639376794015154459 -0.00015153564623914440
1.40689236327880573540 2.63017151838986151802 2.97223416840221332791 1.36904262968901280217 -0.07823860644115614160
2.24632401764886147078 2.01321758788132676443 1.96281987109702260597 2.92701985888519766732 -0.00318044441089385815
1.12853187821120237722 1.48437476517020705558 1.31250439643915695065 2.31579264504193682583 0.00498530355524531149
2.32360551285098004826 2.80812822518393678806 2.63401684867460339490 2.56184046901024053966 -0.01280604018590519345
2.55941055014705831638 1.41641336086690938778 2.63307237302653041056 1.56190642904005194680 -0.01576798264570684893
1.80406781210381073066 1.24430009761557491821 1.75914322678234791297 1.26388101304293898330 -0.00643335820748925941
2.47236097104005070335 2.20268192324616407518 1.09986927146236990183 1.69826884183746251722 0.01115316235244721323
2.70245008977976430842 2.83945024260786738068 1.84582631550920472918 1.31122506333404165169 -0.01320697325496734791
2.97840395502805588279 2.81115327764907840802 2.33925388527478173017 1.31995994286616102897 -0.02996203328060343535
1.51677872916199807385 2.92272692461896443916 1.60072398909555113633 1.37513250622491112196 -0.00242647048192931591
2.30368538577195725026 2.78561264735273939053 2.99622991366166147031 2.73098336212088010910 -0.01276570908064746622
1.92202075642499181640 2.24322025661136414953 1.78712325498431323645 2.76070888772545419698 -0.00261565664023563713
2.81806671881920189904 2.64117560460488487450 1.82395997793054953640 2.70060806815618281718 -0.00256132859422976596
2.27094327076937130272 2.79666897611443232563 2.11350340386038215712 1.07061458706866963198 -0.04415622322135460270
2.48952582932810972949 1.88830945279148720850 1.62398242349019339414 1.20266333165303374031 -0.00221846138613617568
1.44783206681746290378 1.90631612971432762293 1.63098269478848689751 2.69729514331656528014 -0.00086625515689541140
1.76029543864129212061 1.83704257882795030099 1.54699121191958477439 1.64058583678706115805 0.00073443800425880708
2.67157269321434309717 1.36647072651633472162 1.90792623365975777538 1.38383471654589373934 -0.00703062895507084677
2.70981023173830770645 1.25430743237447450689 2.50050452952932911188 1.12331613824394249690 -0.02339511746944828927
1.46408601794243264926 1.21793345635312522113 2.39289230325788881970 1.91782396976352709217 -0.01318503248346285066
2.48359571387237654250 2.38253749299272499229 2.34098475302995367997 2.29722610370562696502 -0.01007208744421549465
2.36748720899585318733 2.39664940921507385596 1.13771241853605165062 2.01430030098001422445 0.00833236996023573040
2.59673236391270423340 2.85641323511450595518 1.18044723534873874371 1.25965025185549528430 0.02099189040324190778
1.32065440038360715214 1.04989931882683440456 1.90713686595503451038 1.58763725637648400735 -0.00828334789774464245
1.90358183175473039128 1.64242094097462065783 2.08632691658412650071 1.45369611582693680774 -0.01601768235188923833
2.22113995918220696879 2.43276025151704677896 1.98484015473523611739 2.20633218194400271273 -0.00720340220424360318
1.38894762104422531124 2.46456005652553145069 1.39017759544505414837 2.26042774852305594635 0.00496433736030720430
2.29300305346436239518 2.86466511191647743573 1.17968796739416537100 2.07670211838820240047 0.00878777662295845627
2.06086397784222263851 2.06945358069600837680 1.67212428735265783430 2.63311228893377613502 -0.00116585249991528624
2.83877500121945747225 2.85640314319420873801 1.62902113592014941013 1.11356269996982470971 -0.00375761235903969339
2.77609673698999426250 2.49883248692663073598 2.20363385135554912253 2.52568971458328483948 -0.00664109735948266097
1.60915644183399475509 2.92047238542253184690 2.34446114124475357698 2.33470946957675806743 -0.01851434245769465262
2.12075294500926636587 1.12186428461190557115 1.22287465702772535359 2.03035654575806301381 0.00348160707426032300
1.65771549243698457232 2.12983771649753972355 2.18289984074152121352 2.32734326815019532120 -0.01084586215813390479
1.61644966638312048701 1.10142400993188660507 1.25366613186127406898 2.45405600736613926927 0.00280767587500172508
1.00322846254140785049 1.99835923272672633111 2.54084481513493987137 2.78564737421011487939 -0.01685077134133466589
1.45834129646835908289 1.72579476716194069041 1.63352638299306218705 1.26411897356562596961 -0.00369432433030537086
2.79238088909584369901 1.35809283383360734909 1.35295041376023261748 1.50721421658835219581 0.00368217053410124394
1.47752017228539433980 1.46672346605217618354 2.83291609024743262779 2.63273410468326396483 -0.01085834771187051996
1.45489704078754900074 2.00850377899200971399 1.65421858389693210434 2.90206623544224528999 -0.00108691098526965337
2.70872481445649837539 1.08107883352057076998 2.57086178682732668932 1.23386014658965992297 -0.01755529527174834459
2.83924752278026470975 1.64821557354565317866 2.96709773649131047790 2.05057259463324292881 -0.01081944454632558644
1.17803348461207502140 2.51547769280761102095 1.07863411716166579524 2.69447467477916813294 0.01105952595521816559
1.52883617092619750188 2.64392677606761461462 1.24876020725124758926 1.56813843805019215161 0.01771257451856085227
1.51213226363444253053 2.21475083804458083847 1.21244461176009510339 1.39136870835973147642 0.02111616672754921403
2.04535751058765669086 1.80037205499204855386 2.87314322193691040752 2.48841950748904006119 -0.01090675582107263585
1.86077735753925410656 2.38591675527487367958 2.92004654970535204583 2.93475975879107542355 -0.01155737978093524139
1.69549148777062530513 1.17062965357643311570 1.50336169066598146493 2.82221997590121764787 0.00046482142197592011
1.50045175429498378605 2.33362953296003539094 2.98033316551631344282 1.89751034736766333033 -0.03392815393849132194
2.17175772040347947467 2.32486179009073001822 2.90456672787022007753 1.80032743135696726711 -0.02554802422350909569
2.40696638665777218336 2.16757769496343311033 1.95542772984075785558 2.19715106528565407018 -0.00557003634772477475
1.93948907655227276159 1.50145206719994628308 1.87963625531778344424 1.46359439404022828590 -0.00874138337351757465
2.37969420307933132719 2.81901053083165908930 2.83963211791095426761 2.22831917369101750737 -0.01812604082985721024
2.14585962208009162211 1.27404256480940447638 1.77745697991229301138 2.46356651390763570220 -0.00159737253327082778
1.22157270586344268715 2.32961265851189081033 1.45662653343200831912 2.59530691766048704494 0.00256675491881487843
1.73766535772336272458 1.94625142302499742897 1.76431716311648112416 1.87795303196469665075 -0.00486034479706171692
2.76987839866937335387 1.16906928569887691438 1.80025741021917928819 1.44905712405123532349 -0.00363822783461530694
1.33401892803623001171 2.08088219461484058570 2.14765582111601105453 1.16508600528142625130 -0.04987354972903804140
1.36720906362996430516 2.57089448851415047770 2.80897416073728756203 1.10840095442280550664 -0.11512378790973376574
1.84342199798778172415 1.88787724740137852208 2.46555292642985079965 2.21093644772829911460 -0.01300507421930712296
2.34661884045649449249 1.36235949272561263079 2.92630264228471315135 1.12213004948410333128 -0.03584342211718336696
2.66823797607429913370 2.12070122174756914291 2.37579315104502253320 2.64224223411541103701 -0.00653027868593604368
1.53517110918395172092 2.57610360181058517526 1.63986930921267148875 1.21888124662185970415 -0.00620349866463376122
2.39752884276442923550 1.75206534146069614621 2.63859308248588853019 1.46131475163641555426 -0.02385958227426243639
1.21284267336015294525 2.50218987817881988178 2.31286269272368638639 1.97521491287524408875 -0.02843828389175727389
1.67397624194733185554 1.02874966961221336881 1.42012188122912852428 2.15260940899546326932 0.00158421879131820397
2.93779272519944267827 2.30632096970758926346 2.80259827194196287081 1.31689344057386548137 -0.03397350823950957832
2.17473453359203139357 2.64092471698592756724 2.42153851075143977667 1.46423123315340419914 -0.03388485097384290323
2.47537979479414449457 2.39814289012486892005 1.73022360459736179727 2.83710038519224250209 -0.00152053095770733485
1.96287923633469829632 1.07200352356008310473 2.61645818355382919762 2.51153460577815401678 -0.00596155181621663491
2.11058009702856708145 1.65506114372804646884 2.96997373549348608890 2.04015365616150967654 -0.01477233987600236852
1.63564339397048352787 2.17921094158343642277 1.33839322748380307182 2.42737106567596949702 0.00414432525921735410
2.48478048945788110302 1.58428608563321549063 1.47649192552564678671 1.95567302918293406400 0.00124919798196599058
1.32396131051174070770 2.68562977381370160401 2.55974289425640222362 2.19125159178046313713 -0.02808637325708693289
2.16221947078928256047 1.80890092298058391407 2.70887374183716289622 1.24304019486976735642 -0.03911459421557850896
2.38179885255319678805 1.38386507862773733279 1.73063454318564713397 1.05489886779301555997 -0.00661282386030081007
1.19335418710791296704 1.07825551134357677796 2.62334939706857017683 1.96860670524367487033 -0.01611720496575743886
2.96756218896815493480 1.11401330296638678696 2.18967150179611724781 2.60561440985339798360 -0.00255257035036718935
1.32553379928364090112 2.32340663961351179267 1.07517057675899274649 2.05081302677545362911 0.01577240831342604024
2.87407565027751221720 1.43011425144223247585 1.61647628855959246685 1.82139848217628252947 -0.00054503879826105456
2.16698517407344359853 1.34020280563038474142 1.23124381780645042461 2.72371515535454822299 0.00220958433411450397
1.01215914448653765412 2.05500415898552812877 1.19515315964525870029 1.53622024267824586197 0.02511657205485465227
2.13576713597581502313 1.24932652123000953459 2.11872834286610212118 1.69983974162224216187 -0.00839208472062978779
1.04161283709339169690 1.61659572570051435214 2.12980697922936546007 2.70708355123327315539 -0.00893804661013066805
2.66609130070112332334 2.74760404058075557998 1.58359782985591635018 1.95553732684448355883 -0.00027452768434383133
2.96623243645188061635 1.79746776088767656887 2.78213747087457363705 1.28686157466294104346 -0.02725833725193661794
2.21947256964951122882 1.62538453936212334838 2.85770013579284398730 1.48016303481552746746 -0.02553501608382815341
1.79718757070628853967 2.38041929541534980075 1.95572252997934947771 2.73788071738037341873 -0.00527983533049624157
2.44783102065582269802 2.71665860186584318114 1.61901536661011857809 1.31001113561417170672 -0.00248052747780306464
1.79983680043936633552 1.40208358556779444370 1.45617068372972879864 2.46921231164711363348 0.00116290537834687368
2.84579782131151670654 2.73943996614482365715 2.71135383462993928561 1.37424393092216012846 -0.03686550288366437222
2.39823761722539341434 1.99369064027649534054 2.10714004703872692659 2.93324652230041138523 -0.00392895020935935847
2.87427040709434278298 1.34543708813939932867 1.37104849245205029362 1.65680681416161745823 0.00269260341358975057
1.57287603691569799480 1.22343955739491927481 1.46270075411711730773 1.09169694803585315412 0.00560319555352234173
2.81236047372584740955 1.44780062630821060310 1.63802075349236253565 1.56642939682997472950 -0.00112151791086452729
1.01829384800029276725 2.54581929304911103173 1.94660775360505278186 1.88891768065228116136 -0.02046525069727428772
1.70857976215343332349 1.45455577067028829497 1.09425132183721296464 2.56967618725538393676 0.00470617884184856318
1.97622987161176832949 2.17195793316231045011 2.42657149473690836317 2.73161549136092673962 -0.00885029111121194909
2.20209067809132807980 2.69299056354762011978 2.42574751971323454569 1.22071832354711951041 -0.04927656987812418371
1.50899017984517191948 2.01838044891646095635 1.40726149328833161078 2.55709949132772251801 0.00265023433855511711
1.93999352868901975278 1.22334895827778411537 1.63415460359056186057 2.56067683134018864166 -0.00048455538289894287
1.95984334127135051418 2.79208357527214179328 1.13832869828597793571 2.39254815655696972954 0.00830054200479557643
1.63648510009695979939 2.46954793305821240779 1.11141381280277351529 1.21420665491912083134 0.03611609963542503771
2.73406152909162347697 2.08398675786427567402 1.18359157028937289624 2.99383279562332305090 0.00255538025711408599
2.93208531922324633356 2.57733364444259027692 2.58806223438550242477 2.92008482022102811015 -0.00697840795460768961
1.13521828973572747046 2.16693098499284353409 2.58669658589892126344 2.16557046638224148793 -0.02753006472370245206
2.41027906002064007396 1.24848645382393197423 1.29607990594759425740 1.67549468495662901013 0.00398316877527098503
2.84049547360015353092 2.88743565281589420479 1.76502321096976166892 2.58995198159866957255 -0.00232755668125358148
2.42594865008339599655 1.25604807030638210286 1.73990081058194268060 2.32228422789762856127 -0.00128578194389435390
1.48276811968475774606 1.57618243363012111580 1.57018777422373556618 1.98714498274604323136 0.00001303654010206404
1.63787248694587894704 2.35854580542767910956 2.62328290149687504140 2.41103616399075271204 -0.01712362203123770146
2.81765277990453455459 2.81133742107657447207 2.23743459291262425381 1.74961259319707207460 -0.01603852557824243102
1.26946135385753988700 1.40967420576785040787 1.21539529507592702906 1.85149724790890868320 0.00896975389449576090
1.68463952670774275155 2.42179721319037444260 1.64542088544858389199 2.49876199535450682632 -0.00136599703481826555
2.25259784848327271334 1.85359285922306504801 2.01874599993491665728 1.40409577179081757059 -0.01438579939792596768
1.62252477064919164995 1.08343013186886638621 1.79027861128285126213 1.40090017577151115802 -0.00589511587861564490
2.87822010207620460065 1.26701997769688334827 1.67868482084503689578 1.15858075870973342703 -0.00281014837590106087
2.64985416287414299319 1.64650946244434637222 1.86444551690687831957 2.18912436508268859470 -0.00298648796225017181
1.28421346550636128470 2.96711774256753013645 2.15574626749045350493 1.61908091773483397979 -0.03872698430324127833
2.67463186814610631714 2.09466073953425180321 1.45363712393786603805 1.19604699203661635210 0.00509243787327239798
1.86469060694858868032 2.38014253361705696577 1.94697480178299486830 2.05990605843288232535 -0.00879414905523756736
1.12470899037658966790 1.44021014801549873674 1.62274394544442346344 1.39169772961845650272 -0.00273184652285881052
1.10090242659777026724 1.30201410106873938233 1.40753238590326090751 2.02054242259902494538 0.00374697025150999043
1.38902741835905629841 2.11755558109817165757 1.85293736451965096457 2.70837640487966790914 -0.00460452767106430284
1.19215769635352675238 1.59027253832671711109 2.95253269544415930525 2.15712566677967254591 -0.02240622914685099984
1.27517347622651544548 2.61812164233228550358 2.12608526447817203220 1.88880743792940308801 -0.02414357240197902502
2.63309357308959324229 1.70310299880399340644 2.50761253029192943131 1.51638852926199962923 -0.01803450948929372771
1.28620290409808823995 1.81974772568412390683 2.05921709167750410785 2.75263077399944844359 -0.00697241830510803191
1.11746598318180723197 1.22045284571896917036 1.83091693453677661907 1.23477140093499815343 -0.01466120880570086736
2.40684261633977669703 1.66718814877814858200 2.15305685684787828649 2.51207826125384059424 -0.00480346927370639727
2.65113782659016017362 1.92269194447661995184 1.00810207525041084509 2.20552304260426890181 0.00632924467724037525
2.55508724825005817394 1.48905923500423575945 1.56766294384843307697 1.57760279131666236729 0.00005838668371399796
1.49255197187260568725 1.65296166456892601460 2.36453929946171292897 2.59937597233995454360 -0.00929960036404172893
1.45155764136609155557 1.88027023547522031954 1.58534750889109976590 1.30794973279221093954 -0.00087675240001024635
2.76422282154780729613 2.28958380178625198198 1.37568167326569690267 1.91985834162851309870 0.00346709757679453112
1.71185803427789573483 1.13026168148066452623 2.48832474200346709381 1.88759612157084433193 -0.01171006896957491224
1.22651167018820173027 1.75237906953149891187 1.62575063381703377452 1.04082843818878423292 -0.00576462856534040464
1.40568000394521686047 2.49119091456537322671 1.18503939559447557528 1.91241430717328753097 0.01450893049418257134
1.96288025306539815062 1.97167996025920944092 1.84256762686038100263 2.43607543703563855786 -0.00361572602783096983
2.20760344215779369392 1.61732982139906100727 2.17271473531810155322 2.25761071073353480898 -0.00647676908992759950
2.79555449075646533785 2.28317373893631225812 1.39249814409469574450 1.23875102385051727438 0.00751167000387549088
2.10670180395294703857 2.63114790759663064179 1.99983655621528266799 2.97360366404786713446 -0.00467581832429869119
1.86499029578711517097 1.27645410220372745869 2.59649596721739284177 2.99459784589218047657 -0.00519334357242908808
2.46535223859578112027 1.18239956800208112497 2.32110897338701249737 1.84388421500543109310 -0.00765434635542536039
1.84573935912471664977 1.16231744289770189127 1.08323705685560844891 2.28120991235466252789 0.00451124782068803264
1.00692692720147536356 1.50479961414689511479 2.32171167740003081548 1.56945977936362690563 -0.03294208463495310740
1.47834220421449069605 1.49423591086642337800 1.08199813527949273428 1.05477360075920922888 0.03394780408977116082
1.59224172733579916184 1.57911445366674296764 2.88326893322332722391 2.95489396697156259108 -0.00873889192872194520
1.00725352014254321276 1.53395971054616886420 1.05830034564806085839 2.01980013518564005537 0.01456660328480503287
2.41121020570319810616 2.86644268661022838529 1.79472169476891973972 2.27652891220291975216 -0.00405340272843012894
2.86962905785934685454 1.74945160662301635313 2.12333502467256485247 2.73472267984171635291 -0.00340466821422537487
2.61104732825608332192 2.86925731395066296869 2.90979213914165901755 2.73000286268259007016 -0.01141944595793760453
2.28038026056714615564 2.70434971218469222265 2.34935761965533540518 1.98411509030980681700 -0.01683477777419493948
1.56499057568301225274 1.51763244997137958237 2.83870165176179600763 1.66987886201494206695 -0.02641441940128890636
2.11559969550683923956 1.86974027581814317145 1.59060079548523169990 2.76554581227530471566 -0.00018210044827379762
2.53818026337665081371 1.75140675793231159751 2.35911349686298610351 1.28186964228315880554 -0.02369823417569708740
2.17341093378249761159 2.73436727697706905005 1.39768423544078257414 2.54014541305086272160 0.00267266218758455089
2.65638366931699199114 1.75633341818779276089 1.58364457035570405097 2.18811289364625949361 -0.00014118828427424172
1.58821665574891257577 1.13537501014833397406 2.10922934161855746282 2.46856402594634349867 -0.00478709024838688216
2.52163694671989313534 1.00268479373027696866 1.87587982405533515440 2.57420023287815080693 -0.00143432637238127543
2.78089766361163359676 1.74361232478110483868 2.50332125724703580261 1.71941849771971289051 -0.01355426672808436768
2.23833641186774867649 2.62660566106444370860 2.90830977687345937355 2.68894018800529721602 -0.01256525345223260745
1.40905963266351008656 2.55650823958220252408 1.20323773430858116384 1.11683303439280834368 0.04159439418724825838
2.02014410720480608319 2.03746115753606904519 1.61647451549444842733 1.10849520023054304296 -0.00298254721302732440
1.20379861832576184888 2.49143816146336760653 1.99834985205702686528 1.18984144278838166464 -0.04823757762837578567
1.82336359481039234076 1.33975681987021544295 2.76497881280106660995 2.51343934578344363473 -0.00860695257334848605
2.16863934653684964360 2.46953473741754958581 1.60546232371997721344 2.97179659501025117407 -0.00035562844213278284
1.13931833830313200551 1.28958657115576968977 1.19675686764315059030 2.21340569728800273808 0.00671763765598793611
1.11724039298097688189 1.19232814696213540451 2.83168358334613756710 2.29345704502345082432 -0.01537658254006201569
2.43499965824813280335 1.98378614028535293912 1.85316171665480600161 1.65089087434677095345 -0.00662787534232268504
2.17410633870207714580 2.46646884802879906573 2.02518498344504971342 2.80014316718171052401 -0.00505362536866906051
1.52023185209580380395 2.80312536504951692606 1.73700376850645366034 2.99495686181935827364 -0.00270639230056576646
1.48148456879822587595 1.89974576077488044312 2.87573630179862460565 1.36694298102908051717 -0.05269331599557745827
1.44952783887363811921 2.51308130317856814884 1.10801162768212302367 2.45315639243145344750 0.01023491680634553910
2.49744257025533666905 1.62467719935234589101 2.36550594823223381269 2.41562193271484559887 -0.00633133476225950648
2.31269911254000515299 1.63719150466782892295 2.48012385820329761543 1.03818261617822726883 -0.04124297449344425243
2.94469026550122459085 2.13749429934757451122 1.39066116782158721854 1.34538782812837709457 0.00571752036247845288
1.64663094326819625657 2.24951276720791337738 2.70191393109298338970 2.44386427578648746106 -0.01647112300292469245
1.03401576254341343031 2.68017570902606427907 2.74674085307747617435 2.67332931150345665117 -0.02664085969999400311
1.72554885988120321194 1.57791355999569904434 1.17273643998437537839 2.86635927881644159143 0.00343323032321550320
1.79808090055780422922 2.98958929845952647852 1.09224772509428214029 2.65903955442021100453 0.00861716241874894810
2.48204643447445860716 1.21130262790171405740 2.02147248612389862643 2.74817095725494331404 -0.00223979169373927792
1.95561245299942254583 1.04866330591076595269 2.08239780871735113976 1.86932785209554253036 -0.00597848406334867011
2.96127900566401791593 1.85658727257105393704 2.72794346163717182918 1.13360168459941790253 -0.03554999226002640567
2.90362156257720016583 1.20913399378029207121 1.42121343039191905255 2.09015561375898961671 0.00113039045467666567
2.20116394258495207126 2.00009811894783329222 2.00141609805043430015 1.44663298576204679691 -0.01442315317829062811
1.61499459808491296897 1.36959208063539294997 1.47049694697357358208 1.31424127294722947745 0.00391228003340834962
2.84626146980916860940 1.56592585273961648618 1.38746189151922916238 1.82140667129249922418 0.00240591966265188938
2.34844428792836135145 1.69799204561058059149 1.96789911254966121135 1.24862990118273620155 -0.01427270750074330526
1.38169970705096578634 1.12963323475347365843 2.17421724819572093068 2.69989325868207430403 -0.00506474943891083509
1.36509587056740966382 2.12787573834128451722 1.02845249881334344089 1.95897782563230671293 0.01668344928623406373
2.83381815334262476824 2.23875172446803905046 2.16771356103342904831 2.74261883443661558246 -0.00469789466109941066
2.95780285566720069212 1.65944401091655602265 1.42119172931900217272 1.88225594704990073502 0.00187823470182664595
2.57255876922811932417 2.41620877838712377894 2.92974200640025594922 1.27831664766884323114 -0.04471599472005279019
1.46594376447845498035 1.11696064442766607172 1.58524748544294236119 2.73721306130458508221 -0.00011694483407209757
2.59094932815429679351 2.00366872611120294678 2.64075068935448298291 1.15854436386891501698 -0.04021794004927615324
2.05311999262885525042 2.36828764132922131580 1.18448096967839111571 1.60892712967671203117 0.01336050592457071334
2.81301818386051394327 2.66345313081548962231 2.30164733969169255090 1.45851935985812319885 -0.02364241500576848634
2.38523709056889554603 2.28394829845021041237 2.51446178287002553020 1.60955353920480193075 -0.02381584082996229812
2.18621450563737784734 2.00022790359039159824 1.46350906371004318984 1.18246794696395562951 0.00557587175261859552
1.89134415061699012739 1.79595423967864076253 2.33205043037842463249 2.20667277904007663736 -0.01070486008772405725
1.19007174912093161012 2.02394047177061775500 1.01685596928555721519 1.26256548380836886025 0.04466091972333252613
2.47307395678261521255 2.08762480141238615516 2.78178964579869436591 1.18482498650894418901 -0.04478754287523873528
1.07090390065527230057 2.16608441464799295062 1.77774377103568026470 1.26307649545511124778 -0.02073057731517367885
2.32627682984442163416 2.32486045273316710436 1.30245812574653374583 2.98888490337061707436 0.00236028942665126619
1.05779326198426093519 2.90893545359510596882 1.78381027440379602567 2.07031274658793051913 -0.01079369702867028630
1.89484507829010051516 1.66700488493667342560 1.59826850726384095402 1.29112674320394882344 -0.00115359681343610819
1.56237177809949612239 2.04102485703119373994 1.97301343368405524004 2.90642720901762041663 -0.00481750253262422379
1.34676342990245911935 1.19998801771850693854 1.82762570367704424434 2.94770500512373878621 -0.00207284777086746714
2.21030588281219264601 1.12910295769771784613 2.89800288092126034911 1.04916337131266179661 -0.03584024287550646032
1.91784787425948710649 2.95583099432359297509 2.91113474157177742896 1.75369461253322200811 -0.03882497751744024006
2.34238487521614136000 2.50154291461682021236 2.75044484932596500215 1.09654461508194156494 -0.06534028430847148294
2.89636512785360888955 2.48332355501851864688 2.56122670215229053525 2.10257742091376798044 -0.01290650122151382889
1.00972267840443419296 1.24784842520119498843 2.03271728054544631448 1.00599232365150426105 -0.04330843863512543607
1.88652307570361021938 2.16270399911964616990 1.33179931613298974113 1.11078791200454474186 0.01750301735607352402
2.49993305742921556600 2.66494214902825543589 2.61694597112822702201 2.63475848990815464390 -0.01057634182179289541
2.58582389887138131002 1.96622285626005899317 2.58428674320003537446 2.77212952025302694636 -0.00668255356864472846
1.80341773755208367724 1.75623572201982636187 1.11977081654759058615 1.18016433625218342129 0.02425310048486825631
2.25518936950711790246 1.69719278480893009942 1.44772159398979805012 1.13970582361989558606 0.00566010783163748300
1.93513012914622439808 2.25911948693503505936 1.69948038731211803487 1.76120405635337440309 -0.00384348579141455997
1.97523392720099932873 1.56936917917293694558 1.59549407185222391625 2.73253862596365859616 -0.00020911117870426490
1.12048592614374697973 1.53930635964822526418 2.98264307222306257472 2.99244988327194061384 -0.01205439852918028035
1.94932500585777446211 1.80209779435965011807 1.95340716034839667614 2.73262378148877660422 -0.00367818427492042251
1.46913242095997120806 1.99460098061930546365 2.56819510744514545308 1.28334188584208130912 -0.05510768690915934798
1.12714580859973123594 2.44093509454254764535 1.50626639791134286916 1.59846796645852595731 0.00434928761850258191
2.40535042449060654235 1.97325079698838368181 2.92756560387407738233 2.35270295329230183512 -0.01152486908304632858
2.89321080892763005110 2.27094246190224957616 1.37305346714982068335 1.59349455612599077980 0.00483261076869430980
1.29863193759924167026 1.53273622531941522418 2.34924482579939208904 2.45584252230917776672 -0.01093493426771353048
2.70282646023737704866 2.02380858431214027959 1.18570087217227682075 1.17559001738373525292 0.01619609254472740081
2.99067810108091070020 2.92036156220054810007 2.01058597757071666479 1.12662798155723997695 -0.02606452431674282158
1.90612017147630297131 1.87950775049302198916 1.59488018236249384785 2.69220235071429225826 -0.00026070695098043907
2.10666442279102650303 1.06527187857478056188 2.93760870154535069787 1.97031073856002048039 -0.01015049092608166087
2.05464888761940311923 1.93559666010174447059 2.00678354631760313964 1.00552577442844603972 -0.03131177450877263568
2.85914303660585655820 1.44089400217604612919 1.20315704947437951411 2.75427053608365701720 0.00190006050965088407
2.98196603270781679385 2.19878947611009945007 2.56121796706838500413 1.33719170694780942199 -0.02744249808270937327
2.86546877810771505324 1.29917305743453015410 2.08551338254035067976 1.00646583137229317373 -0.01753408692333803184
2.91250469179809456932 1.84881720339581345769 1.65386517008567945908 1.60289262583238834026 -0.00163135016910601126
2.98396331521528068720 2.15525159351655570816 1.59285755701020725894 1.64322308732654787100 -0.00046956538298815423
1.83500591253943179382 1.91677638540123429500 2.07053001036671791013 1.09651164908309928236 -0.03312889897914334664
2.73122326028566320133 2.84249036764295492929 1.52654271309719136163 2.92050574758458925118 0.00042955896117840626
2.36120469633254970176 1.37445075870466726364 1.41853919279266782461 1.20291626202765433717 0.00485526855666143335
2.20177748451432364618 1.26952037295850783671 1.53071185229737083411 2.49856920826577333372 0.00029453269007870562
1.66699061880614585185 2.00579119320193655085 1.17889083427281060601 1.16748378751134662679 0.02683166648533620233
1.20641736845298419567 2.77963109364922722477 1.31646194546859107710 2.92712382674856552711 0.00538406550060159528
1.99229957611364505432 2.85762439163041737089 1.78724389809165518095 1.14419340494212584680 -0.01872397614809592423
1.96796202655341767596 1.67835535973857097325 2.49949107559481920049 2.61815380632720806631 -0.00792888664087169036
1.04015264102563675941 2.07260854584411369217 2.29080193982785873530 2.37646060023097938085 -0.01851359394463697461
2.67062611405884009486 2.25753641334827470644 2.39455002011093887049 2.51658066456317808246 -0.00779308687492248978
1.60113826431960815100 1.67917726405097567088 1.49316157267026383693 2.19711411150605062659 0.00134082609033164910
1.29241461253218603566 1.94309689502817040108 1.99674691475546062236 1.25532174090176029679 -0.03137031505996856762
2.13485784854505711294 2.67090184313728506993 1.98629205225054028539 1.11575399737574110226 -0.03228049539934019913
2.15784588424498480208 2.94733307374611408491 2.27064576843807230944 1.17803657592720356639 -0.05044712064496237325
2.27827252969298221785 2.06333853434372427316 1.54116709874702295657 1.17758644769731857238 0.00153966467011819623
2.67754517729793573011 2.36004644086743642362 1.38642578013426098771 1.41485455773461699103 0.00642360121889793637
2.90093151688795813925 2.30427852538432098584 1.21124026913835169950 2.41943374068738359384 0.00379951775016360016
1.60066776864597470897 1.45767157871982777628 1.76634333772653584482 2.25789022334351585641 -0.00276199454630421436
2.59919653347003087873 2.34386002476750388013 2.94454685150885620004 2.30427443041926682810 -0.01325342027262868018
1.46701719861936386025 2.17535015207573678708 1.45105588056205547787 2.37984053715279486596 0.00248880551572730523
1.21184728540054353907 2.43594788593908084806 2.08084026442521841105 2.36891320844473884932 -0.01391629355996943859
2.46889605952056223614 1.40536904268135165452 1.26501949082888631715 2.29568931560292499583 0.00258742120128784567
2.24834138635886882085 2.89794429700242783809 1.96759932942946558221 2.20844414401984590057 -0.00812760902787829954
1.07917184426331358438 2.93686994105690502010 2.26799837217321931249 1.53470693418432535537 -0.05903631102048754326
2.49854576316599352737 1.00726698254702506929 2.74328992186512277129 1.19068270883278048977 -0.02085713407860185359
2.05588373150326519934 2.79810617989122345506 2.33912485912114664899 2.59012686001597192131 -0.01121908542056254329
2.43009554364401125781 1.54414210484668323886 2.24637771590654056197 2.29727221968639616634 -0.00599174128139506705
1.84144542216257756095 2.18560400945961941233 1.33802786874635182279 1.04148117883708235532 0.02008607919857374746
1.84882157685338976982 1.00243111538576412656 2.24163434474308687072 2.30645501457732882145 -0.00504197261743736819
2.83528763862105304128 1.42430588956990211713 1.92459877988281946593 1.76385991976035105822 -0.00445174495438732751
2.29509844307083943349 1.62501711402229709336 1.80544970859711684241 1.56294813068953186708 -0.00536279958618302455
2.95939921339684586243 1.14757648656561883627 2.20449943525318570181 2.43956102890110138048 -0.00307018156317034885
2.08200288002280187172 1.15455645985937627174 2.90006947131301640042 2.04370195957271150178 -0.01025880593334755481
2.36576429777523467024 1.87285257663247306503 2.44587903923794147687 2.56098941022996973160 -0.00737292279140103375
2.05547958369996752737 1.81190332857255209653 1.58307973121644840475 2.05122914202470951750 -0.00020478185140326944
1.00758572895681086656 1.13745018764145022772 2.29841884312990263339 1.11229276478632943537 -0.04829327961772470618
2.46494071324144670143 1.25433601917600245912 2.00369278850804288794 2.72755149217363612735 -0.00228341841671188218
2.95319198307665686798 1.03493203393644095378 1.64137863707892939225 1.35355615296065368014 -0.00107347748609514654
2.34585635052377838861 1.68917135263713857896 2.77864894960843500371 1.23798909121059907967 -0.03495211096545658425
1.36102137417086987980 1.83498263760565905045 2.33565786812868481093 1.73996821748057950430 -0.02453888662319695518
2.05947618349323757769 1.67101160403852389003 1.33437468851953422444 2.20570157549906786798 0.00310851630449265545
1.08758668762479393521 1.68786793013671343466 1.27280474495482653907 2.63005763068260023374 0.00524193416540675965
2.20543559014768719706 2.69593338159750928185 2.47548341533109272916 1.19610455505800405973 -0.05345855924571992629
1.00055462960351171375 1.99683292018160729597 1.10097739752601464502 1.60590083979037423489 0.02787968949534369231
2.56573682034011696373 2.16501275639575530008 2.28063157645284331210 1.60801321335144464797 -0.01692438368535194304
2.36566597375838227890 1.79714402770558168143 1.39196149141653724435 1.42695214573925599488 0.00528123506709516841
2.02208070301903308774 1.24349375351116520072 1.99474359351919106054 1.98262781145027067176 -0.00512125599555284580
1.22159876967821046101 1.81056435789483116672 2.86702876451491128762 1.91791584094384259807 -0.03086290507681984513
2.10926505005538578175 1.55457677029534857560 2.56337281946651973641 2.13179316869101231902 -0.01080769581610961996
2.53792188813597530128 1.40745935365471708245 1.63324657614380952531 1.67415957102534318501 -0.00098266591540040432
2.47068391319720337407 1.97928127788522734143 2.42898377520245745131 2.72446744903309401309 -0.00649856208297315378
2.27667696971176702903 1.15176928056398319988 2.82233657821226646689 2.59152533524740924520 -0.00569146621062934996
2.32196030429143673857 2.20686509615145753926 2.15946945073648999269 1.92499901484324120737 -0.01133300069078338294
2.01044794697360185154 1.86738077841939742463 2.42217150901879696434 1.63026375636520204360 -0.02091897647542168004
1.39703689880119363842 2.38022278199297110390 2.69836942189951356497 2.86498138631501486628 -0.01492189140704869993
2.37023076737638449529 2.06452942820638973842 2.56228078545484461159 1.54781599884844611736 -0.02421163535577118900
1.49822933847618799952 2.97723796416779151741 1.53985809160904274506 2.75441454165610544180 0.00064475249844135607
2.99834160395143767275 2.05530979594499285668 1.55512941823438599620 1.49441128417882973523 0.00038265869220844770
1.45648521046143564206 2.42014737512971844779 2.62698574413675789430 2.37693619063737315855 -0.02037289501572157532
1.45928033650864907855 1.45543472615874081022 1.16752116335244626733 1.07759241185690335385 0.02682257509222673100
1.03468715651906761899 1.21040609921658126602 2.57152047187448884458 1.72872835267271351967 -0.02622403942886036496
2.85635663868092581907 1.68631196478002154393 1.89686408082186219737 2.25828128969157226891 -0.00295083030303030288
1.90804322651852675818 2.36936452225784099923 2.67554303613391430972 1.45721949093283220655 -0.04157245783870949091
1.79104054721990069154 2.94304616170831279121 1.78562518178538520708 1.99065657866326173320 -0.00703454500290002973
2.61984757844156757045 1.33067758345776088191 1.21905896014897452417 2.60526332542737204534 0.00205168126146915977
1.21203848641139577680 1.17838059091700508851 2.39564662978556386363 1.75455595608477610270 -0.01845800866634403695
2.58529670465595140527 1.27443138709934267183 2.52029395478900886118 2.64557258437816855690 -0.00455735837870747604
1.43482115763800743835 1.88976154264463791499 2.81622009516277005403 2.96638002898874564295 -0.01128598689070030477
1.20265662454148070104 2.69355457700699929546 2.17550192563902466958 1.95332475197121668842 -0.02655651222089540353
1.39646146904186196913 1.86145474915966757656 1.83462712172438924263 2.92775328657763234119 -0.00322715742704201766
2.91714239813207676377 2.35447517932257444073 1.91463475478869504798 1.57373082668418873276 -0.00874236132332911059
1.03695511051474764663 1.09238659530269721643 1.55527104009327943324 2.23145315252865650280 0.00026136845868974466
1.29690518781320851538 2.32210155430746034710 2.42161220258294829222 1.95727099526823433706 -0.02796238905913208533
2.73269055018948847646 1.32127176253862987920 2.61852697938251521848 1.24181034770440201775 -0.02161451550197123275
2.04711730018208371007 2.09778721148733415802 1.44013372973675868316 2.70556238555027839254 0.00145147163709142299
1.79033465114059708867 1.87140977115947215736 2.81381619510403035989 1.78752504653670896140 -0.02464680804439196848
1.80475353389135917404 1.31696761114205274090 1.41081913209980269741 2.79840962050224284496 0.00118121455955689115
2.23069851252575146461 1.01601023956613878418 2.10092377014607167851 2.61849806065307166847 -0.00267292691226546234
2.18269561847251303277 2.40945193742336938314 1.60289502735530997590 1.94334963138141225691 -0.00074649381480526046
1.60830591102254061298 2.91547666929613003006 2.46393597700834332542 1.32382010200857513915 -0.06412614298641193533
1.96594981098918930584 1.10417414338501118642 2.27190115825327421106 1.14037172159656186032 -0.02216991740065020131
2.32878930659972427364 1.23834946528781686403 2.56363293652414103718 2.84366676290950604056 -0.00438300081600574102
2.18330664447783728832 2.59420990539896934024 2.32385116701271954298 2.65347828749015413052 -0.00918382240426997287
2.22878432146105165401 1.15222327738209351367 1.96134848209953704945 2.61757827241738905144 -0.00228581551515332935
1.62867088430548045963 1.58750617966877882736 1.80991690591674792010 2.65651818169991837948 -0.00260325643562639300
2.20281678282578052830 2.56332809434041752894 2.17866757943421163191 1.38225308784072820067 -0.02768019893657783920
1.40412753887277297338 2.08251475496742033400 1.58546649633843039773 1.09970338694721769812 -0.00143166067511063294
2.56807394634203500772 2.03124723012928143362 2.84563604802873371113 2.04574634308982794551 -0.01438591571051914091
1.83938091070662279591 1.35858295469953604950 2.43587834144496806488 2.22648496267477424837 -0.00902473508355985943
2.94159369280044646899 1.72552358499307878503 1.32310981616750078516 2.66714578053557493931 0.00160874614967589503
1.70781086683659788505 2.26005741366080448174 1.64258433944596493603 1.87746826192988280901 -0.00214290772030096980
1.56910559299108265385 2.02082285255554783276 1.17787763934787803599 1.90274704160787644369 0.01083861875873792617
1.24771374872033780079 1.51517354065215470449 2.70801884604550835434 1.29954060175000973842 -0.05192663588077189862
1.61393473077823701445 1.13079469607104932116 2.96076105080739893083 2.35607994369162998538 -0.00988025417347848135
2.98275573252807202351 2.36701693458863626773 2.83879766444515357904 2.50317315700950704382 -0.00961991079739952550
2.83307206258694943557 1.71582672654921641886 1.41451206729025624753 2.68281872511360353073 0.00104224341284582305
2.25012407389877999719 2.85690220517340875972 1.13651863344027992397 1.81465289763283998958 0.01290985778131288272
2.02731190341830469492 1.36003267627389679006 1.25507913220144895483 2.01648165197417483796 0.00407652004673529546
2.42008426658382092000 2.23874966770366778945 1.17385903086827769748 1.67726624451586459053 0.01011621513009626841
1.90146042114595847927 2.75820468515103867091 1.48348958275921494199 1.76071079505913474783 0.00324675264709630134
2.05102223162362662379 1.35433129426948584140 1.43426150655948547730 2.34340225773790011843 0.00130239956321062732
1.68718975358380274265 1.86766194248886741036 2.94286625003398372158 2.65570400723288990719 -0.01224425802160841216
2.24590711664683784221 2.94994390195245204112 1.47630701275701659014 2.47017292977384039787 0.00161619456761682382
1.07007558863868212917 1.72035577451184051867 1.21240570871014874399 2.02454200335607836791 0.01094863027455486582
2.57550208824080684167 1.05336374825497758323 1.52838369075856017609 2.69707525935069059031 0.00018970794570657203
1.78508755895731319185 1.15976402235801412388 2.87767585134064729502 1.36942433438991040262 -0.02661463387747459858
1.93292260614409228126 2.42567125244125936234 1.22133079937147592808 2.49088802266656550444 0.00551096295722541384
2.66601014435264449531 1.06863113044289947950 2.60667247656787237631 2.24312093973003534586 -0.00545387789381296655
1.06329738986625765840 1.56826164932012224185 2.36413752964283485625 2.17591082249872425081 -0.01766766230793189937
2.03157896774767365855 1.22862740396410408117 1.13672487010951228648 2.09633524438732088413 0.00460565641031633697
1.44740642892639170825 1.79321122180041148120 2.65937124371589472815 2.50744621443141113559 -0.01389265811383978873
1.05647783739002232295 1.80277693897805457723 1.26876213888233668747 1.00528087861862691632 0.03996959460156553762
2.92585496307630066326 2.22173185183467669646 2.44658587850513509210 1.27538417298926698429 -0.02853225325063231052
2.21302671572717413184 2.84332928626481340473 2.86911161069836229132 2.06257131208192934224 -0.02314658108026301439
2.49248568118590441145 1.31800302795875912132 2.29319470818186754713 2.16788893837848917201 -0.00592002295229384062
1.74526379368504813705 2.27386319329138109069 2.52221774257624531401 2.78516665629909931923 -0.01088289016013083838
2.26551258332505645043 1.76956214510711840049 2.45769600265455245847 1.52653477947707161277 -0.02067488616424978734
1.30155260596460209399 1.84179799951354783438 1.64280913623869828655 2.97592300564113543260 -0.00091487413781014089
1.05518715205576518734 2.44794313462057022690 1.79806624863657238400 2.54275415203013421817 -0.00643354077499866655
2.42981644744661329227 2.79510866073252017827 1.01067007442541245688 2.60670242619421443919 0.00715758770198765115
2.73794378313257968927 2.75324705076695508410 1.54927900642718152646 1.47925382480546807606 0.00078682846510542926
2.16844837814559943112 2.98600931766583199689 2.44425912470809558741 2.46670634841953795302 -0.01380517452790388719
2.65256129905593240892 1.70268684842424566916 2.42938260873599176648 1.17707237631197769723 -0.02790633570296488855
2.21598868157430306525 1.42104434611568808400 1.73016914334612748050 1.33975248793807044656 -0.00451185654066158220
2.24590314269558977145 2.11307174724799118337 1.54403866519429322501 1.12992231201000770113 0.00156896234026111239
1.07860564384085666489 2.11328486507003354689 2.42263275592640603406 1.17467656725053215538 -0.08502571172335035565
1.08307473559831479726 1.61924566929621605027 2.45122227422652194662 2.50829211150242858963 -0.01457969217786384865
2.05103634589234484764 1.97912684382220671608 2.48835329853238151898 2.48158401447751719715 -0.00990189110234779464
2.43381796075871292828 2.61105574818856167596 1.66026672782595019484 2.16930489691504391203 -0.00162097682935555785
2.37695643252748922691 2.38279975993029502490 2.14212715604484227327 2.61874232414539598324 -0.00629026669882512719
2.97237540328970872849 1.38853080585452270945 2.18139403648017005111 2.00248467056697077027 -0.00531531392608122592
2.41043125240239675122 1.01198860300495740994 2.56384917594067918145 2.92424817733541608789 -0.00327287628161043254
1.65068069502896297429 1.79683888870342145516 1.37607149696093489233 2.46075973845717932420 0.00276803166485587978
2.40663746037205950046 2.36721395791231614680 1.53555793352727398826 2.94290878762743668418 0.00031841211740094916
2.34399166348010368210 1.00222980257203020393 2.18930898924637062919 1.22938120947544238248 -0.01305342375529241344
2.57345601833061010666 2.71747096491574424704 1.44402283870855563386 1.64542477564461986361 0.00392416043105824151
1.00643913332279733019 2.97368513728383199179 2.22392276337243366413 2.24970102381794490043 -0.02823042826253982160
2.52873393628212550510 2.13258066384048472486 1.75233465891582285145 1.33149468664484671443 -0.00683429717011300227
1.35891314735521917534 2.87758079317499060323 1.18365714393401932902 2.19354291445707438868 0.01322201544141582245
1.86828639687924114021 1.66370621918271943684 2.27628040845187484820 1.76257530630602410326 -0.01479015070504011674
2.40370848441833651066 1.36632605927710470972 1.49746370545098361760 2.60049881273449390306 0.00049006903463893082
2.52610688679993522499 2.92215370428106258061 1.61546569496125380638 2.86683822157865231262 -0.00050015022512793863
1.34596378751825196396 2.61943038457416133014 1.78871380564424176107 1.37080029699986027936 -0.01781822964189519118
1.19112013343278100308 1.27701641891895611991 1.83500369523555284523 1.96701659750542745542 -0.00575831509490683235
2.88380002556454151375 1.79878610030469876513 2.96325930569455220365 2.51939834542364815562 -0.00769605271135359505
2.47839863531249271489 2.80565473633350048743 2.44168909467742434316 1.24442832592414220905 -0.04449595516991524530
1.84234615157674785912 2.76920661484382701900 2.77033331486282285994 1.48201630156308428177 -0.05074861542650398183
1.22052119414314841350 1.04388164494186863607 2.57111158328590150290 1.50449619021468317115 -0.02530701449508407710
2.00110947983168818709 2.11153369305494287289 2.93350253838446128896 1.09878979164007195557 -0.06804819608790400876
2.82123652122019574762 2.32672506133019663110 2.59729503311177012392 1.36285771032568536754 -0.03022805648189709482
1.13888788227847648216 1.12575395815265033583 1.97101240786973197494 2.82227576230227805709 -0.00384761890910251172
2.69257203299024983068 2.65503167861637834335 2.15088765464903763913 2.86037193744630835468 -0.00525663178167983403
1.96835506144335270484 2.30605640171595194232 1.00182431760336365656 1.44532584591899215809 0.02404503991051233983
2.68311571166994244919 1.80811642010559636695 2.51680428192896066264 1.79285803130759613389 -0.01353171125103356555
1.83811950725743167290 1.65700595487391399985 1.86951024601985915652 2.56573408826471638378 -0.00320696802276724743
1.14788460662871072415 1.34200172143087992360 1.79141154004412839207 1.09815708530426348055 -0.01688195877547352466
2.90698616597044257048 1.55368292621049142177 1.78033708108103883028 2.78601719757657217968 -0.00113979749575150073
2.34617506972234979301 2.81525183372025367134 1.72232422361253401100 2.47635255589770864049 -0.00235045202365037923
2.30614888266653128568 1.64773245518252098307 1.03066849700480211993 1.33610518601706718123 0.01637867628462387135
2.70057877484282915503 1.87204391629366417860 1.04213896342552270191 2.88119740970148807691 0.00335163228657824270
1.23940513890095549421 1.05297611640095722940 1.26861843062701296070 1.25469929781010725023 0.01278053893268711431
1.03294683680118937197 1.06094019569566921923 1.06188280749116925605 2.98597017404890419101 0.00446647632108713652
2.36233137028247552891 1.18539593713880675452 2.81735059008808708114 2.77562462734944137566 -0.00491304070205265172
2.46893736181087586345 1.49636270780678359849 2.87542971626022136888 1.79585273938956624384 -0.01442803075344908405
1.40072573063699268303 2.64504883949611935279 1.61487029950165572600 1.33058143209218737724 -0.00373963652540109954
1.12374564864720727364 1.15275891988747369865 2.38253359542181719632 1.74557990807226159902 -0.01943609124285735137
2.00637829953634483360 1.88430858787721433600 1.12364781314004757995 2.72690987626502012731 0.00434579861158071717
2.88083928830534441445 1.19298309631829746458 2.39868297620401760284 1.18841435793308147773 -0.01718479734409309595
2.42972238603335721763 2.94965802023164247458 2.05092711108101610762 1.09968535146861401408 -0.03689875350887877187
2.37482486069426368402 1.05987721216054375795 2.63844877510661923736 2.43574274049408279197 -0.00524433662757232879
1.88250570206677769747 1.90749668529688998220 2.85158183645095109071 2.03462112348317392119 -0.01866487904026315620
1.92803570237532362341 2.47125536694775682633 2.51096052753071585784 2.22727380159545251814 -0.01660624046927474534
2.74074828259147951215 2.66326387876874104421 2.93745355241518479872 1.62661918231527158341 -0.02861875388410249285
2.76287155684879426332 2.68365381703602556840 1.39455212023631314189 2.16627859822243973298 0.00288796209085751985
2.08170472360672897949 1.15065648275914012011 1.88542752494725984747 2.52763244926648411592 -0.00213059795609222072
2.68173243214840439919 1.05099722426489772253 1.24353916205155612396 2.28458331868820740951 0.00192075335467962994
1.34943273309441957863 2.37071016818369262324 2.90446825336844494103 2.08237680311521389243 -0.03133811033187886008
2.65717932588806471372 2.79303483529214213732 2.44221441389941551492 2.20996940591256141317 -0.01310606243670710443
1.20549503995786277954 2.92932791078989751554 2.37344390441175479012 2.94224812810297819965 -0.01606507194213413481
1.51387034080893356780 2.29036968676410657153 1.31341258641536651197 2.59821896395920237666 0.00453973964817637639
1.39012481893514516784 1.91497269692993032919 1.24670998041272906853 1.66417777303078384676 0.01260465499596028285
1.38177064240858071820 1.93697339954091596326 2.96514355189842504501 2.32484918003781082518 -0.02031852431673569423
1.27157196194788646437 2.81667326673550633132 1.32553217337483220106 2.08214310486357145891 0.00987269454880551622
1.00838359036253777390 1.18465458758803610095 1.44209207667321614998 1.96429723025071178988 0.00310981765728824116
2.54163923647414780049 1.57681141605141172946 2.26299389815875695575 1.83479899837728410716 -0.00935958427832584913
1.54087343328288461919 2.30187811127821362334 2.38338833005130767972 2.24729449479552112479 -0.01709090885488034894
2.44733680812374032598 2.90297145571111681051 2.27564858396641600535 1.45005370901194963196 -0.02908661882695534953
2.15231352729758595999 1.24280891739854992828 1.26124248165584251780 2.23465298394549538585 0.00280315265133661545
2.81180653119860002320 1.55109329462686074130 2.98759876237191424053 2.41012457410829039617 -0.00746781759752900443
2.90699848405216609848 2.01002658852998372652 1.62714391745192687999 1.03180758527689153681 -0.00291068500993246770
2.36252619831303789510 2.05520659685556417173 1.10558184225144029433 2.78036307531834214757 0.00401734632057671598
2.46569949470685223503 1.75662757233748290098 2.05071894716512037604 2.30258567134858083136 -0.00493705399710079457
1.25307534575864720772 2.03456571200609115380 1.62695845112529502430 2.69312596177076946091 -0.00099996899363190522
1.97371770363222087674 2.67758301700051504213 2.42788133884831580644 1.97451862630240881913 -0.02093203553903593556
1.76687814916445162794 2.38360033712647734205 1.99417552874138270802 1.02656659195375365989 -0.04185229517923010761
1.75961018081375364375 1.56214606895536833875 1.23119959958186142579 1.45049722445687900851 0.01118523481301380781
1.57400978439668404185 2.18037544235508340407 1.95657614664580492558 1.89293535590840766858 -0.01157592192459397373
2.86717400492628682329 2.69466200944794076477 1.12449632937365429086 1.08509726128731975869 0.02741672563143742608
1.80671965740708184711 2.61633114178590409082 1.68335609378054740226 2.54829553008618159282 -0.00199323372227902919
1.61912758766684383716 2.37869848090279667474 2.01764075028842704285 1.76022457361294870637 -0.01630491803444299170
1.53773848604220808589 1.47580206830611593283 2.20515835902326173823 1.89553643603966071041 -0.01259736991866175146
1.64904232985673648848 1.01224889089833269828 1.44565748363722290648 2.04777436647859545360 0.00145391658834281021
2.44805250614646219276 2.76311643689076857910 1.53101683438782276703 1.84092854643388381675 0.00105399711512699158
1.34867108651261702335 1.73467510474414043919 2.29588470463911775710 1.24475909105250304165 -0.04381039616578864121
2.31653840733276261687 2.87943482591711896745 1.54996321617106458390 2.86041418128415436684 0.00025183885906199889
2.09484197917941283862 2.48958861522658025933 2.85485867122326153478 1.82245679000309057649 -0.02731170298268819144
1.51300352195277043599 1.72712633705729712297 1.52962886416502130693 1.25696660712973828922 0.00236623702442588122
2.99986870096089575100 2.71420261648888327954 1.29994129317583162475 1.73246587763087989131 0.00641821835716052148
1.57772629694907728926 2.22256932290155617693 1.53453040379731953102 2.56614560992051732313 0.00061724094601980667
1.41799407027487855970 2.55502216214908717262 2.48482768692183597636 2.20654952862722808504 -0.02332344035117100978
2.96845849902502756379 1.02904391190008848156 1.65864553058372998784 1.89118545494477729996 -0.00067671203416646056
2.61385949219535884680 2.80397472863642649443 2.08162642445228129873 1.95307891414429390942 -0.01094117128337491508
1.43045547137381467984 1.98799351212953290258 1.82297898336011421350 2.42319601934946238231 -0.00469954530398591919
1.95012358259367601931 1.32342307413852577902 1.50268480023468664619 1.96097669897934423489 0.00095579907247069613
1.80312403812871213660 2.37167335511717558560 2.49906720278431304649 1.57958086387781926341 -0.03358482859147123023
2.29424245268490700767 1.12560275409820809145 2.28538620057860164536 2.85023172195867235956 -0.00314934971715899199
2.54245646051834039980 2.94572510843395374280 1.82747311244393184637 1.30044261210195188916 -0.01384056283672487758
1.48342944743587090706 1.51872613706667736189 1.94991839585447301886 1.91011712982080639200 -0.00826433071441931046
2.76655533787987373273 1.51834964865997035233 2.57472078409933180509 2.90745377523191939062 -0.00435838633126286751
2.71066671781729606749 2.20901481466980609270 1.51719267146027414483 2.22195790168508544582 0.00070376456224960501
2.35312074457580733267 2.82944755209472420532 1.66258783045640878839 2.06882989913975112728 -0.00204922877303311034
2.83545420660344582586 2.60989982141086640510 2.28037278509109686553 1.52476003207111343585 -0.02052632019954176573
