1.12404927251263142551 1.37732232735165327497 0.16753162338777127793
2.45443896573139896944 1.60218277737911773961 0.13134987433917988398
2.08863085118775249072 1.47673846381464524136 0.14876347223489702620
2.19919770772252176627 1.30550104845768233375 0.15209847708105050934
2.76800539499438702506 1.83210871885746295895 0.11577424100907077187
2.92878168007772599069 2.06573041628107567647 0.10621778437171047749
1.10347832518497135368 1.39336775859050243653 0.16290012770425355004
2.39678926450441354135 1.95176836030633471530 0.11947690725851085880
2.00732078075767628178 2.75454674729599791050 0.07751568287633336940
2.75551397095383698854 2.04907678512906343826 0.10980670696224410776
1.11163372372317481585 1.74421826255705658681 0.10479581258261079502
1.55689448065992741554 1.81311024989387736817 0.13006232330284406284
1.21841942406919856445 2.07731831022289359368 0.07654442209999223756
1.92130276439068325978 2.68982699100566291506 0.07793000037176130157
2.93054920939006446901 1.24629218730117941050 0.12436204972011169478
2.78367568540970822255 2.88643506223507451125 0.08371750939599652275
1.34036703602262474710 2.71620102395416918029 0.03819107791374173194
1.11441510649741126748 1.66897749066077261126 0.11663444253143306906
2.25888812800528082647 1.32690164088204465287 0.14862355831905751935
1.60049563740068201412 2.47083072193818864548 0.07570605185842832485
1.39801361916175048705 2.77504012633360952478 0.03979239711651219591
2.87650045333907655731 1.36797987340910709442 0.12386081510549927509
2.44326186312665516454 1.50330529687998892818 0.13512418152457858489
1.49856554821647280917 2.77071387053448114912 0.04818621651712421544
2.33566381081755025662 1.10886022740693102051 0.15260090469535297908
2.04812926053174138019 1.23681396020866007923 0.16231801165159281952
1.71666778357654159493 1.50148344491786267518 0.15852707107997915381
1.55755172690590515394 1.21852658303363980963 0.18860933441041918823
2.17658623266947781616 2.70169313903938856924 0.08483474092391640742
2.64010587754645875691 2.94286185917581599725 0.08118632077098157651
2.20593080323459300729 1.74141655760160918298 0.13243227847220503945
1.19748389615697581334 1.49507169748321611102 0.15281138897945645283
1.75315815785672901583 2.88300842036445370553 0.05886603317838175198
2.98117373357135262424 1.41492302097168054509 0.11956591915348162292
2.29905401400353071040 1.10524245449444769029 0.15458815710963899615
2.23274842250052518722 2.98523945614614749644 0.07309544977951719369
1.31180036986763659534 2.46691267619572718317 0.05189242199909244874
2.67121034721934247358 1.43053373532821703762 0.12939694470656654124
2.42339019337392258535 1.71423032452038315299 0.12818365678881726843
1.19588904877610491262 2.82087266032317796061 0.02065462495145755847
2.75629554690031497444 1.07218372857287369548 0.13419189280983040424
2.50352596512420255692 2.89727142970937201483 0.08157087942687250848
2.61321273060496306329 2.03436019916876009717 0.11275450625930516502
2.79123639765724984585 2.12648586733959188422 0.10692516342377580973
2.62330238003004767577 2.23884943702604122251 0.10565688563618810814
2.90345056331026007967 2.51525689512334471587 0.09441308881510336593
2.76273971933474271623 2.56520312312140408295 0.09383500920445192461
1.25831864807999882494 1.72290373821275921706 0.12417240177349241070
2.53571528552050740046 2.08027556981031835903 0.11237270546657758541
1.79002721835128708605 2.36477982188843327549 0.09312585581074854513
1.52434871793038739796 1.53253260867387242072 0.15788490317893441595
1.00151848827312517365 1.01555996768914957862 0.23821674117372676482
2.18688435335536190962 1.51576921338757908408 0.14347094018091327561
1.43029814368949792502 2.35746831257043787389 0.07170737074060935801
2.61842726434586836604 2.33952993964451572140 0.10221553234499207441
1.40585866295182992936 1.08928668620422408608 0.21018663286118696720
2.63403388210878963704 1.81947259393896132451 0.11931044860450722156
2.30661559338968880084 1.29246436737626591018 0.14782822063321962580
1.81693347346505995610 1.14638458231311202162 0.17993954805747028325
1.94205865569537450277 1.83182301066363617537 0.13165955455985642319
2.90664695690961716323 2.07479075866487860935 0.10638397268922782091
2.88791072978095142432 2.86381407794690634461 0.08448657102413666131
1.90883567641658768999 1.13941608684705952825 0.17489196650692762081
1.46887582494807666933 2.77950281306045621221 0.04533073698514509392
2.71491229485319474080 1.65408513505984466896 0.12205341122429286260
2.80719101436073970035 1.27528427310990255528 0.12818080606668272314
1.94901829256441594396 1.20781922370430971903 0.16892805129748009185
1.91698553175586683395 2.52901417531665106964 0.08716746950503916069
2.67586496096620507501 2.43831840559935919543 0.09843312902407275189
1.23149565482902323410 2.32070085080481192108 0.05487170754345703505
1.38774854813964054756 1.78092046426669536885 0.12617673416667479769
1.12312622928497130026 2.82224782436262344731 0.01511205749018439300
1.55844059504767518121 2.34685915956287871609 0.08237321203892863930
2.10881675168198157166 1.18674829247389590492 0.16147379065342912230
1.64667811609904513048 1.71244537419178666227 0.14107897239665725952
2.39411950747679069806 1.97233014269078354985 0.11868337698721279083
1.23289591501698514442 2.19341270356831774535 0.06647987810998096103
2.40219512204479723749 1.91578917557747141487 0.12083401944384628002
2.36572280505149734608 1.12330950176858568312 0.15065654603187417226
2.88634675507419524720 2.20303367413878614656 0.10329015392529213024
2.45342193835804822655 2.10104384214160422317 0.11269057521935146871
2.81483066722473429522 2.46336651078538615423 0.09663886579248194553
2.68292973448646954182 2.95111915603017838095 0.08120280730779443068
2.98785802657379839786 2.76240873012767895744 0.08708358554324706347
1.79925160493939917394 1.35343638855187209380 0.16708907929749353127
2.83986765841952593092 2.86468059336538960480 0.08446048290639801559
2.52201087286306036006 2.16432024587179583364 0.10945682960837173348
1.95467559813195546070 1.84047452551569845625 0.13101480750339569714
2.09653886333001704401 1.68811278363999117680 0.13760168911659212410
2.05358525491572319055 2.35733295099965545205 0.10052232364548327470
2.25005565950151886767 1.04592617891189632040 0.15914592527428908508
2.69813156358898531550 2.25232694874587080491 0.10435873914199442214
1.65707596290204617340 2.32516243425038826587 0.08995562277041091459
2.91165979088354998083 1.30080240731251262076 0.12400201909610772399
1.83861130047624232731 1.25276167082125833296 0.17203164342772292450
1.69621877602877502156 2.72428592046856721254 0.06475734204032994323
1.41798390089425585536 1.17111076591065588204 0.20004183332415270691
2.28363493979301157566 2.40284445194691986813 0.10043232767298888863
1.61106408703625381129 1.73659985548407846956 0.13851311178804448510
1.19375035437143717232 2.58103413737290887653 0.03227621694198379992
2.37769494390918278981 1.66674772819303829152 0.13123499636782320898
2.03809632809074914306 2.87678976329979274595 0.07228544455157805138
2.57662348434236010419 1.30111131080133968219 0.13629761023472544701
1.00921145776889242818 2.72471339849085580909 0.01033017177167355055
2.89876236144803112182 1.45957389245473390105 0.12123957848139094162
1.54559374869003574027 2.92075607417049498693 0.04328765121171668229
2.08229219479878313592 1.98007705296557756647 0.12190358380609939148
2.35201069629569836650 1.78684327885968596838 0.12709914100848698770
1.52887292983967237880 1.39442940917243363153 0.17214822646693359043
2.85540807609651992038 1.02166640992430934887 0.13105163208250542040
2.17366865561888733538 1.72147630412270102873 0.13412787288755412263
1.63552203676139362720 1.61184890160738558684 0.15008837849322601010
1.57577177027197978809 2.74123850875127494930 0.05575342629808684863
1.56842706904384709965 2.57979692390905723798 0.06575985547721817370
1.73246429748043073715 1.36045599698419827916 0.16917703509042505972
2.66183613577460143063 2.66652249823752196534 0.09074364649140169437
2.08601001501296057228 2.03338757829097005470 0.11892246928697000619
1.80432167697503942350 2.84041089195850160465 0.06404190169334635085
1.77788235194432475694 1.69286372625371028811 0.14260385761578511787
1.40877432790354406578 1.25652382009297691745 0.19024825584353299845
2.93289626685038795628 2.86655233056047276108 0.08436824605400508603
2.82789802160173930901 2.78696163432491950118 0.08680412895895640857
2.56483047731942415126 1.06637120171581756267 0.14266416471785550724
2.07441380527269103595 1.54763849007008813530 0.14559588843778811795
1.72349995049256476953 1.39084648226005347382 0.16714197238029290804
1.15543209499560894926 1.15675193201066361937 0.20918089887241034242
1.68329473922184713608 1.29456212606678056076 0.17632584266685216723
1.00021967006450185345 1.19870233035156115164 0.19450716464237288728
2.55731404044858212643 2.68965919330756708661 0.08972671066406071039
1.75883990916344168376 2.28052266197079944732 0.09786299873929669990
1.08320566883130520175 2.55551334705253418988 0.02278147979580896418
2.10410922970533986742 1.64771694444036453930 0.13953365455288493924
2.47560075055277106770 2.87135347606133484177 0.08224433793402549653
1.74465464809082448916 1.63212660706973200497 0.14762552386764840606
2.97896198395067468567 1.13855002350542688916 0.12448741168459716289
1.61289565848325966435 1.53865013525906224601 0.15692352490726430014
2.97259051970593191072 1.80667125222978786070 0.11157384811749571085
2.83655470701097822683 2.30846322733262887539 0.10099487992924326141
2.81505451260596206708 1.25327137416529033054 0.12834631025073547916
1.36789901842963668166 1.77785779446900416012 0.12532761555558605271
1.49049765912553433544 1.74590584130157200349 0.13478316545999394216
2.50850291930378954675 2.17426871789699083237 0.10923424444130147570
1.16511559463550185001 1.61628483215675489149 0.13081591261234395973
2.08466011244826887605 2.15481449649177880801 0.11216735484772588638
1.95539985574068775342 1.47117324154387674184 0.15372971259469211947
2.10112701226537890165 1.43777277192426988783 0.15023772766562396019
2.33638109331621057763 2.33684864157660143746 0.10354573699152266886
2.57464592524368329762 1.99201980754368679349 0.11486918923859183728
1.12125409428031708181 2.61933548685014372381 0.02323690964257952782
2.21068655693909033033 1.63284398878232628327 0.13737828375837643491
2.62249500226111020851 2.32684080447321051111 0.10262416630912696291
2.14649009127098322480 1.80696659103878620733 0.13040552797627302795
2.68721241569716307040 1.75026658323038852849 0.12008452694491814072
2.14484783021932656766 2.23191848044219787184 0.10823760885152074185
1.24987379261249875739 1.11845682383408373539 0.21387478052356809211
2.60027500306494729898 1.39120497222820005412 0.13296356377407395066
1.93936986663894961325 1.59470023678303873815 0.14669908966568992459
2.28467696774238682167 2.79217516960549438920 0.08274715878386627865
1.60315616558461004892 2.16190635994531188402 0.10024067508515044356
2.39468955122743221153 2.19271685082653622345 0.10954640855338385053
2.48449628681232592697 2.03812951223920268973 0.11469410954677260184
2.63344682991905632008 1.66729931613661763734 0.12397748217662717118
1.28297452502801467844 1.90839067473979939749 0.10285772587486076424
2.60433532907170395276 1.30676543689706958773 0.13506484299740073585
1.92670533382230213526 2.20911251392990948261 0.10730636434163297321
2.64031545461771699479 2.60993434909542099120 0.09269910000220624169
1.58625678948136350499 1.58101147127114227686 0.15304637581171690042
2.64289915936779706840 1.35845012839417944583 0.13226960112506025435
1.33586551005061093811 1.44000427982320888809 0.16704157644356590340
2.28843929804205625800 1.22349033341890134352 0.15111285235333429822
2.27352470823740482331 2.61623851616985891866 0.09050297712358709723
1.56616310858113427784 2.56688290837055799187 0.06649246550524819110
1.18681922834623709839 2.64046044643870203572 0.02829331332982834568
2.94051888485208046120 2.06423263390794797800 0.10604159930568664294
2.39059986551018477385 1.00257794785247766889 0.15283076453055599586
1.46917699723779504595 1.18354612881714515993 0.19629747190739085805
1.15203126457635618429 2.05318705764237385836 0.07074730760671550656
1.37537453478723503686 2.09486376216797065553 0.09093452484011707582
1.61528727019439233281 1.02787238143398029777 0.20171169829706039889
1.82889610373330180337 1.03227946603210019028 0.18601269361291564164
1.47266252520344154142 2.93572050476528456642 0.03714270024313333363
1.40810849872749233036 2.20574853543130355860 0.08306868072217694909
2.91827789417848970643 2.94865773562152178044 0.08205245064856052373
2.09451626458828732424 1.97611137092721089736 0.12204955485149306116
1.45570993002397064409 1.73584559962638884656 0.13460807451868384010
1.24681060225811313202 2.43183044966454176006 0.04775663608139794902
2.21858248696172832837 1.02996038776774967438 0.16144874135761669298
2.04965104697685784885 1.51252982427761306639 0.14824491645237714010
1.33752781628141503845 1.29515030221795290899 0.18663881746612992485
1.84007910377293848470 1.71766346773975442375 0.14023542463711055617
2.40976423554821428397 1.82751317402249546795 0.12417836044670427231
2.81644123454076655833 1.40645954862072497527 0.12504267469808891255
2.71078615604278505558 2.87156123504468041574 0.08397422146219682415
1.32275013631872950803 2.97957649793178802611 0.02385720550812415325
1.17937401886010206908 2.38874037066702538112 0.04349509336398921233
2.60873477100801576256 2.65752883828173835923 0.09101937265377871289
1.02416483060832907981 2.26628315922913392555 0.03367221775515250731
1.98176216948322325706 1.65069973492018640115 0.14229911285640994834
2.07840874444334344773 2.74115147991336627342 0.08043945510879269012
2.10344514958687112127 2.29126895667588081906 0.10479018600895942392
2.36586388915878931272 1.56010048641222787147 0.13567406642342477729
1.66456992932480574154 2.83186797846385962529 0.05637948683525582233
1.98106025848922517874 2.64043629316944272745 0.08284350690076913715
1.78333138327503215592 1.56423819763648008774 0.15226811469311798963
2.20097150052669521259 1.97684527071365656603 0.12109359373869856003
1.28469215885862109161 2.99931729409019975918 0.02034800316445075502
1.70872526270825297878 1.80169493283022386088 0.13391163844222273016
1.73458797221946814382 1.63340949432506876704 0.14762505177036366888
2.23886565253841940404 2.09888077290606567260 0.11482596608361457513
1.80882693865211607864 1.34176642027566250803 0.16750502788282975453
1.03058377532271805421 1.04813167894532299762 0.23079254211289546017
2.59261866048404909790 1.81324165163701889192 0.12049133036985980316
1.12645032778809950358 1.53179019317163556124 0.14049408476245461852
1.51828389858997758743 1.09376943014959637779 0.20270446271578004827
2.18203008352566296679 2.40657192139303877099 0.09952026936004919333
2.39303830325133093382 1.10957505693109181877 0.14971881488890698142
1.61672222077167360155 1.66146943767718013873 0.14552606308676266367
2.56706365937226799190 1.47948950292624981095 0.13162708804200612400
2.25620635546165448915 2.81094799505567305431 0.08137201351956428741
1.71327911434234025911 2.84282756308276240986 0.05877903878802856474
2.47935476318328973377 2.40271508508801900916 0.10061001291770184374
2.13128076096916174720 2.79295509102581718253 0.07931623588716506246
1.45545723021252837448 2.49071255581205752705 0.06338556844475216889
1.56376127739116044246 1.55177917218915650821 0.15592198055265865664
2.70131753551344022668 2.64293690510709078367 0.09151066180612382750
1.00643805364650273937 1.23313207883220377070 0.18712709329828897120
2.61793585935806483178 2.69787895606399530379 0.08960648040995122798
2.57048425647547684747 2.74793352434610493873 0.08764602266045642964
2.26908530558777599140 2.26374666098357968380 0.10688889715494889754
2.58738141801336318792 1.80981688336640522685 0.12072745228863111799
2.72051519311304801363 2.65501121006887252918 0.09108411228528033587
1.50005449817873892648 1.65559367093016551742 0.14464038895195011070
2.32194508039861169379 2.60988317144734072173 0.09135155756377148772
1.73026442575801731039 1.64951316485413523871 0.14636790628761170430
2.18268975600300807471 2.39963723375450932451 0.09987551917634000798
1.70590542602529149363 2.45273344451286323675 0.08318782144785168142
1.64187340704518569545 2.65020681037266658819 0.06604005698240815458
1.93651152684688199201 1.65861953717931753793 0.14275553073361929579
1.23567581718760344245 2.13841300925219979234 0.07222434181716634594
2.10485276151799682864 1.80917741785695018741 0.13099747444194512203
2.54060074767139276730 1.29434559866727849631 0.13791522679943987728
2.29924018160984111603 2.36206098502066952349 0.10236474406163352524
2.10906746608236472795 1.13959571329837427989 0.16346383251740259634
1.21239707912742922247 1.78026682874632213860 0.11195966241726762469
2.79705398428276463818 2.88330418126818610602 0.08384237206603743775
2.66639195089250957693 1.85373982205902598785 0.11749811298483280042
1.02958664078600170555 2.45365308415682381593 0.02264574574441532637
1.66911417462203282014 1.09305561276415308392 0.19288520751276705401
1.75269321085689355755 2.55779251918824179768 0.07847752019323347983
1.66497603724252352109 2.19099312944076540788 0.10080310649189727634
2.43686794340514989443 2.15697574004634962108 0.11064915266313986308
2.66523375045312871379 1.11629780690680946442 0.13711402442160794402
1.46242022625293066618 1.13251126793279643934 0.20212158163895310725
1.57826162767153821420 1.82836954107063776043 0.12921346282807530392
1.69945174855459435470 1.56518639455017116724 0.15360666995292496240
1.32638381576854702537 1.50699229935322165375 0.15773615977938709731
1.05564937556948668096 1.84566078403542843667 0.08196316652818676218
2.81115543533050926683 1.63317565620777616076 0.11987655380849789044
1.77843266244412467891 2.89157645915313388230 0.05981688940783130848
2.11751619313105177156 2.64142483291231888742 0.08653499288112610766
1.54764323717182517015 1.90893426338123606278 0.12046858624874466626
2.22554809664749608800 1.39677362501521495908 0.14721102573321734330
2.50241569659873519527 1.48242981051495048561 0.13376594816525980147
1.11586393117949222997 2.12806635698005219837 0.05801309481557592046
1.82341821222241828870 2.22054625610438982619 0.10422934980666120897
2.35040259168874143825 2.36171060695648726835 0.10245333700396892784
1.17720732727379884253 2.78529213854593749033 0.02062810335527547057
1.38660609673496049155 1.27362444605864300051 0.18869251760524341499
1.98177712353437374126 1.04152832596644162599 0.17533877227104979757
2.88747429149670020720 1.27321388461362983158 0.12536366786251815220
1.52120316992477011553 2.87521813733214326447 0.04395146987211041162
1.83089626948040695709 1.08127145896149134963 0.18302540683127319077
1.37109430218809302815 1.70252989291073730804 0.13459361693401211690
1.37025638695284546209 1.47093355186751573171 0.16363633403187397009
2.19670008363311053401 1.66157734981107996219 0.13642735345299436545
1.46325886046479403113 2.79363312082114756407 0.04406454028822173047
2.30076786069712957428 2.16949002729922524324 0.11116374259273242853
1.36917111106691535838 2.50191469395327548142 0.05487515920830225713
2.98719119250084119699 1.12606511831602240647 0.12439127891406527582
2.01581154647804705604 2.88647459723378441154 0.07099446322291363964
1.92244126149480165644 1.37078276960289491271 0.16093586121410732859
1.35549786204533107004 2.39038752270823406931 0.06216080676207920430
2.10869088371926327596 1.10985624561963036605 0.16471892607961793886
1.21833231040764489173 2.27772808038421636923 0.05703887147481821046
1.67240998489413650319 2.84442263355201907515 0.05615991307430377028
1.51651867571284459935 1.06613261449103835510 0.20546703719235046015
2.17081287038154036040 1.26319537738715204078 0.15515295209961660339
2.82636348154436500835 2.38134249826240917969 0.09897661349426906119
2.62007542745826249586 2.95528648350375089393 0.08059929621817085721
2.26904508359972512110 2.52141829022920616055 0.09482639731662698135
2.66145726262851756161 1.56390325500462146202 0.12612824575748932121
2.16023638318283950355 2.73756934829917630836 0.08273411797828431058
1.16963269092023636198 1.60566299497252518158 0.13293328035766549533
2.89000353760291517347 2.77584017678940453422 0.08703250128341076530
2.06582731402001629206 2.04979093239812915073 0.11803940693549634655
1.63121026109476963128 1.03383838655542614759 0.20006695908256313943
2.41576370626202852065 1.22051887234179323727 0.14535398732407112110
1.69600412528534927326 2.85896587688050818343 0.05681144940019737521
2.40858838657247087411 2.69006017763456206637 0.08877329265926205137
2.23455600288574274259 1.38466528956330758859 0.14734618943602798002
2.92134214413417003797 2.88936184002454954367 0.08373531433629335941
2.78389304255368452701 1.73040569756785256317 0.11813015613213864730
2.48846808800902730141 2.99149649293249719761 0.07783370688684806971
2.40709393852834985239 1.69558347444873924736 0.12932118607076026340
1.64442674968100877031 1.83155662978134969876 0.13047135073619564594
2.25418274638067028803 1.54428628507083476329 0.13996113251130204436
1.25664662240621183287 1.86001954240362898929 0.10616080652079477875
1.96461158611969533005 1.59155104085996756957 0.14625962063713660033
2.65436426052955631860 1.07332286785714803301 0.13849821464042602615
1.85154085237556187415 1.43331940022699311221 0.15967903218508081031
2.88857821275126891436 2.30854646108983452280 0.10035294922574083953
2.27383473042516337514 1.67412246350813531670 0.13379559565187695847
1.31788001998783665947 2.60929016279888603691 0.04263864612955500788
1.20023769020305937083 1.24524977314217166757 0.19404522852579159098
1.16454754308534846885 2.20230440361623891476 0.05730043126328766140
1.84147737343875150806 2.83513498459132140539 0.06622562606551890552
2.19936037695254782420 1.47705807427047508540 0.14476862311334232070
2.75790149247114646514 1.48033926215550248884 0.12524721035984351380
2.37074915736602909178 1.93653847851703941885 0.12054119063245272159
2.12486721272052836440 2.18177571348993648570 0.11082658111886231622
2.64747551004297410060 2.83795370633276977657 0.08483217563452492838
2.00758115788387403455 2.94514143375476233899 0.06775018084159187270
1.68550515045106674705 1.27942294686103941181 0.17744396182643951132
2.51107767192656261557 1.69573327519373440175 0.12648060924470669319
1.48820282743519571866 1.45820002406234361381 0.16587006066712361996
2.49568557475052132943 1.71883707142098196563 0.12610101716838387209
1.19054679019133802242 1.46657990326166021156 0.15690991293575856647
1.52422133951257454676 1.77789463383232337890 0.13256270540493145238
2.33139831108126660553 1.91075722422846050463 0.12230237028956786327
2.64574537772651119383 1.40652987845960608659 0.13091578562923705809
2.70520876798244813699 1.00800294074120411203 0.13758150040940603231
2.87509498048694478456 2.30923254518809883962 0.10050205103056329692
2.32650241871335694555 1.28849448090819906909 0.14709594473578249674
2.26670277662304231470 1.06601031731987028195 0.15757532467151114108
1.32743289406802555952 1.54725353433761769750 0.15236212924064435059
2.59124496851364671812 2.31642204507693971749 0.10324578237276067771
2.60045638064220874242 2.92568584891274285908 0.08147063845060908971
2.18032425280478747709 1.26566910828947065681 0.15460221192941470125
2.34357217729475397761 2.15116805594764670673 0.11170583786107539381
2.47188695135281477633 2.39052210846476143047 0.10111002600450400002
1.81471319709698963862 2.77436020455914533756 0.06832338684301209053
1.82741869014566082896 1.38291563963684316363 0.16395142475655286041
2.84584066989568285067 2.80691603895590535700 0.08618898783334751068
1.77821359061566308668 1.97893246888822971208 0.12077873241446836217
2.69354903728389727391 1.06588173437208677541 0.13695621991921863581
1.78117826412092794541 1.76991742415447239622 0.13670752630970695041
2.46331700481607018816 1.00596851145112342607 0.14899622394614842058
2.04723117437337132074 1.12132964472263640943 0.16772479519960492578
2.64740797075923772752 1.22265800527844570311 0.13544846833063922675
1.61631635777591320391 2.71212077435998732966 0.06039373222903298560
1.31120157237030765529 2.49525349442932231625 0.04975518802509237837
2.75938742430426486862 2.58671922254362218752 0.09316993321631270031
1.91934838200992397006 1.43585078144643252251 0.15711995423250407766
1.78398475739450756983 2.43371746399936572658 0.08818547457126678368
2.13915972074141080839 1.87653431473524268114 0.12693025036093980029
1.10782829267167048926 1.64685343787128135595 0.11928129651221781871
2.64522430772586414349 2.38410619542054202924 0.10047428061616128780
1.59785506047179226563 2.90686721549620186167 0.04772017026748594931
2.40208581360036754759 2.79279304080975521174 0.08448702127378435178
1.85344474985250684540 2.24952600561707516391 0.10305232741186999557
1.75313086708802057245 2.83795595017408297522 0.06138516076416286604
1.13521071997698386191 2.62342983227953219227 0.02433033059260892791
2.45702458073422835838 1.21448538072429257362 0.14369655260221825266
2.34707444331116743541 2.17704928831162192182 0.11054962909885897304
2.10376375423464523351 1.81247857754098307126 0.13083831913046081730
1.42851192374664104356 1.64338107088948670587 0.14409265088314376912
1.91754309435709480169 1.30749519032331362745 0.16489447968920031840
2.88143743650855732596 1.75085344123179464937 0.11511356633434562113
1.07874148138633452199 2.10031921185037884214 0.05556758050938047366
1.01861215123438242358 2.81685731029276675841 0.00855650377027256277
2.22521767757298372103 1.38242356489385764817 0.14781836309817936170
1.16059027439187323338 1.26811243560859265855 0.18922790726867322331
1.21697087010847737609 2.17233574802111739643 0.06663811232030300569
1.18834601864339606259 2.47561339493494081410 0.03833271982885997492
2.41120564030411888012 2.31021400753173056231 0.10455330106505551779
1.97348170798737765352 2.67249817805877754040 0.08080850596154001697
1.14735414018228065736 2.97429206604754892140 0.01207739063649794498
2.58398133383586481315 2.13057801455030126903 0.10989858731093413158
1.87609217404252714978 2.20219912601882050751 0.10677204938359599606
1.38099354700656173911 1.98132368062280384002 0.10321547406781270140
2.31203684099384076944 2.97314618743658698463 0.07547971477450021727
2.11664785883021000501 2.99103694322310875719 0.06944645781243763416
1.51978279163079044167 1.93811303017232972046 0.11640897393656983450
1.16747469555993554913 1.07369274244555357178 0.22387239838973110873
1.33720984104744067267 2.29912318221264655449 0.06804439114701928137
2.47612186365710185143 1.11570542274770945212 0.14556305778190675726
1.31074817981951508017 1.85766431229120976276 0.11148754513309168390
2.56006999008483049352 2.48858368829376308540 0.09715579829866430317
1.61782309564628867804 2.75762708415019375252 0.05768660364864253154
1.55435554764501415725 2.12424346518552020768 0.10087722261339236718
2.38320298909899541684 1.20012744110521807350 0.14746284000501125311
1.22786114874127583185 2.94259807755219426895 0.01839135265587325818
1.01399153209355774585 1.88990050276902588067 0.06926948925648307442
2.50453993210040781747 2.29648671298418616260 0.10461968985429975776
2.89505580659055805626 2.94937326014609002556 0.08201270753189865426
2.72032121210813127021 1.31838010972780117491 0.13040280590211883460
1.26536246290505172141 1.78953514743401420617 0.11597918720734112785
2.81493605996848117456 2.73902121763327155435 0.08827722361881906732
1.91420846304609559851 1.91516256269159579340 0.12634471304388450452
1.05630125664178686762 2.03138711398290894294 0.05943365938276138488
2.68767480141874726129 2.11414511473076416337 0.10893644564533282171
2.46996317531204789830 2.76692709540502423948 0.08624186781957400572
1.11478086223223549212 1.26766954709669121826 0.18746785971628587841
2.75229008016869514108 1.46566551448125292900 0.12578719532231302791
2.44140803593541111383 1.23133126322711605738 0.14389097241888465506
1.54175116158562430790 1.02204598183938033529 0.20771592981598221983
1.29640865256891602009 2.04788011025568073009 0.08837258950158194404
2.61353969804634633789 1.62494361661181296874 0.12581726539187207403
2.23158391649162801684 1.76427740713739278355 0.13078902174767717548
2.26617668299083740990 1.35941158720110077951 0.14705410182635048066
2.09032067964458967424 2.09563005013117376052 0.11546368346635423052
1.17391684601475554395 1.14394707729475819669 0.21138364251198571431
1.34208526394656768588 1.10530747981634935861 0.21176020461103611803
2.05528567001606976561 2.04831107927803079960 0.11813046238110305741
2.03611010941977177424 1.83532344038484152016 0.13051996343331423445
2.13730523994407350941 1.77454582714892228346 0.13223685987503067119
1.29909080153124945056 2.96075860174073390851 0.02287403394069913165
2.39379474672888425957 1.59331693642877825212 0.13354295814558916899
1.10055869885874546554 1.18388165327938277294 0.20324723038626482663
1.87571396542826862586 2.70240540415926311368 0.07533687694311270999
1.90047134675315776420 1.92600659628680492830 0.12561080465386023630
1.10993743908425357425 2.34410298371707215281 0.03864442862893902736
2.34356912795165017727 1.71460747602301122328 0.13025656761955670127
1.61988337566740980833 1.13819333005333356290 0.19240677797039448804
1.78698886755253805170 2.47736995291324113566 0.08539765957580204569
1.43676302295692459587 1.98748567931113506724 0.10666079432069590360
1.28151141717571181999 1.07805217321378443707 0.21853331234799969196
1.12498217264888045186 2.17064179664000622694 0.05512392443549458260
2.37326499460148276910 1.74736000269928970496 0.12818884534385913132
1.36189367413338757729 2.81501423821521878921 0.03459559773398279692
1.55230967414820719696 2.24351448950311382902 0.09043784165889477700
2.80728707936736476825 2.44199650073407736883 0.09734433634946751401
2.85964212926864025377 1.64575446382550838464 0.11821606526303723994
1.85105018607805460462 1.98246290816052650463 0.12145574414945539687
1.83917391644721517352 1.07559482114786875151 0.18281781557092852131
1.66089508964460286222 1.25571197807677314984 0.18048682920461489587
1.09084212633095489764 1.10495680950660801756 0.21895008662380618936
2.93920295179157831100 1.80885647771580115872 0.11231471250939427386
1.10506566128174887886 1.23417503996347766027 0.19349521048499274123
2.19734962097154440386 2.89019056240617810971 0.07644318952129944278
2.61070873055355834325 2.59412880449475746758 0.09327252540742070330
2.95957655364643201779 2.91827020366368206084 0.08289957966152938784
2.65515513875365094520 2.32581177919527259945 0.10237678847201331367
1.80244526090128154294 1.90023031663827213222 0.12696984144079395684
2.75881846353885107348 1.48068557584737980903 0.12520913453711093877
1.27135113395777699097 2.73412730364667488914 0.03107068473410357079
2.18701024423743017877 2.40754026237720175629 0.09952024011607148168
2.76996450496753388038 1.35424266105616708522 0.12780036483484627508
2.31173351146362549002 1.18628728892919843574 0.15128309596931815983
2.10657401132460098125 1.88754425984018614493 0.12676346428016746493
2.88069742261357664148 1.66406392349544485221 0.11720666361550434453
2.70483719780537557043 2.97393891762998840989 0.08058696569786610864
1.57950236520140463448 1.23811243247105595700 0.18576581417820309250
1.58583183210202172120 1.60731299924097470466 0.15051612786694962276
2.15328291740580990421 1.11083670393898414908 0.16218810054922674913
2.39773899981069060772 1.83398257189772695419 0.12418468337223154130
2.97537307822099172938 1.90735376901252484672 0.10917768894809738722
1.33792559760367346655 1.12998461652082893281 0.20872948296225019016
2.08448304090926139764 1.53509687576761999495 0.14592953395830934871
1.97672443845312550970 2.03080282237266018797 0.11906193300856583728
2.75323452368449927974 2.37993513109965082464 0.09972678978269662597
1.96102165342563394823 2.91126758483978731462 0.06758471899270628025
1.61168979791407829261 2.14368873365574508227 0.10220360424305904856
1.37647804257231820557 2.25676363463154050493 0.07558632002537755967
2.75568539546745627788 1.91190038598995881713 0.11380311076662573411
1.68828852065109380476 1.89523491554917189461 0.12583998997592724112
1.54408561660114607150 2.32613336166174455855 0.08306675564451851401
2.40731154225012122794 2.39665351322619413210 0.10095993151262444565
2.36617865487592471396 2.50447313339825505807 0.09629208728871815892
1.11598511942853861889 2.42534996914260947420 0.03370016303385458406
2.89132467655593750067 1.43899017548847885095 0.12190635219422917002
1.60504705523097723763 2.78837166420350524021 0.05496193863677530100
1.34329840511366738198 1.84727150660656902481 0.11536884812180055182
1.58664546839612907725 2.92897111118730180124 0.04575537613963917560
2.18979708253386196048 1.54384194629460758108 0.14209332972966315367
1.85609482219401500380 1.85519704220851222587 0.13042855416089288445
1.32746254226203097559 1.07787831946717305165 0.21613181933297670456
2.64634981905457689066 1.09668198211750955728 0.13834718805920645512
1.15931864189827149580 2.32284032763541281597 0.04623452589214970682
1.66938770344245379640 1.87736213946284413723 0.12697856816789357404
1.96022282234664801948 1.06235992349669983170 0.17572125255066919913
2.65874116966135609630 2.78263978698586322835 0.08677145395474668288
1.11346962027997142819 2.84703659136149189735 0.01363244978884213705
2.93320481889010187260 1.98023100351654246509 0.10829245649636747018
1.64254712009552261698 1.62680962087481062461 0.14872572575626380464
1.86924549178916810099 2.45946506866858438656 0.08980845330923842296
1.85618685049445764079 1.56860290878023067584 0.15038866259708155715
2.81857494096860961008 2.09332551395875077205 0.10742485862133928365
2.32936603289002164274 2.22476303455671287068 0.10853997404221692180
1.36866000515646724089 1.80024066560530138226 0.12272388817765023106
1.80925455857898209722 2.34984256230805543808 0.09486677135828928964
1.12982106187666819785 1.14136996035090154678 0.21197818144736174650
1.49262812397416011478 2.92599539221228921448 0.03913021437827299970
1.03728691245280324473 1.77739691062851301595 0.08860227160487504916
2.79504087195219996786 1.85857602987983550058 0.11442133185141523111
2.58422486850292809635 1.29288505018871879848 0.13621596559714599373
1.18285316457940603563 1.74554255570350136395 0.11352628359879068931
1.62850629192908247234 2.75380066539271872728 0.05863997574761592446
1.22934238308512777671 2.29022761468028379639 0.05722605545079906958
1.43964049639598634656 2.01337613497578171717 0.10421795258603509804
2.98903574493781620802 2.12437400224210737321 0.10367934289750446730
1.83757914866185401159 2.65670299252428643300 0.07634428238779493447
2.60383417910079106861 2.91938456157002912406 0.08172024440744267426
1.17058381422362911550 1.07038049116349376355 0.22435991108420630380
1.82298148934338932747 1.20111590096493947577 0.17614114656591867147
2.98959336416919363444 2.74628751241960156193 0.08750990000099706512
2.69592862653955567254 2.70623229083523053617 0.08941109576678685222
1.28948005027623135987 1.16261018664722093341 0.20605145540055139208
1.90887948752652181206 1.12466622488447631767 0.17569263509857327432
2.47333456812579388640 1.29316340156691889085 0.14069121935271608481
2.22323188596707943532 1.70794078700016171979 0.13358934526940416387
2.24233409667947913846 2.15806052064498032905 0.11196386055039420082
2.03412478048472156189 2.31142388043724267277 0.10283600180751240050
1.96260136625783099262 1.58827811617267400379 0.14650879037323541465
1.97930823214853757186 1.13055260297634596611 0.17121888632233692173
2.69838631290181085731 2.53774186869378892695 0.09500449595761134569
2.92675907986455552390 1.16283823724165680247 0.12596352778288030794
2.03964398466965102230 1.70530964146368457790 0.13789946526985655262
1.78221514556585436395 1.61455577333870503587 0.14850347502857896842
2.88415665533574472335 1.89096059734439148059 0.11157021166928364486
2.33359633955247014470 1.71203466063352127691 0.13061938302309580862
2.60783080390091859257 1.44655771485570494583 0.13116462553044441752
2.06667178090124448175 1.26609510253394375034 0.16000778698539783185
2.87768705053822060336 1.29933276478978454449 0.12519778962829414271
2.81659438611425239074 1.99788075169526391228 0.11013614614930777869
1.32954376946942431914 2.13423842785579154224 0.08272991349383021498
1.66163995880395387594 2.41479914746829260608 0.08351495049760400413
1.90399243205111567967 2.37767474780761922659 0.09607540936751271521
2.17596499647015306778 1.10488265883861447314 0.16116536836008757416
2.59606733645967047153 2.85165334628331024192 0.08405921254172175894
1.09899168845837924557 1.76865179693577845299 0.09942814914182968034
1.54304256274752771283 2.09577054818960295535 0.10279102497242047221
1.35146047750377529262 1.22943821639927941547 0.19516473889710136969
1.46138545349525572625 2.69672498428925777603 0.04974089237518350415
2.02357265699858057673 1.77957150911161088302 0.13392257655408029704
2.66921206715085590488 1.83474107687569842895 0.11801284021294734805
1.20270536322222465486 2.64543116426864255430 0.02952376444836285821
2.96202012059634256502 2.36068229226329773240 0.09803784557932282429
1.06580048141121785932 2.21631765365191313322 0.04307568422306668615
1.18486755453558756379 1.80592743796467991579 0.10538857894636503854
2.57027818930690665766 1.33106870655026554573 0.13573550733476452690
2.30279692822232329164 1.99740677844876057812 0.11892769701435818019
1.33909421568316799878 2.01308268797627132329 0.09623977935902133796
2.67956380031090102278 1.20118045215864888142 0.13465118998106204162
2.06157957129524938011 2.67050148828565081516 0.08362619887088006132
1.28336895245405013810 2.10517346574304609064 0.08095999038598007680
2.72029970868541237650 2.91426928812664520763 0.08261803771208793556
1.34645645360740418006 2.28338211734937024389 0.07034378770313980123
2.02963536612052664054 2.06724726792541879661 0.11700978066449703452
1.27606415816110763117 2.34705579978475409320 0.05760083234210916503
2.34150923090892826295 2.66796393660855368779 0.08902180691152992986
2.28826523687844840538 1.50804633498344364817 0.14031071345440224163
1.64991524483134233137 1.95373065614199803441 0.11994089060612010689
2.49853254990617656972 2.81874899687425806150 0.08449890998193072822
1.52103305915687858629 2.89741383287174025796 0.04273881609435679213
1.66904276513878646604 1.25735998334118259656 0.17997256235699846116
2.11209997410554706221 1.47704106736570195402 0.14791050458638371756
1.82084274334601081691 2.16627234019402470366 0.10796574322033888893
2.28169863061731525988 1.21924810024401519826 0.15158194214331460747
2.98310984190883932143 1.50893180323734599213 0.11767433164809866508
1.33184556927264474702 2.78566495902514343896 0.03361230857677318523
2.22668869089383658633 2.78276665648714116585 0.08205458456894955399
1.44128980404414797079 2.21826198582183975461 0.08468114137209489800
1.26255110789239566316 1.04656313346105767081 0.22410666333669376771
1.41143773806702643725 2.94012771679429896210 0.03228528370712072798
1.77170791121154391767 1.54529013033055506732 0.15393079645801804878
1.75619193117999516929 2.30833300032482124919 0.09576042725471790862
1.03087127020106383846 2.46395463026543826146 0.02224156735544640523
2.30676873799754655892 1.16882645445848076804 0.15210932169110541468
1.96830796148562403580 1.15650562229325304386 0.17054976466152421688
2.97877938618659854342 1.38929513755312172840 0.12012583713077844283
1.00726899031535954698 1.30626119631574977298 0.17083260564866420417
2.93673403288393330968 1.46865454004391060572 0.11987741719871938817
2.10671957706041501623 1.21046051542902599607 0.16055212340305299867
1.77058116659803066462 1.69690912541279526060 0.14234479065577876344
2.31963849512437736422 1.53238058061202297999 0.13826904833883216228
1.55235590224984165708 2.71643146578739091979 0.05559030144091624964
1.85023855495168199070 1.66627669488485508076 0.14373702602143179075
2.88322790729270472809 2.33348751802388010290 0.09972310956681179617
2.83804224254789438930 1.73624363877682030832 0.11657885169862934605
2.14285952329848994324 2.24934559304107350997 0.10731274478030086716
1.35284332758358161186 2.62071835740299974304 0.04516173792000162390
2.55521106463414993115 2.51898495703850855421 0.09603942296351483665
2.61678548838702695889 1.73910817974376730177 0.12224477751215215293
2.05669027106550927897 2.55195050579039595107 0.08983016559657394651
2.88131532773430310002 1.21247894263319677677 0.12672639492489293223
2.15905976003340693836 2.59526811948735502966 0.08972041451343602814
1.09199353692676925931 1.10796495359667579450 0.21834555056239057791
1.12979557469908420408 1.84718388798434784981 0.09277838265422820585
2.94589347375982857358 1.58517217579614011491 0.11717062154457212608
2.64884701994519211610 1.63097123612519512292 0.12460283352739923157
2.41636103952452696575 1.88161707507881192925 0.12192038474054890662
1.17348469522503195961 2.68213647363763918463 0.02494857487302652374
1.85443395547983058691 1.17953652604641634483 0.17573009628867217180
1.98702253933185590817 2.87493095437776879919 0.07049110940633354638
2.34910984874738382189 2.51345985297912832834 0.09581030205661690557
2.67583030606251259798 1.33482663384060717959 0.13164823338889705684
2.50739544388048640755 1.54195347811079996880 0.13169424826636219605
2.35546183268957198820 2.16916834256756185795 0.11083496815302232297
1.01222955809359316248 1.50778130158728584931 0.12996433129955978214
2.62495398520097644735 1.39264678174596179261 0.13202829911402536034
2.62373353078974425046 1.32218181670070444866 0.13392031815399435546
2.68789702878222058757 1.50011182183312885563 0.12701695168382129419
2.00640699214484508062 2.16299690745921768809 0.11120560019382924599
2.19156913324446289693 1.32115427625985182303 0.15178939848519115707
1.61079536165961734184 2.37420631211324995036 0.08358363253376173418
1.57569781458090596438 2.56261028924723710531 0.06746696265231499900
1.90448897369099601207 2.31817266264926669095 0.09986275325786078683
1.93045559672249633643 1.04565227201048549510 0.17845963786891250180
1.98711518889356919537 2.79807183448289897854 0.07449629726530056228
2.85243795665334021194 2.44306793902287555653 0.09691750299778865985
2.56183100613348280206 1.43177004155148357434 0.13320882907986406063
2.41736663685958408365 1.35902492117991413600 0.14090809521551200811
1.69125022380856226967 2.53714504428516729462 0.07656266002661915593
1.02703903413328179184 1.67670440193656977712 0.10246366591481159691
2.24260257705098009495 2.93967374698923844534 0.07534219114249926519
2.62800749789507026577 1.25172606496007010612 0.13552536829042879929
2.55482726120222203292 1.89280972274846659431 0.11867440465552163420
1.39209237020588050271 2.24352500925055098335 0.07820613040077308009
1.82308604870998181013 1.27429743131134265433 0.17140013216873489776
1.45382254577625524838 1.69066785157169041653 0.13955211643809159461
1.96184746447730318231 2.08722437322465026455 0.11546650308685434128
2.87642230428543310694 2.91714139804197891692 0.08293134701341765835
2.85853564171955376594 1.56607479975958385765 0.12011293940462364205
1.28621259644117014176 2.74793497481333481858 0.03165497830305599031
1.97310294835035637817 1.12512877829454627232 0.17185075539557329027
2.06956885677898982934 1.60263198074398371951 0.14282848868265418663
1.26793353417726883947 2.66150069983054216038 0.03475587653045304759
2.12004116251365903878 1.28587819373716971683 0.15655997543675490014
2.51394586092879501749 2.36614228405633131302 0.10190370471526874474
2.90110638399705811352 1.90262372619758823866 0.11090456773196363804
1.11447872234602174402 1.48662296267059623744 0.14704838266615150033
1.73930236116668246460 2.15032725485699316437 0.10681454302930393219
1.33051096988036832158 2.06048151414243729818 0.09038803675858587960
2.62234788356746584270 1.45648810696946884313 0.13038667598475353615
1.54725617846949670131 2.91007558626724183171 0.04397555589448448599
2.27528877413621088976 1.12675120197672162803 0.15510341840090857701
1.26238159711343067571 1.70982178284965535831 0.12628749607983338898
1.99497932534181177111 2.31413719847977272792 0.10204415687771174748
1.14220681255254219444 1.04675185078246246739 0.22950691830409036820
2.60394804578663130457 2.09708395790061352670 0.11077436605825285998
2.78728343739945749746 2.61139138672125303842 0.09228331537962394804
2.56213251590622936860 1.61845986762904581191 0.12754433763196493246
2.14816619838185118851 2.90534872067197103007 0.07441094748989329766
1.78731786103048873038 2.23460071381803038193 0.10215931766392169489
1.89958298612259390836 1.97839146656503217514 0.12209928378909892799
1.59262403231188565123 2.36076703442863333748 0.08349678214807601528
2.79456357972647229104 1.81233683744372808810 0.11568259597222346757
1.84255218377427776311 2.54674869965984829179 0.08329985924765936911
2.72175053773454411754 2.71335266091061289018 0.08917691461609646153
1.58106021011095210227 2.41894664892552668789 0.07828407036922044315
1.20457682024294077117 1.86870496570904931488 0.09942113334219243592
1.44665817272925090187 1.87727390975664776285 0.11881845161718788961
1.37255709768681000149 1.73871637128001710337 0.13029304276905520621
2.56988302958772596440 1.22120510397645731793 0.13866340560591447484
2.96876018405027508607 1.79233828940371209271 0.11199179393368510760
1.78545328008748516169 2.96279561121476042729 0.05639197298589100626
2.56754185643723698007 2.67785259543311537911 0.09019565785011073034
2.96003462435825870358 1.41187836235500396853 0.12028460597272523647
2.55350770515727187870 2.15917444410226577745 0.10927337992138645706
1.65214085650025643837 1.83527396119094299287 0.13028905210660052250
2.17106833153181311147 2.80904798707334402152 0.07956440178762527737
1.17081449093840395115 1.90152940396768732612 0.09112693150199745185
1.69678927754664110594 2.62665489217446879167 0.07094493766103576737
1.40063377226942109566 2.92018343770762056621 0.03241057657927668562
1.17216612783834950307 2.69602837363719860519 0.02416420745905753162
2.22980426014603905216 1.48916326299073698003 0.14315022117837239435
2.11024352198716957929 1.59008570584224595557 0.14232684254494995524
2.55170894532118808229 1.37761958730068045931 0.13514085468843517468
2.73161136886870403728 2.68182313541590744421 0.09019605135202238277
2.04829931289616995471 1.37214162442341214287 0.15562176844609926230
1.30417318778343838126 1.52972993315532646008 0.15375211056271737009
2.61557925763172516298 2.97561239626152840287 0.07985464013603402189
2.31366358070273259173 2.44655610197612105594 0.09858280028858129596
2.53667048502476255578 2.08659706997095906189 0.11212911852368735721
1.16414365179851109211 1.69036634351465409054 0.11941942443820412201
1.86362523233811372414 2.21332310907990770232 0.10574643521961014925
2.68481018334114196477 2.16017156129666343389 0.10750357907792386369
2.16164152673807219429 1.22408603546819794161 0.15721503362389835368
2.94835333569612068061 2.72555752987603217008 0.08825946842222651134
2.13541241741651433017 1.02897961879837729349 0.16634437851150898902
2.07358087624874176669 2.61569738288430109208 0.08682760446570206292
2.15657969583048014783 1.80019107633251129741 0.13056808608392167503
1.04695876134748577790 1.21426040995721962190 0.19448631449240894042
2.60577839082188722486 2.22553460306961703452 0.10631026063400918213
2.92584222829945517219 2.11347929097451192604 0.10503990292257474326
1.57955970565010428430 1.26119235927954709275 0.18362818626697530178
1.72592098527082393744 2.68197956809673598855 0.06910930970955471431
1.02001223810287733329 1.02212892525163878688 0.23673107889693123518
1.53055763696992674916 1.12279604863272020054 0.19916033615730835415
2.39393226149291660221 2.47567027048822563273 0.09762686451207133742
2.32616383181863461971 2.06996703011784699555 0.11543045373051638580
1.35148358215257258230 1.94536679395120448710 0.10475597653510099194
1.22628106307407169773 1.66541553697900268638 0.12936130528174835663
1.12587064176667683846 2.69216121216693959894 0.02031552309315525287
2.07595709636590886049 1.68382614455237278328 0.13830288041732291537
1.91338078620951734798 2.49342953621652307916 0.08919634345964375099
1.56282042537195531295 2.80756239689328790377 0.05083929693445667086
1.64949900765596790819 2.87952716467529779010 0.05269994086289995355
2.66924206387454177047 2.18329569208472662467 0.10696529217886543983
2.85323654432556850225 2.57444804437087437776 0.09306505373904060130
2.78909342024653605918 1.98988438758779850879 0.11089604553259879705
1.73609112947674937288 2.02306714311026869524 0.11653812717379544162
1.19682084220176654377 2.27445908454500145268 0.05478163251348749929
2.03037635150738182688 2.53284778404579657973 0.09024210841650172343
2.97649655574383453782 2.52017203993340466184 0.09365587810552833403
2.44585913632163087783 2.65654147491748737764 0.09042963293070956088
2.47924519601164128346 1.30148333678546768155 0.14020078601619284653
1.44723989952353915278 1.32392145458528198709 0.18140599776621968431
2.27231677955175292993 2.16405998410462263593 0.11155564906144842252
2.35970770184308387130 1.29424350828131551339 0.14545487772299700580
1.32192696230086448317 1.00837829164387593472 0.22560533687156603122
2.36656239555000436070 1.73642613950403679191 0.12879163626868639358
1.79580005924200913903 2.61661602040193397301 0.07684818123062553408
1.91580107134540145175 2.94374585512066122561 0.06395441256046971445
1.06710382366248834884 2.15446495276894456339 0.04870206349671286211
2.84050448463793836495 2.45565312765004772899 0.09665458925833229908
2.32288435276343108171 1.39657132860334387559 0.14334761765266915146
1.53402274373315816725 2.70529302444134778227 0.05492159406992712378
1.75607231907652217018 2.70153513977325054896 0.06957501309623137509
2.27500695771215566410 1.48397395329866355063 0.14175351534022026523
2.82643770264541860371 1.97312054717661911063 0.11062340007055812552
1.83380200746815469337 1.60450764372975829275 0.14836060209586024450
1.10301232200134280426 1.46076035060087017214 0.15048105620575497055
2.68965269449313160166 1.04285479922755031090 0.13758446303374441411
1.52387932099860856638 2.29485746327458439708 0.08423774002094146229
2.01975054264067299670 2.51159719162326400266 0.09116523137948914779
1.41357875605742444591 2.44635874082979043465 0.06312900100369780998
1.44688341382898699727 1.90680850132984636147 0.11570112142611395367
1.43092494648013057734 1.25047603366519477497 0.19030932136614450711
2.12938835583396635087 2.25730826437259590733 0.10681560211937758675
1.56166862848520260343 1.53663690126096752486 0.15742705919499960787
2.30905460909428672522 2.91195676675929604471 0.07800614388360634088
2.87761033004455679674 2.04935103528905404602 0.10758300344976047536
1.59832580874196450438 1.05757818702137496025 0.20052735368143068118
2.61083412568740413917 1.87321488194874308242 0.11812695866777100928
1.92146234249065628319 2.05328336408689615666 0.11730441479969105911
1.85518738497346880045 2.63759405851760231343 0.07826956001249123218
1.12499035971654981481 2.59327616068342470257 0.02488274334547039071
2.58232568595262002020 2.56486323347246347737 0.09433627163843658070
2.07189426227188278062 1.70413386938491440148 0.13729062049198015316
1.93330641854481410924 1.21516489218280931972 0.16936435102377750406
1.24076939726369728234 2.93264499170828685237 0.01968494515005303480
2.77281914668642404109 1.54177802126249474668 0.12326863990668374127
1.86260055829308024400 2.57703435862813723389 0.08224585607849969893
1.89519413505910749862 1.36902130537606292471 0.16216107006033714244
2.45933998910342754840 2.87545182836764823264 0.08189299398808952413
2.79003979433877891125 1.66919515659427930565 0.11955754562165937793
1.97067134441544067336 2.81374147868321378141 0.07304851347774268810
2.02622436180475062883 2.93819934743724964221 0.06880442553389279348
