1.94296402430144476980 2.35392325654114031863 1.35826263547426373535 1.83500246762637031495
3.92320121693770218485 2.55636920114583965358 2.78236914096362975002 1.89856165796754927655
2.10994716838628137978 2.73427968820619016199 3.12351419785942496787 1.35905025524798261927
1.57752080463691068957 3.66799543207903955278 2.62910570050175129708 1.48353541210627937197
4.23376113222890992915 1.95907157153369482216 4.45871478290789724497 1.36390298860365910549
4.85373254546899701722 2.28498063601918177667 4.22435355480205920742 1.62031351092303643746
1.73013641421988628721 1.67376768851702006913 2.25591703140288046825 1.13299032621718409608
2.28456743058161615423 3.28830655102347790830 4.54095360562665639748 1.28621807094564899465
2.25207960064845602588 4.77074410656209035864 3.77497015923843814988 1.68705083113553988561
4.40511677403718682200 3.10206900720974010355 3.37614038117699299946 2.01184348915190946983
2.30437966894309775867 2.94805958566847392532 1.17290447955034693450 2.40665492247821521943
2.32456226122006137658 1.94699831454562533040 3.36868596964167332786 1.15910589701070243507
1.94825344078109319312 2.94227729165950346868 2.61827931868376984070 1.47964161800597882035
3.29748669427313823022 4.17265003781196242016 2.95818739085610227235 2.15667481095450863648
2.21460167351402059666 4.37026233771822081309 2.94485502470347793036 1.81288228839899367983
4.34678679116208943611 3.79254441285885945945 4.98345938453569203830 1.81879623053177219560
1.35540761203771875643 4.31893236156594895192 3.43243165328825261540 1.30593695727359193626
2.17637877457379902424 2.26518628807580402196 1.85002520680508952822 1.63241426037443382313
2.37427309947993148143 1.14764627655571516129 4.60547648027887390754 0.76918725145890209927
2.72538206062916454897 1.58794009688540471714 4.85093008647501378050 0.94453541510796656944
3.03129408392449573029 2.17809798805481324990 4.22722058791594434979 1.24975616370133613131
3.62181990473354353810 3.89056633003444263252 2.05930326237132987899 2.61583100944101154539
3.71632801179313698725 3.09991148087015311319 2.16886338441071124805 2.30470618478298350240
2.93338362281025144540 4.21094787064949827027 2.39371914654746431594 2.27163089834158826719
1.75668401780959326786 4.82160852600996836514 1.06397118364289156034 2.82148577722510429666
3.07127506056181065475 2.51694974187219511208 1.68619167325851826433 2.14113060015384260026
3.92473557588011701114 1.01139259659619851206 2.17887960806050395846 1.34973487328757579817
1.18774078990414544421 1.83897317985686781228 3.12778454985299436686 0.83566096946145396185
4.48424881874115754954 2.73063896714587928116 3.90619930524999725563 1.77051574692457247551
4.55546602856164817297 3.35352943939518466365 4.92379127175300457253 1.76143917389182180777
2.21253230705280712343 2.44185721896179375179 4.40139832927641094784 1.10792307187193417306
1.33913924743590673216 1.97109339869918054333 2.77024544930040583779 0.97612929314211949183
4.87839352578632734492 3.63264056321182948750 1.93351543579719642452 3.02744183255904131258
4.93223311115862372844 2.95017566908118311630 2.21180128741571735418 2.56491325787328028341
1.51179245826055286273 1.55719156387541124431 4.59695819788998605304 0.71561894782978552332
3.20201578371291395442 4.46327435413540563047 3.90066070939991460520 1.91412122048747446179
4.38404697344305027684 2.53353685752355284322 1.62564341010385415842 2.61389759297152002304
2.30890186826619991933 2.23232665095109439335 4.87062556602167529007 1.02870117913153813483
1.33414279497503773797 3.26374539290139242809 4.86662980819631929563 0.94589980849076427116
2.09463605268986707841 4.69369485229688088168 2.31646163232345214666 2.06015149296229038711
3.85619217584379780916 1.57303621933130033383 3.20617391891173264540 1.37548277861739420835
3.30109284804829838933 4.60525666948045664384 4.57827174279057480533 1.82223761263332173499
1.77781387472125596005 4.73134134982383258716 4.11847563174264763575 1.42911453501335716787
4.66392424733014276939 4.38418183001711447844 2.15800876351884429738 3.07817580949235036769
1.85797733688701294241 4.81993817011729142052 4.48043240431282185909 1.41377720466456513471
4.47675247529120490242 3.56226033745625780824 4.56242466017203085471 1.86959060049097280931
3.87942027610185791175 4.11381146507257788869 4.20698485437673053156 1.94769134115273012675
1.22353349618407980515 3.93918910723104609417 1.45262319439049836234 1.82152384009189072245
1.93639817593519136807 4.09537509005374644744 4.51306847099050223449 1.32558692988209858576
2.53086029376523180545 2.72528624629208593433 4.26906182611974038821 1.27108304632488589014
3.91827319536432039371 1.06237368409883714548 1.80392282273007875659 1.51906735987471464000
1.08321801942966855492 1.45962124947405413877 1.43059826958358993210 1.05128187994141519823
2.02245513295714696156 2.68550821222543056876 3.70695959735099567212 1.21044138550634827745
2.46411571724949896023 2.59870685229917475212 3.64395876919726147136 1.32563043987301387716
3.50649890344216519367 3.55499425256964807218 4.16106056749707597930 1.73082949151021914247
2.85919595946917715068 1.67972673975270669899 1.04841599912810101713 2.14029905014751031800
4.06958294160686229191 1.53577932859510779551 4.65860709123946570287 1.15827403066695167055
2.36124446803863463629 2.79480745890506065976 3.03771063772985039364 1.47391766024723369632
2.49091528137388751318 2.90638167564696958678 1.28281205996830305338 2.37560529580695911633
2.73319745746517916984 2.97810894253353319883 3.00368751303806735820 1.64618416506719733583
3.73035724749708297310 3.51136300373810561481 4.06741052038497663546 1.79454384351605233938
4.76917343667446225197 4.87310262313079345375 3.68080155667011466036 2.51277229412928004848
1.62984186954062915120 3.12219190206624119810 2.03471256267570366205 1.58143373324269398417
3.24972135193299882516 1.98583566143509981927 4.34680973281688132204 1.21845473297463402496
4.16068426232628318928 1.52669571824562178008 4.35516543991211335651 1.20769229423333612772
2.46863176137165885038 3.16566406863464555599 3.74830369915206018661 1.44392017254621918276
1.56203374070414024999 2.62106989287243141717 2.92134583904841971247 1.18384002625349693538
4.54284697907014312079 4.23055494487441485774 1.21443872048465451030 3.97809290337648890912
4.57566719990828651987 3.99981514780245728247 2.93532334036092379392 2.49700378827856139807
3.29041119419081473652 3.29822157430718876370 1.28065464044810539690 2.91104545818654258937
3.21916320169845571186 2.80524631839814064804 1.12549709716638535184 2.83259711342839759496
3.84427298962959795858 3.34170101657170448561 1.63894798358532511884 2.79967951978882689801
3.53412039279886780463 2.61983615309909545488 2.74601664299559100613 1.83622608667390108117
3.02446856347552106570 2.88841962546421004987 1.45914507153874817291 2.44683928511203729883
2.21259176270365642836 3.23644818788370836060 2.13080948547980986163 1.83321188553101110941
3.03359182098731761101 3.27783638648873498767 3.66656082506006963939 1.64680721609528113447
1.73860446435260307396 1.30923324695105014470 4.72438201381064626361 0.69412295053126460420
2.07978979370017080797 3.17499242775357082280 4.80673139960765105627 1.17207699269440079881
2.56352831415003468152 3.88109480034797060810 1.31903195165120834531 2.74642995275124457422
3.33601542196021538800 3.23984884127660510700 4.95941682198827749062 1.47625402093658841807
3.38817306913111115918 4.88001752551938761115 2.21009996099064531805 2.73519016041880602685
4.79824664053353355797 4.22642704000326219216 2.88113355709815754935 2.65305514245211471192
4.60445162149872544433 3.61477134773073638385 4.81192259407617317635 1.85981632900955262677
4.59795104659344033848 4.99910901176366806453 3.79083608888423473360 2.46241343442455429269
2.03478988878000333074 3.10175002550964817871 1.86791615984619552293 1.83816500192295628757
3.52681133441157479425 4.75320703195011340370 4.91899103778553126176 1.84606276954617953834
4.72966498277566138597 2.19783658820442839854 3.73909837993074489759 1.66736024791061687722
4.97743682083517668957 1.79801072337748912844 1.89087121643431821383 2.17554485244078676942
3.08137321992545221150 3.15231475077907097315 2.30954187141738209732 2.05080335314450223905
4.15450913733178772702 3.36960315668798715549 2.47321154054630243380 2.37913236612691703087
1.42080344570082139910 1.93526070082622414503 3.98346945971177524015 0.83081818466666457201
4.42062955391910605840 4.86826441873426674078 1.99578533496760890387 3.28376619190927154790
2.56098235811009145024 3.95567547742310265946 2.43634335479973174188 2.03912746448757742357
3.94502574662496519053 3.69854251532672817504 1.87764744996486365736 2.78761763153526054282
3.08556054621768716117 2.73415478313799953369 1.03774410872589140098 2.85123784240645994359
3.40440960685179749845 3.24441267607075678470 3.33073343692113654768 1.82103800668640336546
2.47922781237295186685 1.33785686037421314154 1.91892045083673501438 1.31472389702456760041
3.84380857426633637530 2.46035672266142357856 4.39894296986260791016 1.46624231688565309639
3.91843654040173650088 1.28386864166395930908 2.30395591109952091458 1.47767737056167125509
2.51898018610471696732 1.43993728345706095695 4.66004057590997256000 0.88224522197765276044
2.73171032740543351380 2.27588419251989959591 4.26337465463723397363 1.20757927939552445196
4.56070988623026885023 4.71300019819801363496 1.80649101082129437401 3.44942772791599505666
2.39286307764204098092 4.21417378167165601610 2.24711004266757052861 2.11837564320346194435
2.98195570888819094790 2.52071853790738931167 2.94772461407039942927 1.59686910282563765406
4.60040104591212006824 2.53538239802148224200 2.85926831325651775728 2.01972446675565198149
2.83351744709515518394 3.25264490617423929208 4.01665049388559847188 1.51477891244028928242
2.89909007241422056467 3.77690773480289765374 2.51218267192121347264 2.08772568527377133663
2.36353557474469067046 3.95457354341484990101 3.15119385388757455857 1.72223868297062709942
3.49829715148901465582 1.95548344068729651468 1.00132731558163357022 2.61377011296777261862
2.97837657679548062362 4.26719945798899225053 1.43788966896805714413 2.97302453859335491515
2.43656238019396109706 1.61814989823942179115 4.87401661013756370977 0.89940363809689660712
2.50621785777175043464 2.33722756088549976639 2.44889902443219931172 1.54658740987467724359
3.01798300316915568686 2.50141940372300464190 4.19710846763807410298 1.34114753424296417883
4.56719304383114099721 3.13198240195172816769 1.58041678144519970317 3.00848966970796904974
2.42079842356104624201 2.83465614152436851114 1.65772811002040443284 2.03457102434835412907
3.72115392524344601455 4.93310052280390820556 3.52150098713475712131 2.28315235445878350617
1.74640484622202940557 3.06605224217530114572 4.61126051347436671790 1.07758716511284324824
4.04666427826739649731 2.24828286552640044249 4.21904735100676742121 1.46847603505058765805
1.43173265773130786727 2.02246064384059343055 4.23175369804554613040 0.82720054912301410610
2.96097873671593259104 1.43636291162353924022 1.54514293588948881109 1.65907265502436174209
4.89422209748936598572 4.87249697942988113653 3.89057917651305595896 2.47577114560199040838
4.56899002431032830174 4.70769440176874276460 3.66052874254413040944 2.42405419826949941609
1.01248525092053442975 2.71487314671949508949 4.34574370454746983228 0.79531114570520877738
2.90502766644440413302 3.48988659072745166512 1.66106084853473712215 2.47051800005628896528
4.05023706968809538154 1.83401385711800779532 1.00718931412937706682 2.71572614732509132196
2.26382316817830897548 1.19205346813347556889 1.66118011803069043353 1.27456138196089741044
1.70629339860251105776 3.83487410982848642149 1.05895481846696437600 2.48578575928298040054
2.24114680007152156094 1.34814720917118169297 1.07894176630707683273 1.67341943397626091716
2.67345591130086690512 4.46868492956364882218 4.46281163106622713599 1.63614617992668676116
1.49882923450481886363 3.73488675397991531923 3.88091970286788390254 1.20101233575239785267
4.55201995676536697033 2.38756710175607222979 1.07148370411631210786 3.18483609460779426570
3.52659349417383927161 1.80883579569575170254 3.09364066042475727158 1.43595998990616169344
3.03826163500519585980 4.45834703459483705501 4.75282443449675717773 1.68819898227270104307
3.48175742936260723681 1.21579388216115358290 2.83093826224209399456 1.22282422324759942889
4.50096085273907675628 1.93819091886465288965 2.98986527240177979436 1.70814638277272434763
3.85991458426635603018 1.67063460665246887871 1.47665343968068940583 2.08973055686442332757
4.99796037464533693395 4.29702607723556084807 1.51236389251437453041 3.76835881685629958682
2.76846652548818594752 4.18110283265215709747 4.63883468550773425676 1.57964906559264828267
4.51817218426372235740 2.81897960010959058863 1.91057897099598239521 2.58193234788063330498
1.62429480379301161008 2.18648278497691617162 3.34351390183521868238 1.03063263911058289324
3.91620279714488406242 1.31868609903395483940 2.03548690372059537523 1.59282896450100874830
4.73431111593469466925 1.41331278376685265386 4.57656453108165273136 1.20914322150678610335
1.81306045525859982348 3.30591220008975783529 1.06036769921797224825 2.37751658673488686091
2.88830539679300990485 4.40283590873265406884 2.27921754476994120608 2.36208170626844271567
2.20329547231001443564 3.45104730219675248648 1.96192805607911591181 1.96865805499434487480
2.73872844019861094722 1.51729589494591632359 3.64430748018119299303 1.06783000771199998447
4.05914510873424383419 3.11644137335558779611 3.45757339513862671510 1.91276257263271531883
4.10759254756214886584 4.73201933009367436966 1.52966150385047106042 3.56466945742039520439
3.01166810140170992938 1.29485972852442499104 4.03938839167291874332 0.98255554301991865351
2.42092918574309035051 3.60160050161534828206 2.76100858050276931621 1.77707163136412638060
4.68355342249514716713 1.88590528335713214503 4.73076651837766171127 1.36641279644178870178
3.49677395598455031944 2.34352122264520268402 3.14798892702383925624 1.61343556840546153985
3.64893402127570398719 1.96348543128408126179 4.67710867367303784192 1.23767926860418198132
1.57998028607140605928 4.90080649973950777110 3.59708654460041321599 1.46718260165404790207
2.53875082966556453457 1.58196917944451209692 1.24239903476734303567 1.79795366596426675621
2.93767108492795259167 2.93400735475046481326 3.19693285795050563536 1.64197078543706664888
2.11407470728555058059 3.42772485934491033532 2.37875302353909878761 1.74537385298844616166
4.84907486867162695887 4.88704312486020242545 1.66661378011945515709 3.77081343965623672077
1.76145642450870099083 1.87296053575332255292 4.92525232328354967137 0.81843844776594498747
4.93011128617378346917 2.16917745731929167974 3.46819128781792818117 1.75599947235809028534
3.65631602189688553750 4.79649176340032745713 1.81634546702535581986 3.10730931587149683537
4.29699358388064478476 1.48842602231056764239 4.03176071281822512304 1.25950125746596075516
1.80717653832572811012 3.44577401272973871116 1.88759875331124415965 1.81630527650773609949
3.76176161937989173012 3.13686726020685746619 1.95007842701559352960 2.45990121687465324030
1.40243709925809012518 3.14319076113398088168 4.85477470804819866146 0.95288946433527277335
4.40073964835173114807 4.65209495108625503690 2.66893288222900704199 2.76960794893936546046
1.69044786331380292310 2.30076227424780999087 3.11453958892521098889 1.11748019891858185737
3.41018869614534336776 1.74886111963588941620 3.91885640186514638827 1.23363644632703062243
3.30568045073400273992 1.25637951745338094511 1.65462358902663497773 1.58431397377317861874
3.18247295455038337053 1.67309780174082867177 3.01710009470075535276 1.32845903199845682963
4.62387494898035100732 3.48058704859808409893 2.86423969126233579630 2.37041622253971473455
2.92670542692805835117 3.80761569739642347088 2.54307176059697193082 2.09332544798270125952
2.53208431527206156986 4.21520145148178482231 1.80959047260550809355 2.42861178739889949085
4.72508182404988552605 2.81016245733082969949 3.88158332627075397525 1.84954934991313502124
3.78376744765975869811 2.63013833041878131169 1.11772679666396079767 2.98389599873498978511
1.10929098507077217306 1.81859589689424394621 2.98546640054933742903 0.82202448046453469033
2.30554579935709025307 1.45638752811671112752 3.50109802727333319083 0.97931682777296480413
4.68732174180722971357 1.67904401287480542493 1.36752833419199593123 2.39897242501836638340
2.74817615373070989193 1.06903734552330842433 1.95414660577118892704 1.22614025438672924473
3.77803485644129644072 1.01913919285733500786 1.47604315114705109124 1.61510292991176029886
4.60581458968600720993 1.45708690702562382313 3.95156576858709085442 1.30320082477700061041
4.14714396255968154037 2.63112942394332094409 1.37390646920853187751 2.81816928482947881562
4.50281399519515801444 4.74896003115398546157 4.77792451088149405791 2.11554183976509779797
1.82978168770754390238 4.24240165989655171330 3.08627762776858283189 1.58594468251758335953
1.90339364159269974763 1.51834253645704997382 3.75155235568687173142 0.87769511402632183206
4.14588007690896276358 1.12592209817114952131 3.03866710316862009833 1.23942706995700313577
3.39846664520325525416 1.21630569672349375665 2.56053452942582193685 1.27056696071292596351
1.99159689780888182753 3.59175637487646648438 2.30847763111052772800 1.76031877427791760837
1.22061222327899576712 1.97032306791483735608 2.73079095871601307266 0.93845477881668226683
2.60931591283771480150 2.86105354986563353847 2.54923820981288873355 1.71128015862288962445
4.64675827092928273032 3.05981464701065464240 1.91086270798710655683 2.72777068315826820566
2.58598003174566004603 3.66897939199225042728 3.38459387286220581004 1.67429483609651463816
4.41217396714287524162 4.63132961860493441719 3.85922657942049607271 2.30106571185893349352
3.32421466540574828130 1.50831785979483523619 4.87433660713351013527 1.01422242508566973207
4.38626632049545328584 2.30671548653637170645 1.30749702269929457543 2.78178883654559783167
3.75669468375007120642 3.16648778738571179403 4.86316810119852505068 1.56398368366430084997
2.50064058597674465645 2.36138247311679494445 2.62160645723069141155 1.50080772511517346324
4.15418844189128044775 1.54246063812835609852 2.44403693402078170394 1.61918420728185163959
2.88894452049449856901 3.29318022242443264602 4.64226257287413446306 1.43156970606553679559
4.26417886981896110399 3.04528063769902290758 2.73017404480166181457 2.18090225075226884499
3.98384899376768064627 1.69045960815860851767 3.22445629559201663028 1.44519212308997713201
1.84194278372433517532 4.93302689859915588499 3.46951917223381212096 1.61830420918468842473
4.51270300490146603067 3.12663614085498320350 2.84443089726149933583 2.22720069862831104857
2.10069158335168859608 3.85878957641833331138 1.44172980111517956558 2.37118128336608391393
3.40533794403407341633 3.07915903254458811489 3.04115217540258964135 1.85685115713263959591
3.60099600104770223297 3.17737456761201864097 2.85334405890246856075 2.00248123858061610747
4.47045413231419441757 1.00063450612165061315 2.38176562663934410224 1.37045268969944489257
1.44688385261699270501 3.68808747681700932475 2.34475673682801577513 1.50858069381881310100
1.96336082043670856478 4.08560269829921018925 3.82204412031029505670 1.44870606373072408068
1.66352597443232896879 2.06922283087066904983 3.37108669738805843963 1.01049335759973724080
1.84385412561057071557 1.22617105120015779107 1.01797050623576268435 1.49029145505381999115
3.65620203262039833447 4.60068026871810875633 1.79622561055518525919 3.06017087123133624260
2.80102516214372343484 1.57532295816067824390 1.49585904459925078669 1.71750484314167595201
1.05688647876381747182 2.45196596982047365643 2.19308104140678894467 1.08703630720784505392
4.12813928294228293936 3.38350318060794075237 2.95818807065357747277 2.17293920052651623465
1.22284463274346055783 4.01857424040859001479 2.53196743475770391640 1.39313300417015106802
3.01541659272083517607 1.00255673332253714136 3.34187297018781404034 0.95111530527280663261
3.68471015681903280026 1.17917398707495024723 4.22158722940292108206 1.01450157829573983648
2.55809730458720530066 4.03806697144077375583 4.81190851751951242932 1.46516524319701790802
4.28696887755219346872 3.02831625160178852241 3.05435570984026627528 2.06165490756944302930
4.16921088004227513579 4.39690870256689869677 2.52111790203647512243 2.69652267799264011572
4.70748885661197746799 2.99335974625029654916 3.50890561981845694461 2.00395637923682157222
3.79905300620312091908 1.08495684125602753767 4.01299509978464463700 1.01346695603970959887
2.19601483430062405233 3.03413033154763489563 1.76462134449770990940 1.94316190072332539707
4.20689649531450626796 4.19490843809881219784 3.92043339545584723638 2.12165671622560880749
1.60694021682131138462 1.54160291125280535240 1.67129513540369645241 1.21747358231462898814
2.85202180901132429369 4.22808164357997995353 4.96907217193766115315 1.55779552251104802529
3.84676886737302359265 4.19181747211688637833 3.96926261919986744786 2.01555340989867781687
4.59265201798833011537 4.10480717374971515454 1.53204125797593482261 3.50786539438086242271
1.31188768569314095913 4.22906071400573146946 4.59326724560281807186 1.09902970445243486353
4.15044934743895055362 4.46931251809596474800 3.69386198898646656019 2.24092637621154322503
1.97127344100938994842 2.58433026372524876635 2.55736888706995912912 1.41140208098037689410
4.39763659439486165326 3.06917923051355812092 3.73274280791655499456 1.90154567055057066582
2.16105473357254806999 2.46897030963634200873 2.97962853344680089762 1.33816527138539687058
4.00097260817946143163 3.88912676634347942439 2.52487742340397058882 2.48249675306849004741
4.88699365896477111448 2.78325838238498146637 1.72855608422647533118 2.80514886184982259465
3.99919504061845554332 1.00367017206165964893 4.63377188085522639938 0.93071020633760903618
1.82925784483833631100 3.03095091103085323425 3.20355066401196708625 1.31556138099315789169
1.59460420913991907099 3.71604530418961553906 2.29508553460863584661 1.60682106000780811073
1.53727625508105703034 3.98484583835839423216 3.33850127691502462923 1.35458402162303803706
4.35557586598436685676 1.34771740433790476743 3.03823908696757749581 1.38998859384927286875
2.20899178104240201392 3.73832874049333385713 4.75596772645892151843 1.31769939148649539717
4.25489258774180001410 1.81340941578335801410 1.14393541442852564316 2.59711679709150544682
3.87886304940781645456 1.55273289808149872471 1.33456523347591282658 2.12437262781095448361
4.89687635014513666931 3.65896281934939393565 4.64678877023346181829 1.96364104599975886067
4.56152886864353668273 2.05801294437987669639 3.87320736492628681091 1.55683967365466746635
1.00494432178193404681 3.90827075291183012595 2.79809144617545957345 1.18476541969192084025
2.74694513840082388256 1.66795815171305683577 1.64941400194029563764 1.66668194019545889972
3.60006422706356987717 4.77255812357822950531 1.19594831511773413979 3.79030825996686138168
1.81017124258806028081 3.93012587133505242321 3.02783880412945549665 1.53283950699896043268
3.53093195653051905580 4.41467510851851230314 2.48010252400504338510 2.50702826870720851815
3.81473379632469633549 2.33506107973637444530 2.46345252719292862054 1.90155609902349320706
1.67110083159530065089 1.04582875313453582677 3.07022300025851757610 0.75447813122290663390
2.82802322924879989685 2.58249297658244492126 2.30436516875702057661 1.78026809899458782205
1.98913533446444557029 3.97442186079553394507 1.23172357550334643506 2.53345106775622230799
1.03217423181535394860 1.86215129119128297575 3.46362775556199542493 0.74493500410685586921
3.39108347209021809832 1.53044119912950105089 1.55504412492658650180 1.82686394994241885215
4.44852533441367370415 2.51310544808584701570 3.26560704029410420191 1.85025432523534560936
4.44642357622223727276 4.48318089708613243261 1.52898329621877282491 3.61074798198782920267
4.62663180545480834382 4.57630050115817610390 1.40677634630208014954 3.87951296932623268532
1.11229635355779699069 4.08334662190467678755 2.50413118517329236212 1.34675886212503237438
2.87433146263798677822 2.37481239483503214771 2.92844151557597687230 1.52673900238623971859
3.36576123683591532654 1.69004464193731518407 3.97026785236921231359 1.19696330575110110317
1.27381368040237985539 2.06687219291738877303 3.96034472714817686878 0.81534848822795280565
1.47996996490507326527 3.84199917343601526909 3.84860227744652094728 1.21549609562726779188
2.53551428184801297405 3.67603218609690562957 4.62731850683652190526 1.41924700461669495155
4.71365912086547567128 2.36858407523658254235 1.83703289884201170779 2.46527301356752559514
1.89715901231623318424 1.49240432071036011052 2.66018694821292767116 1.03166580597015666854
1.20444583256625659118 1.53854901470863136836 3.97009650769927358027 0.68320143970158975222
3.59322180554620818071 4.11516876351443627868 1.68364989980446555506 2.96353420383524346349
2.55812100155481525476 2.77861013579832105691 4.67216993482871245646 1.23343149632418702666
1.83913585281509828206 2.02108812860634401432 2.62448032706204115172 1.19008469528501614754
3.48638746184571335363 2.10915179876806790915 1.29751337349543360844 2.38059667647856842976
3.32303454695111399886 1.22864717101698950330 1.79885578575430837844 1.50654756200509520880
2.56053650198107130009 1.77729389492781475468 4.57176152570064608938 0.99770770459773450156
4.29896403165198215390 1.86016382770287114212 3.47272547439418355353 1.51747755724034139035
3.86549977453440929409 4.56763494758435228960 1.72938641199551979000 3.19523274721257255493
1.85902610082316588347 4.01485404269339340999 2.88756724483322146924 1.60772428161465286145
3.86055226897993986057 2.78946144759000125291 2.77944201719046501964 1.96836707035610514183
3.40962137984472324348 3.33062433290190096358 4.27162197839636181840 1.63049509592810726311
4.50142969171753648538 1.04241476129601640110 1.79010549715297573314 1.61903485641486377666
4.31384082013438430181 2.97196622954507461145 1.24911347245545778506 3.20370889248692325424
1.53599796030403190628 2.12723145200679386591 3.49893186261036959195 0.96635110964420700697
1.48693663928739505664 2.97505807276170664011 3.41538490642373160355 1.13808350226263166327
4.29290279699451815532 1.23926444411965874792 4.74154365652899656425 1.05924798238896999969
1.21025164296111276130 3.15447256257033226134 1.27251814463391621501 1.73208510012699523628
1.72564855025109720188 4.53176599402768598424 1.32769780318175500966 2.42694701657475064849
2.66997836374953578797 4.40786823051840492838 4.64607711560178415766 1.59156714607847948884
3.22010084854432676593 4.87610099923351292261 4.80592725776597973208 1.80751739894117968710
2.94638780501724095728 4.12483463022199714487 3.71982619956581395115 1.80753577058762449070
2.18117912331911778523 3.55732422612508569770 3.92669114171399336044 1.40570445040532243652
3.59244665959369147146 4.19568578706931383238 3.23050951759547855247 2.16003670020896487713
1.73855008747641459621 2.24624184669453219598 2.29764158418088415559 1.30370916642257217433
4.06576245499102739700 4.54105282847434033044 4.43018361788252512667 2.04144843383466234599
1.24887056250530026347 3.93842628027183438988 4.14275168491579304231 1.08962139835893423445
1.80553597061666071255 2.78033784053876154019 1.29020599494675236585 1.97252415432174577070
3.70876563691587746163 2.48111476136569875095 1.98528603610416576331 2.15291348263004467256
2.82138281509153054927 3.43677303992570326585 4.01850348500203669033 1.55336766331848052936
4.54976654771288657741 4.13518880254951604059 2.81983712239903328012 2.58303455691610261979
1.24987032834162237194 4.30126488584244448532 2.50036987795125043021 1.46631893990519390769
4.63097147517858154231 4.14095661665978731492 4.97146135342762818254 1.96401300591097927040
3.83207690202203909990 2.34435438813797025759 4.21185476441179673657 1.46046800084317496271
4.01255321740155324051 3.85830014378058283597 4.76335700443530285497 1.80281781546999964050
3.68255647780687977999 1.13544909903589319455 4.60096426774143996141 0.95330992138125103530
3.41167816685460323356 2.36155851880093115014 1.98022185445587783903 2.01709549470636462232
2.65673175327152932823 2.28595594217861375341 3.70277286059516663741 1.28069066874255965693
1.26777196407220937857 3.15987890813005600776 2.66669147833554021076 1.22565828484423433586
2.15110132273516363455 3.63004887842513701557 2.20004914740682355756 1.88395479893978534669
3.69374845355839154237 1.17994910471743486013 3.47868056204763442807 1.11932968231511043022
2.98970429272526905251 3.07136135153886291604 1.23448378058031549287 2.72732492103473944667
4.14228927598401774901 2.69575350633968646719 4.90113784224099724440 1.50942605782265193426
3.21886446747865262452 1.43283845436462131673 4.34857866226870193316 1.02985550404177517159
1.53086851894869813151 4.44698077247894030251 2.83316871448893570218 1.55012011986550790610
1.39319169067565429287 2.54564546650741752032 1.62636027758612522476 1.47671272776640694069
1.21101801556929755677 2.60402016532668723059 3.80015858014607799120 0.91095434880603054495
2.93741996207043953859 3.83794133639194345875 3.79676872250054620039 1.72315805870426119739
3.68490637349497962560 2.67690956164655302629 1.96993923910774126895 2.23770927962075250051
4.48913240635063282014 3.45544134545135106507 1.62928860819514387259 3.08555974330344939816
4.16240366191527222384 3.93812670054225888450 1.72369348435476199555 3.08380508154607158033
3.33661585538962368602 2.20280245279919029144 4.25832345644762266801 1.31377670478452346359
3.23868480226634547492 4.96752921219583232215 4.50550709971781770946 1.88965585443021311107
2.17016300365471481726 4.60497989531186924239 4.45617539921585326113 1.49754164540662237926
3.93654634413724124897 1.24309065872275148479 1.37486574266233230190 1.88659613499230416345
2.98704913302568986211 3.03788027393315340774 3.57191231724174240725 1.59388181385924121436
1.13833257726931869058 4.20105395660536284907 1.07112736899598193219 2.11296913887230308760
4.24068395441854306682 2.91783713798006649753 2.51200329236114372478 2.21941427574021465929
2.12907096884056601382 1.15879565507679016534 2.74468802703775249796 0.94809532307220190095
2.66870179728692535903 2.99371963919268635479 1.74392625289884017903 2.14038318008897965328
3.33715867192682980047 4.40855792714576288915 1.87416495716552233830 2.80177204328119477950
1.36211485574602297888 4.72422672094804596554 3.10940930550724514703 1.43857756692740390569
3.38832721598301356281 1.20775433425765621465 3.79747186264192304606 1.03808924621854892223
4.22885092503783699414 2.62129191179575471438 4.81766189886513362950 1.51687824416526151339
3.99409015932677080585 2.10406959436805740538 2.04645193174687456406 2.02646080494437219599
2.91995581820819571917 2.90088058076605337376 1.61694677915878104457 2.28878607568872149969
1.36027922565584091785 2.48340105632277508008 2.63660093125378969248 1.13191877337010105009
4.28446928959426465156 2.19135238017433220392 4.79030603882614958167 1.39998375723916779201
4.64380166551156658983 4.74135689795060066842 3.33125200781037955622 2.57089542303944540436
1.95903471621429092764 1.34568996994563949698 4.41847689732247062011 0.77242670389223411220
3.55022788239277709010 1.84853712154434735027 4.91167583429578691323 1.15591887494288392269
4.91654404470677164340 3.06500315348440111052 3.10863596957969168244 2.20171193163937717330
2.10505592236967986608 3.80561557496514124566 4.44965485503920454846 1.34177938152362097313
1.14076723283160319511 2.68710731534495117501 3.33578576266374504655 0.95860998710774747433
4.40023907013727022530 4.93795272316315170258 3.74030613612985218808 2.41022743363383940007
3.11931229743742477467 2.75643039796200151059 2.64116301385273954949 1.80428583905341421989
2.14783678651357323730 1.73707925375001304147 4.72537346514525680163 0.88857151271404888337
1.46065833714100001828 1.74695139100355101291 4.80325548704170923742 0.72886465034925551620
1.94724707938567354049 4.37939022860265936288 1.31630136089252047782 2.54530416361999911601
3.82288039801030032905 1.47355090497492824397 1.71280767617823492799 1.81352533434750884389
4.30388671617693230331 2.79381749738986995268 1.70256422390348260976 2.65752696985584169198
2.80282423049327666931 2.12259489288330360779 4.86327715240502556071 1.10603018359099181112
3.89814653597257620987 1.32637394354276016983 3.33246426777993987045 1.24560206766847114679
4.83113617990924204548 4.13838186811370256635 3.33022666515216370087 2.45020839833656944862
2.25475974693071856692 2.82831941490579419352 2.41538006866738319545 1.62488124057917104892
2.98390090567147714395 3.23499051638510692896 3.30046359039636483246 1.71017766800735926402
4.07918065954074204882 3.44064943841510073597 1.53062293890948719621 3.02811645913011417974
1.83214188415186018943 2.96798178652590927129 1.32809704980643150662 2.02346297117922357955
4.56030085316905431370 2.44248146454713932485 4.45185104114271013032 1.58176540792230291288
3.14919991427059420275 3.65524451627522273256 3.35819574069796189519 1.85142161343629996217
2.25308348883239872862 4.78276648111708979627 4.64074807829532343106 1.52382198188823725360
4.87356320227079375940 1.46540280236503805966 3.03087691087416200020 1.53503280261624341918
2.21151201713507417068 3.24709284940717379797 4.88783910739275828661 1.21208633359921869044
1.77061061734224622910 4.75237110707440013613 1.85291224499570938988 2.13102860727104514993
3.34962149543754650338 3.75105542214426224135 1.10129141193260426945 3.37771872648603688205
2.63267026315507335354 2.85056456171982164349 4.98949358234514050991 1.22640931548191556288
1.70981444196473075792 3.89166545543070352409 3.30091880956097272204 1.41979230804086964390
2.90542672518217459654 2.82394970161751635018 1.11642232148822806437 2.71093551097892859758
1.46468466945394837353 3.10495982929839975384 2.64618117431444677123 1.31096251285477771731
2.78295070100843888738 3.37072081655506528008 4.47825347562808495638 1.44730416616734491875
3.29231523652679580749 1.82438537300293779353 2.02028800360839255745 1.72425841525205703064
2.14784932593493271824 1.93440164196535047125 4.72674049075576441226 0.93754981491728950349
3.51908761413802650964 2.77443185448574780594 1.74046008342910374367 2.36848171974532961670
2.53053834998381432797 1.15022443458087320067 1.83328300534072008432 1.26003613543409276332
3.72355303955246474956 2.72598548664018380805 1.15870422202796508060 2.95974467012144826228
4.80714978477347187891 2.34289575200668309662 1.05055436882050168279 3.27424402073089826359
4.57386267216620723275 2.68495395045854801097 3.56294729743085536455 1.85654415233187042311
1.79129268759900917019 4.34467858458754196960 4.39965696905934233740 1.33000322700523843089
3.81056332543250109168 3.39121992253919435356 2.07901048440046709587 2.49312600877870771399
3.77989970066419500583 3.25942550643996398207 3.63549082361337427827 1.84089552289488644909
1.91487170140387874540 2.37589960310791381559 4.99971099995923040638 0.95391885338175741449
2.77512065912910443899 1.78028668684856095084 3.07902150679789876619 1.26671684561049713302
4.75457171639576969824 2.85886679533205922965 4.34573972554116583211 1.76856410185766566023
2.98919273462424461840 4.24898139677236041933 4.20867460077462496315 1.73718751442034147203
4.61846373854191138975 1.41270331206198873630 1.64997021518855335742 1.98854854923715729242
1.85488575738731142906 1.25173238838272959939 1.67585609688039927079 1.17705285819789384760
3.42855441453913289962 3.24589708020740808081 1.45666937676261154522 2.76402776184612619659
2.16099198463785624469 1.79336540531486043903 4.13242350121310053623 0.96840842829662199254
3.08902844988604297072 1.24453876982965949693 2.81773095502475801055 1.16806068807395657672
4.92903989194085134784 4.97248578806086616311 1.44843843120058668461 4.11356081293720698966
4.67720303641555545937 3.37045205480143383880 1.76203802723780711403 2.99109047508168890417
2.51948287996095032781 2.67915120421308783349 3.13873842027551663847 1.46648206667600899955
1.02303427510347066942 4.52263641825924533890 2.35547997735619851767 1.40152620205809608223
3.91486987479018422320 2.95612560169564630996 2.61903198782117341281 2.10208225264081871586
1.20461160049858362342 2.41931916244747080569 2.99655806404832514289 0.98618582193249337831
4.40987644959488278573 2.96497422885485972799 3.50857023924342703580 1.93045012138674665358
4.99808699094965724896 4.69477912852962298018 4.28969259316119533310 2.33881786450650919207
2.36561930182283219892 3.25134814257446080887 3.64002022203692066071 1.45362460892434253168
2.37163396213766564102 1.99966829742031038109 2.58518147718478008557 1.35443227269058108497
4.60271706899551613645 4.04217782638112943516 4.11270952444448312235 2.12691840296950429590
2.29457172198350933812 3.56275920803401646708 2.92797879182103626405 1.67093705763344679838
3.53867216911777981991 1.11917535147289681774 2.22081539742521272274 1.33540501752449136674
2.36292288214335455265 4.51967815094988090152 4.05435469784048940767 1.62299678102540556601
3.88018515566439381459 4.61235044348696643368 3.13343359720576453142 2.38988567302441179407
1.81905474201712458182 2.25366601618107198490 1.33350827405149008342 1.75335479330851873314
4.98078422153587663246 3.13358376676138838945 1.38978043006438678475 3.35116971171481869973
2.08079393400003542780 1.70400102196026725920 4.62614428572648428428 0.87546719085464108634
1.36529712429152016995 2.18706826583082536430 2.16116221011411013819 1.17544164890813984670
1.98776590767594729670 2.18429254276229123377 3.32875252591305903493 1.14208194501198301296
4.88958296328465902292 1.81995954381288749246 2.96624650199078532253 1.73206089702810706044
1.56116195856025097299 3.68198458691818553135 3.84243411006251589512 1.22309938743536483763
1.76522317666683070669 3.15869397996236500603 3.14906414805604972784 1.33064691997271733470
4.79252284476446543948 2.61105085075973697428 2.16206503268600469525 2.40577708729624628603
2.05233273597121268494 1.05878275423029277746 2.18918982038695109082 0.99628962005791055212
1.31439143413595216359 1.10507114816406648572 3.10393558655761836462 0.68407092200170538376
3.20560166545530478288 2.14964953409280790098 3.96157080172341435897 1.31887882913627407788
2.26125948457663827895 2.23736372920089188199 4.44158704104447643601 1.06727026231253208088
2.54062699360578436725 1.96407251436412932932 4.47301210767123968992 1.05620732773317871356
2.72035959879041655540 2.80478207349239516688 4.20533649216850946573 1.34698371069650679743
3.07321284889483292702 4.31353709730155721047 1.56997613759244902809 2.90580564475333025243
1.68154874894516481731 2.05696279612685284377 1.12977297259436992860 1.74973532197873438143
3.03766331204929107557 2.54621048418732298657 4.82907650808478372539 1.26556637056431542376
1.02539500685189954865 4.04071581949753166896 3.57502875193077995775 1.07655192943660749094
3.15461889603963818729 3.17773715147207092002 1.27490533490939084160 2.80409980158434057884
2.71306318223959141989 4.33638796311848828680 2.25517628258391678031 2.28404034669832567417
1.71111982352818525754 1.60722347261499898252 2.93429462674401086986 0.96811396617170109025
1.10183197105581376363 3.90437466893195805895 4.58364780187059572825 0.96878589742596554757
1.36898972642936556099 2.91815725489867849873 3.43142617187175513749 1.07898923215232511730
2.44453783577825634055 1.31906713199405389858 1.59015634349265821967 1.42400632455945874710
3.17197812787205890572 1.85994405851319655198 2.38731732334146196095 1.57202684598314013087
3.07189978014284870156 2.21841026410448627360 4.17323484281300949306 1.27787402387331283649
1.04547009440881533138 3.85123373171426397477 4.48450262238189800712 0.94754229490186681062
3.50809659789627970028 3.79169652537166346207 1.16143803726921479580 3.38418841523349955835
4.69552241449947693752 3.49192924556698214289 3.65467676172025512926 2.11811819448331872806
4.90430298890097837727 3.82878918126093026331 1.45937215188243030184 3.58704104615569363546
1.54465452896707100550 3.15190935366026536713 4.01387439507941046202 1.10133806938995748581
2.65047120343231723538 1.27706809907088292277 2.55448372514160704227 1.15111046770738201239
1.10399773347306906501 1.15442077965647404980 4.20527959384902594309 0.55051444728206755386
1.56157282169189182142 1.29145253803346227173 1.39808540952219750864 1.20102900062787920632
3.19942807985242572144 4.71891039715736315685 2.95555876269596096151 2.26014989216220429924
1.08007826286900954216 1.93800181645813340836 2.26541732358422409632 0.96123725411201610402
3.91514315192397965859 3.50944572962922229920 4.00464990550733368480 1.85229779978914876892
4.05544239381762494645 4.72975270133559710928 2.80779681593897789682 2.61369854886263119909
4.82774873077956456768 4.27240673036472884405 4.84927682176656560387 2.06238687486545879679
2.63782746783206389907 4.51220452059600951600 4.19497408857064257859 1.68442989251994923450
1.32783052072398444210 2.11778608474999785471 4.99524605594516479812 0.75029823674996332095
2.07389097293143720435 3.56393889474828728936 4.01460409829620878952 1.35686526043507926786
1.57462334108238044550 3.83281668536794839497 3.61235932963674466478 1.29256351983002981676
4.97462073007715410711 3.54791919420023482701 1.91593697845273114311 3.03512259511172732829
3.59660072046599355033 2.38610316949642919937 3.38965259764983128932 1.59115734260197916328
4.32850848803109400365 1.95660562318519248848 1.49748991842028900123 2.37814774304904519298
1.99190552445231050527 3.29278193020714082806 3.73498339815660207464 1.32516975464588671052
1.86678834981862040721 3.73226635486405511344 4.82837382786287960812 1.20125003204608571394
4.92185916291440772596 4.29958772407980127639 3.96405259915827867800 2.31051234907855418399
1.49493173691676872750 1.50473203551370504627 3.32820311818008507387 0.82212026385355962965
3.71434803252501488657 1.52555570817014318763 1.84639626742893847577 1.75183369795920484968
3.28078196935986277083 1.76631023903052897239 2.28185138155825750772 1.59359698865748922181
1.90612473521492420403 3.87289585161584604123 3.92277933687370916616 1.37181841419603500754
3.17193662338352799779 3.77406357091626931677 4.23967645819689664677 1.68035289473812476935
2.26449909934089710362 2.31785742780780879002 1.05932663216423117447 2.22594531170195253367
1.94114966892444718027 3.82068152968284380222 2.31643708739750664449 1.78932683715142637482
1.89803594806406428219 3.72080540477022703172 3.44573451926261142830 1.43162669729221625481
3.72666924363648544016 3.76550412099491182971 4.05255618390381400218 1.86083328574228645813
3.43236802584496514257 2.57574907953537479699 4.96364058486667580894 1.33459206091635373959
1.71873474278526305881 4.61925549672657531630 2.10680492901682558937 1.94123564501470480259
1.35056877971823618978 3.32985983606587510053 3.54050046961014741598 1.12703914758897938420
2.41515839558796852060 4.24376628955675094801 4.06384874040705135201 1.58810704127279977982
3.50478993839360875029 1.81856650794789675984 2.77906287915786531784 1.51442023674557013635
2.54573813609265053870 4.89179758591100011245 1.29115890527105614538 3.10564103157780158071
2.57994357558680276199 3.40389060738049886723 4.95208890793177136658 1.33167634272745316615
3.40617513977986208218 4.85796832486724206035 2.83898667893816147867 2.41423281928200461621
3.71403767061472622757 3.03982394260841148892 1.08743781121894045327 3.22214553958380145460
1.17852650819741766597 3.89752681647401644227 4.80991412457723122031 0.97722725811399757667
2.37188610696202939465 3.98390003214607713034 3.57867177323967844416 1.62495073186055427605
1.97023521847511107197 1.43432948585126585073 3.88785398816211724693 0.85256702058800393207
4.59277614286404478605 4.46538963131056032552 1.03167454893299925800 4.45857380755271215378
1.46763309476682390908 2.91770673411565040212 4.10219228630837395855 1.02169568750728201323
4.67178317346250260300 1.60771584781682541632 2.19443641899963548525 1.85005433828022858300
1.85880563551733413163 1.96690652417081057735 1.57713804331173301776 1.52255853023699572191
3.49158837004275390825 3.70381576020876268629 1.11682271049690928777 3.40286005217158971092
2.60103208742827129996 3.60276725579501677643 1.51497872932657129397 2.48706817812226166353
4.01194782441898567527 2.75042400020178190445 1.14946246501607607371 3.09834707514560836472
2.34285606908035859419 2.64090534833284040772 1.74974236395328786031 1.88045164022043498342
4.38503679735865858902 3.36370900441901765632 4.84611593597920453647 1.74461230013193291377
2.34584853632312295701 3.52064918391039594070 3.05742416502299541037 1.64355224103726049734
4.54252636882327731627 2.94399716602649297315 3.79233020339019066824 1.87786492341487032398
1.53048199812973306777 2.03641735104853616178 3.75874239848965796540 0.91059702230027161907
1.44085926937442554419 4.16748975883467487336 4.11158557014872627633 1.20849090534211489611
2.54131881858297692389 3.84765942296527807542 1.22852726109139487320 2.82121048296498333485
3.19317193851538894123 3.72152493201303169457 4.30238576889520807356 1.66194613664142742948
4.38647147101267620428 2.95749283942604535014 3.14778804146178492473 2.03009688531885323926
2.32891721026730280641 3.51009162987928569066 1.28242440038706240202 2.52476153857300378291
3.77990236178310068382 2.12813857925273097749 3.52937192004468647255 1.50970304227920237850
2.58522318442073473221 1.40074061036163222127 1.09530066520483648773 1.81828185680904952370
4.74932593025112659291 1.03931082010024500306 4.20796922934028128083 1.08305979410028685450
2.65033550763562342212 1.87657097283379670216 1.85170951059186705834 1.63887751204761378254
4.74302222714685761673 3.78518669244447103495 2.14911349521451722211 2.89029090701838997646
2.94407428600500908900 3.55160711670460838008 2.30823105281715079684 2.12837035466769952663
2.15262812306616391211 2.03549335878999748672 2.48995255109598057075 1.32655058108663248539
2.44212404388703507863 3.02640770604610542804 4.55582157650931929282 1.27369141993697110316
3.65825399681132523710 1.00364679349504193340 3.18855616922842655114 1.07307565640763136194
3.64607737568408740714 2.45038215848091711635 1.57531753152892095571 2.38147374619913954064
3.21056135097055195260 4.51529215843120379503 3.79047982586346909883 1.95562833006871805708
2.48136800937289825342 4.77384088015783003556 2.97537725760524374152 1.99530154779372481677
4.49732183631156168246 4.99895764429411570973 3.28428308817989611512 2.61635349043290732496
1.16539560612084791558 1.62449078246991973629 1.87333527751371153869 1.00528119381209979366
2.33039057705565699763 2.46701906874199528019 1.87398346869818999139 1.75153061694452860664
4.50058007269201887368 4.59205032831949644390 4.20773548332391289506 2.21622245509045789902
4.02433442951837072599 4.83552974052748663070 3.64208364735786505051 2.31150109487103216921
2.31487435533836016788 1.63521578155440172608 1.59677731017071833364 1.53967504368319607622
2.49183938508911939635 1.43956009613597490926 2.86037840615397076505 1.11985856873447309212
4.92264533034254192501 1.58744791389496509026 2.02606589587721819257 1.96391294331679922003
3.47019080393576251353 3.82565808359573900077 1.54119488068920240664 2.93495180911311548400
2.65419525050221372098 3.44049947509501885534 3.96973776492773788860 1.51668807589752474563
2.87287196245289155883 4.70687845280997052555 2.27632260481735393398 2.43729289032065654652
1.96681669593444308219 1.84195956327418786103 4.16496173439304318009 0.93264524685546090765
2.34022148740894531116 1.75498825075490261227 2.95297177015436629333 1.17933161307669887030
4.88816149358987939166 4.01542217711865845331 2.87109377832130174824 2.61465679372871218078
4.79922982132818631840 2.10895583079262793902 2.36733767791158600247 2.06770896485036326240
4.16822553047841104501 1.19146335080667631345 3.06724030846692707897 1.27245387100144147219
1.99382455112604883851 1.34281861787385858875 4.22112714016848222798 0.79641224738468430200
3.02836354030595122921 4.71896424154453164590 3.11873295452537435679 2.14061346540620478507
1.70877118052490883926 3.43775808603932864216 4.08694021710746202558 1.19889312294753747068
1.99125710256288712685 3.04804216364576419096 4.09331010392974548040 1.21769025472955583211
1.33246586320288384897 4.42862007137868829432 1.57606831501371669191 1.93497223952794650259
1.32429969405756375878 4.09124618199180112299 4.08957726480151606552 1.15101699728510453724
4.09302412608441557040 4.43111261251879984258 2.35126009191315832325 2.77733463218808829254
1.59230154382610056274 4.59712550852848877980 1.48822299150654524524 2.21779721446335331692
3.06118235634161051095 1.85041536448531740433 4.30387840686026379444 1.14722662368658934184
4.11902312365145917283 2.00024184908486502010 3.54904058972052993681 1.52364182746198695284
2.42552901649100016712 2.33487998963557608079 2.62346209859140744314 1.46925819480314490129
3.19690388748022868981 4.38287595617431513517 4.96077168028742043759 1.68062089992774943426
2.53888444201387653010 1.46771694994036838722 2.43442435700443926549 1.23721301427256524796
1.34572256250489274976 2.13405527809796469185 4.70767414804611394885 0.78104741974901992219
1.54285930399845838679 1.62524068227742457537 2.61342594067979927530 0.97952811422924990215
2.14529233695445320507 3.97551544529732447941 3.21880960964722229178 1.62776729588016166872
1.59028674430778238502 4.98674477269197158336 2.13656941453379323193 1.92658327809041352019
3.39785872441261727062 2.69508557866355857868 4.29325800188891015807 1.46047943144640979263
3.35420123281056081765 2.38483505149721919381 2.98020977625279170908 1.63832595920421231206
4.38115097868108094303 3.28700103671400389871 4.72357469890607717389 1.74605788192370492418
1.54946485632899655371 1.62329939707995762888 4.21792250012480174348 0.77221970767490943910
2.37442503624680334440 2.95218832145783682819 1.48595081820719476795 2.17194609628321222417
4.71358450634029146897 1.16002573228353300649 2.99918365828063082645 1.35023054940428788306
4.17479157140504852919 4.36678522345098674151 1.14477114387599643308 3.99060716684824301481
2.02833632349869663614 4.23224034804784210451 1.15728304354723432468 2.72354998787179924946
4.42103866677680024111 3.21614669419742238432 1.11261724727616462260 3.57484476347036217447
3.04180563021998162654 4.17456859880282227238 3.37427610437300318225 1.93990839523123526078
2.63549795149932908345 1.87067680877824971120 3.11995499247777674512 1.25706159438879438994
3.37831350047749445764 4.90547825766685807736 4.75432901224862547451 1.86700738387972231536
2.35498010456820106029 4.23014585171878820802 1.60603453387219996529 2.49054189884623600193
3.54679849388543422251 4.42161326687106281952 1.14854175716382567174 3.69517695149970792912
1.23633573641957550393 2.92641315475222896225 4.01680216137095058571 0.94906467860627929944
4.29906956657749894646 3.36433134435197533918 3.62247359146185798906 1.99817721878598142382
1.17491985693618072872 2.65079754323254812576 4.86908010608273045250 0.79977705752381311743
3.05181666414144370236 2.22069140265720177396 2.84766867553007418934 1.54268975952258746709
3.55416606067161433558 4.34190143398966732491 4.19396847639570591326 1.91821046911054704509
2.59397837008696940941 3.44940896232059257542 3.93024558913599708632 1.50884863538288338525
3.58853577796876432870 1.38164408707063834925 1.48013464590128451803 1.83023189509297012911
3.51190364605474103499 2.46119958368582958386 2.00457421479472142067 2.07650816254094117141
4.59927177690129340704 1.07625773371758270969 3.35945966209282120829 1.21385822076636729072
1.11267617311419542148 4.53099371397778760695 2.08514521629756321985 1.55493761972962407647
3.95517690833986357291 1.60864382851645304484 4.75882365812157992480 1.15628022781480610526
2.96482262620063563574 1.90469919183930791462 4.49173537091754582207 1.12125779662006852533
4.57761916604514240703 2.77011580946462032671 3.96615316830777375756 1.78806808370246828055
2.92560827432698067341 2.64075836052474954840 2.81888086210626953587 1.65551857895156961931
2.15403912327603830335 1.17910385885799984251 1.78079266851370920932 1.19425245945031632822
1.02629473791947267713 4.24706987615062558916 4.55287312563023505163 0.97844851909851371374
1.47189317783475281942 2.02158381128707187457 3.93971235794494312188 0.86906400848376685886
2.42503561515095755752 3.47767462894709078469 3.22215577329200542067 1.61782025315820709999
2.58271846947838357167 3.68035470676469556039 1.51546114476962534567 2.50444195078784659358
3.98378730646174217256 1.66290930248872159680 2.06004531409645963436 1.79326291131594639516
1.22044559534783969568 3.24771748367604740082 2.48922415578038203066 1.26187498294460231918
3.95756323032786472282 1.13109433314905727386 4.89739626407023731502 0.95605025496556805820
1.90600064079229847280 1.90898155690456539091 1.51626903578524130367 1.54908145352933801497
4.64305697569790165602 2.92764293048476442749 2.51931726641837139269 2.32284177725989415819
1.38866544119611967645 2.22364766169672201102 3.79328609110374159741 0.90224399780756436851
3.09679719572139822148 3.20094628678649684161 1.33427045411297084954 2.72567230371701940683
3.35859760182720190613 1.11982285613039600491 4.30207200191552985302 0.93500689420211147151
4.45584484948923353897 2.03472106709962430315 3.09249427962077572118 1.71223361359032266726
4.09931699795279325116 1.62319012434396059419 2.14116202167193714345 1.76285130615759966233
4.49054113705077195817 4.41826938424670867533 2.83014148819032662630 2.64771576569971411885
3.46399772724173349303 2.22760979809653925088 4.83448022411728928205 1.26337845068029897000
4.19005257283205079233 1.59606548023035266226 4.26084668251803755368 1.25281554869971034627
1.19564267325605078085 3.80302722576613749794 3.95841554709467491335 1.07177773019156630241
4.01751103087311811635 3.22269587497073795035 4.12993522836613191629 1.77058418314533883020
1.85031029996941454030 4.52571645370035469114 3.61293501310782394498 1.52242490105359107311
4.85632611110805889609 2.89729800863360154040 2.79866492029553848297 2.24220363973483749476
4.52332021106547088607 2.69186845727741408396 2.06105957377531767705 2.43058218712075513324
2.99848705500688605952 4.40954288360806856417 3.27414457905104416824 2.00955060837683552322
1.36120588227445837859 1.64175963351400699963 1.35313021550023604433 1.28512951886360626830
1.26583842944627988913 3.67480784628763590405 1.80553688092521680275 1.60510435696373598979
1.95071750694338952314 3.94090752165274693652 4.43557174710788881811 1.31649892376111976589
4.97700241023767731008 1.27066888542197098388 3.47296981394450465785 1.34942769462705225436
2.10473550572716217033 3.52619383440091160864 4.28271734700295425569 1.31641295715104189590
4.40454551079769718314 1.21307078914731913954 3.07863422928433649872 1.31739064930358518168
2.82656819059419639473 2.08274163778047860518 1.86386623023770292562 1.77721538192577699355
3.63367893522884788382 3.01900729717106131034 4.29029978704678427448 1.59904813462403705415
4.03119618578426930355 3.78870455050366805594 3.18746945666549308385 2.18896753772366192692
3.84268711246897787248 3.05344858690764597853 2.21379426197775952545 2.30220604078135249182
4.36066638847965748482 2.19898513944315920909 2.70102360711248268288 1.88418433348922786941
3.41310532804372357418 3.21484850964906110349 3.71475333729452827924 1.71866056080901175029
3.04859356694605265758 1.49872890656572854695 1.07086432792673891257 2.06558980029608463269
1.34332642734121421313 4.90562223186666201968 2.85928403249275842057 1.51813076221402543098
2.19298070857802729350 3.88691761369455912600 2.92905528779320434296 1.70591068221478669997
3.87126677951009856571 3.02420321485773468950 2.72176391966391761912 2.07399072282447738402
3.13382832758525609052 1.42296242338947598327 4.91856523792295341480 0.95217132585336983208
4.65371971984560950375 1.78372308106998911370 1.38842852696373997290 2.44513061632915507104
1.07213380921343670593 4.18749362174724293340 3.68729915500538218964 1.10343660778680052736
4.03766618706918656301 1.28896956983780386352 3.96422101822732209087 1.14579680747818879460
3.09051297290993876032 2.38322887983084230612 4.06630982153710274218 1.34585393687705301424
1.62257406514219271187 1.88320844851541790987 3.08066315335449125712 0.99593123881037470824
3.64102844078675413897 2.85143439598069470264 4.31382317023421002489 1.55135988860189311112
4.38195787443981910059 4.19401826646467856818 3.40605434179148058860 2.32286233293067168049
2.78041144798950101702 4.20104796419355075443 1.98199279635655045695 2.42762900725868568941
4.98261643954544997115 2.18460275790454572231 1.41380959141648210320 2.77472217691676448226
2.82280148141817299745 4.45582135882708918473 2.23195281290482894221 2.37389523916527833691
1.79416429977802360796 2.58225776761305825246 1.70781626425334787100 1.64706344695996742544
3.80388501780458776480 3.22965775445549185818 4.59806432413747856458 1.63457337485945930489
2.17820299385063043118 2.74724229195658598002 3.97020317367590536151 1.22769727247256277280
1.29571161539382284644 4.33531248376708333581 4.60636442427688308499 1.10429532211293879307
3.58066899481393807747 2.56743933035672844412 2.16417499783007682979 2.06103798088491929619
2.87125455963576481366 2.74061870225792958422 1.29799997149622914350 2.46219710312559447729
2.10169461413909708369 1.56422778183606814295 3.43767162149408989080 0.97791837972208695007
3.62993218996489819261 2.25481601475483284247 3.31710904779852366886 1.57081462819930828267
4.43961927211273454930 4.24154946066263072169 4.88398894104864034205 1.96357636452399186844
2.48351946210987106767 3.52931123468709229130 4.13129223140430656969 1.45658490515624272632
2.75153229288359035820 4.41579016891270725864 1.83379425108331073346 2.57404549026662943234
3.32558885814594695773 1.23128650771280900855 2.34691367247607685087 1.32088582920004871113
2.15395958930213105020 2.70158061897129142537 3.50702289358463614732 1.28812628137219209457
4.07175938640686752024 3.69404210124920240332 1.01066805310737484191 3.85778219647737197207
3.64522816993961207288 2.82302962006994384581 1.11971878953544123902 3.03155598795845415694
4.91150385602084327274 4.82883347749629798784 1.34927100025771595782 4.19255497548538258457
3.92607136026288294772 2.24648092219139217107 4.86881088423911734253 1.34591926339352441211
1.21785507003018356187 1.87341634118885957960 2.76082051031350683701 0.90906695226964295831
2.84821981594711770569 3.56827934699655990869 2.35589776509324444476 2.07700697447168280974
1.67280176492932675103 1.32498746030070480018 4.67855322997196587664 0.68829138790327848429
4.90849997405488736035 2.73358572543633782104 1.58821327576822968197 2.90660712976980928346
3.31665680431910692150 4.69391852942498921664 2.09750038088880241816 2.72437581855234967065
1.42665822106832429483 2.12342535493015205361 4.07827661576355993134 0.86186676013953245068
3.46114754943550773092 2.09372170182502514990 1.06247768510403561848 2.61161783300680339082
2.82639219068916602851 2.13265642567874502689 4.83863907540602244950 1.11613067931719212034
1.12557965447794838809 1.81989411752903107455 1.46070141792051133578 1.18421471246345522133
3.74208462063376146034 4.99617771037773206189 1.94713721702944297931 3.09868522863736473028
4.02180697533919850883 4.73333830669965571758 3.65078033006344826461 2.28350272142143406739
4.66278152009697066660 2.10086197392535956041 2.76023947525819535187 1.88385690848206355241
4.69328219303747928848 2.22610054513976018953 4.46355682030496492274 1.52992516466369687933
2.73989746019153113110 4.45403531544104858142 1.80730832865728885395 2.59853073526411337824
3.85404706429636689791 1.93828127638129510402 3.02875052885803919267 1.57048992869615311463
1.30350534854617050584 4.06959709440637062983 3.55731738017980436695 1.22115504752906023356
4.18049914994733295970 3.11993073196082804088 3.29514314763949434095 1.98952500904116424962
1.98399712268929029335 4.11459403529185419046 3.86439280159760834010 1.45342753252850931389
4.04586624630213886888 3.88625976584706345207 4.70752524489138579611 1.82757557393332326079
4.20693122856512857766 2.03827128362910769965 2.80537046566885051035 1.74831059312613934509
1.39000556045371181924 4.17429630708580123866 1.35294302474255179192 2.07090488068210554218
3.12905986889325760103 1.56576039651500176220 2.79546025333919034850 1.32386264351019300456
1.04272109051982608818 2.45851412500719401777 3.59726103098986049744 0.84417882890156226150
2.94899160642413260547 1.50024676724425365393 4.10768902865436835725 1.03781355558226429103
3.64794911695091172987 2.66229769265576665660 4.62335560540897816395 1.44935256896333619636
4.62606869758540018012 1.26724191566000721210 4.82425656499496646745 1.10235278921740609270
4.91092654109693427245 3.62086467912474230246 3.05077557365752483065 2.41425275634379854495
2.73372757097145324678 4.80805595364906412925 2.46582369288336655799 2.30877367773254160710
2.19813226688644780538 3.90794233401798107863 4.61695945911917871030 1.36402695756766378921
1.06092790157439820220 4.77012155314562047437 1.93408298378502019332 1.61759615734086170669
2.91040712035484050446 3.65304692976297928908 4.73844046414562747316 1.49791366839178397008
2.96966933277171651895 1.89420537919429854412 2.15948966294957367396 1.61395720548304155706
3.16119848308605400078 3.64612891800478999826 2.87474273248811806880 2.00236110246874021712
1.79564030805392960133 3.43209929956648540639 4.59258962048227559194 1.15840593844372263810
1.42458277165630775585 2.63363982514519356926 4.75316006957244496789 0.88844554571662492926
1.39394897214463409085 4.84600819849834341113 2.15839582069123592234 1.76909015053266749362
3.24811156641279819013 1.89161239537152425783 3.21453291254300710378 1.38252376775703700318
3.04140641392551414057 1.18411901550760623181 4.66010722880810490665 0.87909731073282171288
4.54191636930843234410 4.20018903240847851777 3.73776245745918744845 2.25916596218272580643
1.92102207705691752082 3.49617763991775598598 2.18386560977880117562 1.75367846438598307124
1.26789899985966014739 2.12606060030507393321 2.99503033620319714103 0.94870138905270562368
3.49574816575593727563 4.98601717109875686162 4.44477740705140256239 1.98025877243498027447
4.52557471419961920844 2.70508441470556348918 3.62024115968891013750 1.83890176592399434696
1.18453437539392147926 4.39609063496578400532 4.93101433527756327635 1.02763531522171169819
1.22650009690465155998 3.96167691691669965337 1.07403365358406777119 2.12698474987306918038
3.11609203914835442006 3.16283550301359284163 2.98409365413929084099 1.81734431359218984170
4.65992687726184406927 2.61537856554366410222 3.90010355612407355608 1.76774151639132437452
2.81411038366693011525 2.36863851971029948373 2.39777532403077575651 1.66730754290753302449
4.65772929481779485172 3.94193893326623534534 4.49550672994810440741 2.02093684531023720652
3.99144902611501750656 1.37469436330765626408 1.61099234141553315780 1.84553222028039298763
3.56962252602741170193 3.04433833462882885712 3.96176956848674066691 1.65620083442560805942
3.78233674105687267541 1.07959159889584777048 4.17462505047766363475 0.98901096474052196950
1.56225460341722133251 1.35064134571336458279 1.89089587551608673266 1.05636041699174887398
3.88324514623463468155 3.24235869984123903365 3.85829845810126181860 1.80646696406670015378
3.76824530636550569795 3.90618465283472371397 3.70789351286082968784 1.99242664764279808765
2.50363750985795752158 1.19786513755455503727 2.66881768417684783756 1.06005947986654724957
2.35820089388245568429 4.52716240141322323609 3.05690796318289503830 1.86879754639012585216
1.26613941803311558232 1.09373403392591495020 1.73392121241914898278 0.89367981345680047589
1.63980193856500733318 1.71280510416405951091 2.50456931430375506764 1.05896874995347300974
2.31762399153333609192 4.95413321849467180868 3.92436067847219405280 1.71049130789093517535
2.96530947296217473053 2.41792626577618463557 4.78825524548887138110 1.22368008597253252745
1.39629190012413584299 3.81000362654606350432 2.20256745330040271114 1.55412588915383387267
2.32576544460511769330 1.72083467803688128228 2.45568468530664230087 1.27663348254652131430
3.58181286845769486504 1.34930344581721639585 3.64966296616457430702 1.15074707743663973147
3.26161564380216706382 2.61937689268254381147 2.71653665639046471014 1.77340366589935305441
1.63539835025510171818 4.78959066434501323783 3.53288995302904318407 1.48900419784056814443
3.85169907300165847985 1.74116776225832126102 4.24876847901165888288 1.25636245669092461164
1.35469049124431739628 4.05219138667778899787 4.81708658804876677095 1.06751205810440641386
2.84213951142753096235 3.54393562207603451952 4.80313065691682261615 1.44811618600027380843
3.91864783326561560983 3.95427540600435944995 4.62675292151171113630 1.83005195966181455347
4.19493144076608892590 2.34441500061605268002 4.28570660993449159548 1.51484591815387270586
2.08381370186588155136 3.21479325099971369184 3.14630425657179779719 1.45916905110884509433
2.40463121849124350504 1.93636309406012552259 3.53887466123607064006 1.14705712864886311131
1.55215697653911366416 4.33609893616414421302 4.43111964925342416421 1.23242549398749745571
4.07821032591166243719 3.55049974019274916515 4.99774387367010763938 1.70212932832015084728
4.45816211274013518562 2.34571176353750177057 4.74455650237423220972 1.48462729143645866259
4.35499165086639727917 2.41808968842916982567 1.86772416832936993814 2.37450723182977307957
2.84984971959506916406 1.04856711184310480434 2.31472406611183023628 1.13621228858287803831
4.97999292924371772529 2.86667554605761010222 2.34902512211756286931 2.46524339111676216163
3.39300068692128897752 1.17668843567857051013 3.73489658997383422445 1.03391164191844309173
1.41527919506167831898 1.40237709214320238615 2.40579962892388055096 0.90828833976499401270
1.71055635481433965239 4.13877108503463553291 3.55471303855424025642 1.41124404683635362723
4.32578379263012458011 1.97027942399118272121 3.65829232586101271707 1.52636047869811930511
2.66636301798523867035 3.25473988010955483929 4.96530755266465817499 1.32204033101164930564
1.40679532771645243727 4.00929005408793504017 1.66164432522038651996 1.84238403905744774214
3.88239606136776904677 4.50046102922411428437 3.67641267618758416091 2.18004919553010356736
3.67652303936169477794 1.63578261062644436663 3.08852885870287874326 1.39542213468983278268
1.20071050627678665990 4.53837886829905379216 3.77705650199577469550 1.20113767351020062080
3.87693124416475676242 3.10611568961211803597 3.10131505642842153492 1.97051579048669034400
4.24030509672319944059 2.20574324393978749015 2.09017779484151722258 2.11536062867848873026
2.84127537658756423866 4.41489395586764032942 3.62156918755684298361 1.86109442756640075523
4.13752947710343654819 1.97988289962383712250 1.50818292480648930010 2.33057612422226112514
1.33865330728370324209 2.62103397285114558812 1.74628703545429564414 1.41746573017769628144
4.36740638930012003982 1.61234718158354217721 2.44392261703334767731 1.69745143871909154321
1.31634097936394489636 4.74323375578561279298 2.56193575352548652546 1.56112380994118526978
4.77868672090910262540 2.38287986324316403142 3.07507078618820450799 1.92432222151905030216
2.48406382067975339822 2.43999425975801997879 3.94624797455877018848 1.23932037883283796553
1.40641938097496899118 3.77188333748778870103 2.37327954345253200330 1.49507196971600020419
2.59675550656121822968 1.26729320533850575714 2.16372916595062747547 1.23325428814081528017
3.48512896033896701908 3.70157422033486094293 2.85592422558215464079 2.12534441054023393036
1.17206647969910537910 4.38599986639933803190 1.25025268420765067745 2.02773656233377286284
2.96272206015165773252 4.74535737571704707705 3.95146635341553098542 1.88625660681638684935
4.71954794863957438622 4.26836900265831253876 2.18289177409741608216 3.03784127031522466211
1.78361348593129154239 1.71375133214182095998 2.33323384805994216151 1.14457733663956529035
4.07869429562849017401 3.59459768872769425130 2.61636532595993820394 2.36720860398040278127
1.02739109063259936860 3.77663308312372070219 4.13341760587026207929 0.96887031923892408258
4.19159419873261196443 4.76158756559981366507 1.10590247005142972014 4.24822087820835747607
3.00875237298250075568 3.27826591922395982337 1.98634819310310861695 2.22837163915112945745
4.74470051434046169447 3.80048124735882453251 2.95723665121392764732 2.46933868056761252063
1.49648822010067705790 4.70059429005525686307 2.35971932096731551454 1.72656471578031855962
3.50185835188050020861 2.19195549465618544360 1.24025756940030573716 2.48776418056738490847
4.29283385309020282250 2.99820730194402296220 2.18873890827559725025 2.42496731720131686316
2.90520538613715872955 4.87867671997289686914 2.07124832346786158510 2.61591335996978457956
3.17482796092508001706 3.01982842999094858172 3.94633192686885969636 1.55867090048326462082
1.33325958438299130293 4.80448942647913668225 1.01716489283658928500 2.50948900405152253157
2.99719640000675191516 4.92190103571917347836 4.34891977219989911418 1.84176129405421140639
1.82259448427494374911 4.75210558226117463221 3.68688982141314092189 1.53270292686436770957
3.24200367587047111329 4.10332276698164832851 3.40377138298179904297 1.97694414861524658811
2.87904512204436890954 4.74838603533254310918 3.59964052263810918575 1.94880183175360999215
