2.10386129146428180192 1.15598075058710003660 4.08424764533133810573 36.59088118217258056575
3.55980457366060054625 1.54608272543858404902 5.65975022628834523175 118.53900170571766636840
4.64942680949837772175 1.23744945567469244452 3.56217959668143091534 62.91536795748825028340
1.37427620378830273040 1.69814082000040800224 5.99377680143943258884 51.48072780318250352138
2.82869254470744824204 1.89819100507482518836 6.77253709058672548338 135.16179723005123491930
1.85109858513884306674 1.98516448572629577995 9.46463272462221283376 169.59247870463991603174
1.73592798866782516143 1.35095469911648935479 3.35856813278683130619 21.38777931822432165632
3.53530595974374461932 1.71135655926852492392 5.94833042376980003496 130.61073008781872317741
4.63789154018358029674 1.75797160502185900732 4.85255094467384040513 117.16885675647671405386
4.93601138853088983183 1.63468454302968346781 5.61316774686654706983 162.56864462655869374430
2.41086099388756114337 1.43274918118492688990 3.14910041826266251519 26.84776890489350265057
4.34746998478792434639 1.23233302505243180747 3.45483934287146388087 55.54477317535678082550
4.11564676259202411046 1.20231985696717780243 3.73689975352433600975 60.70022133387460883114
4.92532083415806987148 1.84287126734886763657 3.23304508334863438535 62.65821625543184580920
3.94193271777272080669 1.87160074049224123272 3.23472533479625523611 50.57074928202620611728
4.29563650208205949355 1.81754092269991085473 9.01025824248080375867 356.05955711499694871236
3.46548916363888270809 1.12817652476356466984 8.52991721564514193688 254.38198552651027739557
3.76729517785738332591 1.02083061623013904295 3.39177172697457995909 45.44663345098738460592
2.44180370017180203845 1.61195511446371986253 4.94461622355222729652 63.15017287024264902584
3.27266309732146343237 1.47420381987668824841 6.31463812079586972459 134.20481269269149038337
1.24791774767000740454 1.77523342082431456745 8.26920845916160551781 87.36944347772643482131
3.93161119872925501895 1.59757304790721144094 5.29365466268086137802 115.56286639425664475311
3.80057511285746096874 1.40456877121753587190 5.82906450691742072934 133.05640039301195542976
3.56874130558869451235 1.97092972922584230844 3.35238480615473788404 49.58122026694922368506
2.64914063584569348109 1.23924915930915791051 6.58787522018428362003 117.06279060952482495850
4.43766435615399323922 1.05342907762495308077 4.00700705796520928459 73.84933321737665323781
1.70153456456496021687 1.37438837986593354046 6.04959429974700935162 63.94412972177246956562
1.88002437774373776236 1.20771421034083226154 5.03325807090000765243 49.06122150077393939682
3.79191524223685272332 1.41041590748319167758 9.35496690116054807618 335.68811842597324357484
4.76956774031845220918 1.64575489565813759540 8.96207485497031441923 389.71319174384973393899
2.34946876240924451551 1.48079690909159356060 7.75446793887476015783 143.92629342068607911642
2.30877049364525177566 1.36965055481424480277 3.18177427414276392525 25.89531820321656852002
3.60535001075508132473 1.96811442664009295100 4.73210704460030218144 88.77651551169196864066
2.24864524226280648733 1.67741431152575204422 8.51388690780587253926 166.25461814426267892486
2.66829025501449912383 1.01568395221822593832 7.94393383660365781651 169.77878132913994591036
4.17929860974269562490 1.46652372158692667625 9.58794802258226042113 388.77230384019833309139
4.38082118175363000034 1.01753557600181121501 6.40177625357792301486 181.84985335878840828627
4.64634103964046030200 1.06054301479822887799 7.14723552970956799157 240.00587314326301680012
3.29125449755423860054 1.46710748276246993882 6.99458343489144418470 164.68537038980002762401
2.96241052111791436374 1.79654303801461523449 4.61780857609920758478 68.57323780885725739154
4.47947135079067138008 1.02849685980525684670 6.41407273101702912754 186.70281997264072515463
4.18833414080653199107 1.97683050663555626159 6.92000800097041413039 209.28598937196065321587
3.14239102749784748880 1.96192324709291732177 5.76017767170847250213 110.89401339780297917059
3.88995906906552635363 1.45196892702291391331 9.18595753279688942428 332.42071230726429575952
3.26084527293497306033 1.81655885716881781988 7.44018935020138894032 186.14207168113935608744
4.95329388248017998819 1.96156105154852999917 5.95001496567468279864 185.74386501504551461039
4.21023883790937958338 1.95597977830084324147 6.75810155396132117289 200.88776406718162093057
1.27087734238212801685 1.31063609033244743429 6.29058770525156951692 51.41892363264103948950
3.37225091438750990136 1.85588046795616401496 5.95578450217385402254 125.88620950856159197428
4.56918783614849388641 1.56470871417287193950 4.07504654023038614952 82.17515225087699093365
1.96042504115481452942 1.60316758490207500465 3.48814816975278363387 26.85756023717047824562
1.46397171758986477386 1.07348505301348673413 3.25896615474174167204 16.46765915486250619892
2.87435623150228636291 1.50238095105916080740 5.57712707256002637735 92.83684951649119909689
3.24269764477828825733 1.76634693309163948172 3.46560682919324580809 45.26707948557709926263
4.44515363778203820289 1.31597445263525925085 9.16638565433726526521 377.40305500922414694287
2.42665433942537145384 1.21225360244830682177 3.14944202396676509181 26.07925390105004481711
3.97009910754445449754 1.74856698154877276963 5.21920768231713161356 114.77920381348911860186
1.23153542473566002258 1.36584954058455787518 8.87072747793060045751 98.07886350817592813200
4.06452511679247230347 1.02099911455931113835 3.34536619811733615393 47.76704907940442978997
4.13509283720669174045 1.14610531567035800471 6.08892429071786178696 156.09876882837741618459
4.94650360945763800657 1.82383465425285873351 4.92779940362442836488 129.29881789604152686479
3.84573943703782594739 1.92007388328312122994 9.99344703129034073186 391.36160986651583471030
2.90725955432685490010 1.31246792372932397086 3.74652311518424374626 43.56842795802202772393
2.56090070296063299082 1.51622214076279826500 8.20407723589390869279 175.38753018982188791597
1.54137635467634526165 1.72715796680352839942 9.30866891394059337017 135.92242717319160760781
2.38033979393441263994 1.41220238478981596764 8.80897970291583121139 187.13022951940746452237
1.03968459732042850518 1.42465788750199928714 6.50047119334282896830 45.02773816811725993148
4.35383175376574449444 1.27908458890801401964 7.52039847243514270048 249.87776228881219253708
4.97867092772344932428 1.42171920555416964049 8.32241890588011301588 349.98050895139681415458
1.07285572223737046826 1.61677476741117676085 7.12147322420308181989 55.86913011131425577105
3.77772354053300096766 1.05746560970466241258 4.83726366111971550765 90.58644605500519730867
1.76103682109711368042 1.74231654799240320841 6.85269129384315789366 85.50714916494283102111
2.45740880156150653946 1.98481658088544588026 3.81348384932888162524 41.85288894162246720043
1.26737620227876268686 1.79598099593393589757 4.31439085395110488719 25.94579500489520995643
1.00780375143839373564 1.28030014485261389723 8.79054074872636448390 78.71598826698318873696
3.54748346625327437565 1.70795433598856849500 5.97219617337026065229 132.04342957521777179863
2.45409853884274609115 1.07938020492560271535 8.02339934467482507330 159.43172890151222986788
2.79851530675732007580 1.97044692504489815654 5.16479701843116156823 80.75915976569248755368
1.05567263113429898880 1.43448970894288718725 8.16638894472396614788 71.51467182108306985810
3.99084601525857651794 1.75857622219680242992 7.73588410850570884492 245.24879403143512490715
3.67200600079550332211 1.98682355965444967794 4.43169997724923625526 80.68046848635789558557
4.17724116592602356945 1.73721146335553022766 8.10176497205584311700 280.71753335986727506679
4.91522072705788204416 1.66557748504642955112 8.94984537878736929883 400.70800474208397190523
4.01893790817089247014 1.96170475639399644052 9.24494705618958434457 351.49913702069949295037
2.81242521524122324195 1.34606217939050298860 4.12561971943124827789 50.64077116759244745481
4.78095934585263382388 1.82134558027682480486 8.32865131884719644972 339.86428742565897209715
2.65691010040871677944 1.91339472435081647816 7.12131624909906335574 139.88409268817596853296
2.58460914016665199711 1.15546909290758748057 8.99576688599713669703 210.90346398806784122826
1.13389405970346324182 1.41072791442862599531 9.45012062772228489393 102.40968634278800664106
3.64436051057340648640 1.78628585743117973550 5.13410738891176965382 102.46360732946229177287
1.01502229473650107394 1.43186855011273150851 7.24564030153931959433 54.35999038744679978663
4.07461171667866928203 1.72061584475212070444 7.12468671401599706883 213.14084462771555195104
4.05066765091073222038 1.10666182325707840306 7.30098350196768564047 218.44225137574869677337
2.32830406650287224934 1.89979284265925207897 5.92649892172862280404 86.33389672768385025847
1.68514804677180407566 1.07779054638857640924 7.64325557042601655411 99.43886721209020151946
3.14385108658820211502 1.54758369208093959912 7.59456541062257617369 185.21547503960260883105
2.38739479832571666051 1.08050413454859883799 4.31253243689448595433 45.86349079674859297029
3.49896308876995076886 1.53517312398298555465 8.38691704218216926847 250.34807524521215782443
3.28805480063626331955 1.36970296285857262575 4.18540874874697887975 60.95546454450621354226
2.97982712603995869571 1.23832621986442958928 7.42156899139040238111 166.46149423830689784154
4.06569490860430438062 1.47534959771544826879 5.10027745389867614989 110.48362678287362825813
3.83824975533732359878 1.89921296010380102892 5.92770563692693297497 142.37260124646843451046
1.83990735803077365418 1.68746315852944395175 7.05786471305831675238 94.38968058493433943568
3.87424675219321024144 1.34742057555515648559 4.95333659907250378751 98.78172940211781849484
3.02166336542573610302 1.48950975280885322682 8.08139945658132674566 200.78175094514938336943
3.35523673633378205494 1.24466802008859955819 9.66122364094405305934 315.80702463688618308879
3.66094226936843458731 1.13711923710987505842 8.18268830090478971329 247.52518548626221672748
1.17942058845664554667 1.80025975023179540813 8.32175791777999585008 83.65785106978476903805
1.26009760595314901366 1.51039377985589773346 4.54042273966393761242 27.54626207530615289443
3.19935901735517447264 1.34273233159292937344 6.84133787362718237546 152.71269448196815687879
4.34054091442707346005 1.26812134334568282767 5.56208550500981679932 137.91474514747403645742
2.64529369604523267867 1.32045270405030956695 5.10206903188391081017 71.28880988827759779269
2.29909505726230056766 1.43450125837993747169 9.27118695493245148498 200.02737427078449172768
4.48045014682679010320 1.15061453610709207851 6.81682767628914021429 211.23344471509506092843
1.48645445568257272839 1.31344080268562612979 6.24775022801905777214 59.34912069589253746926
4.49086670255104181138 1.42187245861888933440 9.89133035780183078600 443.99051492679200237035
2.64632544028745497755 1.89909433763610846491 4.92333736701584800954 69.52549642728124013047
2.25349903643997873104 1.80532139626088605766 8.24487133698861107689 156.99798267867564049993
4.42337857773818665663 1.28292879215275323901 3.30065260620816358639 52.30223262803177419755
2.46281840844912736088 1.28126939018565999540 3.31658022990026957189 29.37048780266125191929
4.44105247275175152311 1.81266885134125699253 9.86458387700543148924 439.64514634098657097638
4.66916711529806249814 1.77914040829143393907 8.27876232785336974018 327.67091913024466975912
3.80744995911972106128 1.27574026151977637511 4.94389068300615619478 96.32408800720718033972
2.06737104398310922448 1.20585284235615808335 8.63578116578534071834 155.70314961142909737646
4.20734755037135954581 1.06466690301813060593 3.36685044509302588978 50.27286846849313661778
2.29994512858951427603 1.05625828923308051621 3.52021787045177081410 29.87746270422730887617
1.80602428851557705869 1.55272883975825393144 3.69043394000297952928 27.11348399397857278359
2.09555396345963096394 1.00943036540695851855 3.56622774528390351634 27.78760602431671955515
3.82266368944740086988 1.86944207762309266840 7.53975467467735338545 224.31481673626146289280
4.51353481727018213121 1.19948830445692022906 6.00254396328358019730 165.97264095000386419088
2.45390203659506012102 1.35439227001399586925 6.78870241397443763276 115.41189799037300645068
4.46526023290849671810 1.05093544753977430339 5.99558870102072560826 163.03726399244513345366
3.74052994805174154891 1.76759817338593672176 8.90035707521327168479 302.33335469284293139935
3.58292714000323808676 1.40407864619666922223 3.54232057098683661422 48.96982563040645430874
3.14162972623213532231 1.36484346396452038697 7.89400661603095432639 198.76511725343777925445
1.79314188771579896553 1.71383103377935674949 3.54802970914785387180 25.78003698570898905018
2.86346157123727573790 1.57871912076558484905 9.58448912905964434117 266.68721647103819805125
4.70787137501043417842 1.64379041156159289017 7.39907099670134016378 264.34432075557555208434
2.73797852692793641793 1.96909104709440518910 4.12178126322212001753 52.94858321782903232133
2.39961290352279599247 1.04201342700958887733 7.15621507742785478712 124.21139923442207475546
2.44600840188611856618 1.11930226788844588981 6.96738761202022693908 120.30276672419007866210
4.10912029885271579133 1.68893448769429732614 6.16499499817820506564 162.38861143636654560396
1.79116719042262584338 1.46563726384058190533 3.68256182356251571264 26.47787583796946364600
3.79934186736042844856 1.47459474958120817512 6.26987847767856720793 153.66772016333362671503
4.18442101461843662946 1.35459424003491446520 3.08945763026986286448 44.43855250638445397726
2.56643562545719960966 1.80245191051034181484 3.24218233405761946386 32.45542104436437824688
3.88311609888882003361 1.93322083876087180698 4.86180698764857588401 100.03429001429931588518
2.63409566441702169826 1.96820573177827173872 6.29804396942970790008 109.99134499453690239079
1.71913703222633174050 1.57979107492411774416 6.98617944159064485632 86.13661428435950995208
2.19756735869459962629 1.32566243871328759418 8.62564676287535547772 165.46880426385561690950
2.22604225814470657596 1.98903526061723190388 8.43399173836117554970 162.93935486891601271964
3.20979782715106676250 1.71260154098240802156 4.72988253594555363435 77.03608246403580039896
1.24544583304963785153 1.76320512471191603865 9.79837928637806854226 121.55735996349918082160
3.67014718302145137585 1.40503596166009447899 7.90995747090704970361 233.34237805301165735727
1.68322876447086411389 1.04029919231694334414 5.24047508488745350519 47.16445212478646453746
1.21314202846869712005 1.96485589473373334357 6.30669148182885841436 50.77925672037611803944
2.03938134118158220787 1.44534700015780392945 6.66435737325864963054 92.78476745772178446714
3.69629738974408184049 1.53888081064750847915 9.63924512931640009583 347.90382569179303118290
2.93775792590799778026 1.62745905794838185976 4.80477021537373083504 72.08140490451768300773
4.74318303234675120450 1.43358995735995575771 6.40462363186213501365 199.62679065516422838300
3.67257381418889794489 1.34455781149824948884 8.75527117847462754696 284.89991621370791108347
4.44461527769200781535 1.31052903060109571243 6.61758700945248623526 198.57347694550003325276
3.92225681569972550733 1.31100554245302225453 3.06643196328015665841 40.79761105546846522429
2.15473731465712914357 1.77087477061664699818 5.81872645831036905406 76.58723339718231670759
4.55616182491423948875 1.19218109194114818550 6.58010647369274437324 200.59157459523478905794
4.85992862405411329974 1.48763893063919439008 8.38000694404622592515 346.79435511160079386173
1.36981767295877299162 1.19362753995202464097 7.89100398152989157552 86.28862311765878700953
4.56943261209423301494 1.37743776378875271149 4.70470644214145483630 105.77610596206271509345
1.24849667239337147606 1.07458198571351126738 7.06937363126059459262 63.12849711634036253827
3.50641111968379970421 1.59953726028335907472 3.14757053191825164618 40.33523161042955962330
3.12651707357414476718 1.99848325869005938316 6.27879548991670866087 130.01944325695902193729
2.86266316056830216752 1.29560370976688155054 8.69444463475630691107 218.84173436687842695392
2.74176952546733687655 1.48227625547525398986 6.22985644840414920509 109.55738609517267434512
2.84849533589544900991 1.72941091126584156612 9.52465101178949780092 262.78061811360885258182
1.90985771594130016027 1.54401664565062057832 5.60632607111023872903 62.44334278845794727886
3.13748112731009154430 1.04914281280802068608 3.52862904175528857564 40.91581554330259962171
2.31664183174164950429 1.53409712623104321771 4.09164083998856042967 41.83599725932770496684
3.28296150665319874662 1.61929403137221994413 3.20567896780821870450 39.09076249492643739814
2.39124537166157580259 1.24861724140268459671 3.35462893590097976926 28.99313106759327851591
1.45773337225299659536 1.39382712769732197700 4.85123288564161914138 35.81714652981264634946
2.92992970638890826152 1.41200167258803821468 8.94862873071296860417 237.59925135362706782871
4.70458459313393362322 1.29131602530216893499 3.57599491936239566314 64.51412785550067496843
4.65299373831634177634 1.96906581106514599888 9.49677550251493407529 428.96967190077145914984
4.59658908346727201888 1.07674292182920172678 6.85656215861144247015 218.81179451255354706518
2.48105220224673139739 1.63952744720936527401 3.03719212410322469964 27.18820512270279365907
2.24082762471894270107 1.71012550188755763081 5.14039662813238784622 62.78736815852968078389
1.92443356933561426914 1.29676746453473556997 6.50689538975292425249 83.14783695009458597269
4.70822620354341836446 1.22148268818791283508 3.59573266076622966025 64.72294246593580169247
2.51351832105208128354 1.06259836624542014505 4.55729921685118100072 53.68283998296818282370
2.36893569835250294986 1.75293100999952145003 4.02678572804414081077 42.66720562967176988423
3.93929042185530953191 1.85016074519210849125 3.66759723221797573345 61.36941225612469708039
1.08744117982335364303 1.97063147958100781665 7.47531821513408445412 62.99494640405154655127
3.97907327207753525045 1.80639214373666145974 9.33832166608434732780 353.67213234726216342096
2.13507352718758003363 1.81106576684524345211 6.96199755617769078242 107.17559514389310493243
1.32790369695634646874 1.80291998562163513498 5.42727801912017060459 41.46886474838104419405
3.70638968446401362300 1.69490946149832555356 9.21124805181713135482 319.93920463675419796346
1.09725995195791581338 1.77577909596423522132 4.73279358322301035855 26.51505995354515476947
1.85620615823434320646 1.73726720896695319141 5.50179741360820706575 59.21658713613766877870
3.45972198672173947287 1.45649503777925137804 9.24561306320433473616 299.48117900549931391652
3.09919011147600365064 1.37776110178964161790 8.88900031858369743532 247.87598398221371098771
4.11140061351669228173 1.31161247134707958928 5.77456825991870559278 140.77675491464916035511
3.02935032354863897908 1.48051422660625231487 8.58605632590772316348 226.72077616794939558531
3.03638123423331984796 1.71087738429232105730 7.44599996470610570043 172.97380431389356658656
4.68560363420047210070 1.12704519232874122991 3.32689854650980887385 55.12073383968044026915
3.50148268432315523668 1.30946116448485438966 7.95410950144110984183 224.59571665186908262513
4.91756269055497430287 1.43851918408516965542 4.68207089017088229355 113.28092861297193394421
2.29966189679161603365 1.18373859969170491802 8.02348979211301660541 149.68190185128011648885
3.48764977623159966313 1.26322419849657063828 4.61137380467258051198 77.11384311055893192588
4.59834780728950409667 1.80600949231807272888 3.00670761178053247420 51.99520872446211683382
1.03205144976598184314 1.78337245158833335168 4.08727024015069950735 19.16138863760804511571
1.29898641837509964958 1.06714833357455729512 3.80064718747859364711 19.55022082102748370858
3.57175075074666947827 1.48773825214580290854 7.50141859655740983470 205.06035177705439309648
1.66747692388648260930 1.49874890319526921090 3.17625039584740731513 19.08015051402280093384
1.89576407069481778223 1.00456613158386964813 5.70797620250023651778 62.74524338890979890948
3.45219173601574302879 1.53081445859626619210 8.16718012913761093330 234.42568210268922257455
3.48485414500049550668 1.01415299481588183639 7.01274500451916971144 173.20092769827488154988
2.87914285697142524612 1.43120956222586492856 4.18553560065771002030 53.67428909464179298539
4.01285666208039160097 1.66776578146161424954 3.85623566450153454355 66.18310964882294911149
3.53099046268521021830 1.63425441481957012257 9.12293108000155683612 298.70869036987005529227
3.42731753234770719629 1.66236281165816879302 6.99702594038130243348 172.74189358753312717454
3.25063951142431006858 1.50659292103794406614 9.78647120988535590413 315.08614351975461431721
2.98566408628649071488 1.98116571475647118561 6.91466568471165832221 148.99910841923804127873
2.71225617659706985663 1.22794707345626763484 8.69512364849750696294 207.13655059449578743624
1.16210072668439012844 1.24675227459254500673 7.42532726490465933011 64.99572374844235866931
3.86908753257536197623 1.85068646332530484244 8.25570610534589377494 270.59072896727633406044
1.85280107527225279540 1.06371938033933233214 3.88099371258781733474 29.01833523046254015298
3.63063429113263458348 1.99767572202766463541 7.34474962615043835967 203.52866367249643531068
4.12935711435324570573 1.87668359987967159341 7.17978527321466675204 220.53239026543710110673
2.47436397232773463983 1.54828222193318953970 9.38984032989725392326 221.19007230252495332934
2.33644124736476133108 1.76199298549594107755 7.75360513602612311246 144.23677808217232154675
3.53149972228023134591 1.83149710073335003635 8.98484571846838697695 291.20319225323612499778
2.04272837519105321391 1.57930966179246290437 4.00027176839567122357 35.57822745299548472531
4.53046405875434832211 1.67937563518273358376 6.23684744143965730245 182.98565501982187697649
1.23119972269986455160 1.78697601758310331554 4.73237235404843126219 29.77770815817360627875
4.72520452740462282293 1.50860526718746146280 5.86237548085597204306 168.05294005287674963256
4.01405006543547671072 1.46561908765751769401 5.65491174140736418963 132.90268121285086522221
1.55022838915565319695 1.89456142647011671620 7.39039686840878040641 87.59758426684186360944
2.11235258094829791986 1.11695432977174125000 8.96209802735367055959 170.99569526942696029437
3.31633903352796099995 1.18407341564639745357 5.70688284229287212668 110.41088792489568959354
4.82609443065500443026 1.45245453598052121080 3.50677553237011885301 65.20463043569912997555
2.08905915897152727467 1.28632411586250317015 9.03988475209182951176 172.47191027395444962167
4.08923798786321412990 1.74428029952769247934 5.69289994089509221453 139.22468196573677801098
3.33372192643769249543 1.19203252777998902623 4.88685909722848155212 82.09365533900988509686
1.96339480518750164606 1.47385232522296472091 4.30111972953612919923 38.66284846522470530772
4.73629305650831256003 1.66812413734121500752 9.54121608211372773667 437.91222955198333011140
3.72179778177466946687 1.47152286980643554060 7.91854050398908171360 237.50595846355585649690
3.75191832407666581162 1.30438094177412566843 4.44612606561891166024 77.58185328483783393949
1.85969573209710459238 1.18901809064565400220 5.17658181164651320927 51.20326482336295015330
2.05453546862593317002 1.86398502568731516682 6.82430343360957181176 99.46418686548018683879
2.35437455186054478418 1.65385836015032028357 6.07806632684762782048 90.38789774124693110480
3.69022095188441490166 1.25361790049769927791 9.68971824506069623339 349.41382055973900833123
4.56504393618268622390 1.29380809347827518963 4.35169415088603983577 90.54367405900185872270
1.57272564888422650142 1.16602802905284441692 5.16711851900814700400 43.10218467436756384359
1.11173122735988227916 1.17452783037955255097 9.53574172161008348780 101.86579433820567430757
2.21767560794710894001 1.06726913842174431224 7.85886740234015590545 138.24841035046196680014
2.65397101552114778045 1.18515741930440121621 4.28344794810418605380 50.67307914833424575818
1.16594275587111884107 1.60364478481369898688 4.10919088117698905194 21.38302339954854147663
3.34480592397634701740 1.39760612372924986069 8.82241990166395240180 263.67278865611928040380
3.91088289314218862103 1.27543660662801361383 9.12824382763080066638 329.10201266866090463736
3.56703396414604023690 1.78022715573528045319 6.59435733687937286618 161.09576613539661593677
3.41280363440314449264 1.24097549730589262751 5.40040648701421055478 102.26910610076593854956
1.84390596202844436746 1.43064439996637204899 7.68177655665386271977 110.74587342964375125121
3.17792464380383066214 1.11109094954230336327 8.96541100677068314440 257.42161626733741286444
1.50092034736418078467 1.14869473625700768693 8.35569119607036547848 105.79511211897960265560
4.42547439916793994286 1.60024311525401596867 3.55781323782616354379 62.72021920891585011759
4.79022137694281990861 1.88408411962652211358 3.82098883678155498700 80.38928416359765094512
1.44739041998523454424 1.60113900490077698535 8.43444037675734215043 104.87404005273509710605
1.09748085826274310861 1.53095843413416909939 3.87274024916852921407 17.91980522672531250805
1.99135252203208379385 1.24388067981884153923 5.68787566560058177600 66.02220230579281690098
3.98142469760120043532 1.82783567685407888348 3.36323087163229761387 53.65005380198089568466
1.05563974965135409789 1.81536753478082957258 8.97580678966965272991 86.84244355611747323564
2.46221896020893638024 1.08123713687683231655 5.29221654992380408089 70.44667743400452764035
2.24890189617980906789 1.18874540260628069888 6.00583338899647589670 82.75521563922377765721
3.92246706614301166027 1.03325487379493807794 3.24248701865369071129 43.50785041601785252396
2.62945715413659986126 1.60262327218509570415 6.01309379537307187036 98.64206851706624945564
1.16804601887942061111 1.72091340347868593241 9.05763588590524371114 97.60528326246871699823
3.19872766080004433675 1.76146487716521127354 6.42123586723353767525 137.15211639370582474839
3.26433870236142542609 1.43035432400091022664 6.04509329910216308690 122.77560034855990522829
3.97755226857917953964 1.62517392199061383451 4.62699491896765557897 90.95052676816128212067
3.39365063658011045788 1.90207655079255699704 6.69603299943136676120 158.69796503712305479894
1.79017108342146835653 1.71544364637221136149 4.23160222598179203146 35.06625606353047430730
1.58755691297736722944 1.54343225690200225309 7.90146110768031650906 101.06289790044731091712
2.66707446580493545696 1.31703318203373465067 4.74956589568862153072 62.62055380231814893932
1.72477657991649691027 1.42162018455041816445 7.25319362228811836957 92.53322612063645635772
3.09982607552373545801 1.60677255859252321457 7.79607034922448249858 192.53704219525096164034
2.07974517777700684817 1.20845150921492328067 3.89612460794299053646 33.20783606926622155697
4.30288720160150361949 1.33924788796145666225 3.10439071872169947142 45.96526816887408983803
3.61560952008649083567 1.75765049204974310726 8.86951110892354321891 290.18857288215792777919
4.72430391411396932710 1.53465806059244203041 9.86709471665042592292 465.62243633912311224776
3.81448646494256227157 1.92536785367964258242 5.43859289356032693519 120.63880140841128252305
4.26379746834738426742 1.50930462965108214135 5.26123815612783118922 123.20295929042876537096
4.11735405528857967283 1.46512086453875811642 8.34248148138423317732 291.07951643868113933422
1.26373094311107303511 1.43219092954624427350 4.54343079521542669852 27.48831223906604392937
4.35188560691579784390 1.75071414327950947154 9.39253285561344952725 390.77016289425449713235
3.07829336922444163349 1.87486272280218835284 4.37690372124738580339 65.26230431763870853956
2.23215344360192036177 1.27063553916763538609 3.53609445021060597725 29.90836398002460327916
2.31310750649338681129 1.62553458115352422730 5.48843429877824107166 72.95054313033088533302
4.71135611995553205134 1.65132869131252713046 4.70789588989551255338 111.50835993072192309228
2.19402484873364356233 1.90988278636810981936 9.77295983139174140319 213.67285579753482238630
2.07372405862845043956 1.80626056221456554596 4.37955461888093644518 43.66139711785649524245
4.11610573132915114059 1.94741236392568017877 9.61288890601548828840 388.41333916419034721912
4.08276957702241016790 1.81389353176305823112 4.67476302694871925780 96.80710974697039716830
3.90759413788423159986 1.90936329127527892879 8.34922217157697588164 279.81151754336087833508
3.13309745865259925424 1.62445742666928860665 6.01702651275866351455 117.80711672813987433983
3.07563619130199628060 1.67898962197971668431 3.15928017144540351779 36.23938873268173921360
2.10215071134743780590 1.26455789417834396637 9.00516623951812000826 172.17580287115913506568
1.05592642900964239772 1.74880425006929507425 4.42969821949481090684 22.55145926145655010941
3.85697703905634359245 1.36040069942057995078 4.20427434150746659469 72.05185117913339354345
1.86481185688628192665 1.47647910342986521393 7.51053233867042813188 107.28400238893513574112
4.01324288665050321612 1.03895959618868838348 4.86872510697371918553 97.37477383875668124347
4.09025629135078627741 1.48273886887400352386 9.71473814218056119785 390.59894534399626309096
4.65642917840449666045 1.19943905309402287784 5.65557766746977197414 152.40538400946201136321
2.64112969668608776885 1.89612048822503798107 4.15228519889162406287 51.18531693718590247499
1.09749851676661247524 1.26165180484778671754 4.76652866114813988929 25.85717435108898598628
4.96871410350329512084 1.04095999247744375182 3.67515210342569176305 69.97681638792457192721
3.36778671901627912888 1.68670375899807600817 7.30913010813379759867 184.90942895076906893337
3.27738277635209485084 1.58438309819879319384 4.18827776384541827781 62.10604410688991805500
4.25577732917282069991 1.39770956692293024659 6.08997950541567245608 162.16644448457228122606
3.82416054456954324081 1.39670726698098346397 7.35077202876922974895 210.46832266815397360915
4.49949480293055614766 1.09134761967201465716 7.93256067748288451469 285.85123192835368399756
3.06456447508346618847 1.90268801039933022068 9.93778390701365310633 308.35952750309115799610
2.82570880636013344045 1.68711543106249184376 9.37167908213199929435 252.29934918125167087055
1.70934443382171119552 1.21222442574672406579 6.03329902011414276330 63.51661191547912466149
1.66650253821816951572 1.88859648900923371428 7.21446811809929222647 89.87311102610946988989
2.48888023482675313502 1.00375943439297099502 5.98976941573054855183 90.57525252076914057398
3.69879818418530348367 1.01117613840205589071 9.90891134694322062160 365.07800357150489389824
1.19239501980339301923 1.03204154043192652956 7.00941682035205815282 59.23019226185296304266
2.11801494602449125182 1.62141960522956507518 4.39030369326175229361 43.92996225681568489563
2.58196627004685419493 1.52569719920998769780 8.37407118336327016550 184.14259452930684801686
3.05114137594501011463 1.29260024203700019108 8.19844293209673047329 207.67831435497984671201
4.53891707875835681563 1.18893712549969432501 4.79292241894309345440 107.63260111542329866552
4.74226747980845786401 1.53272281596198789444 8.17838651195301125085 322.91285832095996966018
2.13132555522826239169 1.54980007971204858386 6.23269498820144551843 85.47926554025394807468
4.79936134619600451856 1.11486389222720028158 3.17044366303099600657 51.53299752598260852210
1.60488295352441623365 1.35202201017081602430 4.98745543486891396157 41.47397103331330470155
3.49051479328397151747 1.45667173212265010918 9.74857466579028830722 335.48649304715326024962
3.98035864842318520829 1.75883423162628593772 9.30046442391551408946 350.62243679255260531136
1.90263775837702109328 1.02790573544665120309 9.44834352917415642992 170.86491287477650757864
2.17266108703286864312 1.65526140785895137242 9.17748473362395245090 186.04611430425225648833
4.65972329635692616989 1.75000370392241944018 5.47678113201385219355 147.50168940116515159389
1.55433743907126764583 1.89521613896128093835 8.62357836578599901145 118.48685808970931532258
2.97169151400855247047 1.09917778346752292862 5.79889869050848272281 101.77479871011290413207
4.98742566369084183719 1.58215240137710289048 9.25554735656346139194 433.63110141610189884886
4.11005540191644946901 1.51553848786303468898 3.49493325791893472143 55.71329158026991024144
3.17596762700646539912 1.23482206082935697111 7.08316837488861317240 161.82030467143454188772
3.06432429229352409905 1.71628500513744386424 3.20470004257771634570 37.26566153763210564875
3.44405001969490554004 1.26488979151111902155 5.02529553733856815256 89.86802529431437847052
2.97416634434135396248 1.14471490861002767048 5.23822837818389785980 83.62958414183600552860
4.07000954942023973615 1.54643866672472363177 3.92992907468250596281 68.37487726023434220224
4.50663269764497798064 1.60200314476844996037 4.37042447359425523246 92.51911738102916160642
3.78245780231624895151 1.30975011757314785399 5.74412275505473335357 128.17854041904215023351
4.96094378140503255992 1.66562042378139008036 7.62182397037901360193 295.33041098779392541473
1.97306985954821012541 1.43580105855699402539 5.91006614106883620963 71.04558493169982114068
1.30983187300008374621 1.85677585224766472649 7.81127227040556704196 82.27899169990934069574
3.21535294451466047150 1.17224491359678473223 8.65310481158507016630 242.99356617320069062771
1.09652631940384948095 1.11234981044862113464 6.89923407866257853982 52.88592559112118607345
2.97762370171931456397 1.75221489796033891295 9.17011720281105624508 255.09164158695540436383
2.64624663194043563408 1.84565339376610282329 6.74990587613511738851 125.34297226302480510185
4.77811966761543516213 1.80808844650843703050 6.01072168269327722356 181.01134726744686531674
1.58775601268207555705 1.91470732129567888791 6.60406760908947720878 72.35572932427965042734
3.26491379082996990846 1.37377244214968885494 9.21762875413687510218 280.53550367761170036829
4.11023665811566374373 1.09612309957516274039 6.17125470297733258462 159.06503253015338827936
2.50381427335231965259 1.13799517347823453406 8.53573544822948448996 184.06805157992695853864
3.51750759711968585819 1.61775253894165960133 7.24059085661485468677 189.19210658529891588842
1.51188550010604316753 1.94608883217198025406 5.87720423514199641346 55.34502068621398507275
2.13576820333619687986 1.43572981380957176434 4.27597367230038205577 41.45706406282128142493
2.43478941584444275037 1.67335780594911920360 3.16208550135033306105 28.69171115234023261564
2.49405320819869258386 1.56464050678607846656 9.81190245980128494807 243.22338646276978124661
1.81774793616826846332 1.48323421908284469595 5.11188586723747917517 49.63558146236074009039
3.24538076092587779442 1.70277621678929325100 4.10086043148001344605 59.99406664242265918574
2.87459717264808611858 1.08448086846594504706 7.91279610163567248549 181.69985997681692424521
2.19113453950026526584 1.00876126017604939022 4.69363760578379451971 49.42622639526292260825
4.82299707974650981868 1.16025405578533624684 3.30390707921405146763 56.22808542430691858272
2.93688551797446750768 1.45782508789349529721 5.57460516157590824093 94.55789713305148325162
4.91329632532944771128 1.22346916535568284168 8.25906148699915476641 338.88519411594251096176
3.21804363269671700465 1.56925517062731367801 8.30515923307588721514 226.03838597848093172615
4.75289544649824335920 1.54179494402195693681 3.68165578385572711539 70.94410093251742921439
4.97541840789418365887 1.23641042868921635645 7.90812163627354536288 315.02880622793583142993
3.90843624728866734230 1.73271815051656918882 3.79722309435939564537 63.33345067432684061259
3.14967461105634027874 1.02468788647095188082 6.98030459950870518782 155.14757020955067901014
3.92443047391984478622 1.84235799519225951215 7.88434899704877967253 250.90031426971944483739
3.75741713156134604645 1.74037614229295267698 8.21346185945173345999 259.36847126060018808857
4.47403915558502962568 1.05804431534862586339 4.65631480638357331259 99.60843476085322834024
1.58411611867137214205 1.09780733415889741877 3.86277498038619349074 24.65323327349668147690
3.04418768705136866259 1.32795223038373944036 6.22341710475374121359 120.68361956143617419457
3.19805180330092886365 1.68048096540708091773 3.29267996336712487349 40.31888163185102058605
2.68481613396259133353 1.10630593448963354675 6.17835617794144376091 104.16861588414995765106
4.85355720127216727633 1.45863096473900744066 7.76783398941075375888 298.16388536045491264304
4.48453037885531458073 1.70935596300619785382 3.89750189057540374904 75.80154543649304343944
2.29380872967666427087 1.88926210061731980616 3.76211145469238550376 37.54254792134184270935
4.96471414506437014325 1.20346919450801870255 3.37651584230210799475 60.58066956682105796972
1.89090265850443239870 1.94036250652752184642 6.19732894954909330210 76.46841628727440820512
1.82955315709858945539 1.07634276450320331975 6.89490488988734284703 88.05598565134452826442
4.56295579157972674977 1.67165036906974551201 5.85643999975083673348 163.29321074603697638850
4.83862975320996735462 1.84169310449001510932 9.64489107757848351810 458.54568523522510758994
3.65459655139352523889 1.17762679695794725276 8.02570194943808523647 237.97525198756892450547
1.85419057330590719701 1.53425930465344073639 4.34544108481171953429 37.42259541696861901983
4.99147299642415820387 1.68076260570386804005 8.31981604332860946727 352.78023933743696716192
2.43923980357088288073 1.15426078526429343185 9.39163487294505117120 216.79135902946242708822
2.44047975056619748102 1.19699702688880615931 5.56620574501758014208 77.42395889473239378731
4.92306780176018854434 1.32740838199192401348 7.89364397251082472451 311.18592548102981254488
3.48071760548352049369 1.70493720052121489061 9.40655784309885945049 313.17253756156094368635
1.23263418307589667222 1.25965504508810877127 4.47216656653317912173 25.69327345657313443894
1.71897477112812113731 1.99018686334626604406 6.27723917798581965144 71.41854231156638377342
2.11159456230324060755 1.23726149661689244219 8.71410186834310529491 161.98622557474959648971
1.46067652992139151991 1.25859775338364254793 4.49120145159020811576 30.69298210017745276446
1.11812851757949971443 1.09342999826721642975 9.64500954790101516778 104.69018122636182965834
3.80393916720456237712 1.44264842795031711375 6.56546614579320575444 168.07792250041677561967
3.95595002709969856269 1.73487869246274462043 3.46806834681219733341 54.94978447532538723408
1.60700347657560183023 1.67302898182633197344 6.19059138681321030617 63.96610165988905549739
2.29158281813460140697 1.94188947006975065612 5.55271487979524014378 75.41783807152597773893
1.29385395429994387584 1.33799965397748676921 3.47991702244243583664 16.97309039437356403823
2.03306283176252788891 1.14803669510294015232 4.07947649829081271378 35.25949178390276728123
2.71064179464293353305 1.83858792935903547772 5.00828343522740659921 73.09437737577644611520
3.12535208862958358011 1.72959470947401006136 4.44434917178806898619 67.01574498953723946215
2.81692001017036552923 1.68817743875869341608 5.38323572977002839934 85.96881785302703349316
4.33148285020222889585 1.59037917447175480845 4.67328155137127509988 100.60242288063751914251
1.91843742310349485436 1.81178697652750120284 6.26543281781790639684 78.67053083145765413065
1.20369945485083063019 1.15489770981770756286 4.25865151183136525503 22.68034703247255734482
4.84749729887377167614 1.31621591973806362219 6.91218929991193764550 235.92218971571261931786
2.85963656022642886967 1.79916480215472951443 4.10936999814548897803 53.71200959281996745176
2.66248658769020840609 1.57197108968097376547 4.26299180035126923372 52.05390933988310564473
4.30878831396129946540 1.33047751103010503115 5.90069926191099014545 153.98998430874951282021
1.76843901265502045916 1.40612416004187101848 3.99398513374682417876 30.13961314827147930373
3.99299940314927637175 1.17477673410126914888 8.15432921974196034398 268.30586631075203740693
4.57450710796489445897 1.13768467538532891403 3.85503667189918886038 71.15218387042216363625
2.89577545705170891210 1.03433566189965064908 3.23654188596112302179 32.01260572223169020845
2.47001398039112274319 1.21058694031417757309 6.55658072343910447444 108.04037534038799606151
1.97530714445419430803 1.88968561635644594077 6.37532307473811776788 84.06350349230817187163
1.40212314656107306376 1.73649232834108380175 8.46030198968898616840 102.54257523876643176663
2.94349972741097065665 1.86489266627119087971 3.30465517651114293329 38.93773987823871607361
4.73381815829612939694 1.35712258139881081220 9.71988327455748191142 451.65694490405587657733
1.42913956208093617661 1.99935416864183501673 8.05359810503861162090 95.69025983562015369444
2.24647123099524970158 1.44050074444083309189 7.66686821531108453343 134.44387342098806925605
2.67841305862066336729 1.14158602692853428096 4.57847210262051262930 57.97709905693020715489
1.99632940441454609370 1.55689326921171034002 3.03966990496613176376 21.47617780287824373886
1.42465809357673833802 1.13152321884411088959 3.63454200993662190911 19.80376129083090219751
4.03925430476138291880 1.34765932469751037459 8.96842730694183742912 328.61941142413473926354
1.80923056665691728284 1.26307633286201914657 3.21704045547950512329 20.35919130377126151643
3.37810857847389423014 1.92844632251445391447 7.44120029131827021018 193.66746891731241930756
3.53510393395283095685 1.73584028609844431834 8.87771825306479200890 284.09889092565828150327
4.88211688863172188491 1.95995424787452199311 9.23117986155005176840 425.73460429462471665829
4.86990763877477306210 1.74430628061727999167 5.66538276972957532962 164.28800205995361238820
2.39344711784286401368 1.27021627751481780422 8.12514591146658204934 159.97756377550140882704
3.30669982255507521884 1.21096758539432092228 9.10606724427139013756 276.65025488982496426615
2.73156045629176125189 1.08959192400646687204 9.99193805949142621614 274.35186411938906303476
3.51340030498837618822 1.76679165281004912913 6.21129471206444705444 141.38816933610317505554
4.34875673617359748135 1.40392552571503603787 5.54891838650554358736 138.40347451938961853557
3.61939111920187972515 1.03891975025714655700 6.52125834182573971276 155.91244855993937790117
4.02779199502829499124 1.58027228715845113882 4.30519564992719860896 80.25610293815689999519
4.35895970597680015857 1.19991401365550287572 8.54469753297462553121 321.44092640778694658366
4.90716551087021901623 1.96620677985075209548 7.28314044770577329047 270.33395503188211250745
1.42533707369823492428 1.22407698592573543905 5.97486063119994792459 51.98572299994030743164
1.97325006108519307446 1.24831028156573342613 6.45453696365652707101 83.78962025111809452937
1.62563377776934681052 1.05888551101513117558 8.87582644047753355210 128.98911522081607472501
4.21811982427571940946 1.83193082486076597171 3.23329018634520393150 53.51542829022151437357
2.74546585822178101921 1.72413371362544487475 9.06271537972627072577 229.68768087597172211645
1.71641970333693816286 1.34042395132916603018 3.48800920091552413282 22.61924158744594137715
1.78196467388409907073 1.19660026944722197584 9.19152946147456262338 151.84008834640252416648
4.71864476490213746729 1.42930279425745476729 4.09817798955600398614 84.55941690086041262475
4.33870371739737592520 1.68167957789440380978 7.82935542734670519849 272.31317323052957135587
4.00630427677992884128 1.73233036821845631792 6.62546857774102893046 182.20237147334296423651
2.75592612030133254919 1.59423665645414125436 5.28635560470044296721 80.77666894462895186280
3.55145615705026429509 1.34148911672944137763 5.39515838783055468042 106.72667670515882321070
3.10892085336440748833 1.73338859928169242153 7.88119112902113894137 197.95211132336763171224
3.95444238831936045742 1.53858627429047789548 3.08776101668656588473 43.48575081826135146912
3.37725986203605099689 1.80787715332049248040 3.29939463952135803027 43.94997295910959422827
4.03474654672970522995 1.94385674736163194254 4.99496010145219138110 109.28011851092998085733
3.85887804043091797723 1.50863880426437058091 8.61272913351179525421 290.74320679623167507089
2.77656994959923730804 1.74740719493455820555 3.28881645500614006039 35.44998397597750283694
2.91371688242528881219 1.87344012021765182752 5.50877742626147082206 94.02584633702666394584
4.20225566569656550087 1.53242816300149309328 5.67787015658615956681 140.69439731863582210281
4.03538393119051974622 1.22295336286566125317 3.40610987244558227616 50.16165157422593523506
3.62877181036061502439 1.31538955907621035735 8.87371528040357304690 288.93177907579712382358
1.28401579946271260368 1.86261862525119159528 5.86831119445980498028 46.62889283636175008496
2.66592427122131914174 1.70017161580333464599 4.78965541769051306176 65.41857752048939289580
1.67135945090117132850 1.05510560630977190399 5.25929529003415030530 47.18949190276286742574
3.69339244637672248217 1.28464088411524102185 5.80347451456083174293 127.55900872135570978116
3.36729062497928399722 1.19561779780007038099 5.87058006229183959590 118.53366022322600770167
3.43276279944622997320 1.59676305228092951793 3.38899791564485397544 44.69866095475848766228
2.33409566187299777340 1.40445170222824256001 3.91417173044949162630 38.31122333133803437022
4.91044045573083032252 1.46894798468862797236 9.43268436889253081290 442.30530992049045835302
4.10414207736146785521 1.11998373225429359579 6.96514143732010104770 201.73010557639437934085
3.55042807476661526067 1.71252995616913850085 7.97722864177262813712 231.32909894203248768463
1.49030772442604320105 1.82726487643718904508 3.70484209557723431772 23.51477740440118324727
2.38428866699790420469 1.80897797385418379612 6.72658401606607370127 112.00814895677486049408
2.00193479003849406084 1.30865557004776467132 7.25065281687202123351 107.00293683898060237425
3.58975231053977728024 1.77974238971678966337 7.30635395630340500617 197.58249599620532421795
3.62810731956809329191 1.75185720259094113160 6.03400569202150016679 138.04256939043753504848
3.40145753073738354999 1.06408901960227897376 5.33533258986060054951 98.81025363808410588717
4.46959405234252482586 1.05358403877371364921 7.78383780579162820601 273.31967837537774812517
1.23463064748296158513 1.18602256005027451025 4.22185696394154419409 22.92952490542822019393
3.62618045531777521973 1.96569523156225756111 3.93019416774017926741 64.68310663962388673554
3.01389461653170620536 1.01807493859014974724 4.73065570759247933097 69.06661193484063687720
4.52945091644441077960 1.16048007066202085724 9.03392876932975674720 372.74516529753680060821
3.23277823163017163921 1.64658296253871161419 4.78546974982711681434 78.84733436824127750242
2.14082698972949403426 1.30306751253222907749 4.73193374928155918724 49.86359468379099979529
4.36789515279479800824 1.45342485497926743321 5.82930378642470081729 153.26484762995133337427
2.13219966250965509147 1.29022162531326856083 7.54876698538648227554 123.31557731745567707549
4.34785649198864110332 1.01216348259467192605 5.11385960630416924744 115.99801247044567276134
3.01123463256540802035 1.88739924374672085605 8.62375787302922347521 229.50724305985889373005
2.14764052598931476368 1.76838155825284371048 8.09390152918962435535 144.17783241950837691547
3.58460728668120998108 1.94983440455147372106 8.72282329208017515043 279.82488581012898976041
1.93823320690488420937 1.11292558836452837312 3.22830783598514203803 21.51938492075290199068
3.13492863606911864593 1.04329468268221603466 4.84248572738678184635 75.28095381848632428046
4.83938962682631235168 1.85160565147835542987 8.38273991581964850184 348.67773842053946964370
3.52629582796754137419 1.95235754243228099014 8.45322953240323649027 258.98083521962985287246
1.85667138176374413305 1.35579450726197281440 3.08537474499320651944 19.67613460777152667447
1.66156921856543515759 1.18360850402482631338 6.76415470904005289299 77.21438568900344989743
4.68482502521075616642 1.29241936875168672572 4.16746130497735212117 85.58436557377889641884
1.78465442297061827048 1.86715992989943568858 5.99166904148090750937 67.42679698645171981752
4.70521837267800790983 1.11851294419030877769 8.00178387262601020780 304.25541531972299935660
4.30079374233068634226 1.51762671435417484389 5.46326519580693670264 133.62612058917429180838
1.87792306683530352274 1.07812649766034307497 9.58759923009735715027 173.72442416780222629313
1.43327527932020526436 1.76651334983460217565 3.41074675762628265474 19.49154697386099144296
2.69840589958088150624 1.84541016518457401396 9.98434210391448928590 273.71216771411314994111
1.46407012042415374253 1.50277066941106696163 9.61989773419444382796 137.17266489686494423950
2.37237215638408871499 1.07918059720126846557 9.55278432048338288496 217.88728800608936353456
2.27590416164038122915 1.05168121944701464798 8.30715642200769721626 158.33147111532684903068
3.08011217547674931438 1.76802625511915967316 7.88533379856610672221 196.52027845686393447977
4.46575975185660922762 1.55086069882648391882 3.97189238972784197657 76.52612547226230788056
1.46745380924954993418 1.58780584317230233360 8.79004290079780581380 115.27896000667701059683
2.49261737025826413117 1.49749490480474234388 4.53236483770284515060 54.25085102761433830665
1.20218062211015697116 1.63706286133005818328 9.55616324385251303397 111.43069543562106105128
4.26800905810363850890 1.44559856735966318908 8.15118319074231933996 288.14173063252303563786
2.09414881694485366381 1.26354282136165108064 7.56897921220951541699 121.68009469468785255231
2.72211688674394780563 1.34254793249481396700 8.43597026610164846261 196.22189137740460296300
1.37084559245991366438 1.81454057576621474723 8.23680951700930208403 95.34746786090393300128
1.06083488608611009596 1.41918319481868993037 7.23615717673793934495 56.64755005938739174098
4.41062520658868084666 1.76849071484333308923 8.15073941745088248467 300.16865308975525294954
1.07960144191438089933 1.43034253654055443228 5.19189048699417554644 30.27293268805761528029
2.77809841156003045626 1.08778858394400224086 8.24960283604214161812 190.73150656791992219041
1.60550393541627611782 1.32953338848839575093 4.00423188882782987719 27.29069949051798005257
1.70135426821919244489 1.97957775002427949218 6.06981030083521577723 66.30780891965811463251
4.99777442456211851152 1.26925244209363685677 3.92489703660965139065 81.36155805118973205481
3.76146025122256943973 1.71770753572826495592 6.02380133894230151981 142.40126515254954142620
4.50847095468747482983 1.00193658797158002827 6.66993144700793560986 202.87479839516237234420
4.28769216592040258718 1.77907405791146677743 7.92461411559968986751 276.31822206829735932843
4.87118628992712565662 1.01291031673208453689 3.59999147428962640305 65.78805165388676812199
3.19114739685189219287 1.13183633148762741172 4.43619809012957233563 64.95086010408566323804
4.86273414863860153901 1.07460019194890810112 5.93354094765092909824 174.08050443735871226636
3.83256912685327044699 1.22426009034668137332 8.35244978843546981295 270.29239565396756006521
2.53276760945183054829 1.56633810874365675403 4.24619197903754663770 49.13105126269243783099
2.68831860005399958524 1.18591578726827107104 8.95652630816453942941 217.57085339888467956371
3.12836909302045507175 1.81859218868144334458 6.83154961982642383589 151.46665897802768085967
1.19506217429198935420 1.68483770073272332013 5.81301698012354250977 42.19368835697925135264
4.98735281217719350622 1.53986978711072963755 9.63704590879143374593 469.21738526594288032356
3.37519973019096219957 1.48434642076612854922 4.60140871993577604826 75.49912748107827553667
3.67440277384386781989 1.38334770328386547078 6.64898176578004029835 166.07570010332045740142
1.06997111303798186910 1.62947340002119833713 7.44169314732012754376 60.72740794940494168941
3.83099632723892202790 1.98259516801428725685 5.86084413919938018722 139.83669106607803200859
1.86031443284230491031 1.34855536415684262863 8.94834760274758522769 150.68177374540917412560
3.34864221585783461421 1.33691723313608301638 5.54788745769661240104 106.19761859203032372534
4.98476632175775336009 1.69267344172630984644 7.14550073835847854298 261.96945695530399689233
2.80228387871188777680 1.89224013622931441780 5.75087197711291953084 98.14347710570909555372
1.28874273397176342115 1.25484205309052820887 6.24053459584463343646 51.23563675430087727136
1.57650042795397027362 1.54978304847797998534 6.88485830406436249973 76.69649676506242030882
4.85258079166759337397 1.56470399191177778064 3.00042885714127605112 51.19887930096331984942
2.11287451678315285619 1.05545375139779062934 8.99856053969948987969 172.27723142029327618729
1.40838620912925716055 1.86730977590936109145 8.92149499873459816968 114.63693770128926985308
2.21525825102547191392 1.59498708769396912999 7.85413902284611431526 139.56179485370770976260
4.44386225184799066312 1.65549551835076491635 6.95463844016387167102 221.29748989161635108758
1.94857773723608751482 1.92194146593057069161 4.21014364381993821951 38.82014853544972510235
1.03475356749537539258 1.07241556167976481717 5.36141950767060837535 30.35729830842747745123
4.04831849466231208368 1.08694111741735532917 8.92192837279400663419 324.66779324160677333566
2.62405096442386476241 1.11373007044538541166 6.95558163156855080445 128.61129664660322191594
2.15223003778508514827 1.63848874584767778551 7.26179871206059068811 116.49929036371743507061
2.84284195203672851449 1.57480256359698067570 4.18021900534746748690 53.62752691271148108854
2.50153637344464740977 1.27332239463323837469 6.70474255692156084763 114.53748921716298525553
1.19019784408907947082 1.35009876761737634965 6.75284170225061863846 55.39242659659054623944
1.88180629449401903841 1.82757549165532706681 7.83558714846108905761 118.81315399537226085158
1.56439692527853102533 1.16586837773448670497 4.46240658728108385844 32.27287512805993685561
3.41245314856058534758 1.67934140909329698843 6.46386607914686184273 147.64767001597874696017
2.49263157617241315478 1.38085330134119455003 5.16525532933855480167 69.01495964920202652593
1.14492151419505638898 1.57785863287437244651 6.83710000190570710288 55.00522789512410781754
1.38153497352669196729 1.60365055971235692667 8.17027888039222816019 94.05171268837376885585
1.19145500175303586943 1.75912872294758759750 8.73107780059971538833 92.72825706835681103257
3.47746962572906426203 1.41362925664611016607 4.34373021424053451511 69.39032333388162498977
3.37008805188256310714 1.73847244337548856308 9.48005997365898878115 308.09983422436141609069
4.31814675578416640178 1.45745547122674823370 6.96797744825628484477 214.40016998277167203923
1.91972311293213637740 1.78059975422082494845 8.26367922567975554671 134.24832929705462447600
2.39713896577324447890 1.92174686309216857794 4.54797190394150874226 54.70636520382581835520
4.05765513818703205118 1.66882452411092163658 7.95568227923523441092 262.66449153312674980043
4.84773269886232505144 1.03583545239088481438 8.19052559070876640135 327.84105779244276845930
2.69699409461525574372 1.55361858922577233955 9.04009903006170034701 223.73633318190994145880
2.43511083372330094932 1.84949310666019162142 5.45021546412365687218 76.89749085827021701789
3.95898062978554099445 1.54757758922593269268 7.63382962391635011556 235.60319433760156471180
1.06656522743750548088 1.08473542914533904735 4.50306553618974270137 22.28356947107449315126
2.05928468319962831856 1.24440636330778975349 5.65204728047218907250 67.44002676934044870904
2.14815800250981192576 1.64234914108309171255 9.38075024697137749286 192.00010316437226265407
2.57655453071251061559 1.31860077904153660810 9.96288284939778634453 258.01611729036704900864
4.29472817663755179751 1.20600340474994305318 7.81789023723350329220 265.67133476398532820895
1.69737594574597006059 1.41940173729565799476 8.84126972773166031061 134.42419980024590131507
1.35556775011266505970 1.70195254660219452703 3.66535864260272514770 20.56303423071228664298
2.42587258235532088335 1.72315863159116933190 9.46527017143553628387 221.03078546893482325686
4.99473139017425005193 1.72144810056968022849 4.98093204985495496828 132.05505697759835470606
2.70570384794878782131 1.78876079904507578888 5.08724044158887522826 74.80009947991612762053
3.77775513985543431872 1.23926713806948152197 7.23183948260403752784 200.54111363231297104903
4.70963236713387090049 1.56026559265052355840 5.48732896995319752165 147.91614795821786287888
1.68452875919070921285 1.36348496338033253750 3.50023018555870990554 22.40824326419657452902
4.87225236078355194991 1.22778603173454681219 5.24902857998620930857 138.07203292578736864016
4.86300099216993153561 1.39983246782726067359 3.97105733083560563657 81.94636225590777200978
4.98351138410168559290 1.61053376440384354851 3.30112450061995543749 62.21396099856852401899
1.64966887102215897798 1.96071264232768882607 6.55172957841809022739 74.21353768965862229834
3.72944709449018496628 1.09286319854931335271 6.01318693227909939480 137.13477334815999597595
2.85164285160354058490 1.25762648269873178464 8.52040580330857721947 209.31425830294654133468
2.85594739659549201605 1.44676240474546324855 7.58107803455416551230 167.21225687608585985799
4.17354737035506673237 1.28332418941049475336 6.86810224284728843003 200.39913216462420564312
2.60024300061936930462 1.24042793564096198722 4.32868339052710027204 50.85478736936578059158
3.13417391267248390818 1.96626948985316363228 6.14157424768204052157 124.78587709901816538149
3.42139059858735228303 1.75384465819103385620 9.36879928791212179817 305.71502601984070679464
3.72586167102194343315 1.16724948061171307501 7.59116136723708123668 217.28960615693642921542
3.06511930290842693481 1.82492935599137418023 3.37818865271908430614 41.56667259539594283524
1.11089237764118520246 1.66139624784434203342 9.56915967591329064135 103.29182001972095861220
3.11307984709008955804 1.04770558299555749393 3.93616937469559680096 50.03737996550684385966
4.37105220042853126472 1.87857269424215589382 6.25681186326169580525 179.39341511430924924753
2.88589785495154238504 1.33140134814112043316 7.60438887882670488949 169.50019996367632302281
2.80678845582401903513 1.64088728275870510132 8.06342821233986128959 186.39444240413050124516
1.66053315442633708798 1.95052046451336091870 4.46325725413585594481 36.77670856664397547320
2.62381447090364572361 1.00328893419645703844 6.64130715453002373749 117.07207416168205327267
2.25563260152811650983 1.32480256929152728773 5.31013089810913019306 65.68008471178968932236
3.98592814574584997089 1.66445302745357048835 3.99747928119841855477 70.05610384795367906463
4.79688335804163479281 1.88217080278318671382 8.71251950541802600014 372.92790141246268831310
3.50986444262065422350 1.62646888998244598667 6.81980276567832177648 168.09319920047866503410
2.38495824806118505990 1.89312512719583780907 4.99129456556119155408 64.21465170110674591797
1.73031138808568130116 1.64693924047338646766 3.74155143323920569287 26.97702432985224163531
3.43115640055271509112 1.48389196586391203248 4.52092451861077559983 74.24166273952261008162
1.43699050264546102085 1.95387177314573889930 5.83724719076157505526 51.96052684466492621596
3.44903175062518974059 1.22486417986659734680 5.19745597902891631747 95.87087797491187757259
3.57492522547202273842 1.90819144010017982538 6.31423536878989288823 149.52191220671923588270
4.97635787949550767451 1.78814722058487074463 4.50928892523187840879 110.22454853605188418442
2.26507859209185857807 1.08726914114764872110 4.51261848156154954381 47.52553752798239372623
4.11141117186168969511 1.10613672800921358785 6.88784248905955287512 197.62006262607246753760
3.18977877014315325255 1.24874009082307413365 5.44381495701498074880 97.11913212909884407509
4.33205309881657463222 1.05944393156222771424 7.52769008117247651057 247.94855038025332305551
4.10212892040615617617 1.48676450194417641981 6.41185839778572841396 173.37166727879306904470
3.12309579752244159678 1.12096294577837607420 6.33737005412453946462 127.44003558243001350547
1.51473541550397561295 1.62795569277439189371 3.61882277716957156954 22.21115935504078464646
4.39795340274462098762 1.14882021919706711621 7.75493592689640376392 267.43949819461744255022
1.56607698754451574175 1.19730487283666353626 3.16994616939801465705 16.99576161119698269886
4.76333537347248636706 1.30980750751623253869 7.69823981876107499289 286.46593841177474359938
3.91361168960452809884 1.76223934123319558864 8.85676757296615946302 313.25626337222485062739
2.18336917733929336549 1.76934337728344703855 6.82742460042896581740 105.37495708406419225867
4.73466928075408866050 1.58073230414156573609 7.17391109087761780216 249.80955023660922620365
2.69084060703978833473 1.17518060635524634883 9.49058346716701883850 244.24691011953504471421
4.21331833791398224776 1.37933142808948305813 4.70744443159752012917 97.65336053929621584757
2.58391796681196828089 1.51157676986875744163 7.03353585386372248678 130.88634824424019598155
4.89136359768246631319 1.28427844295934079355 7.43963410466403285426 274.85424538017105078325
4.58710945220623500518 1.02307321571687581674 8.54881074478407931849 337.66260343992155412707
3.87324796951062122474 1.92749719744647940445 8.29172155899017582215 273.79646867757361405893
4.67899312804126843446 1.43878826024240202841 4.00098104680339972106 80.27045899838769571488
2.27799130887840828308 1.63869048429009067647 3.15082043222278862515 26.47785996554177145867
1.17244521731883022397 1.85928630432228825242 4.27867900273798351662 23.83176893201564539027
1.28276410040095756315 1.38925489004181335062 6.52997200571876401654 55.97930591532364985596
1.13133998524896872695 1.71786743771967298500 7.24340486543238171180 61.10114076032444074826
2.28682023977200765685 1.79592549325097872170 8.92386601941851509423 185.91564943223937689254
4.12731395364200537301 1.57977742242581076226 6.90738494637133282339 202.28380671155008485584
4.08379073115276369776 1.65626691656771107830 8.53769216819268450536 303.44103680964400382436
2.92748105442437767110 1.75839454128563743573 6.32095082178454159560 121.77247235646701994938
1.40681907554472607202 1.94093555028139208574 9.17547806281148758956 121.18153988481685701117
2.97684775203621132533 1.17391910804966936865 6.84887458609367794082 141.73275304274562813589
4.86763545578776124501 1.30058928240994031711 8.57243144850396632251 361.89523254933050111504
1.04717058531286522083 1.06021056744590280729 8.96701008438473223805 84.79490531991999091588
2.23057730010564014833 1.51422632149331559681 8.92742829111731595049 180.38848515302760233681
1.99416549852549485067 1.58212389590295421371 8.98220367611180847689 163.44467042829532488213
1.90726686614282270327 1.63408578439198937104 7.04584182992149976599 97.33812487020121295700
3.34503480913847006661 1.68432881055884187127 3.59812570593279268394 49.00764476650193302021
3.67238915977728730411 1.27928054101666033304 5.71596331242361799241 123.10802860868771801961
1.85976246922203714007 1.69528549308426512710 7.00604075860906760909 94.08157677120634332368
4.92600755461414596681 1.95399777001491825601 5.90373070879779682230 181.94591826009656188035
3.59525817501394806541 1.05855933829536352775 6.00149603869442493931 131.55642876040852229380
1.50876966497722841964 1.56949218172733084842 3.55806713358047055351 21.28330305639251207594
4.31500324355073949789 1.91538391502875748884 7.99479608366615313031 284.07416193500506551572
3.70625503861127336691 1.66996942515376978200 7.32497172575147104112 204.23849566242512310055
2.21573611477546794646 1.65571317422455210888 9.51078838528771441929 203.53254042284385150197
1.95887583781335461452 1.32119546944527677113 4.63959822034281099690 43.98771840791321352526
4.41659975668485937916 1.13581750635786704606 6.94812329164504660639 216.12489906944890094564
2.00498889319320960922 1.94606464837305370708 8.86125062227250559488 161.37497504887494415016
2.05627300926745659737 1.46309185491727244965 5.81617186939269359414 71.87045886268998629021
4.26237682655476213256 1.89132748041537057659 8.76584078145678802230 335.42133765387126231872
1.31094846105361595434 1.00116629314151972530 9.02193349181511727863 107.36815718357350135648
3.36457723685484832998 1.50588925569196319110 8.54296315535611761049 249.46051383044951421653
1.82251911865159010873 1.92699488309951671994 5.79353257544407895807 64.86610825080559550315
2.08572890427902146726 1.01607763688364105548 3.78910350012658270202 31.08389424190768934864
4.66467639863380867382 1.55245924444996985514 6.71103282247042010056 215.94491785958982177362
2.86045686271282617597 1.71544615831980529208 9.85111154424334500845 281.89833397475723586467
3.22008909786852770551 1.00896074294418136574 4.42387491996183257470 64.72517382586474354866
4.11874151287266698773 1.93622250996338962636 3.02610883751058157287 49.07775480021201985892
1.07546517900624039044 1.16419652729581235562 3.31452394556891327682 12.61916331550638936676
1.32397333904338232458 1.26767374394388321335 4.96234385116041210040 33.72153474928095562291
4.27166750807346673469 1.49889043921800491077 7.90232858020016948331 271.68395959266757699879
4.18376936689837108929 1.12535256202576761098 8.88603794639304744862 333.03891761883795652466
3.28940489394322277406 1.23821863103100326953 4.97950980739349002846 84.20744310347939176609
2.12337649279365070498 1.39086003092789289859 4.05541926101728389398 37.17676874516356377853
3.47656896876115562023 1.45868025518241628546 5.23754844522877860413 99.29765622648207568091
2.67452030745986713001 1.60887265933556289355 5.36976069876291539629 80.83143749546617584656
4.47662434382760121565 1.37357494795269330368 6.18551304716917194071 175.66414147350957364324
4.10311499837985760308 1.66455232842212108579 4.81076371955654646939 101.21184357739785752983
3.16741601675074901934 1.40239019065056735869 9.03033837940225936336 261.46548031073609763553
3.83223136947126752361 1.37633520357357475028 9.70951233764074927990 364.96752107319713331890
4.72210557460279289899 1.78890565487092789709 7.37152567453418594567 264.50314731196601769625
4.99853089301767905539 1.34791002689893280042 7.29524109884403948456 270.68501727438973603057
2.04163869080835036485 1.40317234387883482682 7.98107196292709986096 132.10501171822110677567
3.05424512656570978919 1.58744946458669011768 3.67609083803150182845 45.76059665164962098061
3.40919862974447429593 1.93453937085176663757 5.06910871871082235884 94.77548668563255773734
4.82877000388861610247 1.98474982000664912363 6.16265946405265374608 193.70986675264776977201
3.59283893555610145398 1.64644292234952849263 9.10734002269854236999 302.99554566008043821057
4.25700575749427123640 1.15936648687118437628 5.95308843493024575366 153.81017160059963089225
1.72230649621018327977 1.43912878289019596778 3.78033162111722731424 26.61753367064687481047
4.49408895158942556236 1.90000731726638472097 3.10946011349184292527 54.89166382010606781705
1.98391574471817655478 1.65237446732174619868 6.00382638335836649190 74.38473934256572306367
1.91416189828163663122 1.19531466922106321960 3.38852366401304294641 23.48851609562383302432
2.75725624915473321863 1.34287044123257137684 8.77485953850547240052 214.83427734073191572861
2.63233977694120335755 1.79596579423322699753 6.57990682061602427666 118.46586680186021567351
3.85077011956247439173 1.41482496441389127284 9.01282444385242698104 316.72875097761374263428
2.44635298345161933398 1.40880918620755091197 4.72576989164680849598 57.23666049269187539039
3.73071779894165622693 1.93903906505042344932 7.68195080345094005736 227.52599078689542011489
3.24050266742766090999 1.14552350822218018678 7.48433606022224573451 183.68191730193237276580
3.45880799442205200123 1.76638039288011428063 4.73726703269452009692 83.65434766054222848197
3.99607913736593856058 1.93438288419955406461 3.69204959873576799012 63.95166268867304637524
4.39926861426938309307 1.34260899543154499369 4.25593146031100744153 83.97164609902600318492
4.34215107321202431478 1.60751343184010941911 6.85181245939784311361 209.70545609901773786987
2.24730445051843830129 1.07144980169931636205 8.39388948741570928291 159.64512397354059203280
2.64703930090274708320 1.08273122453708214863 3.69724026181896281429 37.84301099231572607096
1.92792179158252174886 1.19320467703716204255 9.54207976609610497576 176.92849388271099542180
4.89617750002434792833 1.03138838048456715768 5.77830120705154293148 166.14542918839032381584
4.41359630224062993165 1.89762702752893064329 3.48689689102490563144 63.96426938966580166834
2.45037948020686258133 1.76656405751128797732 4.99547522986930303546 65.37276930900809190916
1.94505059602149898978 1.11009833769844945550 8.52374577210341044520 142.53010184713875219131
1.83456558090148380558 1.42005118331040525170 3.54014734322798352295 25.09978180393083491140
4.71743238440705425774 1.55299777258432536442 4.87880737596307056947 118.44904628262585788434
2.51786864492428996698 1.23180464363074193557 5.06573585654743929751 66.61208818985720370165
2.97978768650471304014 1.94416053927024146120 8.48752097484319634191 220.52118689888101243923
4.60223053116850344679 1.35882726025346123322 8.47812533370398924149 335.13438524091526460325
2.39953935458696809846 1.13774604593741468506 4.08662052851360257932 41.72303087173440871993
3.38486859465909439848 1.86721539573905959131 5.58989340759143260584 112.21202918872538134565
4.04936457157680251839 1.58514965329842438813 4.02919902861656353821 71.50532127337649512810
4.18703907954826792803 1.39867394998037486431 7.07901572568443437916 214.04232236600302030638
2.93541644888045283324 1.34340848848422833584 6.48031106313274651853 126.00854038351279484687
4.12149694078247996742 1.84253347421601576528 6.74856923087406990192 195.11932920006981362349
3.97517583697155174605 1.56128015859249247299 3.59256390645565470976 56.96641860151382275035
3.12119494650564721638 1.05383628015803743061 5.63417543910849527578 100.85900095407561138927
3.42501989834913000976 1.60133396561862317853 5.91283980445679180349 124.39311152938019233716
1.43809742729698353259 1.75747475303053524165 8.82777546565411697088 114.35960256947991808829
3.20854345825174114282 1.41832533016844530849 8.61852448315260133427 241.62157881819828730841
1.99044859873621193813 1.07897341076476638300 7.94539188272320195949 126.83043052814859663613
4.61213622163204028936 1.52857881680927754076 9.02564850693176801144 381.22237198272046043712
4.96895504644621599510 1.18883539923601855293 7.43219167842944550273 278.05275910066336564341
4.00453970567039441164 1.38693287604634085675 8.74876417205179812697 310.43665354565791858477
2.79909105130307489517 1.80949249664088185341 8.40247653068413669075 202.36863094229315152006
