2.59789627652367904886 1.07852292715233688547 1.26397976949155999016 1.03888439034897817059 0.02545014748568237214
1.45758947994511922630 2.39553853019898177479 2.49477797357208430640 1.76973206050864773076 -0.03404294534280868229
2.77281707484708128675 1.26694927542604185433 2.19183016354751902810 1.14034444955308811309 -0.03481052299050839405
1.50808070636789581798 2.16258055740597843197 2.56715463797907084142 1.10883584156060166492 -0.11454259835762878317
1.37460371692892913131 2.78942165217059123705 2.31035642883112180002 2.52751880278330975926 -0.01493851009528383150
2.96295958559208605365 2.50916460800874308035 1.36287601720555429097 2.61568285062676597619 0.00228174396169877241
1.95457108141941282575 1.05483984963317478645 1.27155945284208771184 1.68888429241773141420 0.00753389987975779888
2.39969352593357321268 1.79712772740502257918 2.69301180832498143758 1.69082389341284256012 -0.01445344724223126404
2.63433061789856814983 2.78691690553761084459 1.89189429343381698700 1.86405629026799424253 -0.01167757094292067900
1.14761602784194605142 2.96590065845233041841 2.08386301368366044784 2.97501994557904314576 -0.01002054215243713964
1.31724948611439218737 1.06491412685283548534 1.14542837260360830243 2.86981334351753236689 0.00306937258412886020
1.41190411455999909052 2.69235480717730535360 1.59669294422994600957 1.49144027717499016994 -0.00355197362380243889
2.46119733339566382213 1.03857997268733215357 1.81593374041223443172 1.71944123496539980067 -0.00466565260047832348
2.37309981345825526944 2.45146351917962723732 1.79955227444846754814 2.26640967004255555750 -0.00467864348805084509
2.46317333246888914289 2.20587275245941683011 1.52823872192373122481 2.09240200210367621736 0.00099200568702888692
2.73873741969325168455 1.92235028907585148161 2.84223255771068661346 2.93519540126828726301 -0.00186729299354578514
2.10336317251183846366 2.70645259312749564273 1.11976157687556576725 2.11085362077750460230 0.01281291527248072486
1.01306256852587606154 1.12909643101259637987 1.66116704405030501945 2.55861013848049401176 -0.00142775735483231022
1.55262871341502028955 2.63678051944912228421 2.14971361753432699260 1.12791537047329692989 -0.12939677506182734046
2.05504795601882506162 1.25988531459498642739 2.52478357944259812484 2.22647698077072053735 -0.00625699879034477199
1.38384582079000106880 2.70919613698837302707 2.22169889853140789526 1.99220347566778777093 -0.02849232435644029685
1.02492402802937010442 1.69355168468273076243 2.83091898252981488682 2.83412987236073021791 -0.00504370657702010727
1.75137784678057317755 1.49311145780692178242 1.76482685265933447738 2.96546229459944976625 -0.00147659432822901527
2.79552326392604033600 1.75330193383148857933 2.73073526697824675580 1.07694777072147962471 -0.04389234348778574962
1.93737791591747887665 1.47048586176755113897 2.50666058965058269337 1.24535234790184978770 -0.04480042113284610217
2.28452939680732880490 1.81281413905083721438 1.10512791042637981143 1.69229847600513338968 0.01568223393944081362
1.67663142513366514308 2.07154752713690903931 1.85927643419088362009 1.28607388417355483767 -0.03781975988965538549
1.12862398235409355784 1.51880277156798171312 1.08843961939230893243 2.45218692938959259564 0.00895332200462634585
1.61945491072530867172 2.50323958768133891795 2.53440989816304718119 2.58003860286498376553 -0.01006803257538978202
2.99559001462006069261 1.76097227113213983252 2.83762560744369851662 2.67649245556122572509 -0.00209035995831159454
1.67940420222178654619 2.61571467627675158241 1.37503162067207407304 2.30169993025842156698 0.00581810652386337019
2.05439840087822211956 1.28060518401166056890 1.30997093264126607259 1.65097170285379091226 0.00823937897586722416
2.25366478734853448174 2.87169810022407112626 2.07996234448819183882 1.80805465319541247560 -0.02190509273054980915
1.71925284875255490746 2.35136836599848919604 2.40876613248811910495 2.18936151249637500626 -0.01547051791338900813
1.62729111979961804657 2.22938402273820379662 1.55416050319104925848 1.81942033989986118314 0.00090322522983863945
2.35349361276453272751 2.79902206033502087834 2.02534489134706330304 2.57591675462941216423 -0.00655282104139895925
1.08848073579016224599 1.98966512397773342968 2.24079257529136999239 2.35809823680885299879 -0.01619881511033252619
1.07082787540435542262 2.83281857733297659507 2.75983143109355300027 1.48809878452754662526 -0.06626111996869719911
1.25341538136817542970 2.35469775687888116522 2.43079033600231220191 2.20755366628316274102 -0.02061277198597021368
1.88802704403318966087 2.21231292814581248507 2.83511279904918023220 1.07039901371417611742 -0.06561001245922942759
1.96673624750172271192 2.11978418734372286991 2.06308902303122909672 1.71665579956108826920 -0.02118578496232714423
2.65974110106361028016 2.95153463007189253986 2.35941548873128947861 2.08562100202266798021 -0.01460073530135484569
1.77838336864218327094 2.61683722324479628440 2.68474384814664590593 1.96105680306723995088 -0.01843996077059386479
1.80212834679529421145 2.65652756897262865010 2.75551774795586146283 2.24016928198189457788 -0.01091998138193653149
2.11081404705245478937 1.89955805079619088893 2.84209434313435593822 2.42487739950673075739 -0.00424766773564992910
2.69538833559236179482 2.89708596484211344801 2.75574493897150007982 1.71942135306736765266 -0.01760054698361033371
2.72907468431740429793 2.49670507682600106847 2.13370958217923867295 2.59937263723246614333 -0.00561221502358516273
1.89147905090205825651 1.45865686215707612838 1.79057542574030326143 1.40711334740516735842 -0.01406001669662963229
1.97525991930113220540 1.76532762785492058910 2.84038512911692642149 2.36591081847081330380 -0.00456446646127428059
2.29837432526533635979 1.41761025278520347292 2.50857874078797937756 2.07250855734554484400 -0.00788930629359482771
1.34469108202635423410 2.06414522068284966849 2.25922820943967295193 1.00950792351882445708 -0.17476374322590051968
1.07576911837988431486 1.02943007020025389942 1.37000014502310385467 1.17145103406251305245 0.02777379429073248765
2.55846385209042104236 1.34015090905430711565 1.86711536774139541528 1.86333543395305545332 -0.00539815879261980672
1.91850293702352758807 2.71804538832599495990 1.68434243148375695220 1.46806389636481005034 -0.01203382606107920860
2.23594551343689218470 2.71882144016112192730 2.57503538491375127961 1.96872441947684873043 -0.01722852197217258560
1.90686535115752575642 1.37040627261966929673 1.42518707557192580992 1.19033016915355527310 0.01460398155120088727
2.77889888049056565933 1.97723107711014245425 1.98129687430249012969 2.07283652684251462617 -0.00697879108735726533
1.48379893434162024590 1.45502041776444057675 2.19235546656993829373 2.34782757598947267041 -0.00856310962518493438
2.55155757007275596493 1.24382506912199031213 1.63893292545427970985 1.13207449376837709920 -0.00544848495056514479
2.56288300095713017512 1.96896738135460358521 2.00953887908504746918 1.23294462097378376697 -0.03763244863724647671
1.87443697722537838679 2.88480654572540773373 2.40735855431979839381 2.34955780904400590714 -0.01408935474249360317
2.62172039294225456274 2.54448602817363589423 2.73156489549856651422 2.70014572909584060767 -0.00430288742808657056
1.37780540418820640625 1.62107271237986161339 2.21414142911932820823 1.41679212252281838680 -0.04740337830806493763
1.11538474064876291791 2.76711679415854572284 1.53782541732961552938 2.93254162223330450132 0.00077374484146640788
2.21480892244422022941 2.03412670612640678058 2.54035942373948975259 1.87483923525910878283 -0.01551958437087423703
2.43938685654271747438 2.99122939739330551134 1.66840732928630930409 1.09556047011433976834 -0.02159275309014628552
1.35875090437225232165 1.17172209578111474748 2.83496550326256535612 1.38541365830836027406 -0.02227907220607784275
2.00547874918066293404 1.79010631891965199536 2.54448211140428837140 2.32837407328318857225 -0.00784935401819657035
2.66124966763083570243 1.92361182960646104334 2.98951160601985943543 2.10082319465060329833 -0.00278697191739268359
2.92299250165679946889 2.00411646228536177716 1.26784944816730704709 1.17033751006714448195 0.02907600200151473982
2.17772812442808838540 1.14827725076064868226 2.58572898753962832075 1.00463675365533644523 -0.05564560316425497949
2.40094152648556757867 1.22448148376779930580 1.54889361884405230008 2.76768791592551499647 0.00012574466982024360
2.06365678321635215298 1.35369303805126639517 2.55224826126039072705 1.94988620779661681048 -0.00976018362209668186
1.21568550217928739166 1.34363512339398827322 1.79188977132619409183 2.54412587254092059652 -0.00342835115657270798
2.49922160566074591515 1.62739537663277200608 1.68086153132472038152 1.29379603130606191108 -0.00783680709653719956
2.74699654574613738589 2.08526435966479262163 2.06902547837814232423 1.74170806226654240056 -0.01439812635779149849
1.63097280390091148305 1.39624620585755820912 2.36646467401631621641 1.86609645309994021112 -0.01572181918252207183
2.57832054109309272150 2.35596639962344367447 2.34064447418763865727 1.25603810817438410474 -0.05501676741383811770
2.50780053785412704315 1.00621209161379665531 2.04812869793865104384 1.76632728285078499653 -0.00709281202319997535
2.95472056921747938674 2.44587653459991649640 2.11602660123795605074 2.17675611460850237933 -0.00849601703841588486
2.93295224384903274739 1.61532410453189756439 1.80040973736978049402 2.53943245662348626723 -0.00177942580588573277
2.90136547827717095061 2.47276052483552000183 1.58753153429696114429 2.93597111120253728700 -0.00013451963718396875
2.32479655530812889808 2.80171496876649994690 2.65926753841905494369 2.59810197003865184229 -0.00674130873300617713
1.98737256325777922328 2.94475001296050509225 2.73897170175623516641 2.98844932790632089592 -0.00477801030456851024
1.26236560578685796941 1.67735884008084279451 2.21905965927852477648 1.58363262968837492650 -0.03844282116785369824
2.68137110455896721106 2.83545390615248926736 2.23657646893524741927 2.75423746307477435025 -0.00586940860450701953
2.23695656666889064468 2.71265441879429669569 1.52373095255050849950 2.60768314840330761584 0.00076726223540263499
2.28127840718316665658 1.90398380532637756524 1.68302945822967386924 2.02970764218293453496 -0.00265194083359834073
1.63650428584411100630 2.00712876500945469616 2.17947679934138260904 2.01531970234125079600 -0.01678023560284646123
2.15300288055803479281 1.34312886134505493629 2.45401228624385536747 2.69481087703177513148 -0.00373254532829309050
1.50537833157823119912 1.45816690291941042368 1.66893528572090055206 2.34402831514789333767 -0.00175078867616663362
2.41804534653527092303 1.94506444752726115333 2.93672411264940436126 2.14886666917476976124 -0.00385484739002537203
2.17734547581205273303 1.58679947251622022186 2.76699362932468106990 1.39894632308143340715 -0.02163979122963646459
2.72315678801109228857 1.46815412798101596614 2.11147618188482333323 2.08687420293004244343 -0.00624963218037211370
1.49275362483533236002 1.46614771435111035380 1.14889999880055815318 2.52166990821206571383 0.00546292515333546714
2.25957807187881565270 2.26838902016894383706 1.61982457339357077686 2.46832987074539467187 -0.00078008540977580587
1.32966902538291265046 1.35408787553068465925 1.02800588254676172895 2.32823430749424886699 0.00851998930429779221
1.90787221610536938954 2.37535839670413295721 2.95568010845252393537 1.83165556051345901345 -0.00878647839842331725
1.15394369800390217407 1.63254679318190132342 2.45549818601169578258 1.80686235228050162682 -0.02806499354493857679
1.87950404368244261555 2.09096181493513766370 2.19828912218445271520 1.57911779191365564401 -0.03205629177027291554
1.04595361114934459756 2.82857836421979280672 1.62479161667904792310 2.62373633066046796358 -0.00192627391134859473
2.74389872000392021079 2.77122140867468269576 1.51371233546484851296 2.27385978276629163730 0.00116813749110178259
2.60709945630621220403 1.08183707528284944743 2.76439677339696610048 1.39730229705752484470 -0.01243389495451159045
2.96847354431612764358 2.42575151574846081814 1.08322283992634327277 1.06893263214774325576 0.06610902200607557400
2.68226473843528134822 2.85524372672702142495 1.97366976845693353759 1.05936950269003760106 -0.07709486341271061527
1.22624333659541218111 2.90635785601337914841 2.07570703820451996080 2.45948807635168176233 -0.01610156612284202940
1.91161339215841841188 1.98122781384713042563 1.43662582958032825076 2.72839754271335532820 0.00161493565311627576
2.04638950161858446108 1.80298596058812199416 2.46187538384391890744 1.99867645319395337289 -0.01287905679992105111
1.16848250243135454163 1.91147581611663808232 1.76323034264727462883 1.61307352031057882336 -0.01746635859823538264
1.81648597413325574301 2.53306695012621130303 1.30433835802520925462 2.19823142377099012279 0.00796122208025377975
1.18772221277190226374 2.59637995280758282490 1.99482502783141524283 2.12532605864648349581 -0.02038532004413936422
1.39461533153586469957 2.10254656032013187428 1.77334547999734160051 1.66876966117201019912 -0.01526159313449622704
1.42779436248432700651 2.20888834212843354621 2.99926549033357492391 1.83073744827092399490 -0.00845177948268352811
2.68431644357502907638 2.32676074447944181145 1.49558438290673700877 1.66292200492685560143 0.00337179778188269634
1.10783813861997737504 1.45099428464055835164 2.53227062275370062849 1.55104700777026804914 -0.03932706225742251677
2.43681860923702853228 2.73435316875934919523 2.31853136345121590978 2.47103367360477577108 -0.00885204348188421350
2.63360100621629955597 1.93217034788394848022 1.16095040705087715338 2.40385459946663893049 0.00460820015797803583
2.68172302386040195543 2.08792470551939812751 2.82058708276886038746 1.34977286577136323942 -0.02263014609442116215
1.45865848608006865028 1.96639994385140792765 2.13586949703899664499 1.69975764945552954011 -0.02963705156835819143
1.43906352712087493018 1.59249102565018030297 2.00014507638758232133 1.21718697460273705957 -0.05544953294519690268
2.61502102551347492820 2.85287059648319551997 2.97538336655970647726 2.27439791249408562734 -0.00361198669389514422
2.96548525328390955025 2.38368385353459899534 2.08142892946224566941 2.95970016682083336690 -0.00315589679075275586
1.73911934836164916440 1.49952787350590921456 1.36567778711812293224 2.85120721703015167492 0.00177094259026322866
1.33523829339803401517 1.29362014830772453777 2.19339000040574472195 2.65032182655395143200 -0.00588562574881147573
1.68640199424527215122 1.55693870652410404354 1.90993329227611363663 1.59670788143302289086 -0.01698613147666612824
1.85995211306109653471 1.32069118827618958711 1.28576252147123759606 1.09755876117998441011 0.03459721267377916659
1.22032406901673451394 1.96285279775130616642 1.39912929594376889142 1.97094064365455978738 0.00844158720302420548
1.39578585750799799570 1.44963311960603880024 1.32636353380858063034 1.08916032587728528469 0.04506051524651604606
2.97633354926527093909 1.93666531306537992307 2.99299089083108293963 1.89374949557789062915 -0.00334910120016943110
1.73286226138788501672 2.64255885723864603065 1.02436556991383720394 2.60029269485525071914 0.00919310468973420086
1.59897373811739207383 1.49120759400193714228 1.50794227255564927681 2.88823673250505974508 0.00057929352350115566
1.45415470018111547823 2.30511764643864669466 1.69990347172998212955 2.24169463062824281252 -0.00428921638012172857
2.59122366857872998835 2.28676789543908753899 2.80590590924123750582 2.29834887593598402589 -0.00539739712710844526
1.68659018468635868437 1.24339841789217464552 1.48642639388117547838 2.72763517421169421340 0.00072824594522757338
1.85953924632632561220 2.11136075283938318137 2.04179878589035634917 2.23423087151126509298 -0.00982794476769614442
1.58354628301167488225 2.26344824214724216205 1.90693798774503053828 1.08986033031569151674 -0.08208034973578264004
1.24242635954050251179 2.37626100373065440863 2.94951009818276421726 2.52850273495354560538 -0.00529294115325209223
1.57623982236086113140 2.69069798824377492963 2.54672806382617356036 2.96987193962331108565 -0.00722078468459818289
1.12548654301000761180 2.89892353735440710949 2.76337334658038624724 1.28556169023721200695 -0.09931975683065442928
1.04475228800033392851 1.05395950807156402185 2.71403659551948361894 2.03151311912904875001 -0.01083865763885130673
1.13772118816214851122 1.98427618224441770778 1.74496559224000979960 2.06993009327000265785 -0.00801241593847866994
2.18650259324967555230 2.17530716711171079325 2.08564887216771044365 2.64803981739459359801 -0.00548193434074763664
1.02444939015182745479 1.34585816790946433130 1.14345095660688733652 2.82062316457376649481 0.00527154840217537550
1.64259278449655421461 1.69110370074784199801 2.40836824579341213237 2.64707007461973908846 -0.00658956459138481353
2.43894767115595056950 2.27239711335406857629 1.02741014964339916204 1.37554271020742535647 0.03782228364778232599
1.00857122496242812559 1.92107717226993113258 2.62801500098901419378 1.77459856940292115546 -0.03481827695379427490
2.49903263138616171801 1.94130501184311876628 2.49211422362280643483 2.13737837841590483379 -0.00914767930193628558
2.05473288094630079925 1.93304911191011097316 2.24594663997249632814 2.69786911844348553657 -0.00558036064893372655
2.13618172476343382016 1.70116880606755760397 2.41007928822956518644 1.33092133846366578176 -0.04008727531780739012
1.09793861961767080793 2.16549135541171100527 2.68528527525909765927 1.86091808315675821817 -0.02890098251696334233
2.81376781514439633369 1.74409757124477016177 2.74247948053201495711 2.14799694996723555818 -0.00534623789184362607
1.68400470460680073970 2.01350987048905682997 2.05125328052304967130 2.27662080794857146770 -0.00991477432083173044
2.85524904577243887616 2.88941971475993542029 1.60850922925577521916 1.44341132824723072936 -0.00302681440024192691
1.77870673542918789067 2.30170041670881753149 2.23787280872046112634 2.32112544201911941144 -0.01200755328775756497
1.55636233344385344068 1.11197755037503420716 1.56377349037589619130 1.55096253147322959975 0.00032106358661378751
1.03410738604537222329 2.31050071384657673690 2.60318239653617089502 2.04320198682773135346 -0.02752928968350126099
2.94259229002956956833 1.70492103335127209718 1.67637307847188909982 1.04662609286020003019 -0.01264291305710594886
2.99609385783520121294 1.15231833502607439179 2.69724396397739596409 2.74653935162306783724 -0.00172005867462428873
1.93559934473402805999 1.67385477814472682923 1.71785597483276464281 2.38118151270102851313 -0.00221640967282989978
1.90438994200083699937 1.36549919457584745253 2.94678574221656575105 2.77052262070940269467 -0.00152870085199303561
1.85649930848186084376 2.05652701086589129176 2.31584795525806264038 2.63764635567039196218 -0.00718217292589894574
2.30489719018473326884 1.78757819973440668093 1.76214816720497369218 2.63882932314479923264 -0.00188135216528229738
2.44561217537357933338 1.33995443911857403663 2.05186702114405772335 1.05830107541114859515 -0.04526798994672730919
2.70079633734161106418 1.57625103216391204697 2.43083118071355119838 1.16394594274463947237 -0.04368776638301696130
2.34786065762093532072 2.66373429589211374591 1.76654086710704172347 1.44574714693749961647 -0.01709982913928029605
2.91839881068291706612 2.92770712088275075757 1.12993818205975138369 2.81502692070796678436 0.00414323056356425638
1.66543712103264729407 1.16528729260983898719 2.49562209082222929979 1.51304524418343500081 -0.02318043168135260068
1.41190710635493554825 1.78231843570865167159 1.96396695139864685409 2.88998805240008938000 -0.00441841618799319446
1.76591636322002631942 1.81604353496616321983 1.06033376584805627552 1.69019155583353297700 0.02167558890539208333
1.18432044720995399700 2.39195522585296327378 2.13943802840090446793 1.56571158422925971188 -0.05699995322957435856
2.99247472017222104768 2.28486944006113201766 1.52136192311417284273 2.42434595037405742346 0.00063136432449689879
2.27322392892881275372 1.22051890968165688278 2.10904794990333321891 2.60839360928315322496 -0.00317904831803991284
2.55199145799804094636 1.02626591934812783080 2.45229697431427862142 1.76303220825277429107 -0.00859823767105875880
1.87096821781454347722 2.89731842439798059630 2.97090161469137825634 1.80057029770095011756 -0.01060115292778269699
2.57393104171609721220 1.76236961433970429347 1.55571474236702078642 1.22360422477033137234 0.00134545658642628066
1.71896971900554884627 2.16183385071947498091 1.32179285128652068693 1.00865376501425152433 0.06987826720266035463
1.58521062802543655224 2.12294765578718314103 1.55096793462581805656 1.67929976970979399908 0.00133829753218029203
1.10895579967443946856 2.13664102034331460089 1.10596682675136004370 2.88039289605366910507 0.00771261323966199175
2.24926279624310554439 1.07344295249008481186 1.48914374799972737407 1.37495048507508599300 0.00356309034913780253
1.08670956464110446404 2.16438426188384891447 1.08484695121854501920 2.00990492359792494170 0.02418429760292794065
2.71475015205441039257 1.15262315142903215559 1.92508801231503712259 2.83505619019025312255 -0.00144735112893302239
1.42343000551317544478 1.94158790955352622554 2.35256498519849177598 1.80366194086220144044 -0.02774760294679684200
2.92093162271665551799 2.85696610579250931394 2.07166787113199823978 2.95530939782151236273 -0.00381048727268300854
2.00940355880608878536 2.05153310850796533060 1.48862182878057991431 2.53564341773706747318 0.00122303368791692275
2.74338943369702725761 1.52056712436360519369 1.02337074808743055954 1.49141181600871086665 0.01772720163078442962
1.77425103130710581922 1.78694268159784885874 1.09505888756065195011 2.88079651276126247339 0.00409457648220967665
1.36696923912564494152 1.46184525654337371670 1.84320574456591446122 2.20441475722017443672 -0.00617581770987425845
1.68534828138902881278 2.33137574380661138918 1.64636946181133336786 1.75751650766422029548 -0.00457981937813535609
1.52736293634081610193 2.48612944644102773495 1.17718288978718277349 1.02482925280024228520 0.12787513201932645956
2.26027386256410167675 2.30413430837959953834 1.03399104083454562719 1.77903684802567774170 0.01899445090969338959
2.45712494710784090657 2.11480210144736435751 1.78671466874133488822 2.11718920315185021863 -0.00453086800714455357
2.66826984426726543376 2.29681377992724744530 2.17650223535358744442 1.24530675688028225068 -0.04980545270342313230
2.83721420516735189921 2.21325673211469675650 2.54406817441918864375 2.78933809521760434080 -0.00399125633531808872
1.35551680809284480489 2.88969258318972865851 2.05950550576437585448 2.18196251136265173542 -0.02030815378455080866
1.08847897418333339203 2.64433094493528741964 1.72290442356984363492 1.99258813433073278532 -0.01097961895175714707
1.94226077222970228142 2.98291585987814977798 2.33958654928843934329 2.57301754240921454198 -0.01075590595924679448
1.24958664975626998483 2.12998388501236313175 2.42474601682285628712 1.16712228950160468166 -0.12677908816402744252
1.26300144638395339669 2.27412806280726709218 2.46025251662732324931 1.42903813568742443785 -0.07205882502947669188
2.33720032420681445018 2.55741288555789214598 1.60660871301030816483 2.64250480304039747637 -0.00050655990545157555
2.00606245591688736596 1.84826798160435545881 1.89229796516924930749 2.88213667102639981010 -0.00275436187235948834
1.58580192467376068777 2.96674737136097643742 1.76529805862316968579 1.68288725054642096524 -0.01777020622313993381
2.23311716254642167456 2.89516337576039806123 1.77814086815047978085 1.87866278417743171048 -0.00940371671826330073
1.65925893308512639734 2.34731969916042526592 2.43523008798802553798 2.49274677550262513392 -0.01076605235990558788
2.05199635769278732056 1.95143675159879936842 1.95516085685923868276 1.12270294591343811064 -0.05576842365046310451
1.23596607895441223945 1.63819921698571757673 2.63654658326315471939 2.72523481482677887300 -0.00661990996991663333
2.56405366370964671319 1.70723344173692903603 2.85897280378718399163 1.22907118230508172196 -0.02292827862191534199
2.12519221661705781656 1.63400121882265980666 2.13837874555066864701 1.42423068647835093792 -0.02880129707977375358
1.81865207196573575033 1.46469242119049836148 1.25276581365085326603 2.49738005889092873346 0.00366634794413878053
1.67398380676164815206 2.12272597201470425432 2.99328895461239907760 1.76652693527344228919 -0.00802525005353435864
1.61216288901018067747 2.00526815717588746679 1.57555805314965935437 1.65414494021944835644 -0.00031240078392177472
1.11697615899936075756 1.03294820427499911553 1.48967496496670315231 1.10950778743451716757 0.01305519085763641972
2.27505478835859609177 1.09216443813154784337 2.86890014592046416197 2.45187948218012952140 -0.00201667562264105146
2.30774745974268924442 1.11137897039461241988 1.41911759341033505422 1.38903145643465664172 0.00640755193521755102
1.23197382466774407739 1.00859184822700420625 2.70626389265437783394 1.07845392348594026899 -0.05958152796282446123
2.55959022383099465969 1.26494310108037288920 2.96322309154421947852 2.15490485373120943535 -0.00205872056397792902
1.11972326838566726970 2.36019135490831466484 2.59326142706857876163 1.14810934701684597137 -0.14791292540745754058
2.36768116725374078158 1.79800976918204646893 1.29010288313271503924 1.49383116243611979712 0.01447610394473143602
2.52229840355437318067 2.43427377101360509215 1.82994394676885541173 1.20081361304294831349 -0.03295972184279751666
2.78091574838287325377 1.31171634097364075977 2.95635930420135206731 2.48433991645180984875 -0.00132944263473913659
2.32513947365061657280 2.05002065809307687516 2.26566899129195586937 2.23096034755101957359 -0.00932304689347719304
2.78944836741772750344 2.90503107633490920136 1.05006830263099248945 2.50755165508229982407 0.00680527418462990603
1.86650942968252864240 2.99177452301100998966 1.96885138897632927524 2.53455588073866788790 -0.00839773411445508648
1.56361349724780351877 1.55305474940797449968 1.95407927058234687223 2.91045056823689129999 -0.00333586388172701529
1.08107327731476243748 1.05562354585189321909 2.23238296235234034981 2.33523034478650837187 -0.00887345927645471870
2.84074680544614066591 2.67078296404953707821 2.86782566564194363323 1.64394091626051386257 -0.01314979794128900807
1.30824919191467592405 1.25067029204141966225 1.11783164922956657072 1.65595387982087083323 0.01977712454360590691
2.06269098763305613886 2.93245499296191569627 2.47357494458917859248 2.43309686270443048528 -0.01145832787404510618
2.64037299811054637644 2.31441799529621139442 2.71149438241871720834 2.22864249522125223990 -0.00716455385429668173
1.79635556543663632567 2.79143722039396902090 2.14644289476930483218 2.16127079445165470872 -0.01678026337625488501
2.51212901244471487061 1.85127424849147947938 1.43664467819636199053 2.90303520025172279162 0.00095313889342928451
2.57734697681303659422 2.53358314815693397293 2.43442558574075196276 2.43904974817592501424 -0.00798810941404061621
1.70582996634046435425 1.85985624012064554300 1.28042453545684398186 1.98789207789044608532 0.00908947194728222663
2.20978221177758893390 2.69487992493281236506 1.75577217230348447963 2.71119461498642788655 -0.00264108343351337864
1.51986561381903717560 2.33390784883634783142 1.00583899584969160834 2.22260703256823077822 0.01509804719566223453
2.56204614216340953448 2.40670410562397796284 1.70771281752067993764 2.27049885447566213159 -0.00259058502136099876
2.67696444160309443561 1.27867813495120530298 1.40431348372209430231 2.87832509333680963692 0.00078149347020414642
2.25986130377524752078 1.20714462022040525113 2.61912462510589882925 2.34288272229603267149 -0.00428814405107066574
2.13980609521014386587 2.13899020749476687087 1.99527636475277492245 1.17154615957965502204 -0.05569836573319466438
1.02834583051795735997 2.43420811593010633089 2.26663614555831305353 1.39677179171353471610 -0.10202797798514681715
2.67695214283680993361 1.29967148196615656097 2.10239415126175366311 1.88762158727924722612 -0.00753005094758551867
2.98804733668995448070 1.40150256461196009994 2.10775203224732443630 1.31435915088868449097 -0.02167554290520111102
1.80479575142917436636 2.06877010552261353382 2.53701305509067331911 2.63996344481117439784 -0.00695555060349342235
2.28336774718761059688 1.94383146377507132208 1.04768986133196095878 1.61143472578103819082 0.02101887428195962568
1.55851390026384062359 1.45680875907966367322 2.13241197920333247495 1.54439456967887700500 -0.02730649187367461747
2.31835750683000529904 2.35498489462982485421 2.91960182329891804187 2.88556505937225926672 -0.00216769706946643662
2.07230282127270548642 2.19309482822757795262 2.27059697013495753737 2.38418944050047354466 -0.00918476143471173498
2.40113826325120927052 1.95616705296270199099 1.36194541653444578522 1.50208082709739820793 0.01164001249603921484
1.86236700449020453618 1.17275625371397329566 2.14914613703589463256 1.11456054050133746003 -0.04970062199961100546
1.57779861402847076945 2.45276732677554498707 2.22332569304551563860 2.23021875672663139056 -0.01614082267705350612
2.74986033033396726211 1.70454897111781478181 1.37184936174894001049 2.00295959138056778315 0.00356788089912707124
2.01109286230038764032 1.81718900331495847311 2.53440105940565807430 2.56598854582947311087 -0.00598268807133455968
1.50689020793958006195 2.58848619601027163384 2.41171886164089732674 1.26739413728173633267 -0.10009841777362261939
2.66499178368535982742 1.04739416002139207329 1.10153897236919173785 1.18980362586238830325 0.02246837903801881045
1.65330447862938578751 2.26754282136043450180 1.78860224572848580671 1.50749408119204253431 -0.02016479531433588296
1.61884536900697462158 2.13718390107230904462 2.10978305095192286700 1.12427067985264605987 -0.09769707984142460278
2.00700791135019240841 2.08805057654144032853 1.22988515566948142244 1.07795615706021163938 0.06248195666027435424
1.52023586831837409505 1.50431070883410633598 2.46018360613185205210 1.04347607666308905827 -0.10171834384593818335
1.74315139594772960940 2.66536382018217121725 2.01921376957019838017 2.35968468071376014095 -0.01085399337460279078
1.59186265405353033486 2.53790274159383288932 2.02452689074045411033 2.89142333070974721920 -0.00620312482703764927
1.80545130844304546613 2.91956510986019956988 1.97923967889173235690 2.41767862919170362090 -0.00995764215165331583
2.50995755723573088503 2.33785837384686434604 1.09009577133588320130 1.22485059896082915110 0.04961291078456343817
1.09101536472481863704 2.76582388206598261959 2.52920487099081769955 1.08289743955151385180 -0.22417023436970523464
2.39090527074449354927 2.73026884511711598336 1.31600903428541404772 1.54207159634017054728 0.01813250874563737333
1.09146365694828539894 2.54050688347097164410 1.06757131306949060168 2.13281775832615583255 0.02419670927179680756
1.21900276077014657616 2.81382302601329259417 2.13202248789214543478 1.90139063608899516744 -0.03612137815042375244
1.99785524429662730839 2.14424505855073954663 2.68377513329770023276 2.31999820137700529799 -0.00813531685286183331
2.15152297800776448611 1.50265128533988678861 2.83789086404266743813 1.41408328970425545279 -0.01682693280144600609
1.56866429537483775825 1.38774463848282558764 2.18906379879900914176 1.16301123804778305804 -0.06341346198687314306
1.59741964999900631916 1.25447275163571947409 2.75280082170579110112 1.02912504343834165788 -0.06033699998939223708
1.83397268739680141536 1.67851420531200590247 2.95933652847461292623 1.80924054401633016553 -0.00657622094882580593
2.34145155022311834969 1.63116614034621676410 2.36371130591803169096 2.16863250430650378320 -0.00815243695995417593
1.86086774987060343811 2.10496072017001623067 1.47351959419463840462 1.03873491260080097476 0.02329117777771054845
1.12104040840633523146 2.95467956893313665745 1.18973801979926441241 1.38397352685657648586 0.08194490959704363309
1.62357022219862301426 1.87054065026425009322 1.20546635868589979701 1.74885179801605117333 0.01715850460001107011
1.37923819239505895951 2.84531227411230114299 2.47160624277438856211 1.15065716911464588357 -0.15734773675767033119
1.85769063506170750699 2.73727035621798364673 1.92168805953982779755 1.94481407000096484516 -0.01543625675660901739
1.04365944515705910689 2.13973188925829527207 2.83361528366055015482 2.75414716733138220661 -0.00676786208696862016
1.97408424905103641045 1.17410745013807749082 2.05123260613142610609 2.65407750615990511989 -0.00311267144758701738
2.25820172456231116342 1.34412008236761537638 2.33392363362968513485 2.28475610587638300331 -0.00595122315467933646
1.85000833517295970587 2.23618658028909589319 2.60344549202875885641 2.54789198739174782560 -0.00767815049467492766
1.22749672921069108433 1.25881955115775778786 2.96111802543306978919 1.48520579473582503560 -0.01319590511972710579
1.99489778804467787765 2.07502086434620025557 2.65646129866044544698 1.03927998559244816335 -0.09125516858608884174
1.89179861849275043895 1.36473177601177031448 1.74465656604462782120 1.88575881603586581470 -0.00437560745775445164
2.33804541489569395196 2.40463059257570943572 1.28981574010059718560 1.21303084219284351697 0.03664912784092513170
2.30300227242734578681 2.88515038983536387107 1.56120445146539288395 2.08154168103122128031 0.00031805851888589077
1.05040251667504924704 2.12202628241275181864 1.77081093776413389662 1.08934789119903374655 -0.07264789388208663101
2.28379244786906987486 1.31385998460350639228 1.17297195182050950635 2.40404141381563096758 0.00353052640916825091
2.41992968474696468206 1.92515519983135940940 2.54973915761094271915 2.92733882395409139576 -0.00350543493332902819
2.42691687006785628000 2.31607420519204287856 2.72236159883608941357 2.81399507275145221996 -0.00380152235629005551
2.41238665377112804222 1.92053596998765141457 1.93109226810620149273 2.92004257192615757077 -0.00251837921739614260
2.95453434161868200292 1.57149787805880802871 2.57448426763597382205 1.27311686913362520635 -0.02788219490698815375
2.57366679662929076500 2.41894627871444667377 2.63550780732041811660 1.64676574157666499865 -0.02130332515835910850
1.79126825557441771153 1.66758566740796232430 1.42889061069658351855 1.48318777558345082923 0.00953683638353155366
2.82286441281307709517 2.92447063077599356262 2.05556901677572945175 2.63637310131796409607 -0.00556514436136785421
2.10476057807162675317 2.61625471878661031155 1.62860004750463716050 1.91257923945782493114 -0.00244634874172646637
1.65821548145291441934 1.04133897852324519562 1.99944127486477651878 1.53472442499988948050 -0.01567849131443016172
1.34346311617704405883 2.48024589608760148707 1.69325930663515134000 2.01658417679366808173 -0.00651606331168791842
1.92018773919211982459 2.93644373574742445498 2.88616671347419240234 1.04739586284949215411 -0.07767211123540475326
2.79711772775046707551 1.65740468845360378047 2.33587986811306169699 2.85467566938432693036 -0.00303787808138844973
1.54442492975979228653 2.91503607141503096045 1.90129652527057424471 1.16962572052953861501 -0.08644109799566492003
2.93669734154198458498 2.75997123639701014142 2.42735598864240298411 2.61749369810597976027 -0.00619236287179632163
2.84367624040086086623 1.43707273302841298523 2.65140643842521228635 1.95552472543926580961 -0.00670095593370467670
2.06593879867010876694 2.97437949131681955706 2.38997628278486562436 2.68613372767888769488 -0.00884678421000392040
2.03414759554509805284 2.24603449418587608477 1.66272317124256496790 2.29911864555085143635 -0.00198268676099893444
1.79728458091833798171 1.91360482458823155660 2.12781611778027457405 1.45915503427547488258 -0.03671478222780041878
2.52972638971120211693 1.04962802982696068455 2.25419555763758605593 1.99939008098333781405 -0.00606807126168251634
1.50384869386663555524 2.54625823531824257984 1.52521440073559877426 1.24195818064108753909 0.00960460974529111361
1.72442591669255662623 1.26378739828736796902 2.86106453025551754621 1.56778142369570527848 -0.01207902635559013511
1.06648924291707336565 2.92275159446297205790 2.40176606797332947707 1.17958756541729115064 -0.19848144041377183133
1.65388902533994497368 1.68659421883332516501 1.00700713712826850355 2.55702591487528563263 0.00657731975824811087
2.32341715407155824380 1.75250431770545378463 2.98066446422159581076 2.74406789359430280939 -0.00137837248532149360
2.97167817459843952577 1.39460862667467000442 1.72613614796763314985 1.90574388493624824470 -0.00247424133924459364
1.45169663110941482564 2.73914821614369063951 2.09013897385637159587 1.66657452841355735451 -0.04192972934437026733
1.13946487475257018929 1.11966534875465772991 1.19284098555199680192 2.34586190572738972904 0.00623239314425842478
1.90799299918423259648 1.56679935696317129690 2.01057378568151179365 1.65523923480952794840 -0.01665263976920492231
2.83372406438050417066 1.47482435576463521976 2.70023757609722725448 1.97511980203022519120 -0.00622818345139179805
1.13680348181736734503 2.29443507032971183435 2.21788494719083395523 1.91519759355568019998 -0.03299126624069399771
2.38649039743341528919 2.17648598139813476138 1.93023574097782701919 1.95597487013241444487 -0.00958011711490472546
2.39934916703187539611 1.62827042828028223376 1.67311003778072664439 2.86992675900453342308 -0.00069635516840996063
2.73428664978707791633 2.26364975316212913015 1.51057792852598260502 2.00001942306801794302 0.00148406431575437924
2.87772423756746320578 2.66036644204614614040 2.19671923459935047873 2.44863593331185924740 -0.00713716501830580219
2.21174712368299974941 2.61131584562687235618 2.40896006094935444253 2.15320929070605870947 -0.01403859872734451730
1.63151940552559260311 1.94351215095386109510 1.68260408315272469437 1.33401582949760588725 -0.01328219757146456743
2.80925154885214212186 1.44516768742402113013 1.82079863354518445284 2.27644494676952602319 -0.00249552764628688120
1.69524641665272901569 1.32285437363238389530 1.70685650246871434277 1.85554809308258294998 -0.00391860783320793164
1.73956635197816766869 1.67317192561435645892 2.47642261811250730119 2.50708765593458693388 -0.00707610452020118134
1.03411116166329808408 1.82304013760431593560 2.24900998041506339220 1.08974202613309678611 -0.15888508173086429709
2.38163844747848152394 2.16313813936003729310 1.03040328366006761485 1.39289118382774956828 0.03539715267311760449
2.97940862165567388331 1.63884976777595281483 2.24627086178373414072 1.58417901201184219140 -0.01611746421168289145
2.18829528426566977117 1.70288418250025586076 1.71236712666907453517 2.48672707327010744649 -0.00168756873870668758
1.38601302344820220824 2.60674765041174349989 2.27973583301265980694 1.34428481797481258475 -0.09133591263009559202
2.53057303655027032718 2.13534365845248075289 2.66309861554052762500 2.41326308489709617788 -0.00585845425194632830
1.57901895958516824692 2.49323418982408195888 1.43009103788998159779 2.05178211010504529810 0.00605977523670485872
1.63506319488002893614 2.93797169083828180192 1.04542062359433218788 1.34785689896919147479 0.07601182767876668578
2.10738087812699337320 1.59301646676184183171 1.09594530161618775033 1.60472207566879543350 0.01775738566249299849
2.80295366067481666050 1.57858429192522464746 2.02925096194301612940 2.94255725373918863852 -0.00209425116359566316
2.00748627389113920572 2.80375909621859698007 2.86442304162001537549 2.50319407954404749006 -0.00559482658579724904
1.31317183011833304995 1.58102345951502787358 2.99545896618655804744 1.24527185215358549009 -0.02144299048964464632
1.60500337107493118438 2.93595037844439188390 2.44499189297415497890 1.91465383883118134278 -0.03061951051305780713
2.89233400297021736591 1.22667229226709895151 2.98457958378514298659 2.20156953509189534657 -0.00146544212618826401
1.91817169782489793661 2.63267762897927770638 1.58577685787402855588 2.78332105365875648317 -0.00022761134946534581
1.14320151104081579874 2.67718572052606074152 1.31960796301653737750 1.68549416261792450733 0.02810998534666279969
2.66245809350275486338 2.81204222888920440937 2.58635356991832221496 2.35703505827418657859 -0.00862555988157864134
1.33061130512519287805 1.89005102945347513987 2.46377174242416474570 2.01539002156672886201 -0.02023465554646639714
1.29077164071407501922 2.23205031038477974548 2.66053825211985639498 1.46307671688465479320 -0.05407043744732338564
1.85722588613401429214 1.43053564750483430679 1.88931579014189576782 2.23826363285689566851 -0.00487714384801700082
1.53371605916471565045 2.69444659311747525265 1.72799615580723187058 1.31104983300829047721 -0.02877742679862470981
1.12710642741034372527 1.43575873629695816014 2.79201936685944085426 1.36261448441362942319 -0.03867863672069288272
1.56350796640344502642 1.60103500769237339085 2.44489572835426383079 2.27965018726844004249 -0.01015564162159970051
2.38556157642978661215 1.78915372268555605828 1.36331157394863167198 2.92460827166014691869 0.00144282920877622425
1.83318429593936937927 1.52414592960375649966 2.30449183887193953524 2.10688508659126583211 -0.01055487853383178104
1.90914667910635094117 2.33590752872833018472 2.82940899895297226507 2.94620059602836814605 -0.00333854919663570133
1.48532503829554585195 2.43521370015316040991 1.55708692675440341091 1.59455415505711872726 0.00132334529575913102
2.57273991601701457199 1.86245483654899812720 1.74530010088373965793 2.14098415422346732839 -0.00301101564988309972
2.76112525600459335351 2.25497183468735595824 1.89532275438776776078 1.13108849578390269208 -0.04071872710885722502
1.23399832502099338072 1.32056257086096517916 1.98714354834208917211 1.78232753485122574766 -0.01668962325105666569
1.44291774700662056574 2.85307386955384156835 2.80698830696738177437 2.46253136563718699747 -0.00980517153546150468
2.52885213324495516929 1.46765762780860420378 2.98793732660004618396 1.71242643352307544191 -0.00417318012274845926
2.68095619783348393383 2.75689211744261974957 1.36285382606897709223 2.98668026041642642454 0.00186134228720126970
2.03429792667542352902 2.12735044198631850776 1.41540233697133754909 2.61550462663294602805 0.00213348506009705240
2.46601632242916535276 2.05670254592094448043 2.20169576619518236882 2.15636281376519756137 -0.00945844530269064621
1.97151509495529375648 1.70560735948871422529 1.36035397733717511315 2.55458593078371221097 0.00253083166154060473
2.70254719599196668867 2.48013592324649234655 1.09160802082891272846 1.16991283480565311237 0.05597757759672274819
2.15589736480625671078 1.40649766308575596696 2.53440260783833792857 2.83844133491488825882 -0.00319126735346586142
2.19076924051930088666 1.35683438891565999462 2.50937142999536266785 1.90506674088438821002 -0.01019469332274357612
1.79037295694725151485 1.63533075344998723999 1.34343727523140366031 1.90497477533670034333 0.00692703067700602311
1.74183337491704559596 1.62981414141797920081 1.79696565684743148061 1.74358625282037116300 -0.00920945096233744855
2.40173662071967219944 2.13737539643142904211 2.26051909070404999369 2.22960628624494550110 -0.00940919364903248720
1.36845757899384512513 1.39653983195816433494 1.24470209815685550758 2.81697617059793214978 0.00330742823152018221
1.95268271504321777599 1.58262722118751408829 1.97570684108050431682 2.29966680059166783678 -0.00576063536727977957
1.96846716343859595710 1.23492443412153862781 1.36848685019047966449 2.91329282269171807584 0.00119226244585870166
2.11879448346289400718 1.39549007382121148524 1.17413970912971565852 1.08294187814139930559 0.04411631981998014040
1.68632811752282818496 2.55643082060271087386 1.69830877606344343711 1.25317187566751631067 -0.02319563089020686489
2.95736714229463348858 1.31399557499518970793 1.27981546184730810012 2.01259100500686471946 0.00357602547830227673
2.08220303752428925748 1.80021980363344225040 2.75610648094294408139 2.45812019290473582345 -0.00484175934505764755
2.66492444453172172558 1.24577748525714837591 2.62131004012766677391 2.44232550254568625547 -0.00330431326000509050
2.07180959254620322696 2.15378602685770559333 2.27766103584683010652 1.69083169326941940014 -0.02535442545318337959
2.41849798861750731049 2.22898546890190374370 2.59929511495813247990 1.84790561036329759048 -0.01541387931021353207
1.63864564762095166195 2.76954171514400782073 1.90267269278236428320 1.91565718671338713897 -0.01768015155980394090
2.21149555333108693844 1.76834777833659728685 1.51717769394489532253 1.68317718576300445754 0.00214233076678418174
2.90373697952528431188 2.79809239326316827601 2.88233639792733775664 1.24158399746071324010 -0.02978374204786858603
2.13775972666615121653 2.68375284719638207420 2.98314353937231402369 1.83142897562360462693 -0.00760188218483934947
2.24288981537019704859 2.27122092555083820997 1.30276245256259648464 1.39948367028577980165 0.02252400491330931384
1.07332179154279150346 1.07364062443103591704 1.04170543114441827015 2.09068011466014169741 0.01138669407315857918
1.37685356298650618534 1.76344421205172219302 1.51612397756299532858 2.87123571151861334272 0.00070482417105380540
2.14538367941347773993 1.54887591660132173388 1.09615863488684417426 2.54207096249978814484 0.00426498266831244147
1.01738286901429875186 2.63622742654380282090 1.49753206147230910616 1.71969370966608137152 0.00887960253742142366
2.88710333092698379076 1.88899292963866560768 2.15629709664104307620 2.57143805377884149266 -0.00423104125933223239
1.88887641374401793470 2.79608628907681699971 1.58946299853579775530 2.29509573404522360107 -0.00054553422297439521
1.20752411748234678157 2.21333215379752434870 2.02461554113418973344 2.09817164011456158690 -0.01866655124679137551
2.04532920062535694683 1.79605199064451581670 1.15220142657073942871 2.34948369817929414438 0.00600303531746202313
1.47104239814290682631 2.14119929806578657150 2.03880074840666392078 2.62712281395074498391 -0.00771568903610284854
2.02043528518673820571 2.39853724747675345341 1.01391033651358131173 1.03725777169465982475 0.11394470829615802043
2.32093774455944146240 1.60665408996743463987 2.35266788111829150409 2.89680240841408753738 -0.00339916985202202765
2.85836633084661961846 2.72211717668891450828 2.94549821034927994390 2.21888746350868615309 -0.00397712131968841996
1.76625565939806938864 2.27878654737204744407 1.37062946629292037315 2.67591777977490696827 0.00313236399726653496
1.28267445420798553712 2.07893782299513141254 1.12841704244081975084 2.15202805439634436979 0.01502000580015403798
2.88528098279618383515 2.10684878968115452125 2.69244428145292147292 2.57928573725078180701 -0.00397359221515859989
1.06257839104475415581 2.69037212591791607963 2.45604130156811395480 1.63980876026648836330 -0.06717933393745001425
1.53044309933962607850 1.42374853402242629308 2.34007631897424506207 1.44213324045107005311 -0.03700459378884428385
2.75199193390676111193 2.37714917584759932723 1.79908478939830596133 2.24925362064380252036 -0.00399479107871934455
2.88203412088775667854 1.83669814253618546296 2.32173194822667650072 2.76882759818940282770 -0.00357519641492252136
1.22427177215774318775 1.95653684998236565562 1.00295237593078301330 1.48751578173484055867 0.05255693325151679363
2.55726598613574385155 1.52905745292006045588 2.28788096336733248748 1.98988747683436328906 -0.00897382485589200835
2.48831514498937611535 1.24935509030294333854 1.73075052897703174359 2.14559495272474531902 -0.00190814416291718220
1.55648876249651424430 1.91357737242234859920 1.45688488923021264299 1.11372510697883542186 0.02399282163989256700
2.57435966216818545860 1.79095465189050395693 1.09471815774146108424 1.53755929029577753653 0.01861151648788462662
2.55892418480363570410 1.59968302749391400042 2.86394530804245439626 1.33180798848535575374 -0.01665341510212016776
2.14956460561673967646 1.38614058193344136249 2.96699201214014340877 1.50328652219555447545 -0.00775222073688477693
1.66699397710602359446 1.76136744538365030976 2.75912960992105915636 1.27876745187873019916 -0.04176689103591344626
1.09420965840674067060 2.34573745821534096478 2.27829520319737621747 2.51408155270593436370 -0.01590852262834186251
1.16913914703717480847 1.15188435785893328323 1.92032166095763612290 1.39722359266420559365 -0.02774399692235566053
1.01743331906656009345 1.52639405158602081691 1.61609582427044329300 1.69752367609370224955 -0.00331225430131628414
2.20811819130263575772 2.78669735001254004203 1.35826005269427896316 1.84217958388042002404 0.00993705797948703576
2.92806085578644559320 2.39544718052731475666 1.30486012800628303765 1.21034104749606519214 0.02793182432972778073
1.73779526462345179638 2.15042624690684869293 2.40479108811719655137 1.67232945603569138626 -0.03143310596671891610
2.54684835776114670836 1.17287979937190645074 2.28807394599204805274 2.40079321451525817821 -0.00393572196410571593
2.31309419637864532859 2.50523397949607407043 1.01142762493468052476 2.11149119769662174662 0.01235360397617080164
1.06765626644651878685 1.00534678256531595508 1.80345882684309288813 1.47818936553497026765 -0.01561509125354454755
2.74682016942011530958 1.83075977466283790207 2.99220960070256225549 1.23372727506608348413 -0.01247027650759794347
1.53137568059468542891 2.36513534186178508989 1.31776457820520742636 2.58231804381712581886 0.00518959474573793197
2.43641661181276436565 2.25407769506539601423 1.46564801435116809358 1.04659402163659831508 0.02010899924392397023
1.93352671413393140121 2.25877846050760400232 1.98047733367816780614 2.05250056436934213977 -0.01178420553426413192
2.19120194441536053631 1.31816099020740162828 1.06525262160982703286 1.74402316973583770832 0.01147107508622602356
2.14819399753922812835 2.54917888299280637199 2.59380818224457776466 1.09295407100799901734 -0.09647091789386547100
1.01425322820200136675 2.35070571197075128822 2.31081646035010823681 1.49802262537856867297 -0.08195719976525696338
1.43106240088141167810 1.32418331251440846152 1.74132543972999442872 1.19213298755882890489 -0.02180584312148821022
1.96770095194713445785 1.08570002218441019615 2.86761558754201306698 1.08091496376936757606 -0.02716732750253596576
2.01856356062575237331 2.41001811866546589158 1.98050998279799927992 1.86475241668525448802 -0.01606081350343177214
1.16008099365982286777 2.73331570393035683253 2.34306204991090627487 2.03301817651279925769 -0.03345871676331727690
1.70298994323648456017 2.70990390216481102925 1.53982427681446187862 1.86618273750650809362 0.00180918456391136197
2.70227703535994789874 1.73677099876387908139 2.61864429614876081942 2.81974447784859538757 -0.00296120714332627488
2.95818607796938737309 1.18011167497604296805 2.76635402847861300302 1.92931213326225070581 -0.00452218352827066586
1.86280930453225557208 2.57985646140798019488 1.10811893826264995511 2.22061495540882569699 0.01205994770965322822
2.38640187815159521278 1.12626832449263858393 1.68261454210051630831 1.24152291064144826294 -0.00652877776545800377
1.78216839828576900651 1.78247029742886420323 1.60489137056464969966 1.29706138146287663915 -0.00372784629343852082
1.11753979541217995930 1.10271248300385149577 1.46823660299475089452 1.27566240732265079316 0.01155661260643587804
2.41234654629412270666 2.89990886413139747901 1.46081956966480608351 2.36657111646431150831 0.00236205921454868363
1.29317611837759227633 2.10187443263957884909 1.00333456722306868514 1.16314565140629300188 0.11176270256365163080
1.78797339542072819540 2.76798002286193112198 2.90171212063138250770 2.14102382652234757288 -0.00869068001034929011
1.69538702787116712933 2.79904988037370205944 2.74057937647185756447 2.49418514939329138969 -0.00912903676121714150
2.84918903713607285511 2.78133735339952847809 2.64934928951345005643 2.71059516984948478679 -0.00487369866600960173
1.84504258568079082536 2.04930681990438712248 2.91908618262413721567 2.65668572374927336455 -0.00304371432300521664
1.10960857756041142430 1.61875848721095216831 2.78912788318881688099 2.08989530328362871359 -0.01236180164376857703
1.18003962566401821022 2.58751931512682364911 2.53839246180840394373 2.10539879417717745724 -0.02620413743323740316
1.88428899936800697823 1.88624748982390610941 1.40382748098441312301 2.85151933868462315047 0.00168914579410840162
1.47174854666088306132 2.75852827618163942702 2.66282916830260418806 2.11646319716833453128 -0.01929854736016063319
1.04928891891401643299 2.85445163033674020880 2.41943667472533485707 1.92043365037704316656 -0.04548076768294159050
2.66170082407607289099 1.60394556154851430918 1.10680369867775496573 1.83182415037134349589 0.00936645011232332958
1.39266592640737640885 1.26939657083719836805 2.84586287384316616311 2.47446287694449473804 -0.00400397039459729574
2.51985860127148697529 2.32677060751632591717 1.32990525331092857009 2.67474131861812036703 0.00266889335225740584
2.97854691171201579891 2.10099254325270656807 2.71298315983104032512 2.77299241376661598224 -0.00298532547968822885
1.57318447579772224820 1.15951669667540713249 1.72228722831747793620 2.03795860669433182011 -0.00310130307017609510
1.44843531748647924573 1.08581448368852839792 2.16496101615332658952 2.18302919013889784594 -0.00797974000908014888
2.20094532873106096815 1.39484109545877532632 2.30225124463762487181 1.04212507890069461247 -0.06645152158176440005
1.51983745984502238713 2.22328794694122677811 2.99401954738395303934 1.74906731586845132220 -0.00949235276092957880
2.82050405113437729909 2.01190463439802114110 2.31091005894667400611 2.21281992422275264332 -0.00782600643183254709
2.30364545979478130278 1.03907490380803690933 1.59785447616716758112 1.00879357502376820754 -0.00283675465004523415
1.94576365797212047504 1.57549378117874794292 2.43143211442447970683 1.49337147767622013816 -0.02869253724606554354
1.62623185272756409780 2.40328969507180900678 1.41884266819721771569 2.54879437239881756483 0.00318812907638556546
1.69919133128169819180 2.96074439344745776737 2.46391807852483157859 2.55994851891212560346 -0.01211122149893612519
2.17148299223801100055 2.86011264106210028046 2.20521014514915369986 2.05457059694324994936 -0.01730756049032977986
2.46451714658716714013 1.79839053684258809440 1.50541825724175493129 1.89359544513947453126 0.00167261430582612506
1.37358811206097897184 2.02756301403362559910 1.77942323221605080974 2.33942173525854624216 -0.00557696858421472680
2.35353896777344306912 2.17668762078180755282 2.79254295878913882945 1.78645112183335896816 -0.01244610519342606927
2.54004054157997050112 1.56967425874907196004 2.08184280837430613076 1.23601448004077218989 -0.03332968721568579235
2.13857363467125249912 1.45917412190590001231 1.42548523168516938497 2.82280793588061618138 0.00103757207218013953
2.30663074824247660288 2.06743199569264568538 2.10936549165426523444 2.80326996474806389159 -0.00427682154612411564
2.29039201989719298780 2.15993064613641028160 2.37729038198888709132 2.43047062335839747504 -0.00783345913853405844
1.25414020681656812606 1.43780492093904266326 2.94367618389912300003 1.67967603916610053183 -0.01113447246535947434
2.87494617882816028143 2.76196206114442244228 1.21100996043954478587 1.66020863642069471666 0.01651614041824173498
2.30707442534468398776 1.93055363832306281502 2.03891377595702971703 2.30342998869310155996 -0.00658190250004699919
1.82794192363466945217 1.33279824445566497104 1.35293925224551281339 2.39114598618440554745 0.00268681155341005638
2.69177775077415715188 1.49961059504145444166 2.21120051057447675191 2.32739635704037528541 -0.00505460541283962034
2.20369783843285116376 2.60677793720259476373 1.10240638991406503244 1.69759270295521780270 0.02325315278529448138
1.11266459547677931674 1.09922014757322794587 2.48880733663424891233 2.96003310464167102012 -0.00438787685051979150
1.00537181082169202462 1.58687313210795633012 1.37376458999630179925 1.76675279960110653832 0.01311707425061535252
2.94101786130077513803 1.00847138484527198976 1.40525165400655249748 2.28169674665492117072 0.00112009531520265043
1.82402999887983185978 2.27315749104389919211 1.73359180372779131396 1.43728887792418835723 -0.01602575724868032792
2.15813576307011789623 1.20528414802138783557 2.82035514170762269259 1.23519699628138268643 -0.02119531367231708083
1.41048050923512069410 1.64715321059278285709 1.16924685276661133315 2.29650110086594194669 0.00828106493245631126
2.32360476717774666611 2.66249388073019499501 2.41409193620958717474 2.70726856919110581146 -0.00684692532506053775
2.39432218438526112081 1.75080258760423346232 1.35335500922620233233 2.38779414280247248570 0.00270110136807012952
1.95836067487495490980 2.22930852409289137483 2.26580250541881955684 2.95176062039679187876 -0.00519732051865195912
2.02845172534764994765 1.95980987378546789301 1.75822222937784267138 1.17886527901268589602 -0.02577382858956890274
2.31230052276127917565 1.74722033022952105696 2.71680357090922264263 1.71864994500790158050 -0.01334330958082330029
2.48938144259381211043 1.00833037662609426022 1.53701472477374423420 2.17635639296366800721 0.00031665221331804260
2.62959988802694510923 2.62446842384438916440 1.74288788830130392249 2.42442476921745608820 -0.00282090087514645736
2.40076421963660013859 1.48887133512428260218 2.06918043140985652428 2.99699469224222125874 -0.00230922293374086164
1.27027920402061345051 2.46550320784649379391 1.22297089278345461061 1.84375880910322820228 0.02368948939661277148
1.17356686406791865807 2.30790925265019586377 2.19094622785990722491 2.52647968533801403623 -0.01376833762426151776
1.01994521084348011009 1.04419706856320382293 2.01081350949134041173 1.37442471484040429353 -0.03627803520895564460
2.72770801704447407587 1.08637513551920661392 2.81791610511371271031 1.98262298224628930043 -0.00367888137323939615
1.19808293027090373428 1.38525963485946790321 1.80412804436057538915 2.02203076367589762441 -0.00751081548988473229
2.63099834588879266661 2.37081505715985096927 1.44915812855547754268 2.61230527618331365147 0.00145343082804097142
2.65396957475306738417 1.52316103583656414777 1.76416478335531334842 1.93702454923818723209 -0.00355517620005005959
1.19827052900997310658 2.38124070161885992292 1.00252112543748839180 1.90789874932638858773 0.03098567278165273442
2.44013119367755315636 2.83110002533094107235 1.20855976036186296696 2.04433008292595186361 0.01074271876129047516
1.19568828361059953380 1.06884092452192791534 2.95683868230546842426 2.10629933000341429405 -0.00412393506193285513
1.95598492958418557208 1.10975928628307052293 1.34268828626371150570 2.82090599506616035441 0.00132916325852871684
1.33408484363470658529 2.77477815922616510846 2.89940329265319274299 2.65135425141096714441 -0.00620284034377120101
2.37846158464576928893 1.90042571863685072486 2.21249695767265297519 2.25852563361235958439 -0.00793913388697489210
2.74398576900364643549 1.83587087575397767125 2.71534924463882898493 2.87333884172385900513 -0.00253471767616735358
1.22742535478585002018 1.01577294293288500349 1.92112270474187152303 1.12149729952988175263 -0.04514994642937183306
1.09577029920968938015 1.59970479256527409184 1.14138450284220915876 2.61956738299295022188 0.00733924923482918729
2.83792416834862049058 2.30405551637887739957 2.50143337193091230830 2.96769246744730397225 -0.00355247430274227127
2.87856994480846228868 2.69551958533754287828 2.66366085439591326889 1.83238231988654165505 -0.01483956151806262516
1.12175725406494386505 1.68566967440483117535 1.92727676044057671945 1.10282995845925424483 -0.08746972123102446373
2.65361757567414224823 1.51544822934894396482 1.08740128304819361205 1.24336651869532088810 0.02918917352128551357
1.25689357721743988350 1.56508835059734230377 2.85087271795948815623 2.04083804928309087146 -0.00960392156142880239
1.51606359820776104286 2.47477402870916307620 2.24413772231569685900 1.75286706196394703738 -0.03527389462203623510
1.50189585584241824812 1.46111212485539931905 2.97456554694625419089 2.69948930150353127999 -0.00193548436924660520
2.09179737853001102010 1.37368622345970381460 2.34691760338389654450 2.68877823661250481280 -0.00403189872827154020
2.95211557558369008802 1.61584402865179743713 1.75000222033943741984 1.06574628955596639734 -0.01893345871434500699
2.55290954285574267502 1.33162981459089158065 1.51883454221255953520 1.31666750383793251800 0.00282965287212573295
2.53681374598605824389 1.42801986077506759543 2.97952943124476377079 2.92092641406156072748 -0.00085871395469457230
1.89602723277547369207 2.91187481169864526009 1.32126160612867527000 2.05303376803826864716 0.01013915646090785688
1.45511447975899055329 1.66940879242712103547 2.31721692494195163903 2.24032724482839418201 -0.01214203848151703888
1.46942637127370634431 1.23257738957263529578 2.47083095661589702274 2.06229365116747542785 -0.01111681148559662616
2.38109147006309918027 1.32584851090611310909 2.97464272046720390463 2.47432926759714533205 -0.00143794718080571759
1.74364661552012245593 2.71032481863075513928 1.61123921065704056588 2.12655911178568235442 -0.00155887156122844488
1.71443994352751993837 2.54424752475950910480 2.78151108391630907946 1.00605257177340234875 -0.11472975538612298352
1.86809720400663836770 1.14413893655320642040 1.44724880341088768532 2.57190217174016311219 0.00105107325881556297
2.91729480046470968091 2.04776283164863848185 2.08325087095073202548 1.26014127575082413024 -0.03578656005010316665
2.81385431643869932117 1.81919204523742994439 1.92616867840844641080 2.64423400613582160190 -0.00272314976370853024
1.06457119303496194895 2.24888503266029093908 1.05471659892913582901 2.82397118684391967847 0.00961141378791332927
2.19056925462775309299 1.94985548329202451612 2.24921256848472861378 1.72636141714206292619 -0.02017965614510171951
2.76244111698436523028 1.26203619660065835539 2.91882025258424970815 1.46156184117488319174 -0.00752722731110364290
1.12540150170863273438 1.87335952756423873566 2.37596304765631094469 1.52133087446181747282 -0.05638771180128662741
2.31128844226052043709 2.91588235223503922100 2.90525658994961544224 1.94801389869378804853 -0.00927443176615560735
1.06686322181981729784 1.06363305737128288619 2.25593768656720028432 2.06349626797515783849 -0.01327283569223763893
2.51270468752696807258 2.89456087164218489605 1.01819188980873631678 1.02264983022300803839 0.11488531519149801363
1.72812332645541810727 2.14816416657312281302 1.21287901336105186090 1.00835591917747269264 0.09497300432656374802
2.10384531717471112700 2.13271117216063199606 2.26674096821928650058 1.75383150782465091488 -0.02207233311310339771
1.97077376990174513161 1.42266394800080142602 2.69727208096029569262 1.73608341532361531989 -0.01278255393670705252
1.66559545722774160481 2.94480732308410964038 1.49475598953092769783 2.82730590825885030881 0.00141464994885615904
2.42562271933117212797 1.11961127854052588937 2.59077161215738094313 1.67792631859855689846 -0.01040274006352827178
2.62921565410129964846 2.69040767757706067442 2.51926299818906374028 2.21481707616169209984 -0.01064979607847062887
2.02008712829367187425 1.99159702198761578984 1.96078672649261931404 1.04478858064536073158 -0.07256830667243757693
1.73292354611474719306 1.55538809827376223183 1.84834002274637043683 1.50661289417006138969 -0.01651052260625071252
2.67697917943724306156 1.70104904073724183533 1.07613145242070951113 2.36014717791948669401 0.00482130457996065871
2.36829123141011788078 2.48242783449642656635 2.50031691754220641855 1.10407664387784931748 -0.08913084854418423797
2.13843130454192653644 1.93754503162947622208 1.46946046053991774549 1.57814466325210411846 0.00553877080335584988
2.43490361801688592891 1.12270764881147266934 1.49808470125668402595 2.83394272871947583425 0.00035042503454910237
1.93841303467060366295 2.36208744333314335506 1.85476529620055585745 2.91328631274043825528 -0.00316430929141459398
1.77544461952290610895 1.49528121798523350172 2.52665086659353255172 1.37177183894832621647 -0.03670369254870172598
2.97851296089767769715 2.69128192443633595943 2.66524262112122611867 2.09544800874096104337 -0.00955342370441674554
1.20999038492736255002 1.25819721903899761628 2.55026774883897733304 2.42734273541960066112 -0.00803311407237119329
2.12202240444143219733 2.03677911612232609428 2.30953292023809630962 1.72873233084820920880 -0.02207995421856081067
2.68439105291110191587 1.37080697503799942005 1.39995946381296865191 2.02604289664415126992 0.00245580836488756707
1.73813642889984643070 2.91625531476285893007 2.88826279325902879336 1.97183662519504143695 -0.01267605670664896135
2.59835021621656370172 1.31260374751485020539 2.84239131240018538804 1.03966549187447010461 -0.03022694638599670094
1.73679075393451576304 1.70497097385391715996 1.04740367479443818866 2.95093219443446619366 0.00394821151125703245
2.74841760976581106490 2.98736349848846360899 2.80878291430203885781 1.40161537349115761231 -0.02909844926836565454
2.52718054159994220953 2.02028883779978851720 1.66478706711269919261 2.36938623855434249421 -0.00134061869558693789
1.68379564958254457352 1.02981633746615641734 1.29145086904025907515 2.47162874308849556115 0.00256295347727490469
1.59473473957110245536 1.76858936047467962815 2.24619738839445526324 1.85851930892223560221 -0.02012442411632632544
2.57647747397894333332 1.64391410025400053208 1.58506625680881718665 2.18602394701029378865 -0.00020804740363505590
1.70661575327114700684 1.33024961773882921534 2.61515410783431700992 1.65868165244190657326 -0.01771475157161878436
2.20530311667713796453 2.25228936935202384007 2.73780394355634681958 1.63834720803731959116 -0.02003208886128866537
2.48316151397680595636 2.69126638896370362630 1.87601628265458630906 1.13434838868872178708 -0.05080671518837510253
2.47453339509659819839 2.79965345880673499579 2.56422821916895005145 1.63454848975732747185 -0.02828594415792110017
1.00308904655894570723 1.26074621067051850787 2.62008389297231403248 2.64894263914278260685 -0.00697315598255380999
1.52469697866135622810 1.47960833373907840738 1.37513544524091213539 1.09737616625517442337 0.03343265019644149627
2.78544163503502151258 2.31942357117436337433 2.07565422689020140368 1.31145044404289690121 -0.03731052692832188128
1.84678589267463433288 1.36297567409686437578 1.59417604052200423403 2.24514641610441945119 -0.00036385626647477651
2.34185215351851194754 1.32746362787426663843 2.30213413027105495701 2.09251060539355293599 -0.00734172505566492266
1.60405598244740277281 2.11541525230654370304 2.02589043057707485218 1.61426616640745135278 -0.02954947655614483665
2.33415444875221389509 2.46342598611694096888 1.16720612968581338720 1.20505025352263239746 0.05200170989735863891
1.19776791597619225449 2.57296878245381099859 1.80014802866329537423 1.12407542445794117469 -0.07993752096613938873
2.37969058996596949385 1.43118099215581628947 2.46984392589395262974 2.28138536609076147954 -0.00589037152169226332
2.05497564661384624074 1.09852969254347931916 1.15309941765056023222 1.29096197767869313999 0.02199342730857348910
1.26579398230152229132 1.96463025057462870038 2.68706355115562089964 2.66991956575440703148 -0.00767963504494216347
1.17371919387497469778 2.55267445133627868259 1.74057694507961779884 1.48842965622454981300 -0.02622211059623276441
1.19864809822242612825 1.73872085255303865381 1.78877519698809983595 2.45178170193657152254 -0.00496104755389117566
2.64578768530574182094 2.35447291483180976002 1.00828276441470210401 1.80370404209278589747 0.01633297345862921163
2.73441466763176332933 1.15961292473123123159 2.44282851322936656047 2.06855676555426359897 -0.00563346628818519549
1.90094823073137675351 1.20725395035490090656 2.82177984008649884728 1.39755173955454337076 -0.01657692913392215181
2.12519286915875493804 2.00656346842648636297 2.79374580529334970436 2.94961181121007243178 -0.00281477625905290690
2.76774361124506818044 1.33093579809016304694 2.12416939548283778549 2.74788389062988125389 -0.00247385955615161881
2.42966243572391205063 1.82576852166416214729 1.78819089493399330237 2.53100187695320677506 -0.00233030031085426940
2.76595543938952381779 1.64364164672872403727 1.74660689647155376036 1.78571742709070546695 -0.00429036033986626968
2.57754404999064323789 2.40149985953236555503 2.43212207061028085064 2.11910674364138440495 -0.01155240980323365453
1.38175732190407241085 2.71721514650743145580 1.92326676460490175735 2.58159269988744721758 -0.00884052329449497819
2.03843557809090381028 2.57991212247831658289 2.16267457564567289197 2.19555891810516490281 -0.01321841209144447582
2.35294114907280427218 1.55080933074683868789 1.22723914794090216418 2.97420551448700187791 0.00189677877846319409
2.83138481472550918028 2.25771430983593113240 2.05784804823274303232 2.01985455203653074818 -0.00955434446028554686
1.29449492640993657488 1.21244207294909345229 1.55128300700671162282 1.00941703805170335251 0.00424112483471027028
1.65200323136577664762 1.79467178576461483530 1.69746500597533933608 1.51560857185640074363 -0.00933551213817912159
1.24341488165448788017 1.92864064096368648116 2.86505993763933908269 2.79475969404892632397 -0.00445542446344735204
2.17148408733635545076 2.50560667522857194456 2.20502585666040484824 1.59449691264110948730 -0.03243453404788081834
2.86691160855967108745 1.41899184522120536123 2.65576643714449023292 1.62007705453135075757 -0.01147426021095541634
2.81105187353949226292 1.45179808396579823615 2.41395344365164632450 1.11407085129181093741 -0.04428698909539947881
1.06940100982911978633 1.58512695938737135926 1.50212489043238073272 2.40435408175424480959 0.00174280780100492501
2.89326131988888768376 2.71726204847794194919 1.55070809512897267446 2.09090287626764714801 0.00049258200107262743
1.52174446942393726268 2.81685759465679907976 2.32026687600513170651 2.61055787586989751503 -0.01238746504611675479
2.30160936246499581159 1.51994026637737933427 2.87455785665849017363 1.28420912239357476459 -0.01894616505590242597
2.35077290625977219918 2.05504717625231991818 1.13689107853177340246 2.45879455735335472610 0.00535552541701942580
2.87382708335744663231 1.43978247500304656903 2.95122614004444372426 1.61872877647848212312 -0.00523928931206469294
1.90597664371031538799 1.31869409998904663084 1.76099579701342134896 1.05767048131668794930 -0.02591618450769666779
1.00854038849307303671 2.88877504392633177588 1.42257669475850234697 2.70723557372440382096 0.00503361476893347207
1.40902464977584096495 2.66714828352969712810 2.56215115645620405971 1.33074859550394219987 -0.08785902267951443967
2.21543986042629015287 2.13960834964092061483 2.60529760547872868415 1.36471930766438398486 -0.03984174644743242871
1.58975404737986769632 2.60454851187647662414 2.74055240495570284764 1.34311056760054392534 -0.05801751374047600662
2.65580659177921152292 1.06922539746104949820 1.67265540151368141686 1.98018861877286678208 -0.00125214938241416038
1.68010550422283921890 1.63709291166939108209 2.54697790399958989838 2.13183764690033683564 -0.01114146472261200692
1.83564627509825717411 2.25990539375395993460 2.07285156250776214648 2.05743258863128142266 -0.01423593579337101116
2.77640343586014326505 1.04387442296146915055 2.56222051832024000362 1.93711922505840128395 -0.00565739039564205643
1.07526828604590463101 2.77324908806132075512 1.04933484961596823481 1.53389157245917018280 0.07369244619211275105
2.89370924794145478742 1.65000954611527128613 1.91481448770352180588 2.66563519547954541622 -0.00228191378310662989
2.99933103158059388704 2.19951849187359549376 2.76049859178561840523 1.94890239975985002374 -0.00816547939927073953
2.56364568119347246977 1.45484762501909448140 2.65488811264258295353 1.26073667055097993206 -0.02794939770548118124
2.05102148680200002673 2.96126987053377810355 1.44817715937801483328 1.30657129278513917114 0.01875928250348002715
2.73316160220532911040 2.91120676221109375703 1.34197191143712912798 1.28464077689718281228 0.02649776017355534585
2.13557590811381547979 1.20881799675537404681 1.65593365671880143886 1.33222959739732260687 -0.00484216337423767559
2.92365811050081880751 2.13616672332554591307 2.26127365589104556420 2.40369914840364895525 -0.00616703205613213477
1.59441459356843284745 1.69479523797696884913 1.71117716292472321626 2.95551583479134460930 -0.00136180383752917944
2.81406273416785390751 2.27635310509616761721 1.30166469408948293207 2.33377384160147016701 0.00389428906666933064
1.78306944744659068292 1.19004122134176615333 2.20500139235750269862 2.38474515320159952125 -0.00560768563131060910
2.54137002046772675357 1.23079619256945194117 1.68451392923554843506 1.27278239273149273991 -0.00632185113652249282
2.43415979266442539242 1.06865428409166152157 1.45213677461094747834 1.82807135968541123461 0.00201668711891713837
2.00434461564031929370 1.93448245025128207075 1.64026858451172752318 2.49733975201857694159 -0.00102443410550660200
2.92367465679228422104 2.75768679839295671741 2.16945862572707426352 2.92714415788867299284 -0.00417970436583740574
2.67856651455068472956 1.57637913085208491992 1.94283956374632982289 2.48738753021309477731 -0.00309165024919641528
1.19304149538005188624 1.91270896661651224058 2.64241347827074157806 2.24070331218835328002 -0.01429888600157261727
1.46906571865094282003 1.55238544233974518072 2.68748367803009235999 1.02032769441105775066 -0.09362075732872383871
1.32239714916728678951 1.79613996534258113513 1.43538624420721583341 2.95472399998041979075 0.00168138853877111238
1.57111871471899333663 2.29898790910494899009 2.82106586356358324252 1.22776756546312681984 -0.05644051613299274489
1.71347279726507917275 2.65847249092612436527 1.67530000638224096932 1.17941220161447790638 -0.02342256777776234589
2.71614076440732432616 1.84381789720500921526 2.71241098117706513904 2.03345366911848923763 -0.00729306949926959106
2.57937875584433662368 2.86285901070432569071 1.43665961993276813935 2.34915304151517023712 0.00270886883921900128
2.47974265626879031288 1.05686747752887777452 1.53815991487229286605 1.07548202618278976317 0.00266753309009634025
1.55149810524440101567 1.75481956724231169531 2.99740881081838317357 1.59873450823924323494 -0.00939602923074972333
1.03103005872624597927 2.58826338401276423440 1.80452978366091287832 1.75074362671327543595 -0.02516329566943643903
2.97325063264882594183 1.90553482822112818518 1.78289438591264670642 1.45133918367629366486 -0.01029966276400176572
1.32018644481387692480 2.49594659740766600109 2.65975092070637675334 2.15709787355023241417 -0.01846600366567519372
2.20291613910154682188 2.72136576360429716104 1.20191995510089810750 1.04651988793763650598 0.08653702885734676498
1.28880087856270986180 1.36904345714252451138 1.98782953357764680113 1.93212468824618022190 -0.01302062610039404766
1.65466653570938770912 2.40849635792622684960 2.76978030777904482562 1.64299318691230200606 -0.02651995312092827670
1.22554604096919339540 1.55707338776354120569 1.08447037824231728997 1.09276949095353659303 0.09604084495151191114
2.75473879758610529223 2.04385436379924456674 1.86270058464908494500 2.41754258379597342099 -0.00345495318681173121
2.56867019596937096182 1.99913242082765085783 2.87167564939973551930 2.53867920465639107519 -0.00291842714218291119
2.88030898347549069172 1.32360665594585058535 1.64971947762824378003 2.42852805807528238091 -0.00060200673777300782
2.50139765179917450411 2.99794531652046680748 2.75188417756072656317 1.25774683530459174818 -0.05053758215362397221
2.13280619778999724900 1.65412893982463082843 2.64280492066880556834 1.59917318045012857297 -0.01901840579422605162
1.78785953171271061457 2.85954242185115692365 1.60058525581137001126 1.64898444401674248994 -0.00253526172843507097
1.37308932711059217269 2.44438647891710347793 1.71870148798483723951 2.39731986756134318739 -0.00449609560491552943
2.21238976473416393276 1.78464540317953801463 2.34880924116197098428 2.64093685499833341623 -0.00522697308650824435
1.10999621963699213190 2.95092943147978603591 2.49245670871076052677 2.01609091876970847323 -0.03729557201568583363
2.45599982420501339320 2.90801271661929305878 2.22420043279180479345 2.49729770991998822893 -0.00876044911428910771
1.58887503239135008393 2.10165154213437954667 2.44848363218031739308 1.92968931303578972170 -0.02159980233857844434
1.33648154105003813541 2.76931487643625029449 1.04287948302761912522 1.57934280291242790106 0.05464319516494330065
2.53132040983619388541 1.14516989235289723403 1.28973394056363521720 2.12806808943956049518 0.00298650196382624442
2.22856210733146831160 1.41398616422559642025 1.53066793257084454716 1.64574527436056339269 0.00136216404825076657
2.85008846906244173169 1.21048065042604369168 2.44397407174611025482 1.22528084179806295850 -0.02713604885879357387
2.65403014658658253921 1.81708562447496646541 2.30290108038978313942 2.36629829305022587604 -0.00613296976728885945
2.93520172008143065412 1.88722509474292854392 2.14901019107258317575 2.15776531254147752037 -0.00699280690328872318
2.37401718700054775724 2.80013783326516474403 1.91737879025271329425 2.67979166549035774381 -0.00467474221275776883
1.78312117436796224723 2.95990500680469148520 1.72407103221857505027 2.15641473218210943941 -0.00596291381657809531
2.31586105753199156254 2.43012868426532069321 2.58540363586149357644 1.76736834002021803158 -0.02034651672442316928
1.12456697689885065650 2.52665336948574470455 2.11133210005367200068 1.49433841087624585953 -0.07092364387532715253
1.72998308691406887938 2.44664583075364738818 2.35121172197166394824 2.94784549240962645555 -0.00658984088437416203
2.70767385801518756239 1.17165336325265512230 1.29097726820522562541 1.55900651367078402210 0.00723663050612062455
1.13184618513609924761 2.92325920048243181881 2.70057839181617342916 1.65565764769670953349 -0.05244254224427589983
2.98015959973476007860 1.13427385337083985739 2.90140725134925592243 1.40944951348746072561 -0.00749816081917726879
2.28835220018222695870 2.30695670280774756122 1.92092349376263293870 1.33964973125626940487 -0.03225432336495683699
2.17558408293146854362 1.51022089774832801723 1.80998408710684577372 2.10212587560710817414 -0.00410625911673284747
1.81350517531690802464 1.74725828100333324677 2.97334190059496705771 1.05011956639882919617 -0.03279164523394793168
2.46294247278535305412 1.19663797280379124999 2.00281645963656274034 2.27261308686992524741 -0.00375748148240408371
2.03986996126797581752 2.91771177040097606792 2.64722261951874360264 2.44976256334710118523 -0.00970084307509004769
1.60796605049798135845 1.01429753152114199288 1.97457119283261817166 2.61723813159363949410 -0.00303483756769256817
1.93609411648288065599 1.50795660823432675635 1.04821981611479531082 1.86078116423674755353 0.01248172603361650743
2.02726325896046422059 2.49242843882129205824 2.90205449777376323084 2.94112769630340098459 -0.00265898099054218389
2.91653249809789505420 2.16796613808778992905 2.69340924758228172919 1.33540640847162861427 -0.02910133711544504731
2.21976042205040036137 1.32012778124342355923 2.59666926320776214610 2.88068178554070186692 -0.00263276197144208255
1.34177567068725611676 2.29026700021036555555 1.64156204682384632143 1.16353563247616897947 -0.01824528230938126175
1.90547509725240393763 1.79475061807298574834 2.30861569238089980871 2.14727118002046868384 -0.01130452471853842476
2.38637443576029895098 1.71270010766038183192 2.65816557667551034427 2.48835598464448404243 -0.00457657872280304266
2.17956875014157924753 1.01878950668491907727 2.72503414580108405119 1.18059382838284854245 -0.02509249789372911682
2.98633037753920271840 1.90355682103409984407 2.67448752238133558023 2.93368929380086918002 -0.00242322216576934578
1.44571734815354413506 1.23660808711275271854 1.41837768905890526661 2.73311421743771809645 0.00150098952999626009
2.18222139287082050885 2.93291995686032258561 2.00746546475493126138 1.92662806333085567800 -0.01719445594224465815
2.80600447252578977242 1.74548256041207539013 1.18187627921138971310 2.22224937136039635277 0.00474796833771126258
1.13672830925162648974 1.25300421151569096878 1.39196611498472755386 1.58508933516067984648 0.01156612469155651919
1.73674838638993356277 1.81856451117487005753 2.85848621991914875196 2.83291829127288252721 -0.00294911729262785577
2.06736418944414346299 2.07710071309631860714 2.94381270021079544108 2.47606932279135527608 -0.00304411222755140033
2.27343679022789046940 1.34630917896666368883 1.07542630369988478911 1.67024106865016608303 0.01268926251968458853
1.53852535255704792050 2.32309240237126513051 2.27977951100552278518 2.42785641823660514049 -0.01244750900890439702
1.00397593615826341562 1.32978058944017996090 1.21904069035800666221 1.11669779144878411614 0.07344593720817299554
1.22637254218569613506 2.20459919683206662100 1.61406044088198297182 1.12057782205265876740 -0.01317887356886217678
1.97893184454075599099 1.75226934236970377512 2.70372736611946562491 2.85754911020805923982 -0.00347886909879197665
2.97879791711494590345 1.45570239400339640490 2.63723020378378780748 1.61431418856682751262 -0.01173269137056287548
1.85698281118331243178 2.22650569356268901444 1.28769930689552491998 1.70616472174956612662 0.01545761806552104281
1.71079192134857116514 1.54512290095370796728 1.61663924805533443241 1.63227300527390295493 -0.00226966876326347919
2.65661163037105918505 1.76916468235530777164 1.31507258931052706252 2.04938226562557268551 0.00452014258513237181
1.82692679232421140156 1.91696922760162014043 1.31794234622858885686 2.60698575850031266654 0.00342442512168248834
2.81824214767131486781 1.26934685959237980590 2.32735486519514678250 2.15300337418760356911 -0.00537806991505004536
2.60252990077501689115 1.78792805705737567479 1.80053870545616123700 2.29059514871686698001 -0.00302601424110995020
1.45121249766486526411 2.76067631046975048292 1.88147029571650348245 2.76391640465155141726 -0.00626054879832938643
1.98156720098243854800 2.03721402336152124235 2.51241325922250968716 2.80729174517768420571 -0.00527831335901208717
2.73118124113595195368 1.74772818755930847701 2.60461040034535962207 2.96925092314205540944 -0.00256507987062412927
1.81655306146851303062 1.98223485949397582040 2.94535080314790231881 2.41066440409375504217 -0.00355624702354826339
2.59893727421123443833 1.29548899955210372603 1.78439332328661026672 2.02513371994876312243 -0.00296819645821006515
2.20521152332071324054 2.58095697022954517763 1.29730679047166730378 1.16154024507752606787 0.04636645054190404597
1.15642956163248400436 2.92147945992045343644 2.99803976265770799614 1.72414923743711945292 -0.01666093920953490293
2.40095391420727377607 2.66956133403895057299 2.82208169910719552931 2.29378501335119011628 -0.00655880500535736127
2.88575145121675946669 1.56202861555904726210 2.58617352518854293209 2.52397785996121548635 -0.00360078599877876283
1.56027515950830708569 2.59380545968798692513 2.22638008745455984183 1.46856193669626655662 -0.06055305627231995919
1.47795402757696781038 1.36218084670261552205 2.00923371622963342631 1.55666864180441844034 -0.02242065933086972648
2.11565408592975723323 2.38303460309039571996 1.92507363851077895056 2.32616408302596866520 -0.00695106784620117771
1.49802500593864773570 2.27008530101618344332 1.46422241234544636690 2.35647108865760523955 0.00292419010057327336
1.06350153376149880735 1.51777403839340663261 1.59859720400270943763 1.41393531816328499318 -0.00334908726806516484
1.25491550988663824739 2.79957437662544750268 2.28231579683611141007 1.87834284405349283276 -0.03974441973679477408
2.47968148659566489656 1.40177465880394214182 2.51894562595610249645 2.15593266860592658318 -0.00638017893732549263
2.41351560814624832574 2.33736366875539403054 2.83367079081591910494 1.58762566800700311020 -0.01668691667480725130
2.19163735645469781588 2.18640288302713559077 1.48910133090363649977 1.04052694683649971097 0.01719389551945289807
2.32520128532926584342 2.87971836934255698282 2.27758259901340309739 2.48862035146830429255 -0.00947337914996710870
1.35668968551314561566 1.35419699982699492935 2.11555752389304707606 2.85513786243298728351 -0.00453768266330839033
1.34937855279443907897 2.71574492971387027040 1.43350108568471767967 2.85260221868628427444 0.00280625408199534692
1.63129821722376178172 2.46145806691085278217 2.34831362235420382234 2.26721252859767830046 -0.01545289408658724432
1.88609985537996238669 1.87379966177933399152 2.86984476292581813794 1.06925563680495017138 -0.05016444019282208927
1.77482866299574992830 2.59808265613880129408 2.77285305117244540440 2.08830309934970648200 -0.01290151431839255819
1.93887627779228211011 1.04121609764381983787 1.84028856529699891276 2.37393084306895207902 -0.00245928795378005808
1.98298656756068791829 1.03883116567741362601 1.55964418095747658910 1.49745330936679810208 0.00041533559195645046
2.26060827624871940600 1.24232141419150554640 2.09204654595865102706 2.11903131725977544875 -0.00595421353268348226
1.60911099645595534469 1.45795292234284912247 2.49600560380502489721 2.24000524796831967933 -0.00924884220721688792
1.47288469724098081137 2.00031979547777272188 2.77481926435104941930 2.53338758275999786918 -0.00667518332804389620
1.01699577124252837912 2.40838415270565686654 2.48034608564793845886 1.92247467244883707416 -0.03856365165525277999
2.19548430667742255906 1.42275559404788731754 2.37035552311713981766 1.15191010199424126448 -0.05058845234849125572
1.95259343952831354585 1.09662456918463835365 1.10541653073784540418 2.07578845928114130714 0.00601163497587220257
2.36453411716326211689 2.12972057176160278757 1.27541046676033187346 2.87219294372217737177 0.00252740269630005558
1.25894216346464471457 1.31612083259095413723 1.28778764881836016443 2.83217405667773558520 0.00294577069411519187
2.71501490424587377248 2.80468213627652884767 1.94086516955311449983 2.32015414577463818802 -0.00665814363185134213
2.65139458629099289411 2.07020321353980163437 2.36154498872960871836 2.33654001651883858059 -0.00730592941394743890
1.68377929077239296696 1.21349872118647783559 1.94570130198692115009 1.39619827860274470233 -0.02154070547120836079
2.69600132294161198843 1.52462221193099867200 2.75245823846792836420 1.84342570838976493874 -0.00756507450422236761
2.31015518428875132884 1.45145289810414768183 2.14449654400466682702 2.08916183073890859845 -0.00749856917871190905
2.04221262142059334366 2.46496003650016692887 1.44668798669773601695 2.79737139452644756332 0.00161697055174151545
2.59806533882633861055 2.25785258147308454113 1.02895884047863739319 1.64570863378743470484 0.02056672027380449311
2.04775309200078980965 1.98537372736595840728 2.80417466256285541348 2.86120012967668557735 -0.00308688904183725479
1.94724226674687916905 2.83744336718398004749 1.43537847703178833569 1.54883381965037503214 0.01252441972719384178
2.81485217446814672826 1.16928692684750124009 1.71522559703713484147 1.08436285334537418912 -0.01107775592749606249
2.35589531574866217767 2.07203019888927375547 1.44972432188847322188 2.36034638311920197395 0.00191432476876054851
2.81013943218919859390 1.14402501532925415795 2.63095832213130886856 1.96745348928090391105 -0.00544136933734749254
2.28921224286979807516 1.14633387559068444794 2.65549908871989259751 2.57525972133851865919 -0.00289125606529368369
1.93733754768368027221 1.53985682139944857205 1.76302452784211971526 1.66246609959952729163 -0.00774449894737120215
2.65462039248402081881 2.71296463722571568056 1.89383980811916208253 2.79376852347087467621 -0.00336818882632509281
1.41915640985576718691 2.83182944596541652515 2.19236291988951936816 2.37532351082476367310 -0.01682700398147564738
2.47571725486113169978 2.16190887444656354432 2.32847107005861220230 2.16227670086809897754 -0.01029475463801550472
2.95247995567183796339 1.92828205347178904816 2.99359204824488944752 1.46677453800642720871 -0.00720622572540176743
