1.62740262784609024393 1.97796134168885684446 1.29955032930978964245 1.01953892278988722531 6.09052536963682733528
1.81477400184099302294 2.71624529251667023999 2.45900965847783625762 1.06324827517654885156 4.96613613474757720212
1.21207699686446912501 2.36398654475828795540 1.76905826879483907277 1.99367940959382150545 2.81125804188048222798
2.51198200180774744439 1.46396333885499352334 1.76962352135189115998 1.52891120083680154274 11.38358416477541545930
2.49916726932456478849 2.76189159455125032849 2.61623280453386231059 1.02032266228977563927 7.83293337973925218876
1.83578361824321345530 2.55400501870800855642 2.93435435528232257951 2.02389710966714719831 4.39174338556638232944
1.55881918197974878026 1.01979489530647948747 1.55799195703093107390 1.71745462545281646349 6.69085784572696162797
2.23691772502035313153 1.88678679028827356312 2.99579653662045952700 1.42366646404710239793 7.27962017404056549452
2.07641650957701706659 2.75708425173329541025 1.58582560190808763423 2.55387523973129670907 5.56470416083739838342
2.98809350768986359270 2.04628506953257538470 2.31264646483651414854 1.72573676380089890969 11.28974965335292068858
1.68496481575979095702 1.93850797522953910423 1.00563520743352041720 1.78208117691314282816 5.91164074172758624570
2.42835831126353962617 1.32495627355290968019 1.31598150774264821550 2.05353429086029359851 11.25290104309460303966
2.57632093431189401755 1.56943416400972735048 1.19936455521629503629 1.72644872013139072386 12.12508963633691116968
1.59918300454774842123 2.17003379487935932346 2.69325938007280285547 2.24462195839736988745 3.88171408549303675883
2.54052410407377493584 2.98892089371014879617 1.24345287653715641518 1.41947725112833711414 9.01836382585427287495
2.49220576941310012486 2.80965486623776872221 2.80805601208089150589 2.12357606120080788514 6.64100629972541423029
2.07007783872794348667 2.61608879268957084108 2.21334272621259664504 1.09354832159257253643 6.36243998861916892906
1.30109290093341467554 2.56558712101504582392 1.15890751976204486873 1.34572305515079171379 3.67855375592495548176
1.62904133289389441153 1.46611325727441199618 1.92889372668149383649 2.27365466614302080828 5.26305491846168838066
1.54641154738431962912 1.13451032755989467127 2.44284028966262756200 2.88711923352860555525 4.91361711775699472327
2.52825324650304583685 1.16545201389205277387 2.96687461233960370066 1.45806229685219368442 11.12269398932942010561
2.46258852299783193018 1.73411001961411548322 2.14214788992065230389 1.90220733561647725729 9.16863479671412306971
1.21671391454696009582 2.91859637886041678456 1.74142393113485871581 1.97547619545385533257 2.56026615379174238285
2.40830161408511322918 2.61686378258310803346 1.21095006099862056992 1.97210264495799769691 8.13642658669358453949
1.23203255744053263854 1.92781809326779662861 2.41308637832133054957 1.72263027907432175745 3.04301946698219305532
1.31270025965430847670 2.89409832508837805420 1.57038331970167854834 1.28132548567658610672 3.28941747907588188937
2.33990491304024095243 1.35574405501327843737 1.66540514969115460708 1.51714616893582676660 10.82681261411266504524
2.22130832787520571259 1.64689290429913648417 1.11140156749695417915 1.27327987199921510708 10.49651838134825077020
2.61326237108171444135 2.51539077778550890230 1.54259071236360156831 2.42573815541239845572 8.40132587256824514554
2.82318686517249695100 2.39179908293744691861 2.86178588086857166317 1.97914126875623685997 8.75916453858213017725
2.88263486269619528812 1.71365344087136484141 1.57267075833418079611 1.75416798701851628373 12.87914243875191644406
1.38830365602579774986 1.76284351619720602855 2.09617804082440351010 1.02892058836358968321 4.37892819628761653661
2.88974069836442071235 1.35778884805864041851 2.08025835065516950806 2.43539096138822541704 12.46499067361289370126
2.97834912299655396595 2.27462284304231898702 1.57822783809051370163 1.71490112454359810990 11.80005978795113819046
2.80462343115016699002 1.08346208542520172635 1.75531115937199677646 1.51263696973493022568 15.68365458888347241384
2.54389404937372187732 1.96410128594614064035 2.77268976899664787439 2.20291536157307277222 8.15499133682988031069
2.61224638070752757102 2.76541291994889215644 1.17780034132876521014 1.09445424297643723044 10.58260496182408161303
2.82734510235337488382 2.24927597246987476254 1.72428954924933020010 1.30221449021055279971 11.44869799286901468349
1.88673534259378516964 2.63866271856639844628 2.16105158843566247384 1.47179524277626216922 5.25933532322556107630
2.79300700804039703229 2.05717009876012957292 1.57546899986783461856 1.54296968211585050490 11.57935051235972778727
1.42836044448770760340 1.96567700475332451937 2.70551631729209596244 1.65633136174961803633 3.66307039051646743388
2.94459679559458198383 2.46376963433124362979 1.69532367823267393625 2.65230575131664902955 9.70045961570571790844
1.89414261802332806184 2.38168232581358729760 1.71826478263509652145 2.89333865643592869077 4.94232144186867383695
1.81631472378304925641 2.62774523369894641434 1.86983795619801340671 2.96982449857733588061 4.31287984297596338479
2.44013780512322098204 2.02921183410517969037 2.41059437827038891555 2.32275016890052388163 7.72776036230223617451
1.67746752298769430389 2.41689300418201824527 2.88836582202085878635 2.92353047849088021337 3.64228066731114230592
2.18685454789337185844 2.61449737899511447381 2.40658693400655820938 2.46558453756302053961 5.69317230492371351147
1.01912352644788062328 1.51370488059762720034 1.87801503747743470107 2.13298167090846124694 2.62345338032850872168
2.90115145844820876420 2.40122884963406857395 1.06198578685528244314 2.45441655337409780913 10.68487425025499426567
1.47932904385283126025 2.16585119313728746704 2.98297788639611383132 1.52638867005356937412 3.61747024066906419648
2.54835812934260852458 1.17942797821461398122 1.17730075650937116016 1.73138220756511640452 13.80024043644847964174
1.59605107615681740540 1.09137168016565233586 1.02982206135584664075 1.28209869402038934005 7.97585471342462248856
1.23711445146490639502 2.94357782765504882860 2.16881632269802437918 1.21855885740193325972 2.73794851068037736752
2.12121865925543851006 2.84302005751364639252 1.28029159903434286427 1.42426394961978952658 7.00035576285005856079
2.20904001265776184226 2.16575537789978778136 2.23507586445626316163 2.72401243536485004881 6.29476643715983907867
1.06166431451134668507 2.36838863533988241983 1.28318981594868941620 1.16045830232061253362 2.85703051925330520078
2.84922921041508425688 1.70056988058897018412 1.42542579637201760612 2.68376655867596713989 11.43129607648005929832
1.25725509045945726960 1.18384893471062535575 2.28226748405338186743 2.71619729042030755295 3.64123334040423562996
1.39928467186133898004 1.35475253803828321608 1.81140230081314945743 1.88800642488366121619 4.64561097029498348832
2.50047701876919914454 1.10823092642188347767 2.40497909179025803894 1.66001141864262757863 11.70494207196055747033
1.35174776776316907245 2.32261521932942649471 2.94519690131046374404 2.81039158197033156483 2.70078404135045690992
2.51309734183964472720 2.44705254824239570866 2.66302985646283740806 2.76712617229402857433 6.86698395188733190508
1.40855273151127136089 2.43233118969895034667 1.07195366052175455884 1.76080083852611224415 4.00150819097205534547
1.96377992402107715009 1.45225379402573095966 2.68762459337761239198 2.03832620428942057345 6.60014131626848143952
2.85845244608754533999 1.11575672201759923396 1.78341603484680555347 2.69998577624096469663 13.57649732188199642735
1.22663494329428579555 1.69521762234597295205 2.77703693164702158924 2.37065055527502588362 2.88957553099569697252
1.34629746174518016844 1.41448334300467193358 1.24581022361811766253 2.83907495243665586315 4.08321796460256347672
2.73316392714151845666 1.60837811249745654685 2.86505952409761732724 1.37647568029111111443 10.86983053830417134122
2.41147572243259933344 2.75199246226334359733 2.96939553113950793772 1.33594883131273989285 6.83560001846652109947
1.94986207772697262008 2.05013133001709535463 2.28198800082133246292 1.12105799601161737478 6.47680701426337090965
1.87722476840178642554 2.04522302979991810190 1.48022979867143300581 1.51994484441723010093 6.52395079272539923920
2.16117895346662791667 2.39026681030683185725 1.76992070990991900992 1.50155112248435251843 7.13873366464010317145
1.26812924501268753374 1.10121434615804170143 2.83942860560024357142 2.60929254697702894816 3.66304221673858965147
1.36154742942131989913 2.07763564398808409095 2.14230535754523065961 1.48714084711193006427 3.63516522067310576816
1.07884407689405592556 2.85527725590206893358 1.64626253192706917261 1.56104510883051195158 2.32660918493979851362
2.33571121642245671524 1.59900025554704083852 2.58238961873586880813 1.94487173570488258711 8.33616952521176912683
1.13517001717162724361 2.19837377172465409103 2.49008589303170779772 1.46514052291277896423 2.57712090698731843830
1.00168252052182005229 2.93779349362496988718 2.30328548981313740995 2.19398301420258645678 1.73296571361733309224
2.57339458153245992378 1.01557751856969846749 1.76395366739236436615 1.90303547685730189976 13.44089196198883939815
1.29234161334526076459 2.40105281294193417807 2.84918846629438426987 2.95228835303028080972 2.47329388952694584347
2.94987204487589238511 2.41918793331841763816 2.33178686751837727087 1.11484598612074803370 11.02433292727253366650
2.79561742751209685309 2.89857330916760114192 2.46603268036477230041 1.47884912705449100834 8.68535021068215407070
2.83734711730168598365 1.99588923863659073454 2.72032978339181052974 2.63734718294728143206 9.18315876400774300237
2.60713792017778933641 2.41259195713077456702 2.64303476436026496543 2.73712865515907433078 7.34152372212133474960
2.19134788395700708108 1.83207557972791534873 1.46392122727029949658 1.34941069237057820196 8.97769158332179451065
2.86819272566884730935 2.17370450058752950895 2.91257147577769082147 2.39719557296573615446 8.98368213421682604292
1.80152244011739171015 2.28173641926519676915 2.22225836865004966469 2.60609513031236161851 4.57727616700149475548
1.57258045247339950379 2.02787355007538083740 2.39536475600290810206 1.74140165525354229104 4.27807351478072028783
1.01391195721193838608 2.46700071003183207807 1.78130968656178545473 2.32471822608214395700 2.01550857224067314633
2.41712696005237770436 2.57353776541737033767 1.01155192585732645050 2.51773137077801134609 7.83466675760435649067
1.08358228924982191721 1.46684690008630913560 2.64746198540101396190 1.82080155988921177368 2.76828584098908248023
2.17336780647672522804 1.92001617152486447893 2.94591341854573940395 2.27881180597109711528 6.35617055283254739351
1.21182169287344221331 2.39321873903847404108 2.55717131588850543622 1.76085207883769889747 2.60737957614798787631
2.35634593118209068052 1.98829074087456492137 1.10468530034750522795 2.86502227403110243387 8.08945453689517357532
1.43016515440380587165 1.91209454881598928111 1.18217070833830661947 2.18414290179401415770 4.23571946513740815732
2.71846647118970352608 1.21172608442429519116 1.66568718469396870319 2.90115152612054050252 11.97169859791432244833
2.27107455088049992042 1.59688577373152851280 1.14242012669500181410 1.01617894291246368965 11.58254605457157815351
2.39826700680855520176 1.15698482880994713007 2.66096666250182689595 2.69644840366719229507 9.37313102984082568980
1.44927979965829489828 1.25222186880382024832 2.51733699904024188498 1.88740286528416389977 4.66774854612047374047
2.08867551225085579247 1.99893390599982545552 1.57508161404444346765 1.94122501155201998557 7.15391448057385748172
1.19544434372908137121 2.73543467864560874148 2.77811089901888585985 1.34994568417490046208 2.44392523419254326100
2.87101555838203648108 1.26080508357482634629 2.91290916504470942527 2.14645403339569540435 12.10211521060893957724
1.49192493618966315339 1.79079889328008512450 2.23689322752208852307 2.27618066935588414523 4.02754773686434397462
2.63545503796629088100 1.40881663143282875872 1.47915526502481053939 1.99066475866180114807 12.15857214127137453374
1.72692951817076423282 2.14813038241219267377 2.21228904819501792645 2.32490466463713207901 4.56738696461941362514
2.09417909246086786368 2.15492859324927277243 2.35955129773794514136 1.91245200672566317834 6.27578946290316252998
1.38415933293380954971 1.73900537665001064802 2.66827039464478632524 2.20031662631544433495 3.51647120545978664197
2.60187748132258445111 1.02175049494625636015 2.59250448655096654704 1.93058175202466197895 12.26648888006468141043
1.58559828276073422337 1.82194691014452447853 1.05721628199600492515 1.99440975676854215237 5.32029977613813809256
1.15224655232596395749 1.34072481646637498010 2.91641160200845117600 2.35467564148409147506 2.92333151207603147981
1.46065919524677023666 1.11553846540753753835 2.49544619005830803360 2.80517866471504540016 4.56139208478594326834
1.11044946999070059945 1.75166424198712045168 1.25203141176264987067 2.91844131825080621567 2.72025736593626010773
1.93797883679782345645 1.75276427288888148048 2.45332772453670289181 2.15364699461153286109 5.96531996195636793345
1.15038869732278614677 2.68198276456375772625 1.91633383344662866499 2.27096088740206436540 2.31340687232624686587
1.98094367515219627052 1.07387114540655703721 2.08232182278933297681 1.50613938186624474191 8.92396472644751703740
2.50452284199743502313 2.42921379413664961788 2.31410303280801876724 2.35801845872480075883 7.39226335853615879046
1.99206383295273203871 2.05217271298471226615 1.47757050242972964860 2.55963445768358965893 6.13744185856379420585
1.61713231101706766957 2.05873159179539655383 2.65808680594729551672 2.45789104118301349189 3.98138346220777350482
1.19003208464439347303 2.34485368070415844954 2.74201858343512494542 1.05280866165796926914 2.73441227780924345225
1.06542503596926474430 1.98292485477132340854 1.59267559455363238996 1.57967541421994139839 2.75499281002124041251
2.97410494728813290521 2.09127590700637089327 2.90059078491108213171 2.49744014217009180356 9.59159761890291129305
2.41878225504515231847 2.69062851005830250273 2.75428253883760820742 2.22643428025525391689 6.45657550323249385116
1.83439209957857385369 1.04039803796190200025 1.70232625772220358407 2.87079411340916301754 7.15668737944378019478
1.13002176291542233422 2.32639161631983881762 2.73084487533235176215 1.31965927870775057151 2.45874860608286649466
2.57424659369016817223 1.15185079967288594993 1.17693654528015145821 1.77800704778370355363 14.06638101293258458213
1.21545922937416817078 2.08994687116427169116 1.05172410835086460601 1.22401731678459735342 3.86065844877403829827
1.14190135991288399531 1.20347256195193175188 2.51905390302846932116 1.69634987253233116000 3.40396485067838705518
1.15602960097558593588 2.07792401411410398993 1.14267736884200288294 1.04481143578956903184 3.66307279846602407147
2.00029954120446706867 2.15328196898265300518 2.94261366201841845225 2.38476758082524309401 5.24825684486308663423
1.70771952387186898292 1.45062262954805798465 2.93664632081039744804 1.84925133205359149002 5.32164323908442771227
2.37530668749409645812 2.03597230085209135453 1.76258305241486978865 1.26483970830684144815 9.26481895467285276879
1.95447525854704040604 2.90570309987254660200 1.11844256930817276263 1.59479856164336664115 6.11442073946193787037
1.94691740938717905429 2.86541405017265438104 2.80266826077026731667 2.02834726211942140139 4.58762860240950232082
1.11401435332240184017 2.61148787604280574470 1.87289715219119878853 1.50462369936543649551 2.48755688927663287657
1.15168971226039995592 1.17543448519451132483 2.89288457271697785345 2.93206325779479115567 2.96782210644388388943
1.66825141646008012764 2.14672382493111690849 1.98938373143261171272 1.02213277923167900063 5.32465420998860672341
2.40488174787378472530 2.97525762720563946573 1.67043393385775784665 1.96664427949421005692 7.12331006635399521798
2.30484072120228455915 2.16761939585320462243 2.19715417475784757784 2.83966519183663734793 6.65382759029508719095
2.82759889344346149187 1.70688740502197089377 2.40704573341026284439 1.12119127646797855924 12.17377471087207752021
1.71285067655826495070 1.49975017370990459931 1.47553198448652755914 2.17660061158129014558 6.01833550571250430750
1.75724559368289123817 1.56292881489907187209 2.34361362048388244261 1.34368616457664424857 6.09683918317093365147
2.25826265701716799583 1.67547939032744674925 2.26725829644046017464 2.75697465980460565405 7.34915012290824787300
1.19485088241445636115 1.72175187056274991981 1.08973842689555744379 2.26708672744640571395 3.41350693192742227211
1.12190130140110078116 1.94807742068905320743 2.91974152589276325642 2.28122680323108628642 2.34566849673486421679
2.07591291795019383670 1.62020052560950644782 1.53596709241201123675 1.92088129020775277844 7.94088698619474175899
1.54236441304516391781 2.88537773635834771113 1.43318120853345631893 1.49362287824216299903 4.14154322148477760379
2.22443057043102943027 2.09807765494683984286 2.93612366589650708448 1.65994351990811050968 6.71280740681076881771
2.28625925425699305649 2.16375692556818943757 1.61902533991399510960 2.68438758264106880347 7.11798941241532290292
1.48139422651664531827 2.45899355570824962314 1.16753153845176882442 2.44078095437748521235 3.80325174918937269908
1.81649592590851960416 1.60251800172464631267 2.65852378952170642634 1.69292103203866917127 5.82523314258493130069
2.81845207959743682125 2.17540638899839411380 2.53949928584154172029 1.77618245982571165698 9.70288638151587079506
2.87323591635020703094 1.33977139234143893809 1.95936922672943025781 1.71038759354151981285 13.80075369571662413648
2.19076648026120146540 1.07575405709416882516 2.43607678618914658131 2.94754334621985458753 8.46603966448151545876
1.61996747622292591728 2.91919984569673385266 2.50637719272220227396 1.45468832405427117571 3.80979304681005137567
1.60332848154650609018 1.36237978274100135501 1.45920455797054504643 1.27219011899447642655 6.61260079628106289817
2.02876551914090796913 2.40059197576785710027 1.57756686127654566221 1.88771067653527002683 6.29505406063583450305
1.93179772788762504909 1.83854748930986433564 2.42325633798791439943 1.21356987399500160230 6.52414559671173499567
2.82991775055624827928 2.08847655211785898643 2.95549999446901612288 1.53926593670170497319 9.76275175272481199329
1.61583929284220295663 2.80122278541779845540 1.80601324909420357656 1.35053407825427340683 4.34007403300434368987
1.08559101642508437635 2.93498461765646023736 2.12163923881348015499 2.74095452436406983310 1.88123183917224001682
1.96233007722663543859 2.97422028854053488445 1.43135940830634633691 2.31900436276527210921 5.17147817039149959584
2.77796823585713337224 1.36248305593038065986 2.48500471215992790874 1.75855945590902607023 12.09873153038694582051
1.22280551213446098124 1.88479181396045758490 1.02070095865765453347 2.90671231799527252093 3.12270497094027588147
2.12741318162524439828 1.15566163835339263954 2.36713972384025961304 2.16228929743847420042 8.52158851140035444871
2.50547338514259543274 1.44481346710698232982 1.31691599204637599385 2.89461273515166972459 10.10156783802731084165
1.91648444618044222487 2.22150471524621018204 2.51511088255786585677 2.90528552205432077926 4.80395214872841513909
2.39883758098237676037 1.01726675809995859012 1.66593367767872968521 1.77292496274597843886 12.48120584956518541730
2.03031041879064133582 1.85693099514230897107 2.76536859498207299168 1.32858322858642696751 6.59256297001288693593
1.89865887720386083970 1.35597566305174677126 1.81283786919958211925 1.17176124709370266253 8.17111521331199064377
2.89064638303636201044 1.83933665548504654552 1.38650553874668291954 1.27958801007838340880 13.94453427153912628000
2.71238404939249377890 1.48019954291071420549 2.46815273614501506927 2.45131595322162532113 10.40129485144971610566
2.75695030417945563528 1.20409043958333983326 1.96104496009443529658 2.06853592129475805095 13.05761267973615602500
1.55328485951318762126 2.15087022297333252396 1.92371257113887539347 1.97073482476640049477 4.20268178111641255157
2.86538586809409068223 2.05860240020771367853 2.85762847008341402955 1.61983243836754908784 10.03812042512679880701
1.67847598818763210637 1.89211443839140303069 1.45987540051082742565 2.10735821577207715904 5.25912013492996166519
1.36690726882304147694 1.39978042273668412676 1.88864363948712554730 1.44559603394087710093 4.64793539469465688541
1.38180213767893778076 2.28083857219783592285 1.60141195858498130988 1.68936441280690030631 3.72522234292538145795
2.25980041122132035980 1.52156670811730787563 1.05439998706502424675 2.42867620797794536713 9.27167088498562286247
1.11974136420781666956 1.55619523427712436181 1.53363270501059645312 1.83478586250600050889 3.25170683681878935900
1.83522060356128036140 1.14110096563850693663 1.78330727960491763895 1.54423254935917841912 8.01657047975840697518
2.06626414751309717133 2.44911286001664141310 1.85112461944915107637 2.00865901909544763981 6.06977718401823196359
2.00760727152940532392 1.70014201245699303477 2.25183894427116015891 1.50395244542666395304 7.07301660573799750864
2.09591588752930491069 2.86889572571118378619 2.87137665281879161938 2.91641736910293936091 4.67871647010120117471
1.92259262463808289212 2.68449087503922978470 1.58619213707058404061 1.78524864370330282881 5.56765148787926111851
1.39585799930242382416 1.84486048827149229368 2.70947884776514502647 1.04496811871822514739 3.93719546439157408457
2.03325224144213745348 2.92164564718987129766 1.04287013328707534043 1.49376380876660652675 6.69150932749855709147
2.08254640187170192434 1.30342364280594447123 1.67740022737554883570 1.80113709997951088049 8.86810379119583025442
1.75179568537920338223 2.15635357915104153292 1.10257193221973093245 2.30571068994768335614 5.37374754575715929406
1.37619906505671640851 1.05924870470691812052 2.29673066397852387865 1.49111502247211946681 5.06415099475632679571
2.07032616115878997931 1.38968634974664895232 1.29966745337061406751 2.64064725681625356302 7.99860356816227735521
1.50737507963651795606 1.21917929708577466030 2.98291794426425926900 2.63968457094525632556 4.44129257879420702437
2.37834389957651604064 2.99999548182453956713 1.68213710399598692646 1.20374999665259707626 7.83234623966333920464
2.95557182436745069509 2.11551968805956880360 2.23786485079671182419 2.85217024514162709181 9.72911240110913233536
1.74318134170890837176 2.40736148433372143529 2.34646562443514206109 1.82266417002368497080 4.56457512889069594308
2.64651018602237630972 1.39870834381561737203 1.50668473314359419035 1.83826597290161575238 12.50638457788183366404
1.74172507535716825089 2.81018002436166813851 2.92141196965915472816 2.07772191611748091589 3.85331772025788232838
1.64572506562166087640 1.01417921190701187939 1.68947651567674483886 2.68278234862879649825 6.29949170560270399477
1.79236702275220105562 1.54286937304106497315 1.45030108521853273729 2.72231811785752153554 5.94225562437139309679
2.77736537694519869390 2.87220229926935743947 2.08350221665560475515 1.31671618047610494706 9.30611628582961714073
2.01658159483452603666 2.66311402504138516889 2.20628770357062409246 1.55352329759174834223 5.68624645365610970060
2.59138374240378510649 1.03260233503269849287 1.44255268648166068424 2.86797044619989005554 12.42355599075098560036
2.75688669464830349298 1.71175712228619647526 1.60346688042668295004 2.51024548373211775498 10.83852569825764255995
1.75707459234710161589 2.76288626450120222700 1.41501859302076948843 2.92762451566670467429 4.22480426867590708184
2.58893200467161133105 1.91235253436640473268 1.63576406310749478124 1.01504714635543336065 11.62485267842818892348
2.74347544457160719134 1.33762255059778123467 1.64573474587932255808 2.42220390107037442107 12.23988948227550110914
1.57579607782891728540 2.49260888765719901272 2.88006484518426564279 1.40384156553919337007 3.80349486574745965228
1.48948268142502526779 2.72818908692796968651 1.25852829301079194302 1.88446794993794775053 3.90053240803378242774
2.17041006262003222105 1.70690694111978480407 1.74409469691504370736 1.47136016295284477451 8.57563778151886069168
1.86740275304338276818 1.72957156144673596110 1.82851806824801532692 2.95252851531305449129 5.57578610129793172945
1.09299295364259108077 1.89200306587299738048 2.82430422741364317574 1.10216879061091588277 2.63416930601266363610
1.90178244541857299765 1.11264016504409135599 1.16427037181626125140 1.02087643953750339954 10.56825886675411219073
1.57151334273628151550 2.42790895080517055149 2.51248607136883794766 2.01595507311483324031 3.73307242289589114037
1.03292293373417098934 2.00595215214351263455 2.02855466456007071940 1.11342047997016124761 2.62736306930942520310
1.28409780580235688419 1.41861396951287610513 1.38703270334522765772 1.88773592916827115396 4.24184306735941341060
2.97901533089087156014 1.24797734691903894344 2.96056131287422408249 1.65590155503490232825 13.45956274131530960858
2.50569246996081629320 1.24533463035042801792 2.42603581673912627181 1.13045788416984671620 11.84179301376201109974
1.41486940076804112998 2.70715636397972314597 1.71523778757841793841 1.22235214288010118899 3.74974853176418987388
1.75935385431834578895 1.95918916971151602091 1.98712942637823153369 2.21841842655310150789 5.10810938128443936534
2.14312282625344874276 2.79591723338205166982 2.36962193890630645754 2.03545506317778457372 5.61709221384800105881
2.03941016287710219501 1.95946120502134601971 2.19561408311060812792 2.51295329152787250138 6.02454160412436134919
2.26243270634509174855 2.68834420440275012609 2.44593084133503113620 1.83400364830419904116 6.30350899106629913859
1.11844845133527881487 2.95306045677688677742 2.75943880175652367370 2.43426066139917773867 1.89770739682976641305
1.98038213912893401591 2.91567729571544109746 1.01852980249326097173 1.91856850286939284445 5.98376323019331657349
1.44013697557628761459 1.69081855090055510615 1.43672709812909560334 2.19213361815698437596 4.38381197083229778855
1.71145185930798748863 2.98052168784107873734 2.82056505216942809966 2.20253665905278772641 3.63575634297123295724
1.43107975365361594910 1.11413350975918024055 1.04393400223582188957 1.85641837899641104492 5.98386274383917182718
2.43658513135707810449 2.81571467456719748412 2.94267931763197232442 1.42619588693299403914 6.81354472602797756053
2.34818412750761185137 2.70364508127026104134 2.13783312473677922227 2.41319670546194409155 6.44537825855320622992
1.31442627331057471096 2.08369880805299390047 2.91008500399514957735 2.41340105873643917533 2.84294647436620673275
1.06024501033036333553 2.67122920097183724764 2.65481261930364098589 2.14835214876277991181 1.91500496805192899075
1.46555370211731861296 2.60550625001598845643 2.88310972813418109340 2.87249478003946023819 2.87866377031505882300
1.09262283426842632394 2.35298869692216960914 1.29314707553996610656 2.13615531633308020076 2.52622753977160030558
1.89212337842133671018 2.29999382855697742656 2.21746851912617604086 2.90979534920683491350 4.76209304170826897007
1.94334762929342197424 1.83521289703934420423 2.19569337635228567507 1.20034325114657391964 6.81830150131567069849
2.22978777007435358115 2.06986179581951823536 2.65081680797540730765 1.82953370533127990250 6.86986957216199112253
2.89547874374791458507 2.71090553014047674907 1.16382354530646847657 1.39168895160658823151 11.76154145475211798555
1.62359452175146268260 2.81982444247630281708 1.43008221022245241016 2.35395267065675817264 3.97930871819396569933
2.61671831107961594398 2.17401006108911332149 1.32767431199316110479 1.33492871171345783843 11.05430246205448341357
2.95433541197137561340 1.07883265472901168636 1.32781705160632745866 1.81919188545891352682 17.31583898296013757090
2.42609805095003583375 1.46709564291928384883 2.68042488917979149221 1.28041416754832115821 9.84962237092685555240
1.77245129621990349378 2.02583104288823223627 2.71304608061666741037 1.24272946473372902787 5.23749838899396102931
2.99392536930313868382 2.81086222157249610021 1.08298701618222037446 1.97834268311448568944 11.09600112661878412723
2.12202292442234696779 1.19297639311676273444 2.14673862334107834471 1.48040222519795960920 9.33698885107516574067
1.20493880040673784215 1.66004415968610707921 2.11894767698515362753 1.67930450164514000200 3.30960096168697992525
2.87632183783507766606 2.61022338758224492494 2.41679058256711787323 2.44841149021954151976 8.60095759243801971650
1.29671375303927671752 2.36603430482107235377 2.25098146878141314176 2.91056475472359910128 2.65488439542649423686
1.53526393667591043446 2.37043165503027219998 2.40976624782654713641 1.03158793912252577663 4.18481280172153891073
1.83788034469686167860 1.03779568757970608317 1.55347764359994688910 1.79527870673676726021 8.39765468337280474032
1.51948639575266453150 1.37628843703533343401 2.47655293278003085788 2.96384805213128554868 4.30085604751000083468
2.66139565267102629065 1.25048168947896121139 2.21172472904788808279 1.65985144344416513107 12.39828058049199022150
2.62773059384781060288 2.03108453479561301691 2.62229905524779915993 1.54705587030648961111 9.19713775412412282151
1.57179587364787187731 1.92925940583995947364 2.28639847910354099270 1.89780697634543304986 4.35784993501760453682
1.27774552405939534339 2.34825268729780045618 1.03742133125376589931 1.42273704214520058109 3.77565647834982565101
2.52801365354786788942 1.03242251283947550355 2.26813269018205820871 1.38320532176196264729 13.00751211047751176864
1.20669750961215838103 2.61686477880475631963 1.46481053828245944004 1.75008255030647519312 2.87146537990475492208
2.61995152467504421878 1.00842321319826799808 1.53426228300949452077 1.22682138092230608173 15.96829517090210792674
2.41182665947496932546 1.17286887034697628884 1.05783447781300687929 1.79410635466728307641 12.86779163946344972658
2.63646410912974094032 2.97912988487381324987 1.22043143727340464011 1.76809582466819126267 9.01445206471228743794
1.52171054272583217148 2.50723207935190828266 2.06844126564063834905 2.81287506001995435412 3.37141487436228537433
2.55420672509953305962 1.48876735013682015563 2.68458299096885788515 2.19350926136336754624 9.51755755751955234700
1.85827150255782291843 1.14872914912347412475 1.45819222723585095736 2.84536111320101126054 7.15848637654921748918
1.27217317020540465755 1.12736872613382077546 2.82504200986584663724 2.19320679482711256014 3.79044439645950648199
1.08630491814527507799 2.94757823548995157026 1.38982883931537970490 2.55278704767014197330 2.08680843102761448549
1.76596130188954725249 1.08508891692493336656 2.76494616854586983123 1.36125411611988988980 6.96857255162754718469
2.41128681321286730821 1.74234005923768164870 2.51949942294207795968 1.32890239345106420110 9.08545137887817411126
2.92393708920270700702 2.14978206296723683977 2.62823214981243857835 1.32886584771332016963 10.77075840077646695647
1.96088354894988836641 2.94894273210068291746 1.41782618800278892301 1.55722985979406303159 5.82474379629383420820
1.72050405173594955777 1.09432382124875182683 1.65722239142542049350 1.70707616570406517376 7.38997938226852113530
1.18764264136398023375 1.53664003207640953441 1.52467440441791057815 2.35958597484784871057 3.32865130432950406814
2.13090544903491840856 1.69037363967323761571 2.76996291598957444791 1.56121929348618282418 7.22323185404701284540
2.15980584829925259527 1.26025608881938833150 2.11309327194251306281 2.89438601895793201635 7.93894794741006659677
1.15400059514290509455 1.57328140590911624841 1.74978947932481276872 1.91361929588554224857 3.24446446497518836694
1.05786222289843201416 2.67387771679536534464 1.03349313043650936628 1.94537849698799258924 2.42229406999750551677
1.10170416713827568067 1.66588357653908891720 2.19582072528985117188 1.46286062323188037482 2.94301679176614960909
2.53000178489917360025 1.31648589154256878686 1.88869946322780979386 1.95080512651889659281 11.24644877682435861743
1.84710029879598858216 1.70538417945453635305 2.37064799808939508097 2.29546870127862412403 5.59147867835649403645
1.74112004671951292600 2.92584599186636351575 2.91580331637178602477 1.07917643452043621188 4.22221087298234909468
1.60077153642639880005 1.84128949768685945543 1.83799617060989417539 2.45514950881746418787 4.52610940670004069375
1.44197298697074205442 1.60732138545142144714 2.72943346075909998305 2.29622687468133834798 3.82796208299234885786
2.51808168943652921357 1.23059349830934605663 2.61742359116275791209 2.79310168511590539708 9.72988187168580864750
1.11828654993204490431 2.43428714259312739543 1.94984248888200006888 1.51447112531535621471 2.55867436327321007283
2.31814471163358337691 1.94311543756719129483 1.98916808800439137705 1.41570005242400775991 8.62166678085334936554
1.99838182444992740194 1.45529366537454052377 1.36348137790887813381 2.05740124042148231354 7.95523785680214512439
1.33398002359766465474 1.76959396050220196805 1.85090615284930715134 2.29455700322124434010 3.57421369009369405134
2.88296183108133607931 2.84657264394271214414 1.02622951872220546932 1.84000885318051676798 10.76764970648610741932
1.85308360134838601141 1.61613905521051437475 1.04575876786714161426 1.43077982837739337008 7.92246765028701815936
1.03989529699338789648 1.62046515121953982330 1.95693643996308463961 2.54551933180890088693 2.46671919821255691829
2.73808649881912735680 2.15164751143016763635 2.02584129199908868912 2.62487824721135254435 8.99922222139220195913
2.92941293185846696190 1.73038861101444063628 2.60902437184505497925 2.82060494004559991765 10.27765051293969023050
1.49273398722213368472 2.44582549705723373279 2.97929782275743759712 2.10611299931884321524 3.24920972606583502440
2.91490090024984294104 2.45039416036885437933 1.79018764412413333709 1.10141098002170068071 11.74704360274022896249
2.78836654972514574879 2.33748994043115665420 2.04861461039030867681 1.99815460346501549971 9.51208167340215737795
1.05122105335096072132 1.27921853135739049812 1.85060661935961023872 2.02118568374535012566 3.04293409547709936547
2.90314784688908211763 2.40851012448195511695 2.14697965039355231909 2.83472974631595331374 8.97263839184296507767
2.45420941992867724935 1.92998947833603295976 2.69085108338448186771 1.06926446143942466271 8.96745550470758701067
1.38458484985792096289 2.03397544559629794847 1.48626096953161845882 1.25750491131430597314 4.33324109012314551137
1.70258354299533110066 1.80208418181692953119 1.11426577261181392053 2.90149949510602311875 5.18884644060037736324
1.56080630170750978003 2.70550648935100035430 2.53095491494532787158 1.85745787908798520860 3.55570200701830119172
2.28251393862731344342 2.62570476449052669921 2.48723005269946195739 1.98974869965828871088 6.31952684596632696667
1.14866645102410691592 1.88623129331724981306 1.84062931116037975521 2.55459130388347244178 2.68647597634948498424
2.96872121906372887779 2.02982605227473200671 2.91346168972448316126 2.73060836697873776657 9.49529330175197472386
2.88985729108480127181 1.58706267801339584445 2.51190028346642257873 1.75769084620033666511 11.85780434654104453784
1.91517310637500481896 2.31077097283670429562 2.96162564369354353033 2.76344552156035483392 4.57849794643069429867
2.71813109156971188796 2.35807166402219126056 1.18460460799286448896 1.88166403725948772063 10.47133044743705987401
2.16069015432044642111 2.27831777495405418676 1.26066663061101524868 1.62666254572704516157 7.78060394228493645841
2.01007598995242453555 2.01627951118966475264 1.41195568280833549935 2.23233045596625068185 6.60567160470871161948
1.90677139797577410718 1.24838258375328092775 1.13126706195417869871 2.56526985516872763071 7.70116515317595151657
2.57633128055654658795 1.86613219878647784711 1.40326259725610591467 1.56903661528551996440 11.03227202438099041615
1.62551343402196901700 2.65402125215442108441 1.36791628544199506123 1.91147708953946549038 4.41384174077375668332
1.87918198208301401309 1.22944934570493180637 2.36740514082269370988 1.55084806328999524894 7.37448266582235678612
1.48893558204851061966 2.86250768511057707144 2.29278250401907257583 2.92628392117384183990 2.95341168299361900296
1.40665035174887598224 2.72844191788829526502 2.81171675498350115419 1.01711562450529102719 3.24316148284029193150
1.95510546448029298716 2.74005398569103464368 1.82206423315734489243 1.25201917618998703752 5.91831081356372123992
2.03264525499711457002 1.37022211634615986853 1.19900216818090021853 1.19229969552468428873 10.05911021095879753773
2.31957496385416428453 1.69949135424983577280 1.48961295923273695507 1.66015044655619403713 9.59387467431305651644
2.06868248749475158732 2.83781678952321136933 1.87101656804318916549 1.97246185302969245789 5.66064897893628238279
2.38348646879230496864 2.15464159271942268248 1.34024676997001579437 1.66671749080850828406 9.08337516101172681715
2.24322187425572039388 1.54967778712283021925 2.65212224319711165066 1.81880169939785285571 8.01989847025451751961
2.30000919745794885074 1.30310839723455651473 2.75062636401400517627 2.03727039935859988162 8.77428156952580806660
1.88464111992867300316 1.83647946429137931545 1.82260945634251370073 2.83233916526271611858 5.55996910051304027434
2.75644652506731890895 2.78620193294827078745 2.05058194472260879593 2.28106025450577964975 8.27697499484110821300
2.96987511683269200802 2.97869544519110807101 1.83990140183218442438 1.48871617259271626921 10.21273700446931087527
2.74902196697752376764 1.42870703476671789822 1.08829012337258324017 1.25875191509096273634 15.63922248203005693767
2.44781067791314344007 2.90592697813047440292 1.73790499260400777004 1.11035384624968513911 8.36400975070463559291
1.15674765347289754125 1.83220322493977549883 2.16633266128499446523 1.39367210709065414420 3.06073477371073998654
2.20965693202796487071 2.59193935667897434882 1.50347702493933166323 1.96002067994728745859 6.88806560224656561076
1.28960804488398617096 1.42294874371255253287 1.56802557660590213828 1.89707801390993191504 4.14394258313162922036
2.33220803757114714116 1.24399507392213815038 2.22901515100305092076 1.28564902718115425806 10.70235991898640648401
2.82055142616901743935 1.14255789821693731767 1.99250735716687676913 2.29435618659742468495 13.44844167685497460241
1.94969495101988266050 1.92649248063796041386 1.98038879264041334238 2.12245541193250719658 6.08420301223798354329
1.79961458028031495715 1.32276857250157653390 2.20312361608718054740 2.20557717021864352347 6.28133385123333543021
2.23958316127840184606 2.83716627224401118923 2.62498591089811750265 1.76987448075067321795 5.96369909567126388339
1.18264671177299529603 1.36607626949919214177 2.93559686984468681814 1.96645134384257369575 3.12274231689693415603
1.87053909685538677365 1.31287018070185146357 2.57558051410260269165 1.32780357996960440836 7.10065671815962495828
2.81938201994853088195 1.55025222132692386268 1.08693279511013307648 1.03374448978479938077 16.40485075135875803198
2.83155892068638825876 1.93134560989684955779 2.54624386884473530301 1.96001419444011881765 10.14799501138013582135
2.87490607426309319195 2.43667151495453060406 2.24543149567522082322 2.39978200254577878070 9.10361800732419901294
1.34237906917013627428 1.66535550486769845513 1.47737771155874875184 2.81390771970116304601 3.65548870706779194251
1.84711360262731649762 2.81673252316861422173 2.55071234545736924559 1.47128788013072164809 4.68626052412095095434
1.93857200881102986756 1.80155350614677223220 2.77228403210177010152 2.76885376802833782506 5.36759471891386130693
2.73885827677482263098 1.41432273478751890927 2.87999303693483366118 1.71011244208826962421 11.17760129925573941989
1.67844813339308207567 1.56382280487232416810 1.60366785323217775350 1.98307185640613625743 5.76896700387856853354
2.66088569131079299979 2.72810561555653263710 2.23171604927539757313 2.55413238839733658381 7.54760451082776917531
2.56381268840731157965 1.10249482327855186092 2.58899323725584817879 1.33346531973598625420 12.40343130936808258014
2.63540637872070959702 2.51422002864104809916 1.19618318244859178634 1.29502735525057732779 10.74099218286656487464
1.20087745646825427848 1.26174110399121919279 2.64540595718398208192 2.23283724161272179032 3.33281384651020795573
2.05665033236981509290 2.61281429721796509824 1.29880537059416845125 1.31596580020987663495 7.09005236163458985033
2.55583169091490614022 1.08528456391131844505 1.41734114721589832264 1.77448748675807599362 13.79388650638694535644
1.46884197306723329746 1.48594153763018721470 2.21512290178617776704 2.61515901983695586708 4.17498941367844711436
2.47800460472689998426 2.32398286760207284374 2.39556669418517742542 1.18986963435364700992 8.49074041699279646878
1.58168941691753883738 2.57730399864289427825 2.48374835244392677680 1.05651441655215005966 4.13772009749617364349
2.13652224507555565935 2.32912749176201305801 2.52546932196971596341 2.75562770590224559442 5.59477071109787349457
1.80066292012601936179 1.91215515649509426588 1.00896488078456902926 2.39706144173964785793 5.94898585318269823574
2.04309016694584855145 2.80977454759941025486 2.28207776337124812471 1.05813807975935403327 5.98946685484288643408
1.21308456879184656252 1.86090923083996950815 2.57309025553398207364 2.35597301278940385316 2.77186257212976849829
1.58646036762579178969 1.31473327744707058073 1.13032885998663612526 2.18604848579485189219 6.01274673888555089007
2.72081157650347327248 2.07584092117011520529 2.62688089222761433916 1.96036418314184590628 9.13807172378058396589
1.14789275529126721942 2.88772031996279254784 1.66056492261160038026 2.92787746634051249117 2.12286137249706596819
1.99873597480361597789 2.71176440768867310638 2.23958466820629320537 2.52689120794562693817 4.93842354461493648898
1.94576213846091850002 1.09334748942907977742 2.31933328029072072241 2.72432032428442205685 7.26210893228135212496
2.56594555559791626109 2.95630721158150366890 1.54436451678281549960 1.66055757740005671685 8.39010709317112102212
1.10583499632073234409 2.51894536781064060094 2.37071477533271002258 1.62222591153944195597 2.30387843440909101389
2.04447054833135766216 1.48036059306961131909 1.43136199679134845653 2.52487794179305380382 7.58972581775457566522
1.52749177162909188787 2.31204087988718320901 2.81447636720803373578 2.10087259063284026439 3.51862719917448174556
2.51395299568357177833 2.76892615190005564330 1.20477707931949606923 1.41025444680894174176 9.30725144947672156093
1.23523473113650528177 1.80785940127436473013 1.94094156860798716657 1.68116210172605429207 3.37086488940486095345
1.97657680095948196097 1.56589990709658977153 1.77893266513372050319 1.56617960011250878516 7.62892000420596438914
2.78363442185611553725 2.64247915231462471297 1.83354320516730329160 1.57542556216982720940 9.72256532407809537233
1.59513479847168282433 2.26268950037428107080 1.25874310844761083672 1.78138238979866803113 4.82633780483409502438
2.08935554652164290346 1.15356727476099596430 2.46600683972793799370 1.93553157279692200632 8.42121357997652353333
2.28288814394612948888 2.83236251327411148182 1.10684035359877541715 1.19507192524635708075 8.48766077029983989632
1.24490875201198258893 1.57761314050648060459 1.27738021123941747348 1.66887392159393121993 4.04809586506083807222
2.38614757354177697835 1.10253352653082736801 1.66226933866853898714 1.97383423616431330494 11.56676181197874697659
1.44731066649085082787 1.75534327041274562653 2.84199326728202539272 1.47194036786937876293 3.97561896276751536305
2.97931147059382972486 1.95283955698477784679 1.36447061043226347543 2.82726998836432930062 11.29336201932457761643
2.24974171070377071402 2.78033881867607934879 1.72973031071169458528 2.01268481084828287919 6.57285448349450085459
2.27004832587486760076 2.08769075433122885954 1.08132029403323826067 2.64205384963442124757 7.70781175123946749039
1.44139648473117820693 2.80310408415855327746 2.18395039029834103772 2.55691230226071652964 2.98268064143770939012
1.42117709706507100442 1.08972760766280929445 2.83125422212464616933 2.74716241539554406614 4.31755340138415988349
1.28777780187922075150 1.39945236090621460967 1.85788811136752962661 2.56169711495201646301 3.69208298773448451158
2.98450893678991224789 2.25672332321206958738 2.06785417636152368814 2.25939454803131756222 10.36678534015430130921
1.57285198500801515209 2.58427831500478832893 2.60103533068271319806 2.68114086269152140929 3.35456002282915388690
2.70826044420823430769 2.57525226384885819186 1.01591619359412721479 1.04696122941553193542 12.14979382085754444631
1.18118610708050386648 1.42010506616266063418 1.48932008180078145898 1.35587888988321125794 4.01273799179505719081
1.80678027815065256334 1.99861160398190462750 1.93032351882662900344 1.71699513828507610569 5.65180050691655289086
1.49346709279626610467 1.41385568006549933173 2.32642721554632547765 2.16228557585290159793 4.55208020501053045592
1.04638580823928228902 2.06838311644163042047 1.06304270195322003723 2.78894845214278719325 2.38264586212452433855
2.37879855376481819107 2.94148407249619925352 2.48392841597336788695 1.56512845469365013962 6.67968800871877377290
1.85760286925572204453 1.92946097197896593300 2.48382688407179763601 2.16994741086275544362 5.30870412129957358616
1.36051836722788022094 1.40025466302996592916 2.04869743436494333721 2.68895884325634071388 3.87124978174581491075
2.00844407672344349436 1.15908169575193809031 1.65671614065376426872 2.52774211688140315601 8.12068828398860631523
1.69576835908244683004 2.83561144233636319711 2.17031383105951203305 1.44406438076495913236 4.33400593701479230901
1.90527791366452636801 1.62370334503074831289 1.53510847866919331040 1.41477811801731179209 7.55025057309307001674
1.94660078081986909204 1.98822868598513013971 2.59776681697687017447 2.52258589773198549366 5.34825494429749426217
2.94466809684696606553 2.59925667491435907763 2.77531114070874451727 2.31175626909749976079 8.73124278937653919286
2.32346885145114878668 1.97699710156185481935 1.88221783197096570461 1.79213618980604483255 8.25641729826407555493
2.20349564955582799541 1.95543647496328332203 1.30173096788172881766 1.29225757798521034836 9.12519768224764682429
2.96759015948480264768 2.51181586349562868676 2.47463340190661185147 2.05570776653119136057 9.52196099012918395488
1.09131040085998987088 2.38709349719832442105 2.85066839038285113617 1.46632770428749337199 2.23139660046774634949
1.76574686807480008000 2.13535387265467591078 1.37815828783655724976 1.47134806310808796681 5.97658075678686095955
1.97212971292138039558 2.13401729408862372850 2.01922762417049872496 2.95524739527019386642 5.34085132453293631727
1.60619389287775460318 2.63262097258585248127 2.98035853078124768345 2.26048541965795113384 3.44335691586730918701
1.03418663474742356101 1.40025404243649065350 1.32944658496886947141 1.96079266802317175866 3.07865548740200045685
2.24373265201940697011 1.69265235334018160351 2.75352118409970803015 1.51330550901000981945 7.85778504302426838990
1.99165357222878758314 2.35562018533920003449 1.58217981325597878417 1.60082882681355309629 6.44954422966343887680
1.05843620746727773430 1.64535762601277468775 1.60956702249343597266 1.59265513367731159633 2.98071887063666673967
1.79771109125593175904 2.31135509103931635622 1.54583562295722476421 1.48558795576118751747 5.72140995950119446434
1.11658455646609078293 2.56720173448005528627 2.60108687586995301899 1.97307047072555219458 2.16337469220465150599
1.59385102756270846669 2.00579701128405840649 1.70629524244098473851 2.65667687127593810104 4.27382514587010131635
2.69772747037153504124 1.93395443300290192923 1.59151504625669359960 1.29221107457033301813 11.78899695528406965650
1.24667417460681528851 2.39619397808072864819 2.64443484323303579231 1.88001584824377721006 2.65622828411759792644
1.01749451348585284727 1.87536420471445963720 1.28190860843701859295 1.56350577445993721426 2.79165926897336147405
1.04692814075034967836 2.03993420619973653274 1.42270702025994921769 1.34330007736512069272 2.83348196907512006604
1.89214622559894762865 1.70132085515348485671 2.08378620393924762766 2.31553636258438277906 5.97758686538818118095
1.31779405257653037253 2.13010249635381399003 1.61735148549043206145 2.79977013613118641544 3.09871228389226027744
1.79634649024283521435 1.80870250212432681636 2.29340890951964837541 1.96131692142827018799 5.45312776716732106053
2.45630943980168048313 1.17747588455347029779 2.75976456365925315595 1.85521949842480027293 10.37632033859665980913
2.58913692506582027164 1.31965332967205073444 2.07954945599497564857 1.90072764430765928090 11.42157019271306239716
1.32480096320315654523 1.49694793199238884718 1.09390570182091306783 1.60352419085123609754 4.76790277448545118943
2.46913517470459487058 1.64978473109469248037 2.87131058343869050020 1.73636781963093489445 8.84183585663710935876
2.46838192274461443176 1.62837725980515202195 2.23702106978430759199 1.36761365677346913294 10.05750503251604932586
2.20256063207706187512 1.86956724019766373779 1.38392297664449626104 1.82917584793061616111 8.37990491401375514613
1.70389700036693736429 2.85783391165756306407 1.87126898807025021654 1.55838959346477423651 4.46376105600476247304
1.24532077590472933792 2.17661616392543066922 1.13477369720232679207 1.70167088540622235548 3.51417708307041243287
2.11355578433929514048 2.39075213003908793041 1.61986465120227096648 2.05770460534597754432 6.51107555472515997508
1.39229331300815450945 2.45214131097704335360 1.02152367815922984207 2.36501459489243259782 3.58199712761445310250
1.00519849910515102209 1.51337470250605088395 1.51904757341149143635 1.67800570105653590325 2.87878641048500449884
2.49735031974044030534 2.27338330906808261389 1.33354338894238977353 1.03545216599529577017 10.68514976824160100932
1.15718066664606977767 2.96429772085743437060 1.25616481762663356747 2.84121991155087894043 2.24422987718021627046
1.86251687840234003701 1.46062152734610650739 1.80607513981974787676 2.99642704848548380170 6.03014228436605481676
1.37224108270521538699 2.46556842144812371487 1.03554066050099713436 2.84946159173702451284 3.26340765015258371662
2.63122269001352737661 2.80704046548128971494 2.93771735395364874677 1.22566231099197020527 7.84456618845758235636
2.28236687231923607300 1.72779012097953854621 2.90112829638515901109 1.76674655729589513697 7.62874249479032329191
1.03073100810077367129 2.90384385841156333896 1.17906836232695555466 2.61747408431673189710 1.98023676960727179619
2.17080917002603435151 1.09634120483046570982 1.65558645079908073328 1.48089395814392932316 10.83722727908905447691
1.38012505873770052744 1.37771718980950508282 1.63058105765462113546 2.02230743644556909544 4.54108137216543195080
1.86038645326068730057 1.10891823632875063943 1.06487651311650544095 1.20395138494464459811 10.05157416437801032316
2.97088887387105371474 1.66504437907572433453 2.91301657834166061178 1.51258288900410531319 11.85251516191767784392
1.40873214360346543650 1.83042689824343751681 1.24510547860542142296 1.24761057220346471830 4.91824212210527189626
1.61506032762502704792 2.84940866949758309090 2.38484335174456152373 2.54270677501798125775 3.44167689337664572946
2.07482561937810849884 2.50932499554589583113 1.98562590108546133116 2.90952365869012297139 5.35785347267980771591
2.41165216303785268082 2.97554159054909828086 2.93186207328680037421 2.53644944738328614875 5.83367506628280807490
2.65209610098386638910 2.66625868492724382719 1.39095479170873437269 2.65705246641729786461 8.26022678604152815751
1.64882674884192326203 1.99155535165044361712 1.45601832905561945353 2.46853083506691195481 4.75829460283796823461
1.77436636550068049800 2.04302590475509227019 1.72171687697998043731 2.77043471308109978679 4.90208316349673633994
2.73690896664385086012 1.32018442336999686226 2.49377651077006667890 1.40128109651293963900 12.54573622558461032384
2.10253823910661319374 2.22265507093550418460 2.40070884078247015481 2.04360957785113406260 6.09476695497331366624
1.88239323829359617157 1.51939203715101189829 2.85430518765393648195 1.85190150111908180541 6.06841087826473923883
2.70731038904774568010 1.26101728560631110021 1.25714390456965241505 2.06028842369368536680 13.68438823649206881328
2.17039458826130626790 2.81213884977275707655 1.65909117528318850177 1.30415620009774468890 6.95962085509575789644
1.39096762628391901195 1.72466906060113389643 2.89371779585381538880 2.81878702476190223791 3.28389472208017840771
2.69801077533849653634 2.80495159765543933261 2.57935187280586530889 2.25331926476769250911 7.56291259278219296647
1.17783861346295459782 1.31766041817753110088 2.07364257332189705352 1.76452356524469156085 3.57145280251481267442
1.78525652366647302749 1.85166283139370468902 2.08960607152292521249 1.18763250656567187491 6.08409277231167777700
2.46440067234618531700 1.63328110297677375762 1.29686982379659565545 1.57184881246496677143 11.22980978911698812794
1.41450441345752397915 2.42755908480847715225 1.95997229185219601355 2.50629113268682068849 3.21017905473433762253
2.70511750535618666902 2.03873767135323014088 2.33359445735014281453 2.19520261951141204548 9.19998175129804884875
1.50519305041729056782 1.44297324092862533362 1.72621164693876427698 1.14615353154542098935 5.69926970925963338743
1.85770991826598441676 2.65054637808237947283 1.09749196840972818023 1.78982738602446489473 5.75084421544851043251
2.13667529669139089066 1.55176328736192359337 1.90830597064759199810 2.24478516281123052778 7.73017266661077417922
1.94233694731885297990 2.60520281190299485274 1.97901269549159364303 2.94724328592320716780 4.74774591513418808830
2.43180491804598819527 2.86824524504576938710 1.17082113154717593062 2.60084498856469537031 7.24432966805145639455
1.74409681951315986836 1.62367710071848425635 2.47109453897934105981 1.75848392603816860991 5.52252102023222324334
1.21334535207242777410 1.95544061343118613649 2.66281380745993034864 1.71051873417871203031 2.87162647233637802202
2.33452762233063726427 2.82694802426056401856 1.34748978883225656311 2.47570560139690476475 6.81720313326229820916
1.16404547360047061488 2.51641187639078633964 1.96861235347089058578 1.76475082553020068410 2.57450538737297129899
2.31932058633964199856 2.92977307227513605881 1.13327867772574464311 1.41431033384026916266 8.12342859845707643274
1.83309496002313498941 2.61951076223522250075 1.97064944913357842360 2.62872657262795916822 4.49260008993801296384
2.63678969626648607161 2.20795743124366428134 1.82767419858989188519 2.39850851718015922742 8.80691135397310809196
1.06979715871657621307 2.00828930788271931007 1.38013769785798268153 2.98798601096258931165 2.34731527956801455659
1.46440568818578009669 2.57830768655560405023 1.62715117383948926211 2.75782080028353959733 3.31147283234814571173
2.14771495229709774577 1.31292251862617370683 2.21446281477428508211 2.78115976618393689890 7.72201197506171599372
2.79858593723806015063 1.76181583530957808215 1.43256592294590778813 1.03941204575032797308 14.09565582934119554182
2.38376895025915036541 2.75444926533869605123 1.41375804453713382891 2.06179643477104690419 7.47388940836289705771
1.52256720494819308698 1.58483701832526691078 2.99522510449071877048 1.51096157845172540668 4.41720628869692522045
1.33576930289853801348 2.57803445437297806819 1.48385346952411500965 2.21488870365256218520 3.14127290515536383708
1.53258925221186137478 1.65507895129656334987 1.37030825911154541252 1.21551409431693624441 5.76248531005231701130
1.34831465779093040425 2.02196348485795995842 1.79732869447971732590 2.37391695001079128247 3.38724971486614867544
1.57231164600951811572 2.18505716512803971341 1.75974651311537755305 1.74030529523432897498 4.47939310376253185808
1.90496531818251257917 2.56461478402217846195 1.33232798970415022843 1.66078856993811974085 5.96262631904921658332
1.01464190939439768968 2.00187541839771654395 1.00564897315880230622 2.63584367197257485316 2.37843244986421087361
2.00055212481494848475 2.67599117132592212442 2.60043855555906411325 2.56458514596416176090 4.78218285490080408096
2.32786794832550469891 2.03911469115960963805 1.78868917852312625527 1.68400534119166711555 8.38616227236853006843
2.37121504346636502447 2.32401052843008448789 2.50179147936979351385 2.09912966510630027983 7.01608497189068724964
1.55852023071902934248 1.19392090517992044418 1.34802898039637053529 2.95088520358373784802 5.39611713374739920823
2.37374319666751398827 1.55217037211946373709 2.93507050110127476472 1.51293914961919728768 8.74536445057730382757
1.63000175083934029097 1.10038529044185939831 2.24504950164730665563 2.17757885791799221664 5.92719701886205108110
2.61556083056768517991 2.64917694852623863966 2.62934302603290781519 1.41963064770424285399 8.11519846820105072993
2.15222706130706953331 2.78312382848260675416 1.41522767908983770901 2.46853330201124609999 6.03419704800722644933
2.11666636077174086239 1.24265257491196012829 2.42391498658339576977 1.13369446435233833803 9.20247153908406900769
1.77605917542270907994 2.15997460799797469377 2.79930456613540723509 1.41190602684000254818 4.93103645170999271841
1.18876314351476297659 1.92368968617733537840 1.34155593469025058440 1.17979345355008580221 3.69776103906460384962
2.22319373199515712969 1.20120815006704151351 2.45354249355944942224 2.59622201204912972372 8.45670409377982146282
1.45136570285440469341 1.06660692027409087501 1.41295018990775855805 2.49471976401746164953 5.38126049892026880883
1.40413195871031026840 2.27034461236718332344 2.49989787892438464212 2.87550933311074352616 2.99254147547978632815
1.04174898549740757581 2.38398666113106649789 1.56266876017555356171 2.87758815006576007534 2.05337626490497981990
2.49043652427186401610 1.01011082515411088067 1.74903169716186268623 1.26603062547980882435 14.15012982188059353916
2.46774193154308285614 1.57037193759428173045 2.46869987291010861696 1.89710584785544500441 9.30242149396123529925
1.83856405566392333562 1.54425463207483626427 1.77998736160962911512 2.11216669326454331568 6.38915683810676249266
2.73459550861940847710 1.08676951534180021852 1.85674104233188574931 1.52399681431864331138 14.82330485622998139661
1.85417373651314876248 1.95908075740848386381 2.83508972065003606033 2.88963321693288577308 4.73698599092879213401
2.19270543868070078020 1.05045776969754878216 2.63983442082430741493 2.72395662020095485900 8.59458844076901939957
2.22126405304114982187 2.89149686248888837525 1.84745230402901272626 2.99038780740684417836 5.56151397421901450002
1.18048083491639599352 1.94539269214055843271 1.14383959546046720668 1.18595036467963965698 3.78535185955865749463
1.57340567276599885282 1.35082461820355526072 1.51675968817236683783 2.09565862014264192581 5.61361255776524448180
2.98254177637444239934 2.80071647977347604197 1.89842081281676589022 2.66748319000533218315 9.05027363066702328354
1.61239704500689695621 2.98738209302792867561 2.44111325119026467689 2.82209295288666961454 3.24427215677718550069
1.83098949976766234293 1.41917760993861574725 1.28889004954742292242 1.28008445235883439040 8.15286735869705836421
1.85860803373294780627 2.52586400181446002478 1.29794964852613947670 1.00902438640104197276 6.59531052930926176003
1.79944385801949846559 2.36327465864874852741 1.39834437917401621654 2.09590336319103709428 5.27780541976773243107
2.78582697726818917516 1.49178801558403306693 1.77409656886621713845 1.77850771647531846753 12.69065691213832280937
2.90116012149696000932 2.57184014701325658336 1.92451048890558440441 1.13322357946482643598 11.07173226796590448373
1.95795477929661121408 1.12882769728673948428 2.95770217834104176546 2.25518106880479773935 7.09628462991066388810
2.47684015168040083665 1.36224429716625405895 1.80653445127748679688 1.67269507956189289466 11.25013665159456621723
2.13490901151316814222 1.32648644257659653611 1.23906409296509756324 1.99289730240860585297 9.46595496234774280708
2.46622169157414505847 2.92102962215249473132 1.85831463241415839605 2.22671341019183710586 7.04470053920656891222
1.29482370735575758047 2.18400230865022804139 1.98350608968506492147 2.54394441508261737184 2.94403134677771083361
2.01533445922888976298 1.16082918018487601941 1.92339525141535561126 2.38466596919229978369 8.03850845757547460835
1.48973246105496981428 2.71948732504836954149 1.77112603272260082932 1.17271417954951484575 4.03777071423360744973
1.01888699482510403094 2.94434067385137998585 2.18512873245069094708 2.97876717569627791349 1.65724275014468536149
2.22794400503233624988 1.69142202245763906276 1.43137736560440864686 2.70743271379168959356 7.89718907712646878139
1.98167943993077955156 1.06009282934438586743 2.32626509407785375672 2.57747124959145512690 7.68766534169493986894
1.52008243333799719643 2.10560101331684945691 1.59397912398983376825 1.87145938199540395885 4.35926669801378086078
1.17232340439157023404 2.75189818725776857988 1.87337560424299054418 2.32937173622011073348 2.34513689528501734216
1.76295309249212439617 2.55890969547629953951 1.82922671744727494136 2.95664942617340287256 4.20274264182079004826
1.74941361647589177508 2.31969418396635340684 1.68411983418319310957 1.52600788085831129415 5.32772867876714695257
2.44869189323830926952 2.01652645573378164201 2.33724540059337293485 1.22551887929344527350 8.98225906468891110990
2.20335943138686918275 1.05938175542740320445 2.08540916237397500055 2.96279004656152178399 8.88614518868692826459
2.87793757797135896226 1.43373124241909133403 1.52886870480007441842 1.17036165088284316305 15.59366047695575829835
2.68376427432415365359 1.77509273428149860763 2.62658053648218281495 2.82055355279015484982 8.88386321554748370488
1.30768923916789425732 1.62284342331223041533 1.72819645200546867514 1.71895364361017799482 3.97254006981146545741
2.68592524460985959678 1.42813432529868644671 2.08578943252471038505 1.22769050166188375961 12.71434667019280340128
2.33036722336961155122 1.31648071843416358817 1.26098078433708105095 1.15054150124225129659 12.54479365414575475768
2.63142778114734587902 2.17773224763673134419 1.87147390694760984431 1.39363048224584740176 10.05810754711290933017
1.60190699057453134202 2.61919481750918947682 1.39216540642344699386 2.03824385490635862084 4.24990227590847791106
2.86320095426754317458 2.45870391802715193563 1.32406636144316713910 2.09447036858301682827 10.49988087003190351254
2.23667643796438930792 1.08028154031283918357 2.04156009116470205100 2.25307236230350182993 9.75782745102058157727
2.82764042157899941898 1.85152500087598670397 2.53043430968750282517 2.53980356675071305972 9.75073115693178493757
2.41883283372501889374 1.23451272869230499474 2.28338855368361315357 1.10875422090172182088 11.55058029148537634967
2.21209635498119627783 1.08975582397212789054 2.09932196522137060057 1.22699976205622962588 10.85773412783348312871
1.71634460589819548559 1.95022883510001587837 1.75148791166844963740 2.39580903354936847194 4.96776736290341425217
2.47779069246398808701 1.43716090628735226886 2.35765390993740719949 2.03257152817552455559 9.75619980042629286743
2.21225018705979170619 1.30678955839137689310 2.56873656059618404868 1.06550393757731165501 9.48683985539428320521
2.76551614023086056449 1.84461460151911094130 2.22031661969890947717 1.04788660360216012712 11.76892557701589048236
2.80758249246001856392 2.93786056706185982890 1.74637413774364347319 1.41204100899908380207 9.70350110922166742000
2.77130395103575910554 1.09218894445704717278 2.26015731635714178793 1.08819320342735714746 15.15799515585531409556
2.54147333894989557734 2.41968759366072694306 2.44016801341125821878 2.77254489543080051561 7.16797782855104692601
2.79531777000968517655 1.26025245408434827254 2.00265813779416568252 1.40332065568907160547 14.17349323281101902694
2.92695776834406728995 2.64645723076933059303 1.24842168549924670273 1.26442064649047125613 12.20083328896998864366
1.96016404833720314649 1.51536677155436083630 1.52230922509936839049 2.42528396124621092866 7.05006988839740689201
2.85451990286051149326 1.12594117162526030640 2.86564544825004041684 2.46260792205287470935 12.37169478788973009387
2.00456008496279114439 2.17873740281009276032 2.41804869912648623398 1.08814737004477835036 6.45190467413762736015
2.22425459091677168999 1.07634282115340851327 2.69001657476164623972 1.45085352205374173984 9.87268997285439553480
2.29980052071583251916 2.96970506285161928162 2.20909220344448131712 2.16427684888807903008 6.08065546935705736331
1.74454391289717314351 2.56201856737995603552 2.35739005943147272859 1.79783653855354885742 4.43725343734471078250
1.22549404448547072377 2.27524599871405719398 1.02944781013436692518 1.94514929808849368342 3.27656222932767171585
1.95945223732726758747 2.04128088443935418184 1.45516883767018212481 1.94471580591312265263 6.54181737229862481087
2.57788669929987346308 2.02942916758424063417 1.38396606155515478065 1.94458314921555475152 10.00601540044153558995
1.27121951573790159529 2.72858024082471306571 1.45002921679634222407 1.86773917603589434400 2.99308670606402182912
1.50068118271166106581 2.98125770377861876170 1.73432583796747707972 2.41463293147484669987 3.28430290809215508219
2.63535629565428086707 2.27376722712722312281 1.61432469715273585464 1.54615094507050132577 10.02743031133416629075
2.96855699332401057333 1.57313160558723597049 1.93871847415453357755 2.85505431886304528177 11.70244756935905705575
1.19548406373370075251 1.70573530709353948787 2.38733819178936679251 2.20670385948849601121 2.93387936455260911472
1.22638038534145454861 1.65384241438988377482 1.00432984774474709511 1.68770732287411728834 4.04417623869913800405
1.22225617080877180243 2.90761724907541285745 1.94775717592682839907 2.23375442300643722859 2.43493826696074089355
1.18723918621778357085 2.00946533071633837153 2.40230768207801581582 1.53252857996982272404 2.89057079754290580098
1.49892529722297296324 2.36790975628394040342 1.26830710310094629811 2.91096747061422789216 3.66536160567019431156
2.22280654540774458283 1.50254424122931506957 1.46672466432276094039 2.06534882827148447149 9.03865622719116146300
1.36088268309714854887 2.03052663358594198684 1.28579233711280793706 2.66389662214141154095 3.52228997687838818464
2.15679298089277349249 1.05150575458549488950 1.22050277644156968115 2.30571905689366740688 10.33551016907981789927
2.73894262314928571556 1.93554922763569070554 2.40369529367326562053 1.44785977347944738725 10.43119594941142835864
1.15149882519376856038 1.21538183860286252980 1.12817269239917239432 2.17006807587545225147 3.87773001453887156131
1.25254278152175624328 2.59900035533902151741 2.14746239967602248200 2.52212030486837424093 2.52828783891886832436
1.48489347353018619202 2.13817613119756932960 2.31233983704246881530 1.14962259482396311761 4.17868757776477472987
2.72779150190610453208 1.06931722180974886349 1.54700114325925919267 1.92274924975316419129 14.69583370508658859421
1.96117519239086446348 1.67909272182658386718 1.37011097203204745831 2.82004199133235555763 6.50582199899443569535
2.48805200861118613886 2.57347855455192764396 1.08497118726467745020 2.07502875673804298984 8.64699555291333687990
1.58393081622669384956 1.53614236023969552569 2.51329118463667766648 1.69390023283928625730 4.92688371660477475444
2.52269302017811636318 2.35484741179323586735 2.29374030692501351680 2.35811902145565088773 7.60644631656112579776
2.82445113156164229196 1.21728891615072432053 2.00009078875676094000 2.76882103414557745324 12.37868426601763438555
2.93894809841070703271 1.30088870567409498058 1.90946604905524619511 2.29186656006396738405 13.54110604221712144124
2.04616610459610814843 2.48170052430969079182 2.14741375248737220716 1.20367100341720822954 6.37710848754451209430
1.63273530805198108240 2.50914051129031623333 2.80120533392000581330 2.42219113175706990404 3.62088355545726470197
1.64258942791769224634 1.28501381982336737586 2.54888204566677822882 2.98213864415468599134 4.96154417664166746960
1.23840665138280292545 2.40554561750858741931 2.67205803390229235106 2.46194379800362561639 2.46399586141664217465
2.46926740677837130988 2.10423159253491665055 2.32798933868665214320 1.13064636006182994699 9.03717882445542741721
2.56753702278284023919 2.86707411575365878065 1.03194236870308553300 2.49111760081084376850 8.13346238453225467424
1.56128149518423242625 1.40464115371141695654 1.17739032410248811722 1.17398159666613888241 6.74463308870081412749
1.72446375965013420917 1.05820828949484613268 2.50376555915670806485 1.39605089842555085689 7.00411571970112678542
2.61197486352668972742 1.10797896515026916830 2.65177838457161563213 2.29277570608070035973 11.33193394460190539519
2.21479080035880127042 2.74181272958788335714 1.16172995064213169236 2.19782985448238044057 6.82368314300805423045
1.81862205570156265644 2.83544882947302134824 1.79578734889980751177 1.91852723281014414525 4.74835630973071332050
1.86623712747492032094 2.57616946861915430134 2.20340809768571554983 1.09974191523025277561 5.49134516694863705766
1.24771180872682019292 1.09361581331132651229 2.50389283596867340265 1.77621723240006268441 4.04754268045478848848
1.56151539147354023740 2.06574713168472801073 2.92879870891491167484 2.55286628808407822788 3.64337981334582172721
1.92302920340293415080 2.94621584347943787918 2.81001252234756204729 1.46650102282469618764 4.72042912618214227649
2.17651680511318446065 1.44663167100357026307 2.17633703484260454530 2.12163386961786093465 8.09118601161814510192
1.42145289661742246778 2.56280981722616996166 2.50212316847721538693 1.55385218271245406640 3.30272743928863210527
1.40472568492891469738 2.78115691987378221839 2.84437183211555311146 1.75736604969979226532 2.92410839787913756638
1.22010775781401359374 1.23204454303058263953 2.27013564665230171968 1.20787178710788190017 4.09071000926661465513
1.57880975960454916773 1.21141758471616345361 2.51887186233141235903 2.64511241459349166760 4.98350822674397075929
1.63638291236494071157 2.22729537940008581742 2.07979530839649395801 1.90244031905362009915 4.41626257701371294218
2.50099201273028892700 2.72499720070740814037 1.40310023034604358649 1.61273634031131019029 8.66884811067418148411
2.50255727032702601775 1.15373081278063471800 2.51794048752600518881 1.92784955532761248520 10.98320742576783892730
2.06331933944235013101 1.82044813994654708367 1.80749611344769633980 1.63154663814340539219 7.44254721609946034988
2.42680156519668388526 1.38997856764034022348 1.66621076143276081183 2.35801723892925219062 10.04351949143313049717
1.45915546260808159929 2.12109632908593148670 1.87214903324296244591 2.57099891114655809687 3.60750243624723188063
2.02345079251556470012 2.70340073508740896813 1.71682623026266667488 1.72503742855339892159 5.92879991894403790553
1.98825395991609465973 2.33015287753966182649 1.13639699357938073199 1.06157745316592766471 7.78366480581909492287
1.46068625706504873207 2.59582630311109330279 2.69198424727079244079 2.24730835277200213795 3.09774091301477305649
2.90443129878289241219 2.55856313913595156961 2.57177442687783885944 1.60881042037393395816 9.50943994690950233917
1.60497706985865851159 1.20369982577642020694 2.72956735131060446164 2.30559708053351153367 5.18940049299086503254
1.84557331672140922940 1.60198479406043969853 1.66601133509559962143 2.51954858255339742001 6.08374280648037846220
2.07599039022932263521 2.25428485498774211493 2.68054506537588865811 1.19395918826236746568 6.35924282915870620059
1.54072421291409034083 1.77637142949899340394 1.58807630299490920578 1.37584198430092374821 5.23681493987723722938
2.63754808772384707893 2.67032625465656270336 2.74075471454410113381 1.42515094115800344809 8.06944321773581840773
1.40058824370961487737 2.66297418559186027665 1.64800232701584636885 2.07721146974290382659 3.30663686807038503801
1.39079040894401328998 2.51047061253620329424 2.80926944306484127623 1.92397705416834341463 2.98961502111991572761
1.34209753752131799587 1.73031030126142892911 2.00244606390178958577 2.36306153813492292315 3.55448443300248539956
1.85441909317627295906 2.04398972998006112078 1.06721601747154437589 1.74154336690993516434 6.62209002726423179297
1.23085204177812590487 1.73001275715251323639 1.71957030705500124590 2.13437926207780392929 3.32285184123041332782
1.14928869279618184329 1.88383958104917281773 2.26867895666358965201 2.78387278463896281622 2.50926324757864671611
2.97611506532596870045 2.58737456755678874032 2.98083302082159073976 1.87775473501955114664 9.09849933418234968485
1.63694066125124582101 1.34387195557944449931 2.77611282283836136031 2.79700298167582284137 4.80840781209425482956
2.92876716830720695839 1.76244988438678129583 1.41972108234066607402 1.86774288404304944500 13.08332864022933605952
1.24239787059515727208 1.96470207793587192668 1.67099390997156582728 1.80810404123706680579 3.32804534981978816788
1.51254427278700265269 1.84712294577475777402 1.64700672524707525390 2.50570142090811387448 4.22015502692100152871
2.25729705140412528763 1.97260689213998396951 1.16428862563969781618 2.42936196626943923249 8.00340404346980349715
1.63906684356720577789 1.84114468120941765505 1.64833314601687930256 2.01918179667353925311 5.07393572234640810592
2.38094936160438486183 2.62060968117063541882 1.98985991849104770779 2.17807047272719866982 6.98463486569005542748
1.59316494482703951974 2.94855685431886538339 1.62051520775759971826 2.98701623016087758344 3.42793102271533500769
1.13442327136230569629 2.37167513756556402882 1.09290171292381854684 1.48180583036935553665 3.07221075860400016921
1.40559337552880858624 2.78723283205473659763 1.54164280534718978188 2.05415370092520088718 3.30738873826113044530
2.11542735631771439131 1.19813570174249872657 1.82316941459611658871 1.94371277788712593093 9.09982455231885545288
1.76198948137578281781 1.25846057818515033588 1.99418905070196106344 2.98999683276261052356 5.86770014739547285387
2.25163854382266315213 2.61780013531080513189 1.45905950096141356909 2.18019246015957435247 6.87786385140357747758
1.51295411700244186726 1.98268422202087402084 2.09130549619554972907 1.62905669051730250807 4.30525736641306178143
1.79885997389875096353 1.11477539454552165843 1.09370421234473358396 2.50273480208362997246 7.57087139184278434811
2.73956824327754544512 1.30851909938437604985 1.49253203298864178805 2.86849131744571561597 11.92665932643870085883
1.81447895771779332819 1.31647262647485763232 1.18945129807924065979 1.06079743454206099074 8.92250074781574475935
1.70247052081490513054 2.86996741999672178025 2.87654772498122701663 1.48037723803165865988 3.94703289408616297962
2.81936554564417374280 2.65412144897602519933 1.74494029566331998460 2.51585398312462071857 8.84506994720509176489
2.32760759406808936944 2.23706798930389760827 2.30378127340902683073 1.32648912019830000908 7.82952541001986546121
2.57536704443627062489 2.12550381445468694608 1.93639040916350690935 2.70649063818028601247 8.26635108407554852761
1.46184199798114256019 2.18120552952481316922 1.70092095372439988665 2.57149110646429290838 3.63785730106002969109
2.51029356118043889268 1.69646988954516975134 1.21290582682796421743 2.30669606531020177087 10.22696541807894021758
1.54552354684850223876 1.05871165040634074295 2.98600323904294251420 2.26706465453683403410 5.11915116929263991352
1.29399865635328215063 2.94132423414100063752 1.79572017433133024333 2.85539926553379608265 2.50052044429538966597
2.18141078916236708096 1.13287703738889167226 2.38095542771241097668 2.75733369217330359646 8.39045278479296641194
2.50588604374960155496 2.90500470278780076328 2.48747891738334336864 1.95821665169707204157 6.93551259222715277275
2.41681300797583009654 2.36413838737674986135 1.68800413198287713179 1.46127979955321807282 8.65171265369129294243
1.57217165161888750013 1.60803371113043636065 1.78227179263056489944 1.77517650206162902471 5.17860679837071025133
1.60059145586941853345 1.58364702012515312646 2.78790931698631716529 1.14727034918268078201 5.09670072727859579942
1.40273723951587991898 1.42031656258088445632 2.58070615324544583302 1.47512331133941509975 4.34922564018171353695
1.40722777980931934572 2.57588063933101318881 1.36817998188313483254 2.31313360535433032439 3.40613764198989965593
2.43781341037873922062 2.81221358343342942021 1.87054488843012411969 1.85063864017263379758 7.39291759258764624718
2.61716773434659755182 2.36361724582090726443 1.34032460881703419098 2.70358702623275881649 8.60474096520913178665
1.75787299374862771018 2.40397474529805732502 2.87400189311300824357 2.47399601717999662043 4.08413928337222209564
2.70084325407435121846 1.58905916388678147833 1.86395230727523308900 2.22984005504172788648 10.93442624257216877481
2.26611791649187432895 2.88702031572907635848 2.09285641679599088150 1.66642214089799267640 6.50618564703060009435
1.43567170247360764712 2.61561939148706112945 1.11470601111079958834 2.14358279121040418147 3.70237595511131400983
2.34194107656538141882 1.46505050283674775891 2.88897939524635161135 2.62754971334563247609 7.92108291520994090007
1.28172759479103315350 1.48629683168478798905 1.72181699305899948982 2.21026871746757702653 3.77145739649109179581
2.63591731124478645398 2.83344694712530342784 1.43604484035125179453 1.41582568179390189123 9.45921500625388844696
1.91123498814950187885 1.28212246089000458937 2.31685141441398467776 2.87229550479618733760 6.43632938689208700112
1.10610779639969414312 2.69832690272399844389 1.81633558126642169483 2.08988287028444297277 2.25138881050667150063
1.36726122800472138508 2.75971856065502230138 1.30873640785595668490 2.15697869388727037077 3.24809175811832195890
2.48978167771323821711 1.59174806098782162245 1.14919715000187694365 2.27328372842363535256 10.57582092182105704126
1.29213115895090413510 1.03563256561791949828 2.60574647912829870933 2.94256680609385412595 3.84996188896082891517
2.40730067066127340070 2.37889399421217895281 2.46329880800996825485 2.55676198711828561727 6.79099389931280317256
1.83781792256958431686 1.83153381989575092526 1.32914118695847505158 2.20930045908833161405 6.14922100382360792281
2.31545795641492269112 1.10012693586827436931 1.82569942917675276384 1.09180603185779423470 12.35685583262598363774
1.95849101949158876934 2.86632068644528326118 2.56918831180349060972 2.71737968332379553615 4.42397785979999724759
1.90972224283713432058 2.50820859802199347399 2.93538529097372258292 1.70246814571389082360 4.86177483998274162502
2.15564977959741721492 2.80490365797956631155 2.52341891233738468969 1.37293949079562782600 6.01532021060697452697
1.50865997576467902874 1.12591527707999961017 1.51099489271861742168 2.21287521272236542558 5.68613025098844193650
2.84320212767376512275 1.23924217433058414528 2.20586124152114138042 1.75942672075368800044 13.58864062772948955171
2.46154136230148523623 2.58052909099988347918 1.51394144403405794819 2.66153830318609196937 7.39235823351064613718
1.23283129749234854344 1.56257199728769835545 2.57047390786352014658 1.76866601197750372698 3.30303746106161755236
2.44839471162118282876 2.82436353447250976245 2.39690659614665957378 2.65106235448673910327 6.37504687182302376414
2.10789216904348108983 2.42971958717086211621 1.27715976647884676964 1.04336064523642080282 8.09807286495695421991
2.56925481428300095388 2.67780959820682973316 2.53813495657864418575 1.06561152042983575683 8.32959094804247612842
1.33641628414913715694 2.21030494934630272752 2.08094889918069858581 2.25273274152084379551 3.13644666257705972967
1.09403888360062784280 1.61649416071164520048 1.67077096302278849116 1.11701459430601879319 3.38697704220879503012
2.27059571335106280543 1.03297948314194254493 2.96488282894863530714 2.88585784286457691650 8.74456713817257202948
2.26879536807559389899 2.98191509646927421784 2.78004678140955618915 1.39039207538760245519 6.08883692434261281079
2.34831381362993951711 1.39549134523743978420 1.45140885274623854251 1.17876793826719916680 11.80206557281307588880
1.31531245395532514486 2.65230492120448868576 2.19699128709171898066 2.24697593779470938813 2.76074387625024764148
1.53657525016582541255 1.07126544181154348401 1.52785504055548004843 1.06630228705209395557 7.17899937804126242469
2.37956824051553850197 1.64102635289244269678 1.05424452015067982025 1.04959151247471860202 12.41261805280811891805
2.03422313704418700198 2.06401948631254450461 2.79085003806703291218 2.21151939354986293296 5.67326376238452478873
1.44430467468022838418 2.77060936866313767268 2.18965197347832418728 2.14976497135512634173 3.14531940437240420394
2.11040674013980611434 1.60157214107267487080 2.29797935047296464361 1.08937411548829699015 8.27038267008088823218
2.40927406029793722553 1.17358850529856106881 1.61201622299563940288 1.23984359568905588844 12.84361163253156590258
1.37341953634033120402 1.89971711717750291193 1.83248230155492564108 2.55973127477017747822 3.50105155904205611606
2.51577235782463670688 1.33181765292736487005 1.06182700528482709679 2.68348988628833851067 11.22587524839831729651
1.97162355088318563823 1.89911410073788133879 2.63445547570996385645 1.93126659267194589198 5.90725337907225078737
2.74853401083245429959 2.74099989102900387650 1.23586041077114883180 1.69787330359033505900 10.09640321363674964061
1.37972074327365357149 2.10202094178682674652 2.31836002631307547261 2.87969006471864386043 3.08054749881501699349
2.72309891506974377506 1.42899475954915011755 2.93988412911886154433 2.10435863534788358820 10.51626898937398912892
2.94719553629262653871 2.05886855680916358580 2.54849665578834239099 2.24996035191823606780 10.11412181328521597834
2.08798515423551034331 2.41181781264114603047 2.75092318540930813597 1.77719959484833922581 5.73640270282312592087
2.09726911882233491013 2.09811649053900417528 2.36837061304484386426 1.04326887803646606301 7.13287718801123471479
2.42776117331199303706 1.52172495498926596547 2.07981139103872036955 1.23324909744513311338 10.58537009402275153036
1.58188911300014400929 2.61477564126589268056 2.06954135551000284465 2.40630036736765928751 3.65417505505319040182
2.80997671946675620092 2.22001991571552936833 2.88886576221047253199 2.01046237269253813551 8.97402452465995104092
2.02039228855275165841 2.64938090625994782101 2.13880919521594758947 2.57021548698849455761 5.10852751953138817242
2.57614650380764009796 1.73469124480589065307 2.30719249354979094591 1.06229467452247283710 10.74589784928905444872
1.57602808840268515667 1.75214821453788149874 1.46395158550065662695 1.49438005419000052854 5.46030558956710354579
1.58805033085702751450 2.79345403880908094152 1.46245769624327803804 2.77092056002920017477 3.65646953869852930907
2.40623460997766525082 1.48339295827434236585 2.38951396302585550302 1.23540586665062113170 10.11368708597882992706
1.05109067385483956336 1.07850482164445060640 2.39923965054999044355 1.10653186642758982750 3.48206835850190543624
1.45986683686704998841 1.96660730848023224127 2.84385249651231841739 1.88885410925761632051 3.63275506875598130918
2.39470509271736542445 2.18011501486795999938 1.80807437999882925084 1.96438180020899100242 8.11906690358113714012
2.00984587017200411196 2.32651360174295085415 2.34959564839301293659 2.38054311412364860701 5.39677435867089361210
2.67560413006956077098 2.30740110967175660051 1.01079653199887498083 1.00065951755736382012 12.76426559972990659730
2.04540062483583762187 2.25827238919523143323 2.49165062989612628996 2.87883305548839274479 5.27779578136244698072
2.02080272180585929220 2.26405434979896513781 1.80242867620033542231 1.46496322876062823326 6.63623424315376997384
1.69538140799294212435 2.51311677436938563091 1.77320063417242623771 2.17541881504282352822 4.40303378728769168049
2.42620527221964943365 2.15425726032464659454 2.66827124166263374150 1.30102309603507726443 8.12018168728347333740
1.22090163133642848337 2.14710264002669770633 1.62226433847373674446 2.64514053749854261000 2.80022257097886750898
2.37276080971401004405 1.55348053169709054977 2.71876420867156864958 2.41835898512304581232 8.12920192659900564536
1.45930055833527605458 2.12555581983249819444 1.17545313787758898272 2.47621317451690092781 3.97571451616852344912
1.19075729864862189800 2.21826031039452864491 1.44742435113218648191 1.14464027487203634514 3.40475275194247384292
1.08806158738748792736 2.41118814513909107689 1.37571125014457273927 2.79292895454674372502 2.24929972238146591579
2.01216729225777024581 2.71604508375687636601 1.33331821420383422883 1.63640871019837375044 6.31464951608380165027
1.64480874539829513559 1.45294629849964263002 2.99483047069499175308 2.49970294077204657768 4.69097142317096338360
2.39420538872851640377 2.50474091242829111081 1.59716139991608185866 1.32154443567284807237 8.60885526297715841793
1.02840001515670120824 2.11350505845085390177 2.43232426919902078311 1.63162637275717958829 2.23587294988583895616
1.64099212386814174991 2.01745340673063378034 1.37274591880485963280 1.20155872535233787524 5.79572654691253408288
2.63163395115547249503 2.27026301043870448737 2.53090922812223828586 1.08888271828500915461 9.35703379496865039755
1.57412765983336222497 1.33280587862666677346 1.62866558974032571427 2.09242375820570902789 5.57213070152668699109
2.91343183095917179770 2.52344188622035670022 2.70887316139616896038 1.40561657337298928638 9.69689100902481726507
2.23657699705205592622 2.30536503371800804985 2.92314279400722787372 1.85382567199881931330 6.33300179525964246352
2.10284379172730684360 1.86491120738942739443 1.07732954659778923379 1.04918238481555370356 9.62115908987337320468
2.32733309409956934388 2.21839103025083206333 2.89000171066256550390 1.28496009289653434493 7.33031069341389063254
2.32205258344855369756 1.31988689183942864425 2.84687446450855929925 1.44464865870743786047 9.34144061665608482770
1.53274060742583517758 1.96130089837336485381 2.25912156518215434531 2.89853135010226825585 3.74873458975260431814
1.49359402045957945226 1.53641207060389506367 2.70844312991858737760 1.77897598721490624030 4.36793880873863571423
2.49863044061638550630 2.80539805050556667609 1.57335654904783206476 2.54518051694325642131 7.30069446345551220645
1.19812268885422712472 1.33209831932851874292 2.21312717667390046472 2.92855491897683650748 3.14855334842990242095
1.57912764654822468380 1.59696940037494106157 1.66116800589997848370 1.89422941366815811293 5.23254955575955804647
2.35128744718374971256 1.33584983390824163507 1.51572971680627133217 2.96721159133960110665 9.25716723220553916462
2.78915843582246747445 2.02886844125919463266 2.47032691391090075683 1.14464562362227506576 10.80712564908922246332
1.09011360671820822787 2.38604293285850665995 2.23443154518791864405 2.89797333252216393618 2.04356251434173907811
1.05066746612009342954 1.60333784381815847020 2.82183110115063762180 1.51240185074045130342 2.56690117440295306750
2.31968454800776946456 2.78346390423299094863 2.07634726627248333841 2.49322788197674682920 6.22432919700064157809
2.16585872779778654262 2.37574869263218424464 1.53170458444491197625 2.54878216433809878794 6.43233746780275517096
2.90401150166696009336 1.07579099956165569196 2.26603326076805622336 2.80725884167008743475 13.30970651414013694591
2.05246207875344577332 2.51822052315384325993 2.72683022668178942638 1.95205536710835980685 5.38238164239327332439
