-1.40274776452449811970 1.74816294662451698905 -1.74800405928175317527 -2.11091107047647907891
1.45127221521949945071 1.21107523673206207704 0.31382427213733432581 -1.08971500092415962690
0.59501369269021608943 1.40364913291482618085 -0.53917596395055822356 0.51940179612971293377
-0.87135033673297090928 1.78341235246609430831 0.21160815813709499267 0.15997769423242200193
1.73883780136757337687 1.02541700094250320952 1.80101529946322047593 -10.81572293630063974490
0.10141567348936897375 2.82240363951842798684 0.48276383272187484152 -0.01862729215507766614
-0.00849019156687580434 1.05617408213056518385 -1.87941492661912690210 -0.04287674774465276284
1.15259867455345954568 1.22672494862344505506 1.40204881473573150785 -3.64126579689654983341
0.94329456117030963114 1.92697575789141195557 0.85691881917472301211 -0.72108343792526918836
-0.17485316537071371457 2.03438976007815597313 1.81101996583810631591 0.22559086983178119890
-1.52374553681827462626 1.76385209634840744997 -0.61015835410082885915 -0.77796179944840937459
-0.82403171643667461055 1.78845499372850436082 -0.27274230528948795182 -0.19474781867549448289
-0.43628336923673538550 2.30953734636241136968 -1.85623496543830501793 -0.43644248582846556506
-1.41335680348653802696 2.79843636457247280092 1.17389555725779626272 0.55687569301334127747
1.83275830669026218445 1.44046774896172702363 -0.22153596181868806525 0.71876711674723159362
1.50629871977806573113 2.92935673724831291409 0.63704361089519512262 -0.39496627719062921136
1.35416086336157537318 2.29337640204868886684 -1.77709797759174703558 1.58761449595035308846
-1.73481579960846765687 1.74602500656544634694 -0.54364010238155779930 -0.79087694116654960741
1.57130570864718954738 1.01278100535267956417 -0.53506984854484285208 2.91743389665343322292
0.28040137363411954396 2.36297894783371553729 -0.96494133430126094453 0.14956647764080341356
-0.36086861111821599835 2.81777057467113412059 -0.87589097250205139034 -0.11526912264574278033
-1.57794146158940007396 2.28664171730953658113 1.63838704788957789660 1.28115316593106287613
1.42071945618201800343 1.78932794346426615739 -0.99276610038454116136 1.54044346349520444583
0.55134877259644188285 2.76144510712220370152 -1.52713766719304766539 0.35057682896731973132
-1.71937048068460818229 2.22321542056069176851 -0.07263367097354844759 -0.06467870850285893647
1.32465265059132697445 1.07980227676294626704 -1.17349956515196884865 4.61031766328168846059
-1.92286983598319283217 1.81493411661528880607 0.48267547725858506169 0.70896344737836203276
-1.95788884815734443023 2.46870628828107729902 -1.88344344788407802582 -1.51798861139187191149
-0.10652157882224733143 2.70489831085889598228 0.54128654972092515862 0.02339281531204542158
1.87060325527375992394 2.57197667425918030659 0.66348360848044896088 -0.69237402740343734209
-0.85021848584432646589 1.48938903213136697445 1.71366324982534345978 1.81602781096494680924
-0.16002467274104281714 1.41983703489521762009 -1.76569910216659220481 -0.41385969738214789526
-1.55003067874240496593 2.68245671437348764954 1.59446525496671354105 0.89212975699173058253
0.84688874364201760514 2.92481404604340600173 -1.56979428051706548786 0.50936030509247798292
0.33127698886404433054 1.99678773256587072105 -1.80054456957777686554 0.46417685564850724722
0.97340657199252067500 2.77267255881661967010 0.09476294017492437050 -0.03987796663957558774
1.50782811834061991618 1.16178664912252460617 -0.41320234723669369004 1.63066343893714127411
1.84793055481676438134 1.92940829616249520662 -1.31411910010394272774 2.40063135902486246565
0.30723296176272762992 1.80990710886555938863 0.56350654221611895522 -0.16357904873426298842
1.81835562099269143488 1.98358911487866040879 -1.65188097393394706103 2.79920559642198885086
-0.19813305902610611753 2.35214757335776880609 -0.93323481997702728563 -0.09831489691195874348
1.60627668488121821966 2.78262668351215802787 -0.00085231183771039554 0.00063193962856885634
-1.52312821744028203952 2.63191238244502256904 1.77740340842318778058 1.01749077019306111147
0.61768902297183858607 1.98839515180828940721 1.55994252348251638551 -0.77926383331065607329
1.60720502685547428356 1.82118934197783377549 0.89544702346788174196 -1.55101365016224779225
1.68090172584028918479 1.95069381770621941286 1.78335401364977741423 -2.84083932740140943096
1.36511016591783240770 1.94620758601142052058 1.83214906576423697260 -2.29411211217723209899
-0.99538262163360347046 2.15021788435315563959 -1.82254410077325967876 -1.07056753318617259296
1.65606095964554356215 1.04235066034967216453 1.76809043027015500016 -9.68954163389236633463
0.38325015102019976965 1.16289915329457382853 1.62725014483506713603 -1.43861796824915444404
-0.27953671449757955259 1.85342019803053426052 -1.66125936354696346342 -0.39452654379641388660
-1.86905314424731461287 1.07004633747062594118 -1.85718570055493703563 -7.66261476158036369810
1.56901375148103339185 1.11210531247360089324 -0.50717758203846008414 2.28948520752143203083
0.16755858722193917032 1.90116490006186689143 -0.48082404483683705010 0.06801006339353626862
0.35447835302345120922 2.80085385502664463431 0.14890781253183860144 -0.02092771637103677321
-0.05803076965130093967 1.06843438044848793034 -1.86887408127819387715 -0.28336809953533381723
-0.39490880170927633586 2.98903504214196669153 -0.40550392861839412717 -0.05172856581311298385
-0.69099219321606364375 1.34014946064004769610 0.97422328728369622652 1.05178849930039786109
-0.37708840283098110646 1.86428875209514366418 -1.90294568428552945960 -0.59688264024789317030
0.06005144141286056225 1.71156409616581361988 0.09328045903186676924 -0.00577118363455202208
0.33391995657393591657 2.66761614407665215154 0.55219574972840712590 -0.08041917773604947972
1.28578119247717470586 2.77532377566756949250 1.28854932050388804043 -0.74051455127271603729
-0.28717731648540922862 1.18819736897456285085 -0.50876217548420488157 -0.30179553134027303773
1.67178152488533537934 2.32437520550153031706 -1.76555765323563962355 1.96796831655311343923
-0.06758701739883044013 2.40287160463762994311 0.22519641471473184069 0.00785524049042647492
-0.78899422339859004438 2.98939751548959353755 -0.96464575784719475138 -0.23681796125565265920
-0.85776493802940301237 1.19181775123389988025 0.24405463470685395677 0.40720815770521889831
0.06270226646015730765 1.87462766790470669598 1.33737945398866697744 -0.07203785848505155076
1.85833107114709017438 2.55085293089314735226 -0.39769779906502567002 0.41851714299937059494
-0.98632713246530290263 1.97800863473263355274 -0.12430920118790922402 -0.08557297242366782020
-0.19367336921808764316 1.08193959215258161954 0.14216318618757073367 0.06922158993131802274
-0.30620801947903819595 1.66157068463338175590 0.84308235055283065051 0.27218943646114868162
0.44022447288830957035 2.49087518133608876170 -1.68253083344828713308 0.37463370119455779994
-1.86048287665161993232 1.70216910893164441454 0.85941831550300129550 1.39586608920091070907
-1.52728897143570696571 2.66914292051798529570 -1.34442168470799039426 -0.75007923198497472583
0.41203404936043241946 2.81867745524627677511 -1.06003387296720896771 0.17201125224808941350
-0.84251373417452679604 1.46616501528354614692 0.58705610387808304651 0.63662276734176725945
-0.58573116147207837656 2.57368749872317792438 0.39554097771449070464 0.09912394557688518348
-1.24467089996134250285 2.15505664273950348075 -0.30145388136550987923 -0.21554231466724971256
-0.18689133654637002380 2.38425975875440254725 1.86281742284433127210 0.18035654389782815321
1.40132869923920866384 2.37482504191292953521 -0.75009918394411068121 0.65025751041166457433
1.34400710265679190769 2.27451926937015480590 1.18301461801551566211 -1.06516477845482127051
1.43166786384062261206 2.67346690818593835104 0.98272617685754104500 -0.68920772620644910056
1.90267424013139052619 2.69521324965920294758 0.85942603421738672509 -0.83400051937471286756
0.88328199899006021312 1.00427955853778572148 -0.99790434663387772574 2.87582054097376937918
0.43842036101960024652 2.79659759109900241114 1.96753506353650120531 -0.34605477457046968093
1.87242892710483266328 1.82146512118041359329 0.14464502686575286816 -0.30131975682003353523
0.47518389764943513853 1.29098798251747171051 0.48223299512403139389 -0.43305084846789665409
-1.20491188793938075463 1.42350329719093227077 1.76341472895637441098 2.80740847957652350786
0.33233710531702698177 1.37655696410670458363 1.92304035975961618021 -1.04659489584502951587
-1.96952489251727147490 1.33440403629119086482 1.59971293339063569405 4.43479121697822087356
1.48866849724148586631 1.81665924604368900219 1.26555822099045212070 -2.01213413635735083318
-0.74512440388124900892 2.05210625734909379858 0.46485192928427965242 0.22964317494551994558
1.74137182556610037309 2.28754462466981500768 -1.65952237130550894761 2.00608262449567975594
0.07624178700090267213 1.22251216592090483637 -0.86758773271222411338 0.13379662869408889825
-1.64105586169834083421 2.78243190730873646288 1.07058457460841038866 0.58482258747691195921
-1.12978143855940693641 1.20711627825809153514 -0.87374710816845446715 -1.82606651347176551781
-0.60825389278575903163 2.66237945091207262038 0.81075636883525836751 0.19674907993737250633
1.07590779572528427721 1.62115599070098581613 -1.85718705737979572490 2.55586727680396430529
-0.53342940867852028930 2.13340196929530723224 -0.42039549511582174901 -0.14032695167638106759
0.68992130019930986151 1.22399592878979168731 1.00114306398055141756 -1.48560602536104702232
1.09455299018514651266 2.64724954568294812418 -0.41669356257964063062 0.21924482387612670431
-0.72399948531679214625 2.71204055298434898447 -1.00090326316355815450 -0.27561476176368371327
-1.63661586314542750742 1.74723652104753157666 1.49628210175136944216 2.06800410443649962389
-0.40775599454010080791 2.72224306518863823356 -0.12734294881162222524 -0.02019694158822434721
-0.91351626599034529974 2.94879448452417047832 0.02477839583380259114 0.00715578057336573210
-1.04265800576989464687 2.34944813515102879364 0.37082298379680000977 0.19029371045443402299
0.50050889534219100696 2.64704359117466125895 -1.33278494939696567911 0.30065650729002763031
-0.99930356241962536856 1.97596329273287873995 -1.60963936528764461897 -1.12363262859246781922
1.88483455610809835790 1.06032461102389441443 -0.25054380579164625686 1.55275557902804561827
-1.47915818055416492527 2.28102869171298472395 0.71603136422376678638 0.53198132157699640210
-1.87831915746335242900 1.94028984216145028441 0.21006374852002451803 0.26469975757818758888
0.92056317099842566165 2.34375457609389670210 -0.86125080665911735167 0.47689340338016672494
-1.24275439831336420582 2.22183780422347521011 1.07891362458393036405 0.72476266565022762212
-1.93842429631490409392 1.51539957944221259645 0.68252476476607570888 1.44772868236168550382
-0.31102051490803495071 2.68866132771878341146 1.97563327804165833612 0.24731062306794132644
0.08192733242031469132 2.64066911289133710028 -1.06098743407886253465 0.03770553020375336933
1.48056735911140435746 1.91944757009176303342 0.20169431133484350127 -0.28541703718101180121
0.28176546930068235852 1.30411038948819157923 -0.22748479934615639664 0.11634435606675769259
-0.70406443313181199528 1.11991460612259841056 -0.77960850564290984366 -1.22656818853312921114
1.46317905562624916982 2.96090981798973462702 1.03181930801058241443 -0.60516785104903558778
1.05868640857735751837 2.33928458138943184963 1.95414219858774318439 -1.26846156400710596834
-1.13294907530222666026 2.04187167102217337344 -0.01280381200336400127 -0.00937570259683642368
-1.17608028646263917949 1.99167090039372873811 0.16751157737022914773 0.13331480571165332805
0.47848666871248646260 1.19314629311041353610 -1.15098417212200665460 1.21889719035316201889
-1.94855170682496581236 1.74541992808569879081 -1.60527245260629314316 -2.57790444203466240225
0.62553331053967298203 1.28354687303280989852 -1.79624481636195865164 2.18256500627543736925
-1.47885987170243238253 1.13177121475030384445 -1.57036363312048354857 -4.73840814760021444840
0.74687767382949044048 2.27307848931617195731 1.45618925680207267348 -0.68245086240501806607
0.90002243515447410971 1.40771025638821734027 0.29852235743658495082 -0.44697638773050463179
-0.99028220672807032443 2.21843496862552402860 -0.45806552340398276613 -0.25159707460834307424
-0.49851340613164829563 2.19945054870345302334 -0.60732555503894269933 -0.17883949766422915784
1.84612483138313665521 2.82320391980538243359 -0.38514589977459712244 0.32821546636953757847
-1.42251303714224031083 2.06955405526285929341 -0.31232406662608092063 -0.27243804159713641555
-1.24328291245974664747 2.88588826111653817819 -0.26649819098857197019 -0.10615325676180682735
-1.34525740906445445688 1.14116495432827624867 1.03416179399241592307 2.82490554421713202515
-0.59261273511441148187 2.80573916306586745861 0.63400339608576405936 0.13517181209638270967
1.33053914586509636209 2.57153335720558029465 0.10234844464701042810 -0.07126130052663341707
-1.12569144750068383942 2.15755528176128219542 0.94053190239703399200 0.61328631902452013236
-0.79674976622730175890 1.57692212343926629892 -0.37394546833400577057 -0.33291851269929190194
0.44331987235411496329 1.39661256623712537461 -1.06598059046195370314 0.76055182122846110016
0.50317419772336879902 2.67781252002937897316 -0.32426331765636273730 0.07187843817750434738
-0.94729709540273754342 1.94147331984007598393 -1.91893246154754137933 -1.32159197272394712819
0.92665588881215388284 1.75148148234241363141 0.18376253211380033648 -0.18353471807120819159
-1.44338613236517110394 1.09098099007032600660 1.88283208914816935220 5.98585862686548164646
-1.05702125122489221098 1.21182669697086087268 1.44873984014608936377 2.82928176625606964123
1.48974635469232019602 2.04920471978294216342 -0.01596798892466333442 0.01996965718991691729
1.02630667105124384619 1.39751501616239459658 1.53128780546448473032 -2.69011620616372937320
0.49327040787443765524 1.04278583760586185392 0.60359963834751084732 -0.86404009942080550744
-0.09029556498184954094 2.28659275156301822207 -0.84363054778582347026 -0.04331700675872844630
1.30510646561257326326 2.53254408300277189525 -0.17845698487681183053 0.12529174301213730214
1.53553458934991393647 1.37840754680999277859 -0.33601294117345181789 0.96245856910250138228
-0.01195211082397129587 2.43952208245005142118 0.25743024569243422306 0.00154916318022399794
-0.81543320737453761637 2.92643800756977068289 -0.15343475096182679351 -0.04052385979688274270
-1.88230927293493532915 1.60122511362620656428 -1.23192670118430136483 -2.28344979202403530749
-0.26157667106454773887 2.25518275718561600485 -0.28956070414043200145 -0.04353938679665232681
0.88972064132736505826 1.31779960377248062109 -0.63275789135518722972 1.06753482481301853468
-0.69029977231501638002 2.72676292477894399724 1.59175734625077591744 0.41471639375410862538
0.43858456553100966246 2.06686241048470087378 -1.23833900868211488344 0.39890440346281169637
1.64921195227618611057 1.81057345466030272796 0.34198400148396324028 -0.61807867448498210461
-1.45415302550776903701 2.81849812306212488267 1.07321092067915246915 0.51453860936271667015
-1.35305481086556556036 2.16944113695485940596 1.75080327010156278078 1.33004249532035223602
-1.22551661392812061280 1.70422294605876212259 -0.01646820260961723292 -0.01857066713096876959
-1.10993956904069612790 2.92607399206773255429 -1.00880438398695604363 -0.35313864404063138869
-0.17384275673651528038 2.63291233299888638442 -0.75560642542606437644 -0.05587476102082099272
1.78748701775478480158 2.39718868826695041818 0.26753129834097055806 -0.30398925966583389968
-1.35706024519619505853 1.25239338107607500739 0.81653226583886029388 1.86614882947113525091
0.33202099640507443112 2.27781396792674861729 -0.88071704205726897285 0.17488437177166071823
-0.13703059340419754264 1.54935454859555865603 -1.88685396821844042492 -0.31876064910272938757
-0.45885273096081213851 2.42700685912436453506 -1.50120758190784586716 -0.33543569020420310745
1.63437399596626331544 2.47612971943392690122 -0.69676180002913667977 0.66605761882433900389
1.40520340716827307759 1.60456841786502368841 -0.28437197534360736384 0.54174531076301024601
0.23570367116055024326 1.92423891486586273736 -0.58066374890868033276 0.11356732006791310507
0.13907243620281484198 2.70798377498366571459 0.76484597129097009471 -0.04412923676734207407
0.55083049140657891485 1.54716120453093131104 -1.16700302424167734472 0.85260217355521250582
-1.48191741033646007253 2.02241479761673215165 -1.85202123566062804016 -1.75321965180419869768
-1.38406429491320759340 2.60827821604347409590 -1.69056315368543641497 -0.90636630262770612187
-0.32778345498264371827 2.05301405837401595988 -0.92027534081443507219 -0.20789071761888502921
-0.79864208243872969462 1.66692667971081909251 -1.93252078147465189417 -1.54310499073249163260
-1.48007347899630481436 2.30546715801429247250 -1.92926990886511440237 -1.40389612170396715918
-0.82391914176426928051 2.73184165256648547881 0.24425958501038147475 0.07474151181582575076
0.85576075779427496215 1.67382231391435154499 -1.00085684277081954363 1.00295003627526524426
1.87498244752715192973 2.55008747488833531492 1.74646585744581317456 -1.85927699953236191810
-1.25848776908702042476 1.79208032385497162409 1.90044474455683376490 1.98440584442720835412
-0.84943757721741874889 2.05611894651509174992 -1.23177098722396793917 -0.68435114659915363688
-1.50050776598345070312 1.89913008104737768278 0.88590821499711669418 0.96143912175964585387
-1.81462328439768683097 1.36479699733706816289 1.26908992832491485103 3.13938180073605188625
0.22346881665061779643 1.17682658056823918891 0.26006392983035064859 -0.12876818575065468453
0.23983283495831653198 1.12879256333347588459 -1.73653819769321460242 1.00468218488782046194
-1.16742712605298182282 1.20461564499586892829 1.62595914876173841535 3.51407105930593788301
0.16975933937246923122 1.88194331905931000470 0.78837445225223534706 -0.11532149002315197905
1.05281571140016971810 1.79100399345519845085 0.05048605262940020211 -0.05556042211814869042
1.74943517670106185591 2.34484076470371771705 1.29066105024308397375 -1.49321010926231489968
0.35576996733207977286 2.05680058213476169016 0.20725512918018340613 -0.05421804982050336397
0.29307580698763047167 1.92777830455227960904 -1.17674539871976202576 0.28680579248270415826
1.94114056867801565431 1.80326817299650343784 1.50945190348260771529 -3.35431083097117310743
-0.14770954557733961821 1.38740809120501951135 -0.36895948507240650116 -0.08370126513591064077
-0.71426585854986646140 1.09515281361978611407 1.57757421599605907048 2.63062583397133398222
1.17799973073909081123 1.99883190546456734893 0.54229588422664187775 -0.54372980697385242532
1.21651461833508101051 1.05651906791443406242 1.66038773329960509528 -6.18054170116364609555
-1.29242886280888980011 2.78772144472378702318 -0.47838835973627080733 -0.21135980103129928254
1.04907800300459896903 2.58644680816504246579 -1.03439400507037015942 0.54367599176318592846
0.05551248066969449724 2.65417695633638528463 -0.05789739335291077538 0.00137634955086139840
1.77477352483389116955 1.21668465418559978986 -1.76951555807530525044 7.73774932570116380504
-0.06509731356919035150 2.79973457144545445630 -1.09062784266390488952 -0.02699660819103193860
1.79996583686962097204 2.17000315637462026785 -1.37566259327061013451 1.92380501437980089285
1.65449598206957126934 1.32335155736538312432 -1.34613975198617330520 4.57166169231234675863
-1.63262925624424903859 2.27634598435741253297 -0.48296925625972697560 -0.39244055886849849024
-1.11072734489178692741 2.74779153339400350475 0.42731588333107906053 0.16973355292543873540
-1.70997372077777942678 1.15800749352708520767 1.38486596839937048387 4.52417894217104166188
-1.99632683348735318063 1.26619589411335775608 -1.64745279803371502680 -5.12998137259165964963
1.79575359310158821913 2.52925129693646910667 -1.61096414696900724906 1.65360286314298932098
-0.22228628452188115006 1.21916869662310101141 -1.45552160947183795159 -0.63881768860297771795
-0.98938446914404787336 1.20772218130922848189 -1.04246188351592872223 -1.93036340042128462535
-0.89441689096801502146 2.78773068655782285674 0.66175946432896903815 0.20972769634279797568
-1.12522136970735475714 2.03418672996403104847 -0.16690709935760361660 -0.12238938172399735360
-1.95484536003830999817 2.54266787052058340635 -0.73760179391641678137 -0.55967047098972744212
-1.17101175398846102382 2.12882853968070273609 0.87581258322364563540 0.60774278706160889119
0.85713837640838752563 2.98088055974298793416 -0.46726119554191480887 0.14789742557302479331
-0.13109209627207185633 2.63758017938376898570 0.07035611817049503003 0.00392583487037928384
1.69498090073428198110 1.55535893944683745183 1.36265204952547147599 -3.44880899466575696621
-0.22269156919242849568 2.61606257926959706595 1.12988085599666021608 0.10789371960063309785
-0.20825914311644933008 1.09678353478439905011 1.82778620011262704637 0.92994485373461366340
-1.09526432905149917474 1.19747868242364319258 0.43918530057747418027 0.90701560597740116254
-0.58098646144673837810 2.94028197697779303255 1.75462642822903758244 0.33432419768659182857
-1.19684183739815530600 1.12046026180253677218 -1.72080727142275069497 -4.39543425996884451479
1.84892921199408188926 2.67155286755924459285 -0.16077305020262722124 0.15328956068758659015
1.91276023434419251146 1.68046590568157050427 1.88201849550574040748 -4.72874555302270938029
0.32093445304687051589 2.77700334212714139426 -0.62362213260420151784 0.08044015173286538090
1.14339887490745661935 1.27508363720285777809 1.41842926143242298309 -3.37895389685935754187
0.02176604970083362289 2.90020074650512160730 1.31612348345512453207 -0.01023971118299551140
-0.40015380347492479629 1.13701454129961954109 0.11688209952250261381 0.10435767823221540895
0.32044748613914375568 2.72646625756719762634 0.27642383775711509841 -0.03693159642077885330
1.30303199908395272999 1.48107112995514267340 -1.76933949565259673875 3.62549910858506674316
1.83531299215588195040 2.79946683618849689879 -1.96093734941695885254 1.68734899594588561023
-1.38831540162310229647 1.89074203703292487155 1.96856844056737223525 2.01389056926771603528
0.73151854383588332809 1.88426687978833307113 0.08473395708184927599 -0.05650809527246909020
-0.55564244248282657068 1.26295571613635204677 0.98530735548221581865 0.97550045186246336915
1.39297786944502322015 1.56449026684493408546 -1.90116227266572934695 3.77125594679881137594
-0.11205324359836232873 1.38876225884299353552 1.10603938822352265703 0.19064311337130224189
0.87815083521483394691 1.57128170623686469476 -0.37166448427388942832 0.43476086170112876461
-0.90916361580148796762 2.82635575242808556595 0.69531673822767015025 0.21762103920272612978
-0.91644637786070770602 2.33147403902654648533 -1.58246453980283252605 -0.73319559501745823482
-0.19661881056577135141 1.32828277413554607378 -0.82125252660257119786 -0.26926863755725766181
1.74018440776533989123 2.28737183485657702420 1.74238621782403191318 -2.10483019390909520396
1.54489096343852372328 1.58954744286334670456 0.77278938806736219291 -1.67654044646626587678
0.54552481054937329574 1.80422939976604923551 -1.28833789571558954279 0.68508523267227539044
-1.48462321485445158942 1.53378203807020496718 -0.59862045262370378040 -0.98683605042779232175
0.35740728815886102510 1.55316042032672529949 1.26734752398179129074 -0.58418974225584063831
0.98356265735773584780 1.77994472868315156688 -0.76984261579225155003 0.79520157654464429520
1.52056732973384001184 1.27092814963174149945 1.47548242657404138356 -4.91419241476836088367
-0.41268590528992321609 2.59816855597148554935 -1.28832595336638355832 -0.22691814971745738472
-1.01694786650583868237 1.13245091184779567151 -0.74620381675845726122 -1.61130347761992842592
-1.73088236214233193166 2.87189202425477319025 -1.42218837594993363638 -0.76327148359216390183
-0.38287821412622191630 1.15018695771054968446 0.29072296999655522498 0.24311212509033627849
-0.95804540418892480957 1.67634330914761475739 -1.17964901247388853633 -1.10103501037073403523
-0.89168875193863916806 1.30405289152402037445 -0.43344051809773986861 -0.62600588331416007204
-1.48301774108641559735 2.65534422338026221411 1.36892484022341820449 0.75222803042552655040
0.86432606331260464216 1.54858053184798527546 1.58020938932750087957 -1.87027436306667138588
0.64938524719914392236 2.09258972418110289482 0.70396343165000763165 -0.33493877794752957566
-1.52183039626201965788 1.92266454491814764438 0.48110785582530946058 0.51570512080202379757
1.13632991617985679156 1.87899097842700713024 -1.76838813168414521471 1.92637269658414522766
-0.12381530577025401385 2.32983163509218149656 -0.59007892501284553433 -0.03988525782215996546
-1.84929008425396723680 1.77684761948489722272 0.65465272046096512071 0.97083309233012626827
1.31356960751773943485 2.20000398864569302049 -1.52381890592976620979 1.42829995818471666702
0.72817010337067955561 2.87142218700739704218 -0.85680950986964488081 0.24483799705359740595
-1.55381406258024901135 2.21107561797577290008 0.98608960930071720696 0.81377458024453153129
-0.18919968823052757401 1.08362214851748395184 -1.12327152044233891104 -0.53288144594631214890
-0.99427280652238092529 1.14496396692199775558 0.14720467765715250508 0.30464796347464589976
-0.19253919104318750755 2.03980106346908929282 0.59636850092044690896 0.08122637587591828578
-0.83406263819413650751 2.60248132271420473671 0.47150050102671547947 0.16078128516657819169
0.72256530512219052653 1.14174475473934800007 -1.66324785246197137667 2.98118806884054299289
-1.93793299185799350326 2.79974595678351567685 -1.80535837550215205738 -1.12164918992783380070
-1.01383485317535182446 1.49264651323444819120 -0.80583387835807007704 -0.99880680328858728600
-1.84827027282841038769 2.32900422612983870607 0.89642206337566188168 0.77339928240677724425
-0.08651164955414492042 1.77303526626394081234 1.22857735668746892443 0.10055938580904583146
1.40146956358330498915 1.61531950873968077609 0.69463829728051340595 -1.30173487200402560049
1.63135591993500650432 1.47685108555581634526 -0.80417323422461572946 2.15621012659114308363
-1.20429525791359992581 1.92196588461990036656 1.65894943805180794527 1.44814312430423042244
1.08442197975355636430 2.57242375429565317546 -0.36379707014254902830 0.20060614669763218720
-0.58518346781632679665 1.73192135701606630960 -0.51195500559418105624 -0.28306773596786977132
-0.61043767227647549589 2.34134825145900649090 -0.72674425381167617743 -0.22881203292142912598
0.83412194930074878840 1.12493811598904103199 -0.99639020419251833616 2.14955674539525709577
-1.30536873902993466601 1.96044921104862313044 0.15312994204861851699 0.13801257461787519443
1.97584238219791341606 2.61238450054655224619 -1.90000013438787274112 2.05661754091278092815
0.17283268118874683950 1.09761845815306258167 -1.98811233895112815517 0.87067663220458602069
-1.91703247701501044986 1.28318859026322185102 1.98562967793764455493 5.81969036715229304235
0.43707647958050444004 2.92070297955798086065 0.55250275608882537526 -0.08880709623597365932
0.93553246675519785569 2.37677708477156013345 1.84826872383579488002 -1.01303868943295327654
1.20742018813578289027 1.30173743648732909151 1.83528546480683241171 -4.46190381444632588881
-0.37590259270567827343 2.85835907694833402104 -0.73439680394833750654 -0.09769400120375611174
1.65770841841160532226 2.34457393614300269036 -0.38408796714471771239 0.41653055831926433239
-0.27237703411126190645 1.18153691371512969965 -1.03680679883157189636 -0.59077762363532426715
1.20714612709941748747 2.62435971713691040819 1.44847305822175442813 -0.86619353954353472957
1.99174344127200786403 1.77480738810286653440 -1.02339477357065877783 2.42413840062454433166
-1.72173417965875952262 2.18319041418520098929 -1.98223671736056372694 -1.83260037976699274864
-1.55505988935299521714 1.46155082397550928341 1.75722691085780047260 3.32120876058624592275
0.46283508107960180666 1.64628904465590175654 1.51326497012882610349 -0.81288860190336620359
-0.68371902401506501334 2.93473222461864402533 1.19901755388330366614 0.26727912484256610703
0.60427580815188841612 2.10973288933209435214 -1.80741484345326997030 0.78348213998861915286
1.78896732263377522543 2.39817434253329508920 1.90260081946484405080 -2.16228062553190802930
0.14557992290622800979 1.84208461729113248673 1.51781267550756160389 -0.19823972737424405688
1.20924908966697230994 2.27455245782776316332 1.68242985691802715564 -1.34201108042782824015
-1.65510362497459517783 2.63344832780693138830 0.76967923884030753356 0.47281416061068431977
0.71778156371179191453 1.44623557976716976547 -0.80576082592078934752 0.89369604396557711379
-0.21928616775073761502 2.63931471921523330693 -1.46990796300091641768 -0.13583751089837409198
-1.74690626963734807475 2.03436065047059866373 -0.24925463709565409687 -0.26869198238000407963
-1.94667447157930562085 1.92561097862900654221 1.16854168254503099078 1.54054596279565458872
-1.37322660394114937077 2.82844957819024056533 -1.09154448854636854094 -0.49422456735248387893
-1.15826767005284692047 1.22697774290846473022 0.86029891373541245159 1.77954681968980188422
0.50996889372081133374 2.69512905601980801151 0.80429875207852763452 -0.17850713009435062451
1.10508579548744600984 1.46806875186855889659 -0.18793727994818842930 0.32500918555159508117
-0.31003959309913708964 1.31400064393037463439 1.43056476660197251505 0.74747117311614152957
-0.46027692365730032975 1.06637219046936593259 -1.44379413433076697615 -1.67604210998693670120
0.19029803373081621842 1.41043712689906386437 -0.62343194820921032928 0.18238173133224380718
0.11681302467767640252 2.55978233212118233553 0.22485031153436496609 -0.01216754417660544270
1.00869773095019121811 1.29180781084153051275 -0.42816915802807153923 0.86353365690572048141
0.93815397869254590901 1.44743455391932895893 0.82151684112774381319 -1.21785981276872679047
1.53647261787826172608 2.05912205093139588641 -0.69128773887129346676 0.88795171659546412446
-1.58362571253046491293 2.28292008147775149496 1.82249275103770935758 1.43421307001690867544
1.87426768676297195171 1.88123119229867108437 1.84944798491183970413 -3.61616418527011251882
1.51640265035697519025 2.37697487172975074898 -0.13700504161921545077 0.13002986437024741107
-1.85372633155654753523 2.26987591196176197172 -1.19866082234523396721 -1.09145052951181509293
0.12673899382600772867 1.40800166249746094849 1.51159505229775659174 -0.29362972487090788221
-1.98787219350604438262 1.59293336899592685718 0.27229014351343749922 0.53383163936330157995
-0.12329701834872874855 2.46216586497982881099 -0.21617969858872587707 -0.01302963184144615739
-1.49753064367184718364 2.02972278609962186735 -1.71351694487613359641 -1.62520199231246054161
-1.41910735461460824069 2.21618315981294777828 -0.66926664818628589515 -0.50803336084008332563
-1.69932221305291486502 2.45083471084060189327 1.53450102508200814100 1.11320570868674662002
-0.91127362518962362614 2.88401949443012028951 -0.80231567155925942458 -0.24168155170687635747
0.09141448246010064338 2.45689873085763288429 -1.78834081326983351801 0.08199745510693587369
0.47142774664430531217 2.97487916332363955263 0.13213499658468874642 -0.02216091875067842734
-1.59691419325438355159 1.74402040833215554727 1.33518859216443663840 1.81342617278822459959
-0.79196574436928113272 2.03800803803500096834 -1.01549860232397559656 -0.53826313747317944269
-1.97572572866790441282 1.52763286606470849449 0.31922315746213580923 0.67702151640951313549
0.44055022779899610796 1.83553127034670859885 1.98387670204171806532 -0.81409463233235013213
1.87397442188575080735 2.13467749570579901075 1.38140781252318234351 -2.09731707706242653799
-0.48942436175139114596 1.88606334503462913510 -0.57625133646600046333 -0.22675380231839659118
-1.71785028640979131609 2.84873877337055692038 1.29174068719450474418 0.70004943151058973694
1.52353532712104167146 2.32331149344164034076 -0.13092379860519098855 0.13078644735419145406
1.28522988146049899072 2.85747533505361595019 -1.65426411617879942639 0.89636729396872005804
-1.64357875537894715379 1.32414278611544622422 1.00796397882154087355 2.43444890125574664452
1.66439207348054463154 2.89462209350095456273 0.30388177274638605851 -0.21725036796141863893
-1.40339094985623624723 2.41911302641786285506 -0.15791518251642777670 -0.09962709774087871728
-1.16084682983261844313 2.61901777306374050625 -0.78249804998034200310 -0.35596344330683571400
1.03732251961495069992 1.16118340301421651972 -0.42049157548862181599 1.08281173023960630708
-1.42176631402699182871 1.93707674615562064346 0.24723575146271548064 0.24605592165068129740
-1.25704702610278573616 2.25793921409871156669 -1.33141639274048984021 -0.87485828070799176448
0.33515091001167895968 1.69023989213074576909 -0.04665555278192368149 0.01698921157588758474
-1.70741020125999609647 2.59995616060622714016 1.30625027048270370145 0.84545916113593100327
1.21324237037949611562 1.06642738792006341875 0.13374203420623320682 -0.48713072267000034898
1.12526644497711325599 2.31267986886978427208 1.36419677556635354776 -0.97021342289563250461
0.58915516802221956638 1.54175117508684400569 -1.30457393568147539398 1.03077162501172292508
-0.44079990731025109341 2.43260201193157810096 -0.02350680575758357094 -0.00503130299165548481
-0.28491352349217846651 2.14089698338931766486 0.05916310207488617579 0.01072736531472568908
0.49159951450663763595 1.19646557906931483295 -1.92014726714885863856 2.08045992726938111517
-0.24574013827110530173 2.72695194315168265575 1.20476564744275282948 0.11657397968416531586
-1.68117803682353406103 2.62049686016383498455 1.61482311622532082040 1.01532712689002124762
0.94708650272342875809 2.57204956509939997034 0.55648248315974946365 -0.26400695178413108311
-1.83028392067237977159 2.32161471244491313115 1.48936726100646321669 1.28252565106904614645
0.36525799079083398624 2.33594944062860498946 0.18115354433023878045 -0.03775729288769944653
1.04132953117177606828 1.64035881731766353120 -1.02087440471627122207 1.32300193087721185137
1.12583501539674646352 1.05281974101497710627 -0.10279850169204918231 0.35297768738451629211
-0.56450910138573817676 2.80111725382337173329 0.22138058224342138658 0.04522929616206881193
-1.99180144530080527332 2.64086694306072988780 0.62934757914720895755 0.44965600135328898102
-0.95283684561887849185 1.51252782382716977061 -0.45917221214521886097 -0.52381994648713547935
-1.83667663137416248276 2.71502510132759455885 -1.38834926690326243559 -0.87674885804241331488
1.17755528922681840243 2.87869585678049277888 -1.38558603751471087762 0.66950765921002841630
0.23502661007275449379 1.30770834716734363212 -0.86634116476099132242 0.36579215411355897603
-0.94789078942518401050 2.37487004144648317094 -0.31104340369068461669 -0.14324860430605546036
-0.20633473189569739858 1.86360374947785878419 -0.45645698763373943052 -0.07971067629911254837
-1.78435160324011343747 1.67642810842574352392 -1.34426473895991227536 -2.17275589684053116457
0.97861846044887368379 1.16850527708438356456 -0.76109972468764608422 1.81401893786173995515
-1.08433340662416144440 1.10730905116802946786 1.96407776676561773854 4.70105672825759679512
1.45855462770756050261 2.85346186334916263050 -1.43349220946918132213 0.90191119681956721799
0.59213588757810065033 1.64529340112399546925 1.61516368175851221523 -1.12663030990070311965
0.57397445592591811447 2.02179121263797778596 -0.36884162123854968840 0.16483617205314771148
-0.49658758842045180870 2.05759008761943862353 1.96067616647814846331 0.65729016339624735110
1.83518410416548682917 1.70039522033510981380 -0.84309284207358325958 1.96621112075721837797
-1.14865973224913053841 2.42147365861758734340 -1.25894826180533536686 -0.66364889433379292694
0.65738548615117498031 2.48887837750186591279 1.29505776203472633412 -0.44132113470672129640
1.54255192640036797869 2.64750914688722183143 -0.36973318344764072307 0.28862583266238117652
-0.19603645669521441164 1.24256490154738674647 0.45153516597097054230 0.16868642505072153903
-1.66120859564235257011 1.11110008206736843306 -1.27463548454812158894 -4.41246735711708026884
-0.84117936116066482910 2.66064955531987479276 -1.38563888558365944093 -0.45562552363403480138
-0.43800885160550695474 2.44225857839190929610 -1.43258102803957143578 -0.30235864401532230872
0.08720055857556729961 1.57783317414671997447 -1.12327544709546289781 0.11907163095339393100
0.96604712413163795759 2.09000027660540643737 1.19159110185383099179 -0.87513753276375649826
0.28275401340573536046 1.80932879395633339215 1.04005127966012356211 -0.27733622466243201821
0.27796636690349751930 1.56202018737705516926 -0.23948949356687254664 0.08419175589758023937
1.57822703799521191215 1.50442413243421757585 -1.49167853744464062871 3.70528708951705532115
1.56943617805769486395 2.15252811526815701626 -1.38765919267510540180 1.67260521085459901158
-1.97772321547173746126 1.62397218788125607958 0.22458892222465021149 0.42183600921994968136
-1.17749806196902095934 2.40552808247856475532 1.96715197377816375379 1.07437007419715824241
1.22870846717058412878 2.70414169926231995333 1.93561875790883197723 -1.11241667807577959692
-1.41776788818482435417 2.99895707459604787815 -0.42307366066695717421 -0.17523492597023665462
-0.17793742850383242882 1.27633468530220706150 -0.71074684548395561379 -0.22883085622637008849
1.25764140963418480368 2.42213571618152734288 1.45094069598659602960 -1.06733851616010477770
0.52617987196824111962 1.35152325763731373520 0.33276363909595874091 -0.30354226370118403411
-1.97918195161410226390 1.78429090400571266350 0.27219078342138391946 0.42376190053595874652
1.12180578341727654745 1.33440542742484002936 1.96054172209983645914 -4.17363799738339569245
1.92189684893102263885 2.59321935543435255767 -0.24980238105188545816 0.26513068855458810091
-0.88961374808188509178 1.33088673603596019390 -1.82777222917720960638 -2.52900766576680480213
-0.46300767294950739839 2.70318342181229631649 -0.43038467953443992897 -0.07819134285740694801
0.61241650439775963122 1.78763060646889204719 -0.92670456491796437959 0.56754469314491640120
-1.31515876151366706281 1.33461710705004077404 -1.07301313104740803084 -2.10053753994895142654
-1.29373033661116831894 2.51621205860619401307 -1.38003118600124974336 -0.74906934627448951147
0.85047139581833075539 2.86054193644966225918 -1.93731305063828429525 0.66021503908051204501
0.54342407253719926530 2.49352382875148359531 -1.47422703497147633556 0.40875543404051623009
-1.25272115996922206449 2.16860343962997115241 -0.11931141848847159892 -0.08473051287000202270
-0.01953684139466016489 2.64056992604562079663 -0.82611895912803356978 -0.00693066971476943589
-1.20992429048850924644 1.29544714110981029620 -1.46755149439988397120 -2.83159232267024796315
-0.86291128694320740067 1.26922653696664289313 -1.59757683364236013901 -2.36333147108936403313
-0.67551514617323338285 2.87109010978876977305 -0.89074904509313590495 -0.20513002073020242255
-0.56716492841440890871 1.77129951961720344400 0.85259753952471495353 0.43755454760604861608
0.87515036267281143267 1.95141764880369072976 -0.93335994594604843044 0.70522373074854494135
0.46889601637629763076 1.78508016735923780161 0.69247323422775375334 -0.32073188140446889927
-0.43814322810409178643 2.49603900614835083616 -0.56642898739040203893 -0.11448717559205329186
-1.73306018215684920492 1.49681683203353821376 -1.74109757965040445882 -3.44357380859950890084
1.55664910512019227795 2.27272082492321070291 -0.64197907975028156713 0.68742581266433688825
-0.60174806958936688517 2.75411896644128706413 -1.30480845808083367743 -0.29291381266990035304
0.43127209766421170656 1.15551807821229823858 -0.12252362107327430252 0.12407513185242149967
0.88593936997061728533 1.47639748159062822452 0.41415237100837076767 -0.55407289292576489270
-1.98435015061376462953 1.74067326473514527585 -0.30530023744458212320 -0.50051569195982092975
-0.20775053313327651594 2.62720862484096651102 -0.49386372832521985288 -0.04368691345132721948
-1.80476237874648992587 2.02955253954872549826 0.47753341624736789228 0.53172515321683977430
-1.74647252051325985178 1.24868917726250461264 -0.77397486978540053215 -2.21408203972917316804
-0.18089535180784910295 1.54296021914295611310 -0.54902116835616610047 -0.12292559533171844299
-1.21691490147702996438 2.13512856385134286441 1.34707246594370966264 0.96172506928566514617
0.04599004947010332245 1.87254325491463058384 0.64875250297580988601 -0.02564498151347875329
0.01657829103005337146 2.09358029381625954102 -0.77936343366901406071 0.00885813673145718905
1.05932631394592879914 1.94111484557823898989 1.98159161879276712881 -1.86935793271429639972
-1.96083672186685520344 2.94867813466358086316 1.39652655150261884032 0.78994268701660885768
0.11587543659785648487 1.09708530441182938731 1.31728267409896737661 -0.38492189275967625406
-1.93939872686020420289 1.59270637978733731188 0.14971134222090443089 0.28760019053621421747
-1.40808467549871307867 1.77161497273111812056 -0.70111132466991321621 -0.82715250374609006201
-1.93598534579107672826 1.35414976021100663672 -1.85521354918716196991 -4.92295149226769446216
-0.57900827364123186314 2.55618055208441141701 1.12541485839883792508 0.28280732861922147636
-1.84107402668221054043 1.46578382213496949404 -1.15353936227583808716 -2.50434397802606234507
1.66374059628720694093 1.65484456485056696806 1.55358348546154356740 -3.39668934126354837844
1.45827800636332272077 1.95567423713786059380 1.33281058133647789532 -1.78480819284690994664
1.63529407794961656464 2.91255572739338930432 1.63275619397752969064 -1.12885794576657483290
1.90792806368897238656 1.83541268674607760403 0.79061359921616336521 -1.66004682207828602181
0.40342161890281680314 2.03163268381054162859 -1.21925313685098446470 0.37253536558238098397
-1.68315262419437949859 2.22494641155011230182 1.95165221861679105686 1.70391537613734689316
1.21716777567195455489 1.35916293791578102201 -0.07482906498267238860 0.16840864653439863163
0.53002006031475445980 2.35206948382507174955 0.12833876782386965942 -0.03895131046623009907
-1.06904548253459275031 1.75315093509784647452 1.97167474571259138116 1.85867699572976596833
-0.80622493395530581139 1.62584692438562372629 0.30683183124358581750 0.25980325104812118653
-1.09571684282029391255 2.09401585758140651450 0.82958063332857756578 0.56048358703601286468
-0.29623738050187409243 2.95902179674454846037 -0.27106776945329924544 -0.02672170224034109420
0.13292795339319862791 2.92846088180487917896 1.99365584524723526982 -0.09395515422878110423
-0.21889300960293978093 1.15421357562891002679 -0.97087594718461733834 -0.46831781704387442922
-0.93923111462866959442 1.36565293385781449942 0.14033406222023492305 0.19381587265697314271
-0.59677187289359778788 1.59604287695514579504 -0.39227246544092730929 -0.26016851131984464196
1.96148257939532788541 1.82607888418100006156 -0.75685353081783590667 1.66150833785449947300
1.02273555051818787476 2.27675420888379687057 0.57768367951207189037 -0.38088896484793521857
-1.85558301468417985447 1.26171900582978047112 -0.42104782994240297356 -1.24189497707195029008
-1.07927674382853178159 2.00064832164739980769 0.03649860162627360793 0.02664878301247920744
-0.20379380418875348013 2.42360668972804216281 -0.64541991443156687680 -0.06583678780533978869
0.90096993531226932106 2.67049812212574000370 0.23846616426998856753 -0.09932959532957987003
0.62233399994978810810 1.69027813000499160800 1.81438551819924009934 -1.26433816828769218787
1.59911793017933234751 1.00934143410815990727 -0.23219764692664179861 1.30154284878796144831
-1.33455716305554750178 2.95697923179011379347 -1.44032301370176218924 -0.58185829454971815800
1.75456504021393699944 1.32848912646664074622 1.24468682782277939580 -4.50216328006307264786
0.53537887899785641110 2.22257617572880183943 -1.92495308343233384463 0.66128107642249722709
0.01986939066444159963 1.05249396446495802060 1.52079444753746750862 -0.08199754856822721871
1.92897171665851230316 2.27540065045438844038 -0.62275982964562848210 0.86242846207761270083
1.22611781888373405636 1.65416760941325891032 1.46022970722341405292 -2.23729789950663171538
1.04579883169189491454 1.63639863870499580045 -1.34257630806028016579 1.75672313149673997579
-0.38471472727294964145 2.57524914318791253720 0.08387093207682472240 0.01405524636827928421
-1.22199028237508633410 2.21084100563950780582 1.72163639295621928582 1.15065606521874919110
0.99602862104827094569 1.27273607914004549535 -1.33616952903858843271 2.73743502398655547125
1.80169242742438706628 1.31388868242893197547 0.79187168619915482282 -3.02423386131415083966
-0.89648318427936724007 1.17143144591299552815 1.75828808519766788265 3.16252033377977115336
-0.40362424940822405617 1.90973087916814132647 -0.08876905651927957663 -0.02832899123294007476
-1.37085615561045726096 1.54550024998112345287 -1.61115519222886227624 -2.43960318430738976048
1.54699105581487339478 1.71022792381075472434 -1.49647307607068968949 2.80904470134813699644
1.63446606367892277589 1.59472258087911455959 -1.90868808531510314452 4.39914393774485468214
0.21198019111659460734 1.92946474198920148169 -1.09389214069437157306 0.19090728560810998893
-1.90638743402706012375 2.60341396400550983969 -1.70375440597730909431 -1.20746052945207238416
0.72675108055240578153 2.96728957960556183338 0.67588174573201476036 -0.18047866819603533561
-1.74230138734845851900 2.40699397523700753254 0.76443427135339980794 0.58732901580231777761
1.69564465060953040165 2.60614113129280200454 -0.72867624947834785942 0.65718694478155503802
-1.88212097988231263912 2.97799905978619117164 -1.78012115424809058695 -0.95383942510928976244
-1.03937219751328191464 2.49086233864432493590 0.77286332278366076665 0.35184486699074918326
-0.30637640879034222507 1.62456910499010542814 -0.23690543191350865726 -0.08005145227616233816
1.20829529855624429047 1.88178184606766807363 1.26000730396584303961 -1.46708663788018545127
1.08968129117941714412 1.93060654371869500068 0.44588548435283215099 -0.43889769232133568622
-0.09163443601270371275 1.70650449522134706193 -1.15113408226567592862 -0.10767862350119392079
-1.66218681598992734649 2.47082961326798322688 1.12746803121103411627 0.78965926427975208224
-1.44967230306347394375 1.24901795598622444849 -1.45352662065796822688 -3.53902528478295730352
-0.20763507892234711605 2.30231931348237317536 0.63239833898828834435 0.07280420326384370866
-0.26547766446633147552 1.07873689018303253739 -0.68844092517031718614 -0.45899261562583065777
1.56126874191765496747 2.50910693573438337012 -0.89989754379579656174 0.79337130316949844300
-0.03329194372625243759 1.28029756856401721876 1.13406633704992687584 0.06887055378441195308
-0.16053440876033819862 1.53525290324507590611 -1.43210577622741608295 -0.28799707600569013355
-0.82675507339738896206 1.91914234237193959132 1.83959116256944010814 1.14421266584351588591
0.34653498570749974306 1.85781421532901913629 -1.14786374006200020403 0.35815489289602681078
0.01672000812760465749 1.58610446390677184425 -0.46670296516275122656 0.00932097778157640715
1.36911489650248707761 2.48699155048109155075 0.18616995811100167657 -0.14324081942958580282
0.25828790151995884017 1.69146292322503599692 1.53811704654733771847 -0.42761649392578360285
1.67216777405878058715 2.49575946162677020368 0.81970147081747413154 -0.79271923969888158368
-1.42346366191966700043 1.30690474431625558438 -1.97881847774212227264 -4.33099740126007581864
-1.60332407458116543708 1.08953175735949980840 0.90835934810509133541 3.17203557572754180072
1.74763476845239562607 2.82257512681008337907 0.72731130953038292120 -0.57999307858445492414
1.48316597435996522236 2.73264593999002602942 0.28197530652057078981 -0.19727732547984280775
-0.74599999469167599386 1.02591988078423845820 -1.25544012967607754305 -2.48417597858942063027
-0.45855218180569812247 1.38551454269801932462 -0.80029782094857848662 -0.54836270297283717934
-1.92288059307876579851 1.89850521329103760770 1.64953938139442923827 2.21427459244047453168
0.05681561599898898862 1.80955332306311533763 0.17024249729397622488 -0.00891227733150771508
1.86207370390014848027 1.16743251234560441176 0.93421952836308896906 -4.70532626811280341173
0.99644463632405022580 1.30438275918357615701 1.18515681022841201653 -2.31273624048008219489
-1.19463170516077665795 1.85486741266253241101 0.40749623478263652387 0.37917818086352694795
-0.67198586367801382835 1.25168845822102792198 -0.13988249405787822610 -0.16865802959932593708
0.01295603386104060561 2.75938213218250716352 1.37108978104467293946 -0.00700807217225766794
1.79009655575539738948 1.38569268546681700904 -0.27362404187290634283 0.93213768676767549959
-0.29157635443019325194 1.13865527192984727911 1.37662874725133210774 0.90245170093012505586
-1.25311306126273880324 1.09456707189367974387 1.52728363830312163785 4.25866786158397570006
-1.45182832440806430796 2.62055945497779685383 1.93171906085150935084 1.06983701849569978748
0.77001159901756421888 1.15653332355997728875 1.10747117019881402555 -2.07220870890168917811
0.85216399860025981994 2.17732756970433571908 -1.07554561357729205895 0.63402642255427599238
-1.26152576237882296795 1.06515520744616742910 1.49554228231071650868 4.42989110021811960394
0.36485608632375088334 1.63665310580073541935 0.84505259882923278170 -0.35838936024047712836
-0.06383576916904543097 2.30484859141786380121 1.23307269629708171621 0.04416982597869486410
-1.07672203476115901921 1.25780351735152162718 1.30449949899166961487 2.40453944075680681181
-0.72380901860603108489 2.35272048021608259916 0.02864299379279211522 0.01047789197650763650
0.05454752058450917929 1.78400669196057770627 1.18088614865357577344 -0.06105015813862498669
-1.34147902082225689568 1.43545269126632191181 0.65619676598841403248 1.13003465967648697443
1.02706110929524108144 2.94017172823332195719 0.38683739782094050952 -0.15366179000066684801
-1.95945472678408361134 2.66076274379241439760 -1.99440275987643067523 -1.38466805798375247605
-0.98613681699800848079 2.76087001806567577944 -1.48980885337711299599 -0.52632264334831391217
-1.90888632089900012190 1.29888302244550568609 -0.16317021957681321354 -0.46508356031510106332
-0.61536744400021792245 2.74558622806749763612 -0.53169760186864634122 -0.12266347541043372271
1.04086277008985783610 1.20028981848717819503 0.09855809090115741355 -0.23843421640482875823
0.86422903648896198803 1.65320166199561757736 1.27603073908012598636 -1.32499541469157877671
-0.92235844119824861309 2.29702833174696641194 -0.15595366129402954414 -0.07488027453344643647
1.40892123782515632513 1.94678085168056935750 1.85949151073100349407 -2.41390590929175097301
-0.16902392254996767562 1.18370058144105883002 0.06656692875321468250 0.02368999450966802894
-1.86058524115562606838 1.92594745626815755379 -0.38862318139885099200 -0.49306541499540273987
0.29281310937541249473 1.97643941104496789762 -0.49376101383053905280 0.11438476005001621538
0.56544381027135282025 1.61676652244214125176 1.02101909323848394351 -0.70230940039816758258
1.53019982120334052667 1.10136516576353993280 -1.22290993475311271510 5.46421825021566043290
-0.80182593764630194499 2.90256829442627539706 -1.34510934400201609407 -0.35554688357961539147
-0.92248326376927991532 2.79965345744326921107 0.79269920394262349816 0.25624666956920733041
-1.52223012971872373456 2.57122533513537243621 -1.05456860843807209704 -0.63220741540801050906
0.82086694022370876311 2.91284780076156923911 1.06737923851987526191 -0.33750135425583255300
-0.98862941057484565732 1.86117709843080403331 0.35341589221116898045 0.27537336303032539098
-1.01714581135565973469 2.74876775864116229542 -0.32673743043997083291 -0.11977278976900138097
0.24054658952800833660 1.29980643950000374076 0.14227570439523562484 -0.06226849073295247228
1.32043976633854764913 2.05895352875575099461 0.80881428406391853159 -0.87075875908182487350
-0.03904637340495575870 1.48233738291945460475 0.60279778989760313124 0.03201009967718561333
-0.11113232139359219275 2.14537823400803562279 -1.16705841804025745034 -0.08360778198279893159
1.97400991223864830104 2.29833164324822147861 0.54907098569373324892 -0.76696415475048373978
0.19460653207374267737 2.36606836472920623038 -0.10669590000863005130 0.01134767256981375136
0.64944853293516402459 1.20705690237363594264 -1.73204967140598720121 2.47704344987042013315
-0.83144676983070997522 2.14359854549439576843 -0.54934448824907811115 -0.27531324130153389529
0.42779183603021531113 2.10674133276219510691 -0.70426575357486109752 0.21274323117590362986
0.16535644067597399243 1.00804858300588362496 0.59950478140966367846 -0.29758666761401481038
0.71799567335127667533 2.83503693465372830218 -1.21391724187422944681 0.35048783836310926088
-0.37160720868367347336 2.66419999936246476580 -0.70114713715993870480 -0.10617807353226789424
0.78554855606844453675 2.38978119280213086029 0.62706954556298377668 -0.28081754275724457592
-0.48263383977865714769 1.10619957312477668054 1.46179855344310682952 1.65001982559248716598
-1.74220818350006023678 1.44672998510373229664 -1.41380878168703372211 -3.00668019888647508608
0.80272768097720348379 1.63258612978454542564 0.82785805340280660403 -0.81326881869426848048
-1.18797735287234473844 2.69923753350467121592 -1.90384510682761698419 -0.83239074200106522028
1.06115046229955156676 1.16273957939521332960 0.68922438675221719961 -1.81556716093632641851
-1.09280016468836915777 1.39393878882115784812 1.03850652545620203426 1.57958368872245236147
0.05879235198266385964 2.08840293514753927440 -1.47206073612040322374 0.05988252205352539992
-1.91383812515568330070 1.32780199642179863595 1.08160201557261137495 2.95648455722738034979
-1.34646236641540451018 2.62118380994059618772 1.02580732208609415324 0.53152762154972399422
-0.29021220435176475760 1.08332774789147334715 -1.88075479397168798812 -1.35589181499342203985
-1.87072287252062174900 2.72454935727035785220 1.55959621074431220578 0.99329067009903904140
-0.61091638887396459978 1.56858030865500186479 -0.22849405064028704970 -0.16040264207478677205
-1.47932808736087606505 2.59080074996513110008 -0.91505281692103501712 -0.52704466725241838621
1.90227494084673720565 1.34669041211791684631 -0.85278672203001981700 3.31387717609266596597
-1.84202188922652432268 2.53347898866017917641 1.36191003643420183167 0.99015683252287167715
-1.65022639924797021038 2.41469584880917453873 -0.32927818261611596640 -0.23997638403714119382
-0.07319467250007560821 2.92216181173939126836 1.03966997223295498642 0.02654119535643256061
0.52068446803025425496 2.09941411994920645867 0.68471702942780598988 -0.25599636561838118309
1.60732982661789813861 2.07949990683548691095 -0.62778152262261066596 0.83409750314689867778
-1.65209488472298904327 2.13229642074904868210 1.27128095340683922032 1.18931970176537604722
-0.77222155208438181262 2.93077035079380809890 1.18846838882699001871 0.29756507161957240770
-0.04487966763620354627 2.25307191210903301481 0.52860887887575458421 0.01395759186217796106
-0.09169918194067605555 1.83298630765733605585 1.83127534862753460487 0.14857906713786242503
-0.87709133217735235633 2.01141910011411528814 1.00194885904304875623 0.59909226739203813583
-1.90697682862091166811 2.99989811248046489567 1.56501562727833709587 0.83554689815937266406
-1.98656172304424050168 1.39497394528944829162 -1.65211507654735134665 -4.22120840377824446676
0.16529602999332393409 1.41824305002961570388 -1.44283168613345358366 0.36169018946372460954
1.24848111625367108601 1.86508270682719379252 0.37286452230886668602 -0.45874851391645932175
1.61506729899784229332 1.39855087578732728559 0.35029355093165115420 -1.03487501070874898801
0.09339111144288159139 2.09422798962352230134 0.55787258172120779420 -0.03597401232315721592
-1.06760912828940135455 1.30294775689826458631 1.97698559957704089740 3.36999472505932873290
0.61715667971188326035 1.17213083364021630750 -1.42688426807654389350 2.04936253771230791898
0.25939410732556389405 2.24219542677671590525 0.99423981785101434028 -0.15799364396494927631
-0.72187280301672540617 2.73157212083919187506 1.03917175110998893928 0.28130229350424218460
1.84112920037434379950 1.82358067152861202942 -1.30148101459075071773 2.64949644573781029067
1.07671528982867981128 1.81822663343672741298 -0.53273374577654042383 0.58332630696374609958
1.14000273138818197793 2.54989762417286680574 -0.85369931674282950596 0.50681913558087676730
-1.99328781437956292777 1.00218435058724342213 0.43479512451769330994 2.15845223489183712928
-0.31310391117863467514 2.32075642377567925578 -0.27076785116088464278 -0.04578870170979065096
1.43618420970147520066 1.44690530916857285071 -0.41492855007630957687 0.99714239955610839417
1.64933217252899932959 1.82268488637825298859 -0.69457672018095095723 1.23881146177905110406
1.46058897074208982048 2.00999481682432978857 -0.93395411976709885593 1.18619754448242176181
-0.86527777737564059990 2.31487114652555403538 -0.92113535371477439639 -0.41068210422332718235
0.56815751826661653467 1.37327347989828418839 0.54425538746709012372 -0.52153342055272133848
-0.01442316578761682067 2.05877969779957492591 0.06679197342235276835 0.00068086409558277313
-1.73430211451122540112 2.35022455651847295144 1.51163278470818918109 1.21343446460032211576
-1.57639061289430326696 2.28252610422632251641 -1.53280356961295005647 -1.20189608178453855025
1.36913777755226906407 2.06118205213969574174 0.17005809365051050008 -0.19049291457455669319
1.70441416068165230158 2.52905147000997621021 0.26032396563968251968 -0.25086966067920835055
-0.47264284739045869799 1.48912234990021685732 1.43157331378638152941 0.87407939399919898360
1.40437962819151085370 1.73708664404020729499 -1.20319440566219260091 1.95443571800647841741
-1.42228717033256435442 2.07629403483781072026 1.72899407567630314375 1.49820507991759499511
0.24602311321869674288 1.11800679405965430746 -1.50437454475709220247 0.91071509103491454784
1.83565271618420533528 2.43541795774937508412 -0.10203098019434220234 0.11603135313702465925
0.99826814308592437541 2.08028610316649853473 -1.39743312350769510743 1.07430424575744631888
0.80528519726952385582 1.52329963653122901768 1.36914601149199111063 -1.55028589724074095102
-0.59255302918710439641 1.55208247363837981148 0.64740324700382156919 0.45101720998749117442
-0.60677553260063055163 2.09002301061237893975 -1.87119922130151472572 -0.73516331865721640249
-0.55451270491807047591 1.23505395566788767070 -0.02724011160212791438 -0.02814696605565050053
0.57949376591000856251 2.08350535272954839883 -0.68654360334948272282 0.29186005884812649125
1.34528378904496159763 2.62618459194461673079 1.75441492463909387567 -1.18621700888343228897
-0.24563749778054111417 2.72719267432233181125 -0.12353245691524783467 -0.01194610614588109167
-0.47655361925183781224 2.45390402399790952259 -0.40998308999987465029 -0.09291062587548400142
-0.96148694353087060804 1.68256477639921109279 -0.68931343482553097957 -0.64072007589336643640
0.94313985281235401814 1.24714373651904475437 -0.28612829978409504150 0.57470831956719448108
1.78906084868606729543 1.87570655174826961265 -1.64021939926269810783 3.04737349692717174321
-1.78052971392028203113 2.91517525529602838930 -1.42788752953745978758 -0.76185149523811246386
0.20211367978332139828 1.94781136525923659342 1.90705834237992410962 -0.31106758392371230970
1.79956412127555731573 1.72519820602378692875 0.77473222673111363790 -1.71366240668490066312
-1.61519649759327510452 1.18902208627225602910 -0.22163014247171730631 -0.65398688592356790661
-1.61952523068860365640 2.23174660178863337734 0.86322110348015979042 0.72469101124281365411
-1.92708410983666089678 1.44829348035463079114 1.61656503523640981967 3.73566284594823772025
-1.38678020844148219837 2.77346483199580262635 -0.07110952034152573376 -0.03377616786540830335
-1.43315118890006720775 2.92450624357819766175 0.67921539745662906640 0.29864120776607572250
1.59189188970930750600 1.39475873178713261069 -1.73765208661567926995 5.07342431488698863973
-1.61100833898480244599 1.74436478158299923535 -0.30251776968560140091 -0.41383324509364510790
0.84334905847866359352 1.51834072385521601234 0.89632708593637566707 -1.07428620686054276945
-1.39988572433544744555 1.15057568110409835782 -1.79444137122634339576 -4.99358255591352140357
-0.39699265397993954707 2.52265364093545318980 0.91803405227443413139 0.16524926115612775801
1.93742241375309065532 2.54791925069469105125 0.19789759639286197412 -0.21975606340484635237
-1.84330914107707544147 2.97236603417759237544 0.34216251755474624829 0.18083155579045823158
0.58288509564590684775 2.98111177505260638299 -0.24953689397739342581 0.05213922612339619983
1.99531886272900038648 1.12692508711381611519 -0.14010219193381656666 0.82498178937472244066
-0.89141831580329711215 2.31142758179335139346 -0.16482584388647802953 -0.07575007977884720689
-1.09056977273758759495 1.61765567161583057043 1.65271211095189052287 1.86314172781741049789
-1.37757227233506451824 2.69782973844867157709 1.50103984883904439940 0.74911620367489628602
1.56326702353097024556 1.21022935861040314975 0.99975154981259972686 -3.79434516470134042265
1.29127060742262766979 2.12908075077105962691 1.81572942122466862713 -1.78176567489876225281
-0.04468048717255657110 1.63147147890385357805 0.75222362213387716778 0.03771299498571556441
-0.82769817343891283201 2.04349882827500284321 -1.41598998235809947488 -0.77762193972225313043
-1.86418281098029625653 2.76303120350875275335 -1.25218260640475742562 -0.77315756878842345490
1.03208898185465969277 1.16642147815735586214 -1.32692578877030253892 3.36730708907312425993
-0.22617271568841434970 1.03406448202820655524 1.56133885945576178500 0.96883600499507693815
1.45916881091888939181 2.36405953062578344515 -0.47018689667838264867 0.43120159608090707914
-1.28036565162973792198 2.76748073188830145952 1.34322159569466670348 0.59718727609591226724
1.22359032643712017929 2.22646050412233442728 0.97864596109122503620 -0.82572611345690605233
1.39281844650641817296 2.44538487088583478268 -1.25033274865819210575 1.01504656370817269995
-0.28720680911688933890 2.08411878983104958962 1.69065468074232860829 0.32600817377720309187
-1.76589785995766135329 1.56732387486611157712 1.55443722519290261630 2.84916401584369349820
1.46658010066778166092 2.99777871173214549572 -1.23140013728528874282 0.70648668580843487774
-1.65402307174792140287 2.61302968630905807501 -1.70026956884751045962 -1.06026893925598519886
-0.12270039682981837004 2.11242857125469107871 0.56914927199441089911 0.04638023639797590747
-0.15379184194810946451 1.56009635751034636542 1.81057587465202241006 0.33801827475823525981
-1.56647732457849730991 1.83875975376530731431 1.59611011612217978950 1.91803764979253976719
0.92508546433664395892 1.06572618764628090915 0.16727573574518972421 -0.45040400283171067031
-1.76370918556931988164 1.83761037781558833615 1.37438333209785135125 1.83064849007598939856
-1.50218528695983399857 2.39794942217093787207 0.48129571830757011952 0.32794148596918021310
1.92784486836067880944 2.87965869563003540321 -0.44018062670903823630 0.38032312159292341880
0.58445062245091339292 1.43106342649208517770 -0.92709045386983079950 0.84300035765100345131
-1.80461253525253528807 2.04580256435477281229 -1.04473368679069711362 -1.14480534629604324692
1.21426700052617508874 2.50900860268353653737 1.41073677088199112006 -0.92917845693698963849
1.28508238997787227476 2.82834903720426211748 -1.29008308625457690511 0.71341233848282370467
-0.09653550963141999119 2.08413800050599773428 1.38130389354743599029 0.09121626026742399307
-0.22476294448654510205 1.50570628954139440481 -1.47619280063608249165 -0.42939330983243584328
-1.05803678593861771873 1.68474177971739802473 1.92471489290302555375 1.94645203723628501535
-0.58157233165087385274 2.83396940147211484629 0.81070195077709072962 0.16643539493685013952
0.54875674576527266879 1.39655229033610805978 -0.91245278951167518855 0.81490725833054733496
0.22820008118337842262 2.85796271616219499379 1.95979067138683316074 -0.16809664735158627580
0.17811914612351742448 1.35035015670282065869 -1.05568459143813031531 0.31497681132707705531
-0.51435672089905981608 2.17509963765282510195 1.61704167842881840755 0.50160963292941329605
-1.91432158922757533759 2.33957842375645430621 1.21868835555681975791 1.07320893588887034120
-1.80222452579126457550 1.20135514043041213839 -1.13837890835835686687 -3.61335221139237905419
-1.18442583244634835893 2.66807200637429309253 1.59114660238628502498 0.71011802247605038119
1.65375179086702894793 2.18952205251167608679 0.42253099864309673350 -0.52391425465776531034
-0.25728557700519116835 1.49087875865648444851 -1.51662703169325840946 -0.51345027029688683484
0.20263160837606397635 2.74847530135883877378 -0.81136412914915378991 0.06664247752930596569
-1.83461605536037186681 1.29800137171535556746 -1.96327825424185187231 -5.41930788469363822202
-1.91434957423761265005 1.74382366848119874092 -0.78353891275890319434 -1.24201715971434856201
-1.75972023963922818979 2.87840682573547423928 1.90469143999025192215 1.03202013841342510325
0.94445515128121604320 1.76765639112652794829 0.76636750917875184896 -0.76741343336424860944
-0.83249200589487681867 1.38934346357358062818 0.28602430626028851890 0.34163050731087496459
-1.60887621498918909069 2.45635796832450203908 -1.93691986954598771575 -1.33469503578188364301
1.06854497288655769793 1.81807527543691294092 -1.07310547940045042381 1.16522698940766655795
-1.29054216544024002999 2.76379615643662646107 -0.89294795767818735399 -0.40086006045211786120
0.08963449486142982536 2.99318746912347410927 -1.18954942892487558481 0.03602644540886230234
-1.03698388119036044586 2.90944265310155802950 -0.08241474664392001159 -0.02744278462953418651
-0.55992233685244663377 2.30376975406960049497 1.10334404488060711103 0.33069005514449573147
0.91578504609200050979 2.58056162386580112411 -0.07308451636773893867 0.03319130351199810203
0.93804988000710443075 2.71864154175800187829 0.89864393695020305941 -0.37758025076917189899
0.88042120239430765594 2.20922830241860168599 0.42217876948929600189 -0.25052562849286980073
-1.89403015428593857195 1.84244936736219822038 1.60814580740592028008 2.26315035499215344572
-1.93631323771699070946 2.47203887815121969851 -0.19354924848691101857 -0.15413723285261943241
1.35900063509702029307 2.96314548803924848741 -1.94932519213565846883 1.04750302453615873333
1.14326669022438354162 2.66308313754486913894 0.94582423464097686860 -0.51645944672965515831
0.81910200194490023762 2.79387661365857598028 -0.04260220502365408279 0.01460803205197316705
-0.59310482874828007738 1.61579201063522881476 0.93149860210391111082 0.59929511707923766028
0.11815135432544288108 1.10897498683128015173 -1.30821889316051231944 0.38155634211662559085
1.79567271008543372091 2.04439030434131741032 -0.63519698639848520827 0.99789825654099939545
1.11281399440430739389 1.85761695675128968297 -1.55700556919978572168 1.69495196925083235762
-1.78916167519330615576 1.81383536198200001621 -1.83279077859372385717 -2.53632603657776423134
0.14509039368119847069 1.93404656609385994237 0.31328291650615369690 -0.03699219733437836277
0.17606579081362960792 2.52439908414091096489 -0.33692943754916448995 0.02842717612189739687
0.17138149823221660029 2.85407363839146999140 -0.22925935587631318668 0.01472276672904386866
-1.53511826025006081764 2.50417174489176463936 -1.30699043320011787372 -0.83211859614205496705
-0.79471340620383434938 2.97161174083029555604 1.76691882171670000545 0.44192965308640402844
1.33517078842530212412 1.81553278665774620038 -1.52732002068848915499 2.14200224680159889701
-1.20732947519815070336 2.99276783409186952767 -0.34265736473136376716 -0.12363998228279882152
-0.78583527773807038130 2.45565826403753195706 0.88385854466874391733 0.32036561670982266481
-1.18227089709544452845 2.07370558529121007396 0.31941508728583434262 0.23559684794295435162
1.42734216511159761609 1.93622508234315637843 0.48517958751582535015 -0.64643475479253220684
-0.84297553543608971793 2.42380937496962811650 -1.40166862694754179586 -0.55646285369572900947
-1.45465740105843011065 1.42556660128928980313 -0.95205551419666445412 -1.78478998390110943362
-0.97299936163092315411 2.08012307551910158310 -0.05062781075980593570 -0.03112572962403859292
-0.77930560577228691344 2.08370320974755074417 -0.00328310204529014271 -0.00164002674472838198
0.43255591151951522377 1.97573548295927392537 0.81709923198851397430 -0.28391267174548956431
-1.37378590261932709282 1.68268794544405042579 1.72878799408369143720 2.21243149415231954436
0.01488827928039748727 2.05400531717469725379 -1.63834565357370376404 0.01737061678780519799
0.07284111321172126452 1.25002205936471311176 -1.77651626398555162467 0.25026878757129855657
0.95780719863228735989 1.31884021798155193217 1.42659685248899936738 -2.60640851057295641624
-0.16138849955940104408 1.83454059185766071849 -1.76249753277134235674 -0.24952533606251656173
1.20535343068630407259 2.99061312415709901202 -0.48543523950329792171 0.22316603754639222079
0.13891373713347787699 2.03056749931673952148 1.95645680525130805094 -0.20052895675821963417
-1.54018308237384937698 1.89343454803136634901 -1.57507474756156851114 -1.75906334565146837967
0.60177424617664110329 1.77512923589203830410 1.19757484644809331087 -0.73004846369538445305
0.60304321186937137611 1.78717110841015425216 -0.24772630744010371018 0.14932149087036455937
1.43847435953544167120 1.72528587909198205530 0.39611385460320347462 -0.67076457052111282398
-1.83618291423092960812 1.94405827500905137306 1.17996045104762803390 1.45302946609902972064
-0.15003367367307207658 2.34870478114924230439 1.89186927904457169447 0.15208163620252534987
1.85378087890880971500 1.84740664853795211187 -1.95921359153699858879 3.91904586071821636750
-1.70429699692285474555 1.58135818755084534004 0.40138926106896866131 0.70117503683387605307
1.61907553144170091031 2.29195104156028151010 -1.68820018535470772747 1.86255758297267659529
-1.98543996577621806310 2.70725279629599580034 1.50552398363116068936 1.02083156423536469681
0.14477735937727054250 2.11048890631818597541 0.68555894430037866982 -0.06783192155443965032
-0.09813105467650640179 1.73437133815708177664 -1.06998738701841178411 -0.10370058373290216847
1.89556271143459831308 2.24995294551635449665 0.77013064630690575285 -1.06746607162294271376
-0.86547161270949768408 2.90006500522768773109 0.18662926746237351594 0.05302611224587062272
-0.45823576242282948456 2.90519691459630902131 0.25629717268903373650 0.03991576652404821290
1.95279360210330477088 2.15164526244120368759 -0.12120787228429730220 0.19059958126563161795
