-0.92895245417459415549 0.01620795344553294104
0.07610885568613068308 0.00572564482138954861
-0.36285479624744709781 0.09927542300452872615
-0.36874197003695741159 0.10150843757874911111
0.57322948652258021163 0.14812556174234431383
0.75675739419580989598 0.10457219426838593179
-0.93198938060623137680 0.01499632548405094301
0.39590805435932474587 0.11145726738044983706
0.62276274688800459245 0.14533976620590000062
0.65604630256870022365 0.13964130534117163984
-0.82695380456152611792 0.06835050730592362456
-0.49733369877820443605 0.14011754355686337203
-0.55151316468386801795 0.14727264812379131653
0.52801493121348097581 0.14501206044960823771
0.19515367880811762547 0.03523927110998133216
0.96462120853305588497 0.00449528525157849579
0.05410947993013537349 0.00291071647121207699
-0.85166707442841516063 0.05471931455921597021
-0.34279003680213837590 0.09151259675920933589
0.05009802869400536984 0.00249722997137270461
0.16938652383752561548 0.02706897595167524415
0.25715289579632472083 0.05767105658502598431
-0.02402112133968969943 0.00057634857159385468
0.23825347255713769101 0.05050316010282836221
-0.43561918299646218422 0.12457674687524487867
-0.59771694845826006670 0.14758910433258121131
-0.66553672255827578397 0.13745145929341201496
-0.86672957710912834628 0.04649407406539041165
0.68863619958514998842 0.13109560322302948876
0.92576888989583472345 0.01751400254949597723
-0.00888392513775304593 0.00007891166830953687
-0.88663636158964709288 0.03595961466784636240
0.54760092520442893438 0.14699065460327415122
0.41017415275804514074 0.11639375524542849849
-0.47493130674187433726 0.13528119608691224762
0.81283120103138051249 0.07606456283823437303
-0.19628397166006039676 0.03561586535136544718
0.12336117086509923446 0.01475832902332968773
0.19041336837297118123 0.03367573773156900402
0.02306586288708389887 0.00053146806090371816
-0.14377821645280297602 0.01982633186789491131
0.87923608072495129662 0.03981512523132657577
0.57285833744350100893 0.14812131586687957152
0.73214489935583437763 0.11538845610838044387
0.70496430543487620390 0.12575172802108952608
0.89019918616619908569 0.03413505819996531798
0.86695397757752656887 0.04637277678588658247
-0.77716305314735256715 0.09472251966294575887
0.56169511767341040454 0.14782450033306213100
0.17302225492777267846 0.02817111805490281340
-0.75596448353062406511 0.10493981976494476394
-0.99919861268229115403 0.00000256271587262269
-0.24420311793889082352 0.05273454119297771303
-0.16231030253836387089 0.02497483901982297527
0.74162406772185085480 0.11137316957268511564
-0.93742450287940037867 0.01291608205125849285
0.47384291614406981452 0.13502121921485155109
-0.32738954614835158452 0.08543850247892606498
-0.79964855241197141389 0.08313017273501455140
-0.15026118214734229817 0.02157036264793443792
0.75325663184869351419 0.10618615276213988485
0.97978280816404006437 0.00153792937063135238
-0.76445069709443136396 0.10094426820603319417
0.22612530270980291114 0.04603724499927797087
0.39935275773385492393 0.11266960364069800171
0.12944957462707251672 0.01620029085700758903
-0.71139387445823532019 0.12346142297154827361
0.42912008629696685169 0.12257013346575787449
0.78544597823362116706 0.09053143175099387374
-0.35431734004329551446 0.09599838761362670947
-0.65290037401468614675 0.14031221548776884323
-0.05938978086516333299 0.00350230843277245458
-0.06911600495138192635 0.00473149127074011001
-0.57574060998696885427 0.14814469670847257854
-0.51468763797872663091 0.14314505322072804128
0.39308969462917642268 0.11045630208951542905
-0.42725464032850091201 0.12198309894274547704
0.36788855404749964961 0.10118620127169451750
-0.38393509704084749501 0.10715193334009463777
0.77759502960322191001 0.09450647918674182080
0.53353138987144088645 0.14566329851965750808
0.84739974125952177708 0.05707014171938351588
0.96164449537480800601 0.00523510153941675327
0.97979492165841142182 0.00153614374744304172
-0.70482189772705461372 0.12580128570863458037
0.96990460201593542422 0.00330634837439580664
0.59302521787655204655 0.14781776238990232408
-0.14015720162502187662 0.01887984486728729386
-0.17807303509257721430 0.02973084207476387603
0.40397569928487886415 0.11427667569135099845
-0.59517633473124065269 0.14772040527928134712
0.74781290171105685438 0.10864794542327621540
-0.01209733979096427881 0.00014630279906548762
0.24495801568220554323 0.05301941418201127493
-0.74072124127235650093 0.11176399911618828398
0.37979644912565668768 0.10563317724879403570
-0.91661159399028546702 0.02146101503989195081
0.59708503007304281063 0.14762341594563105351
-0.52709391436701613642 0.14489630230212002804
-0.19674847101778625280 0.03577104407946142539
0.08437586635902216692 0.00701827916975224231
0.70084978628588179284 0.12716290624237813756
-0.08047496186094216242 0.00639260827067889871
-0.23785091402420022177 0.05035309835871574352
0.35754771279511232684 0.09724336359036507560
0.43515665836151362633 0.12443596324149359955
0.06813714417300364978 0.00459966170879075580
0.20177533115233736716 0.03746562641118714176
-0.80885823320617356025 0.07821050225791381649
-0.10644354870016670134 0.01107493538663712612
-0.06330302817860933295 0.00397522124650976933
-0.62142886050497692096 0.14550356709624873153
0.27150659229794049665 0.06324835612979494426
0.12380711862523408051 0.01486189645040955631
-0.75120119897194226333 0.10712262415541584648
0.86019858725601894278 0.05004252221100757847
0.13902029564979567766 0.01858682324440973435
0.55902335949545634008 0.14770538385664991332
-0.42619093489882087233 0.12164620628518496570
-0.88977485238214715224 0.03435118817329252394
0.98623387528237338451 0.00072718347314137954
0.94677698087441863883 0.00962336146685727201
-0.33888493679453191021 0.08997982545112598318
-0.32000410829541681146 0.08250385687777739285
-0.73294176085338791360 0.11505853284795553026
-0.97373570872460457615 0.00254795387923856254
-0.79344518639307759500 0.08639342978235808879
-0.99003023706734283316 0.00038582106115470083
0.82180548488972005039 0.07117553592022052289
0.04196410664743788210 0.00175478956254141371
-0.33274734568589603434 0.08755994342224136806
-0.22270715972651022874 0.04480047346710788053
0.87073202691265572106 0.04433779374411606078
-0.52318363863144745629 0.14438269322097840863
0.15028410158016658471 0.02157663930811432734
-0.69456602994997984624 0.12923458255461578448
0.65549795417934220154 0.13976022417377348406
0.79575511164539958209 0.08518350175488609288
0.09553450082759940010 0.00896100265939439589
-0.67104992323501644336 0.13606564846913732358
-0.60678236160418719258 0.14697585260318829503
0.60445138594246783370 0.14715520063580661558
-0.85671472440338036769 0.05194765555005154134
0.24312396203982933329 0.05232797359150039712
-0.45486027906910431184 0.13014103479544097963
-0.37193535969242885741 0.10270957287292098448
0.59138711614376626713 0.14788342669177589883
0.52835610398709964564 0.14505443313390262161
-0.24630378656065032850 0.05352820410594660155
-0.12016142685981479055 0.01402482259920475281
0.74024797096625594151 0.11196818048328355255
0.00070152380284138616 0.00000049213516155817
0.47188594396980843015 0.13454818745391156076
0.39656025284205576042 0.11168775107206588282
-0.95762375005735922429 0.00631092923579645859
0.00169583558206176654 0.00000287584178028839
-0.36374871144868059503 0.09961597347504955180
0.76680264833667233226 0.09981378380637706549
-0.19729419293192318463 0.03595366496432035597
0.56331500533236589234 0.14788773950832034831
0.51339884705748350946 0.14294298363249596795
0.30791191178674792717 0.07768420393334909968
-0.63434893514089840671 0.14370758270135575163
-0.05758951168216297489 0.00329458930383160408
0.15557984165755356365 0.02304749607178902676
0.82744775446884788472 0.06807886920399919273
-0.67572007399786260251 0.13482695207258715842
0.02122003828933505254 0.00044988459408891891
-0.85781030760221566034 0.05134775810806768703
-0.37365531156331077689 0.10335337371614558566
0.68518172501716811951 0.13213713721788006294
0.10962262310872272764 0.01173003258139392220
-0.15998072342683178348 0.02430050850066094864
0.76160423410101829589 0.10229925384110244435
-0.50781729300614086853 0.14202510303943149950
-0.90068691490758046037 0.02890558897170070196
-0.65375136362969965553 0.14013344202707855857
-0.38442064755859917113 0.10732913677789135409
-0.90668101663015976399 0.02602586237400772440
-0.83739514960753358430 0.06259404323694472971
0.38734906861404305722 0.10839337080299260574
-0.29678401552778344019 0.07324766392138533366
0.99785143371508522314 0.00001834660301081037
0.06923318780089604552 0.00474739422811072155
-0.66195080170921616336 0.13830808630722324359
-0.26378662055385282414 0.06023659939048349454
-0.64054180047349440486 0.14268106515152223501
-0.36329609726883549392 0.09944360770328294907
-0.89830190259679665310 0.03007466934825786531
-0.35306425876458891189 0.09551391487751220710
0.27819455675365656333 0.06587664749363697503
0.25510755980911214991 0.05688472743510399054
0.94650538165531283852 0.00971354104475785629
0.27523641243573160331 0.06471216334680637838
-0.34622447561678604266 0.09285553831943006708
0.83376104066483924804 0.06460026538218055503
-0.56207960966744963116 0.14784012563286014208
-0.29782363440011816458 0.07366175992588200327
0.64359926115407195546 0.14213470741010009180
0.37693547440730079678 0.10457485048962339436
-0.02897829450329592049 0.00083833181272745206
0.45093555160679565930 0.12905411159311827585
0.53694143027166596482 0.14602940581983703261
-0.53864649043683465734 0.14620190368677382642
0.20325836482319337151 0.03797079228459675215
0.26655407312863732550 0.06131324764272836486
-0.36796810303946636544 0.10121625932356949351
-0.52562646373705845804 0.14470774580129297515
0.32602356117431763316 0.08489651924731497767
-0.70045476854583488269 0.12729612447787497231
-0.99703417618335055117 0.00003487239551713817
0.43574435481105933121 0.12461479260503166566
-0.89928833961484078152 0.02958960996606585514
-0.92146746714617511209 0.01933415938482785368
0.54320762663062471809 0.14662841097305243099
-0.37819315312819501429 0.10504091587627657767
-0.56560354082936448172 0.14796547141363400324
0.04251589906687636145 0.00180107273204573926
0.76433831427646303780 0.10099804118179855905
0.50498430623065893030 0.14153297675219983498
0.70953809746111229373 0.12413303128195163350
0.71226080368518096542 0.12314477045366067909
-0.05765642627639699924 0.00330219877098170134
-0.72795118847383788463 0.11710114062568288684
0.87498730019318893270 0.04206379274996630002
-0.98379126063037003469 0.00100068258998031734
0.85548509649832049639 0.05262172871802739405
0.85386519603850485893 0.05351089917318085920
0.51355028612134878685 0.14296692116960574293
0.43157625871967741915 0.12333560942431971708
0.87845629805414260360 0.04022605405122325894
-0.69176033525940927582 0.13012658632244750168
0.71276216410213821817 0.12296080245120377672
-0.51828621629412796601 0.14368941061361203970
0.54011998422797313779 0.14634526660770377782
0.16058882912900984685 0.02447580161467862239
0.24815883051049869579 0.05423147058758700373
-0.34246674478597816105 0.09138592855426810879
-0.47688501816080797191 0.13574225014986190940
-0.04405372948089469887 0.00193320551655856926
-0.12841400424342475084 0.01595079005408110706
0.58225089464518675619 0.14811603778087512051
-0.61091133683643827901 0.14662120985582260957
-0.75864013849285227842 0.10369449282734088946
0.96782312385372404329 0.00375536250398034177
0.53033643273647879113 0.14529494542326523709
-0.40526040778521199570 0.11471908559375286474
-0.87847545278027094895 0.04021595004894296110
0.27077011761577307603 0.06295994913371982804
-0.11208737346457664508 0.01224987532066233904
0.55948927620094668356 0.14772748003372221381
-0.16711566986552828240 0.02638952243325826119
-0.91067883599719290366 0.02415542159073535977
-0.45856178927877122575 0.13114242017846089450
-0.60019493982386307174 0.14744397060355884932
-0.83301825504515525367 0.06501006616404991778
-0.80398611585952806102 0.08082340604889848290
0.45146255863645601281 0.12920154436953584787
0.56483845301064583566 0.14794100100136603482
0.61654681508826403302 0.14606070362677364693
-0.41793331018405166510 0.11897920878856857452
-0.30902087149839574387 0.07812654647924210938
0.01346994549595148527 0.00018137359710221327
-0.60960644255093732191 0.14673840146735525614
0.06247026021201085300 0.00387213331158373607
0.62510537415088895941 0.14504005236764208608
-0.03131263816269203026 0.00097855956409365497
-0.88839440780995970748 0.03505653241313899660
-0.78205690273199701679 0.09225843408424971859
0.19983865739792672223 0.03680949327505519258
0.32834566454802693869 0.08581761144166348554
-0.82648457661363972093 0.06860846359227701363
-0.72995268528889711845 0.11628872201517936880
-0.83123475308537253525 0.06599354626910158839
-0.10167626633750592724 0.01012541692369126577
0.24764274346240622293 0.05403559419417728465
0.47866285037867406515 0.13615547679921419233
-0.10271465935405621472 0.01032885787541407835
0.14146933643438575068 0.01922050322946747269
0.69228434975863040179 0.12996154729324160826
-0.56718355093330496963 0.14801117255847970333
-0.18882306397539361242 0.03315703694748332181
-0.66688514965056722161 0.13712019942432324138
-0.37661588529921052881 0.10445621483760020309
0.45868426467286460557 0.13117515407668428606
-0.92379275557274631581 0.01834248577148400727
-0.45341308976245242590 0.12974322708514879343
0.83048933534831892445 0.06640435752730577956
0.92470950205546342815 0.01795648637283742133
0.64047120348464026129 0.14269337187374786513
0.26155057299955708494 0.05936933681440625943
0.69833222422673180141 0.12800511027323907554
-0.85957031602699407458 0.05038553400585421560
0.96455180008536522962 0.00451197259681146434
0.13913341810317936265 0.01861588952651557424
-0.90070705329309297404 0.02889577179281854757
-0.29011581619953297206 0.07059520619720691115
0.48825005425110590274 0.13827766112558514955
0.76919205377705957005 0.09865544308787244088
-0.32497057926868455624 0.08447845496113258468
0.98999326957011568595 0.00038864411904482310
0.52091417056530464613 0.14406829182506356024
0.89811270081046989944 0.03016794772806918878
0.15036932993071827624 0.02159998652613017225
-0.39774786576859821885 0.11210631750641619764
-0.15440276864821367298 0.02271705299259396335
-0.67542957219219768028 0.13490572864220823357
-0.35471757817477556074 0.09615295211928140406
-0.23939627325106438427 0.05092980818960267386
-0.57658101055995603090 0.14814735948783711028
0.82515275518823871792 0.06934014275014521722
-0.01762337411105452389 0.00031039042102648810
-0.08256290054929338318 0.00672401633346282786
-0.94018733854754987789 0.01190425944835171723
-0.51034939973104598288 0.14245006564206030841
0.57030355750660510772 0.14808221665402054867
-0.25621967870499795517 0.05731199373814750697
0.26457538777288114318 0.06054309978337268916
0.33194133762768651685 0.08724128910330097852
0.30498489118536009634 0.07651667837348738455
0.90036905871623829078 0.02906066126856099441
0.72536992691230728347 0.11813531005811972463
-0.79515506380019718158 0.08549841430748306159
0.23304174725731185980 0.04856981700182336908
-0.80434513232692150808 0.08063162544163227086
0.25872393372508351028 0.05827659222360616342
-0.89783354293832262627 0.03030571647238833322
-0.55202384723901420926 0.14730661519780785529
0.28231619448495637315 0.06750378575417427529
0.06922333783103273852 0.00474605648572288662
-0.23393361821418201529 0.04889919138437585217
0.80898968679616389821 0.07813970828310223826
-0.30072859269634300006 0.07481942378749431577
-0.56079869251755987136 0.14778658666756289142
-0.82308043547759224268 0.07047708641209693425
0.71025923553486469686 0.12387306146634380344
0.91267471347882844768 0.02323776243348030235
-0.43535124868933694486 0.12449523116378018173
0.50222464514766707033 0.14103684613199704567
0.70348046036285194482 0.12626559377825036234
0.51628270743814952404 0.14338996166912595931
-0.66832361681928831310 0.13676132815515412711
0.96350963217173446473 0.00476578752064071853
-0.20687632244196296760 0.03921289796113189285
-0.20102704157541206875 0.03721163014663217417
-0.35804903615590899513 0.09743604150640144956
-0.42719249791478897116 0.12196346029772861530
-0.70106354162676121078 0.12709065208558228965
-0.10271423741022078779 0.01032877482497562317
0.28709232910767346070 0.06939515605197892067
-0.17055014127758894027 0.02741981279978140604
0.87465242641836460358 0.04224199202212552962
-0.54339571734147940063 0.14664490056123977157
0.20956655145041702681 0.04014524297299452982
0.05953159587127498931 0.00351893539318736586
-0.87090736771012888795 0.04424369733143507233
0.76443364961489068676 0.10095242653797276144
0.45032516619782825273 0.12888278420647919509
0.81131629416046924241 0.07688432028795322282
0.11780962033820907564 0.01349652096852745585
0.51626652114538584826 0.14338750530542099249
-0.23203024001365579743 0.04819701619303614487
-0.27150816951859391146 0.06324897400766532618
0.52648654796408189682 0.14481887321682623826
-0.03823272269041710913 0.00145747083361031228
-0.75228486141415196187 0.10662993868307613088
-0.63540077601627475978 0.14354079945086684056
0.58073118980442517412 0.14813287795965587867
-0.67266367010001748561 0.13564431946635424620
-0.14186075484535654034 0.01932263517670431904
-0.33525677546176768651 0.08855081176790870201
-0.95030522955599239232 0.00848306484073169109
-0.45991434633840833079 0.13150248175197881695
-0.27701287713187183748 0.06541112122684364372
0.62819137663364865709 0.14462179836868699345
0.56256548959556940126 0.14785932395357243019
0.11670479062720962027 0.01325152548550429139
0.61034076426397820825 0.14667303437197889981
0.09599784951522249976 0.00904651567251506424
-0.48391642840502857581 0.13734083614077408075
0.83801604224477732608 0.06225113467393672551
0.76910952576990521123 0.09869561419664552027
-0.42296931567225404258 0.12061646927990242462
-0.98935894587776052056 0.00043863509531183453
-0.28043034974213765231 0.06675866164129355684
-0.34576337141782098605 0.09267553164643937968
-0.65797156925877464673 0.13921717932513383298
0.76072271542198777183 0.10271589309048306804
0.32928592631109143696 0.08619022029805634144
-0.27314767122477290329 0.06389177253423683478
-0.34928887703417421662 0.09404936186971224465
0.17409838530261168010 0.02850067188748682881
-0.80036540121092669686 0.08275029521211363370
0.65038233567387315759 0.14082940429803936233
0.99452636236092528677 0.00011788654716138325
0.08049426591602615311 0.00639563550562463612
-0.73688839716428011783 0.11340371061525778007
0.91610137354108367447 0.02168871064279276339
-0.12217134265355689138 0.01448360093456614074
-0.73688031305359547041 0.11340713534894641956
0.67335101914974160309 0.13546271127225661957
0.82739868828425122693 0.06810585627571319467
-0.95112369682005448723 0.00822697753449308511
0.22684643245094537889 0.04629945131898265814
-0.25527977999495488071 0.05695084753212745210
-0.92844415683990488830 0.01641405620270985910
-0.53484680418770058630 0.14580784694361309528
0.25158139181881256086 0.05553469357575731291
0.02819842259271676532 0.00079388700912136009
-0.31741880075507866721 0.08147449006579687847
0.20157034644817195534 0.03739598738438257297
-0.96969934185810546801 0.00334948629077713722
-0.94225831364296985804 0.01116690601213321532
0.10538912692341906308 0.01086151320808541841
-0.06690952740025291057 0.00443688958883675308
-0.04898508630109521533 0.00238803692420274782
0.26274512734431354488 0.05983234814299041165
0.01857900245294175079 0.00034494107573142686
-0.98275340703559255218 0.00112936195456869726
0.52241326120705311453 0.14427730468462088287
-0.13091906139549269739 0.01655729031158614806
-0.43606432402017403227 0.12471194150177344895
0.10788354121251231277 0.01136950904682706293
-0.86618146175325017033 0.04679054182455122390
0.24741035276797784803 0.05394744797126111574
-0.43741886448869760073 0.12512152490121283832
-0.96617635709298377300 0.00412855915664767092
-0.55291623866581574021 0.14736438794489992166
0.18348094064684938864 0.03143671121236592952
0.18436390544963443539 0.03171867218680686495
-0.16539707597376129833 0.02587994249359070603
0.83657338589374341531 0.06304784220329551214
0.49081861675215510132 0.13881509742645403715
-0.12958296854144890631 0.01623255493267116920
-0.82590455933661233168 0.06892720507148131226
-0.81532862796259775173 0.07470936551479689935
-0.99318941763717139004 0.00018177318263312703
0.64431993845544477395 0.14200212008324103463
-0.97044402323631162588 0.00319418316140462899
0.76733674902643267401 0.09955571502939053463
0.80525429213569577058 0.08014541068119385159
0.99833149379268104617 0.00001108001281735493
0.75198718065794478704 0.10676551051724081365
-0.23239562437124994254 0.04833158884120679344
0.26484256776861414551 0.06064698713504341337
0.00456450623092941044 0.00002083384897036150
0.55267829783399124999 0.14734918089596860113
0.16278382759143927849 0.02511283224361436639
-0.39095028132891362915 0.10969119483974654194
0.02438874215672659496 0.00059410335478890237
0.52408108394418917442 0.14450372707574962727
0.97297903807036734136 0.00269062715625467685
-0.85075520433252016517 0.05522116682191779979
-0.67160730474552465807 0.13592092426084506629
-0.60940678244020007881 0.14675591575407184730
0.27814637062224156772 0.06585765549960782839
0.71641882813492285820 0.12160048506814413738
-0.93804366844489250887 0.01268658168604475112
-0.33103810915280629246 0.08688398279233457144
0.01904304624056818440 0.00036237464573690508
0.79567595701925908358 0.08522506727078937860
0.67382364951635254080 0.13533709088755313532
-0.21512519240392169451 0.04209450166885734396
-0.27547923860698353415 0.06480763979552245369
0.61761923587333855679 0.14594402054884442199
-0.33514943536193797513 0.08850846743938416139
-0.11277447645413496424 0.01239664043760312952
0.66752623694318469205 0.13696095953943843160
0.69522644560370339128 0.12902164214505118522
-0.36451389571860626226 0.09990706948400125686
0.32516454143562367740 0.08455548061027565176
0.34204402234933550808 0.09122023942631621307
-0.61566881089277325501 0.14615384610219259165
0.45491671959756496690 0.13015647819934661467
-0.22280283257149724463 0.04483495168767689248
-0.20477004460961389931 0.03848811427226649096
-0.95091695039645007803 0.00829136088655824111
-0.23096155482947433590 0.04780402559722227857
-0.41085594625071042429 0.11662388290659317369
-0.35079596015886460592 0.09463485045307726273
-0.78525183811167220682 0.09063079959263686813
0.89222020155837133970 0.03311022928537599164
-0.05002260298428251595 0.00248975385843592210
0.72753544845724027468 0.11726874232129202991
-0.60411548653964119993 0.14717980640051131491
0.30384384636201811070 0.07606158767574398849
-0.44045395350686145086 0.12602927792768559012
0.73089884803172378014 0.11590149725323123375
0.53992118925496934700 0.14632623464978156136
-0.65692827256348196308 0.13944828645082585350
0.16765913532601839364 0.02655149880205076585
-0.97637045254618093360 0.00207910665932531380
0.39008746859920884198 0.10938137228051003635
-0.83231667113526008883 0.06539703028020360520
0.61294639429412756115 0.14642899863964797813
-0.09274638462540352180 0.00845454324976223012
-0.79390114911588427482 0.08615510537400905555
0.33086072482127848460 0.08681378556100582955
-0.36405217121964783544 0.09973146331974369616
-0.42992079366749491598 0.12282061443815669999
0.79484003154378601863 0.08566357714672867552
0.44832474329268112712 0.12831703888359513588
0.90917377712217084529 0.02485462592439546814
-0.98939967355829661066 0.00043533751078128624
-0.78721135112167472947 0.08962546825258477234
0.97952741617117133899 0.00157580164811432777
0.88386741167332338875 0.03739238111036047307
-0.94128571318840359439 0.01151090396875009692
-0.77557000853175783739 0.09551671991364241165
-0.18505903909043475153 0.03194132105916854675
-0.03789626434263659860 0.00143200489241659718
0.41210249428114043013 0.11704319319112252429
0.31425255889769143636 0.08021280421984917919
-0.36279116190044891077 0.09925116094778319020
-0.72989233067111025655 0.11631335376620133282
0.83569441432431790240 0.06353315569779471872
0.10438005813409700906 0.01065907923861370184
-0.21586742162744032569 0.04235704439945883054
-0.49599845499757955203 0.13985779373389123359
0.65665409627682769234 0.13950852074544839443
0.08345397077031768696 0.00686789271685636898
0.05242739490367864796 0.00273354254938969199
-0.54357265003472421405 0.14666033215169957393
0.21276373018839955797 0.04126271322682022874
0.68113460443954187973 0.13331703498307451161
-0.41759528431287962214 0.11886813716843686040
0.07229987803470061536 0.00517276644305864411
0.26728500876192673452 0.06159819007969064703
-0.60221973192839484135 0.14731283466252437231
0.88949321192611630060 0.03449481822210409554
-0.82915299240011153259 0.06714043668725366842
-0.31136072423368443829 0.07905977593343457843
-0.91459096379006843414 0.02236729493691558268
0.15131227234365329792 0.02185900649447961724
-0.14525203780505058226 0.02021728170733814653
0.52358344953108582054 0.14443684496393119354
-0.13680839962917090702 0.01802247717211749242
0.87493638233078785404 0.04209087940016531526
-0.56430571033935006398 0.14792306172290758948
-0.76631801573414470852 0.10004752099045949310
-0.06343554516351179728 0.00399174729962218158
0.30499437980510579749 0.07652046295596774683
-0.51579115663854091522 0.14331510144087750147
-0.09051032727757069019 0.00805844748504512369
0.58422709896181657108 0.14808485017985367760
-0.46956696109603379696 0.13397845258994145468
0.94903586924014171622 0.00888656988044767004
-0.27759730800862691957 0.06564130218250105453
0.10091888887037891998 0.00997822549042831977
-0.30800783528008568446 0.07772246645692348910
0.74961246829968808392 0.10784070811967216841
-0.14908621478179973074 0.02124962767330218841
-0.32668823112605016590 0.08516029225024691895
0.85956966704501325260 0.05038588845800373583
0.36045322690590198000 0.09835800013598852698
-0.80612699261184750377 0.07967795659529186558
-0.34653329124087939306 0.09297604137730935969
0.01277145832457415864 0.00016305694223527794
-0.39423647664830241411 0.11086455746162038327
0.48823557004391138214 0.13827459263338143236
0.11779385448542978310 0.01349301052044126793
0.74749643444039337581 0.10878922367178289754
-0.26678909983248200177 0.06140484287468114116
-0.97412439253452687282 0.00247604751691987701
0.32472223373003084035 0.08437982178643566034
-0.56016589124099303021 0.14775857389239496764
0.05245841507566906259 0.00273676040638496775
-0.38606754681607102775 0.10792860526552319755
-0.41988290810617567850 0.11961696474726585260
-0.72242750760193219506 0.11929529175475450664
0.36304139399727963777 0.09934655273383646845
-0.96643247265528442469 0.00406948831206299655
0.41100392284742937044 0.11667375653204359320
-0.56450575955360893232 0.14792988464930972858
-0.42308638332595571718 0.12065413259763542453
-0.10558486796867128099 0.01090098671882945049
0.23908025159114010272 0.05081173099188637104
-0.37205685444091818326 0.10275512310194795385
0.83169665823997185328 0.06573890980818675178
0.55622854431370583050 0.14756114822530330688
0.40530200189694021162 0.11473337808504921465
-0.02823940236319266717 0.00079619245580548345
0.76437062356032625665 0.10098258412673644102
0.37516785888900550106 0.10391766955100381620
0.53627979342227982684 0.14596056803812074154
0.08698267083542465805 0.00745192987507260936
0.61915102016429357512 0.14577179261522485443
-0.99147413193725086877 0.00028339313785286091
-0.76682931561487444050 0.09980091036045279917
0.51770838364072191418 0.14360398357311071615
0.28455602589032835681 0.06839005225149791256
0.33855074737759127679 0.08984838923802221378
-0.13625136282637195784 0.01788155547523099728
-0.76789750174516635539 0.09928423723807267010
0.67280606220163519104 0.13560680266796748539
0.68957493039867490126 0.13080712989665471691
0.04455277696718140668 0.00197707770374947042
0.06778974199580090065 0.00455330986202669846
0.52387028922019163168 0.14447546659045670814
-0.92721466971122290524 0.01691642112007119003
0.03605197396402015642 0.00129636834917983327
-0.01808465008525428352 0.00032684067430755560
0.22592628069761344634 0.04596495741125138784
0.18836877667859974750 0.03300941226214613305
-0.36743905437644652778 0.10101627228724895102
-0.00483145865169576361 0.00002334190292514866
0.11052953474123849986 0.01192010206830578997
0.22004397007677956033 0.04384399803239109883
-0.80115223318673911557 0.08233270286159255491
0.63603794591171425310 0.14343826130213660486
0.85239397916715553549 0.05431948123869856371
-0.00091821834992500406 0.00000084312351642027
-0.15812216510403054315 0.02376798708507004212
0.21895353699860331531 0.04345422154697727024
-0.88507655583480393524 0.03676519932280541969
0.80242650037487428527 0.08165504813072743673
-0.08271351082829081491 0.00674823217592928834
0.45413110115868016159 0.12994103433554893279
-0.27342100869997398860 0.06399903946722963755
-0.73324145305329246902 0.11493408416539940831
-0.69051665392957506384 0.13051540917249965235
0.06506691356519578306 0.00419793064056287173
0.98546244901000701333 0.00080906985042905610
0.43684707384568421951 0.12494896062969661210
0.03575618668261459909 0.00127523782640631103
-0.73545061137854883526 0.11401055729443426712
-0.27509054850802838743 0.06465482136003904146
-0.06685331373281599987 0.00442950437669126056
-0.46082815443532654243 0.13174395054093618329
0.70772601790854161585 0.12478058777632428100
0.68939847236652651574 0.13086153266632466474
-0.90709891241043116850 0.02582838943676046828
-0.09969666840217783488 0.00974282326194240295
-0.46941521367917382612 0.13394082576901492065
0.07832655782325437244 0.00606000290788530349
0.42269149226628210947 0.12052701407759869312
-0.46176193746974902865 0.13198919332443312391
-0.78794827953386237240 0.08924603436602673856
0.29527099406203261012 0.07264523727727548175
-0.99146289053419156545 0.00028413129036408691
0.60443006218333805712 0.14715677194249468518
0.87861582382924341417 0.04014192024859941643
0.19412969391002321551 0.03489934230657706221
0.76191097840160093568 0.10215394118117526734
0.03588923160028278936 0.00128472100341984032
-0.10892544129417491838 0.01158487732122617277
-0.03737379670993790093 0.00139290130146454494
0.57832269665980451379 0.14814688662272348929
0.35295158122038872150 0.09547031012590895260
0.89485532271424994555 0.03178574157651081755
0.00865820183911725216 0.00007495322016791653
-0.71524491476698814907 0.12204073526922831761
-0.53196542312175165712 0.14548580222808399354
-0.67782986512081233599 0.13424799204273407671
-0.18965148319368596574 0.03342686681021445755
0.64661430644756512365 0.14157035282241897667
0.61468459545330733640 0.14625570209426028145
0.81494663606352957252 0.07491694025089845610
0.36782272488388101372 0.10116132399370252049
0.60530641475906654669 0.14709115940766723241
-0.37590185373920603773 0.10419086212585919327
0.73985243595623551016 0.11213845659704507751
-0.72270644825224161778 0.11918619603878610747
0.27107648504437387160 0.06307989785851099429
0.29611089043536620302 0.07297961566574495684
-0.11997634762462450198 0.01398291331758317810
-0.24052768128574908424 0.05135313330136695442
-0.24599055862819541041 0.05340967661636028541
-0.06341252674726338689 0.00398887429768155031
0.88273150109484799231 0.03798365567253425557
-0.46946424678921072626 0.13395298848208134213
-0.83381446689572702446 0.06457078559217988012
0.93720810618994176977 0.01299666100119534207
0.63844390878301826575 0.14304082857396138717
0.56256982975516622858 0.14785949268893988640
-0.82931718213968941278 0.06705002779323787632
0.09714195408293968548 0.00925930225522122313
0.70024156150141325661 0.12736786220615486931
-0.51188439753086334427 0.14270077601568037506
0.96693435689345963446 0.00395482857955609113
-0.70144251215580255554 0.12696226522038484008
0.56994106165825408894 0.14807527507757836660
0.00107330848022879621 0.00000115198843956562
-0.98304744056759796322 0.00109215860732492231
0.68444403136943909871 0.13235545647155777527
0.76629791612010667023 0.10005720613372548478
-0.84254285131046402491 0.05975083179101392528
0.33865536076425017953 0.08988953783492772964
-0.99896629017787108573 0.00000426098389993967
-0.90188849853054353645 0.02832146049114181441
0.69258558197971686887 0.12986634916036227105
0.43064185820464739862 0.12304540714796372014
-0.54239740324606500188 0.14655638183573588273
-0.81447044383568933945 0.07517555891605554041
-0.15326736288058118163 0.02240020399168636198
-0.20051036542790634520 0.03703660419111610980
0.34414909349613909129 0.09204461662093778307
0.31523823629017955206 0.08060567774312117628
0.46856315351013977377 0.13372876920518805832
0.70623432088332238621 0.12530750887863506549
0.88454982852182295616 0.03703812727629540724
0.65293482462131779975 0.14030501728534650052
-0.21894254561607984222 0.04345029820421541372
-0.40285671706232450973 0.11388983226987989261
0.51033477172465002702 0.14244765129444680873
0.90628394404086609626 0.02621390722001748497
0.76871690687922411556 0.09888656561030345626
-0.14900632130578461698 0.02122789300427341611
-0.86248341914595427760 0.04879737621802571201
0.44821920313435237304 0.12828701088427413302
-0.25935959333356994883 0.05852197125946594775
-0.97076974120303805016 0.00312730006650974168
0.16395316192378928122 0.02545492487640196866
0.34473547128628800884 0.09227392277435804424
0.66385701556082721275 0.13785712151396956049
-0.65106850797205084724 0.14069021748303695007
0.85850940045001444823 0.05096532615422977308
-0.22560932140467948592 0.04584990314116353660
0.21927629543174398385 0.04356947866470117087
0.43015515572584028803 0.12289375776170138876
-0.19007882323614433417 0.03356637426896676851
0.66421213540695189792 0.13777200365244202107
-0.44246511831631352152 0.12662306012920040987
-0.92182153008011225026 0.01918201102028171956
-0.22620508328922328545 0.04606623189681940955
-0.15319222985629954437 0.02237930314786121255
0.47979840832911868631 0.13641623870663521778
-0.10815799157421945864 0.01142605851496550709
-0.49203782817115482295 0.13906549843515089715
-0.88890037959930290334 0.03479761199117503701
0.39730475819060040443 0.11195031863477582224
-0.73689411003728610972 0.11340129034096679828
0.81992744091402958162 0.07220280381041177531
0.73031490857394865124 0.11614071880800891368
-0.90559590114248655901 0.02654069054593310995
0.50249977362312825413 0.14108704476940323036
-0.01228666655796617491 0.00015091659939038283
0.44480329837008558691 0.12730551016328750524
-0.25093613038107398516 0.05528844370474223641
0.77586911506171696296 0.09536790643884374141
-0.18700008679763890918 0.03256612729458540495
-0.72098078343430938020 0.11985817228090922537
0.17924746866458551864 0.03009819347512104545
0.31532216585896732930 0.08063912675055842638
0.42790718105739755650 0.12218899642743956402
-0.63231205561090320089 0.14402174937007600208
0.86801874220563401963 0.04579786045285005880
0.48507168863558414174 0.13759423369464332532
0.63390229909892781279 0.14377746582847550361
0.72493498736632044910 0.11830804819042151088
