-1.46122076296351655067 -0.90760193314433601497
0.12625836920521082973 -0.98418638582894624189
-0.61705259032588488655 -0.69691099093780306539
-0.65026093417241703776 -0.67339077095049626465
0.89345853087573035012 -0.55117493051706567542
1.22648752560264506783 -0.66320050898958360364
-1.46193592429809982036 -0.90832427779268753998
0.60687463992661871970 -0.70426143099947458026
0.97405610469649950289 -0.54329931103087569788
1.03018032615888222026 -0.55071027208265266317
-1.30404249072337075077 -0.73861361867089336819
-0.85322395471013345869 -0.56248001288755644644
-0.92607106972801001010 -0.54549198876254323398
0.81367931330457388128 -0.57776919396576120747
0.29151044002120518606 -0.91870475117397276676
1.53918227865060730508 -0.97793911170306913050
0.06845533299655848225 -0.99532486012759613381
-1.33595854905694055859 -0.77262195705389058453
-0.54147461611599689846 -0.75233118080177252551
0.05464378006401426902 -0.99701851854848277945
0.25049713567988507457 -0.93924950387428196574
0.36703769449947865056 -0.87463620638949879371
-0.05972813540904975405 -0.99643891885283875087
0.34487136009268892778 -0.88833054789579957156
-0.76435241091325112350 -0.60186627007695392422
-0.97775518650259207742 -0.54344985826274361251
-1.05391516761782466638 -0.55720969627942917857
-1.35639736195480908876 -0.79489225938255270165
1.08457279604272249784 -0.56860234977430912373
1.49895037593345037408 -0.94400500607978155010
-0.02734275581398426525 -0.99925265322924539113
-1.36664354110314190116 -0.80613364352688654524
0.84090084684175003815 -0.56682367320582116577
0.62007269605010151281 -0.69474097490625386087
-0.82341453646003626154 -0.57364818998977284981
1.31051526234100812474 -0.74541036841430230453
-0.34242240014609603982 -0.88980703839910502140
0.19661575669437958425 -0.96209649352072801332
0.28548157905433102499 -0.92188541919861566321
0.01554758949673429314 -0.99975830167870793908
-0.28214603077824262911 -0.92362197096327258716
1.44336306565952554593 -0.88923957832825684111
0.89120089913613798061 -0.55168718994896848162
1.19438377749732893562 -0.63623087204574790832
1.10997530096132157595 -0.58058755255516225624
1.46553662820616859008 -0.91194442307371748058
1.42089729117154428550 -0.86540899947978577877
-1.22070957312647299098 -0.65813593618650401140
0.85903389028588161835 -0.56057076069466604817
0.25545505158216141872 -0.93690522308525292505
-1.19662966737269482742 -0.63802184021878727282
-1.59999278885349816015 -1.01603751939744846311
-0.41475487001659216979 -0.84333854272795749640
-0.30886884561286231943 -0.90925234821021128084
1.20732373159736949830 -0.64675197189179822743
-1.46280276824609423159 -0.90919836887188709706
0.73381321680504063565 -0.61915665167807110159
-0.51349166094265963345 -0.77298309295294664878
-1.26473971453953248911 -0.69882383482333787494
-0.29272330760933873428 -0.91805840996038967639
1.22424224330844166886 -0.66122190332961194859
1.56527807849140643270 -0.99648107963868493009
-1.20170732196248164492 -0.64212567036567169687
0.32572161839919755444 -0.89967233664191570419
0.61405580392846470517 -0.69906944743483989679
0.21066146622334214200 -0.95661706826602521669
-1.11184705155348217964 -0.58156090665989190747
0.63603017853988941255 -0.68337189205489079491
1.27898221069368078773 -0.71291739663363751234
-0.59758964020742522116 -0.71101152286251800838
-1.03795523625296803871 -0.55261656562792849101
-0.13225235214696695607 -0.98266293855762099074
-0.15542469934689973066 -0.97613667340687038099
-0.95922757836563299350 -0.54316239659302101295
-0.88086611308000617448 -0.55422189019778356212
0.60274704932183187367 -0.70725732318280321032
-0.75045468131208326046 -0.60953169785022009997
0.57826366856618571788 -0.72516781318057721428
-0.66956182535563479874 -0.66013780770622865202
1.27725690605167985225 -0.71118887149334375497
0.81848372954583048511 -0.57570744172879195766
1.38938160505583008231 -0.83111794974973429717
1.52082378134694051752 -0.96318330901612658757
1.57382014331384301187 -1.00186511591173998958
-1.11118483491662023432 -0.58121513327340834643
1.54765566547682542620 -0.98428965833670756247
0.92217291403383683246 -0.54599846630389370361
-0.26503107125137104205 -0.93226678674648522094
-0.32285709049780275670 -0.90132782798530786117
0.61688704884096789982 -0.69703009041365526777
-0.97355111149532591597 -0.54328238617526203313
1.21454373124629499969 -0.65283060449546148618
-0.02829703282332896030 -0.99919959857544915494
0.34826758763064447066 -0.88627064090313834033
-1.18143338621704518943 -0.62619943514733655832
0.59011061966142008828 -0.71647488353112875892
-1.44179016993752506792 -0.88759489750377451589
0.92665013493681502865 -0.54542084547933100680
-0.89492309556116644842 -0.55085065696777146815
-0.34481058637335770811 -0.88836727902627909970
0.14955017824717420361 -0.97788622441041006539
1.10573033280007404500 -0.57842570254232805738
-0.16177786272075889151 -0.97417261438411628660
-0.40831182281351341423 -0.84769483053783067916
0.56623033886678530990 -0.73403403078297757567
0.65918029907060837758 -0.66722247404581125352
0.09380553648824330182 -0.99123932141412451902
0.29543534564948314980 -0.91660538893604159849
-1.28251981088907363038 -0.71647905306251158386
-0.20538982043895548379 -0.95871393208693567178
-0.14041485036407874709 -0.98047898229883367893
-1.01595730461647582032 -0.54778208108485859640
0.42565353787423454435 -0.83588733425632733010
0.20879103798785147994 -0.95736656728573754638
-1.18233275160799355952 -0.62687956420954282777
1.41143460801488762613 -0.85519127275365014462
0.21700683263932352141 -0.95402951211087794192
0.85529967776054283135 -0.56178754383970042063
-0.73741167277965091742 -0.61703610404681885626
-1.37802830647387475338 -0.81864706924905583652
1.57815485245076425613 -1.00445921179966712877
1.51473432180584000051 -0.95800850083109234667
-0.53718747062602689724 -0.75550099563473027686
-0.51039776162803041082 -0.77525776029773818543
-1.15415210161933412536 -0.60678338440278656307
-1.54194927937144554697 -0.98004625070930728725
-1.24944459416589781497 -0.68416542634160137926
-1.57953822693626122486 -1.00526708025674427205
1.32263606812251266476 -0.75828469308754031797
0.04226788592161656588 -0.99821502245534221576
-0.53074557806892963541 -0.76026149798209763375
-0.38597214571456062160 -0.86249506202917347597
1.42903223508796939356 -0.87411621074592371627
-0.88890948948415593467 -0.55222240958985446824
0.22246205126579043920 -0.95174989357391504008
-1.09599091020433414556 -0.57370614741081749077
1.02102743598506862099 -0.54874320707702484157
1.28700341253575389899 -0.72102590327416216098
0.15681143404983721723 -0.97571433250614647559
-1.07514458241885479950 -0.56473928786296312410
-0.98516171646529748784 -0.54389249125699112852
0.93217033312728991845 -0.54479613501085144556
-1.33695024428027520180 -0.77369577758937047030
0.34821352816287065579 -0.88630354065674832320
-0.79063326032737113458 -0.58838772319305165936
-0.65181851401109902611 -0.67230848146881339034
0.91385827146120446329 -0.54723775001150620767
0.81522081411640234805 -0.57710179219077017976
-0.42408245822084644772 -0.83696761615959769376
-0.23189681122991601114 -0.94768855845394583959
1.19967695174296062888 -0.64047565128073236096
-0.01791738059198810795 -0.99967901900779854163
0.73374150619943145912 -0.61919912404145760476
0.60853136679566555145 -0.70306125990691614724
-1.52169159439419221513 -0.96390985754747027237
-0.01451631479500603561 -0.99978929880811640007
-0.63298036605965968260 -0.68553129192661177438
1.25032653590025155665 -0.68499634417090671246
-0.34594950226932819071 -0.88767816673150967688
0.87245814423297174400 -0.55650976780584104908
0.76821763608098292408 -0.59979819402014034058
0.48712010759617729860 -0.79227621217526100761
-1.03022384854609816429 -0.55072034056335950059
-0.11779336246635208063 -0.98622131628049702901
0.23380313147101294824 -0.94684985260492937620
1.35062355971827718903 -0.78857550771485263041
-1.08625226199761049095 -0.56932387782589499725
0.00422587950489505815 -0.99998214210186597839
-1.33978308611243956960 -0.77676762107704444560
-0.65447801070144573377 -0.67046545761749842818
1.08038329074302463795 -0.56684644666367489663
0.18307233092711472366 -0.96705076778270715465
-0.30588882606523393193 -0.91090561850805251698
1.23216262407733578854 -0.66826025697224911148
-0.85981373283899675819 -0.56032138111332341346
-1.39841678481038123039 -0.84101433743923115216
-1.04040555173292315061 -0.55326226894977070803
-0.67080073627866421138 -0.65929958614875194822
-1.41849809837238716170 -0.86282672993366482661
-1.32902085218987342508 -0.76513409016482780700
0.59571851931634345334 -0.71237633019415436131
-0.47638912292590740449 -0.80004919026484289102
1.58941951276877313504 -1.01074932920587756691
0.11260480149681773021 -0.98740080057966583826
-1.04974021521648586130 -0.55591972737225958667
-0.44010264792203424022 -0.82586043128281194647
-1.03167830102645607937 -0.55106071236592257812
-0.62179706270301660087 -0.69350442477609486325
-1.38810145382521077373 -0.82971323990069956178
-0.58214619165554615243 -0.72231434277695338864
0.43989408840965182890 -0.82600628910100637459
0.36691612729711797769 -0.87471287973799216608
1.51272058913765006238 -0.95626836195410602759
0.43179989137891938711 -0.83164190549191963076
-0.55501184627304667174 -0.74232082079190053747
1.36349179955537946896 -0.80267250042110094288
-0.94437102121546778744 -0.54376277176401188740
-0.48112060725169358832 -0.79662853369809161208
1.00167804864267218079 -0.54556467559094001807
0.58366804991896703569 -0.72119699915371349164
-0.07834788569145811898 -0.99388047752624342213
0.70442158073948846209 -0.63722149845538855750
0.82662739226372039525 -0.57233780977944670454
-0.90110239699184868645 -0.54955266810344904904
0.29748458599101756938 -0.91550039133379468304
0.40319533853271360968 -0.85112716394459297931
-0.64527474005096407961 -0.67686936562131250206
-0.89205816400627568896 -0.55149090942415612826
0.50580270006762884094 -0.77863137867971221606
-1.09816201247146549846 -0.57472912182346302945
-1.59596048149774638603 -1.01409287822792393285
0.66580282091400899702 -0.66269071596138806601
-1.39220512578055144459 -0.83421425397936144197
-1.44539492409973502340 -0.89135811251094165808
0.83598157910351966748 -0.56866662283880731188
-0.66007368057112325577 -0.66660867029128945127
-0.95531160608542586843 -0.54324965070689978930
0.05253444508073745745 -0.99724394313846709270
1.23907809739564944707 -0.67453691264574988651
0.76235500371487185944 -0.60294607094533625435
1.12606377936880042157 -0.58935312417061458401
1.13739163164730738842 -0.59606148006688419727
-0.11899863991849057854 -0.98593993772421228972
-1.14928435033115672326 -0.60357274400451577101
1.43938361407242254586 -0.88507083563706312468
-1.56735667698327230113 -0.99782386877584738905
1.40416179082966730007 -0.84728523854988835318
1.40403472156393771542 -0.84714676149196288524
0.77450287760463698561 -0.59649689820303297694
0.64785892666374866877 -0.67506390764189105891
1.44066205731503904630 -0.88641284110491791459
-1.09564425117832375811 -0.57354435926863689410
1.14665685440823805763 -0.60187242215775205167
-0.88642847706858995949 -0.55281919234482956860
0.83533572213502260695 -0.56891311783454168172
0.23672076891888638173 -0.94555452124936079095
0.36207712296578020705 -0.87775115467151709758
-0.53995923312666183058 -0.75345172159511286658
-0.82679656816796132102 -0.57226950389726305435
-0.10428330480511105449 -0.98918428485606335610
-0.24303488122073746425 -0.94270320025880594006
0.90835178195439336690 -0.54817621824588647073
-1.00901377811177983546 -0.54661385007313156859
-1.20164891250439875847 -0.64207803536500329677
1.54310641734299425210 -0.98091793379648595241
0.81626025942608215757 -0.57665488972928136135
-0.69096973790261628778 -0.64589146042207901122
-1.36312052198955524496 -0.80226493457617120697
0.41254685897866227862 -0.84483562062860972919
-0.21621202257723259876 -0.95435741048286715227
0.85802040269701773667 -0.56089730432608109201
-0.31247423865581680502 -0.90723555031906388813
-1.44037362525422851789 -0.88611029246470984777
-0.79255766819580741878 -0.58745642572292522399
-0.98040083185655757525 -0.54358629357784971070
-1.31802034518416855136 -0.75336096131678875754
-1.27222350724729160731 -0.70617890407771555239
0.71005503329385355471 -0.63366179672809064272
0.88114310825378305836 -0.55414993419925062668
0.95535582815184438843 -0.54324838005360098769
-0.70838876306879472455 -0.63471014129632497003
-0.48852009942901020167 -0.79125832888069602689
-0.00091717013002634573 -0.99999915879930634244
-0.99998501371347647826 -0.54534942538075381613
0.07777763481130017809 -0.99396896446636351374
0.97797833779982790148 -0.54346043842947033831
-0.07982264424337692788 -0.99364867665620970616
-1.36865561083794040620 -0.80834428990722384523
-1.22924633402826488648 -0.66564975638055612350
0.29315709677624535168 -0.91782672001893206293
0.51628085677272483878 -0.77093046089751282590
-1.30342749182056127921 -0.73797093514271305814
-1.15206203245329330542 -0.60539522131974665697
-1.31606891696840277994 -0.75128688065471305180
-0.19223882852955687106 -0.96373325318272828888
0.36144033672636188825 -0.87814896564914446397
0.73681144129296249901 -0.61738834678969223280
-0.19781148433976092349 -0.96164346768315411840
0.21983931415860236136 -0.95285220084527877393
1.09005700324546017654 -0.57099572725154101871
-0.95821979032094084516 -0.54317996088774123109
-0.33571470524625546261 -0.89381248441369565150
-1.05436210974920419048 -0.55735150802948385529
-0.65993763783317582750 -0.66670209059236529292
0.72358053630922558597 -0.62529947807054064857
-1.45498869412830789116 -0.90126264095139152488
-0.78698257223603995669 -0.59017598825658001971
1.35123660163620629149 -0.78924541236702672187
1.49762358400920136958 -0.94279134328177105484
1.00152012850079552564 -0.54554417223082229960
0.38481568313416580907 -0.86324763726173281420
1.09817090280107709788 -0.57473334513897000875
-1.34673327138469467457 -0.78432932536903099408
1.53682010872814656111 -0.97611521754140595508
0.21902299842217054504 -0.95319290288875013761
-1.40034143439490965655 -0.84311736781816060127
-0.47221143784558683443 -0.80306021408490446678
0.74896398570184707921 -0.61037456834692060959
1.27051268184845866926 -0.70448743425357873704
-0.51145655701652015246 -0.77447959604523308741
1.58306856874700185855 -1.00728424149953021960
0.79029698507541068508 -0.58855126884558206513
1.47611599211701971512 -0.92240977792538736413
0.22491890565899308463 -0.95070673091211044259
-0.68136439119418712451 -0.65221931639651675727
-0.30001857334969161961 -0.91412563224882326107
-1.08596786672414014063 -0.56920098755081560693
-0.59873388750650358148 -0.71017761038883697733
-0.41010418884711064003 -0.84648672834938598619
-0.96329541184165856649 -0.54312608784581350996
1.32565121949971986837 -0.76151392719054644687
-0.04708474652424565754 -0.99778548549024181913
-0.16745446805247654609 -0.97235485532352960991
-1.47186930199879362213 -0.91824068857879004302
-0.86520164152613787678 -0.55864350421118014189
0.88248871261552119805 -0.55380350970510150432
-0.43657301180787055905 -0.82832458510889184211
0.38935619460581571971 -0.86028492564864489367
0.53741339315739056204 -0.75533397907455168685
0.46922512641616176410 -0.80520696324990237436
1.48052042830373853377 -0.92668614375067148714
1.16030762105335982781 -0.61095510005425179845
-1.25474031500836336050 -0.68918163790754594089
0.34249867209898399167 -0.88976116661541115871
-1.27258806667649593258 -0.70654009524481842242
0.36783242430644769172 -0.87413455151588737024
-1.38342837914620986339 -0.82458175580834036644
-0.92890912564934391416 -0.54515347393983648594
0.44625605073666241296 -0.82154293609483142191
0.10934935588128880113 -0.98811441868629956709
-0.39714576412594904120 -0.85515346773054112806
1.30393381839270672273 -0.73850001418168242928
-0.48129746210749013713 -0.79650046817666453336
-0.94204933651727140731 -0.54392222668399026198
-1.30007469863518498876 -0.73447708466393679672
1.12867125779237476024 -0.59085830511947001753
1.49069725812405096121 -0.93636957336115655970
-0.75142697178896578070 -0.60898405503185149001
0.75960891141986852659 -0.60444278577821053400
1.10801284017276158167 -0.57958024155306264724
0.78351495990695507743 -0.59190038490055529863
-1.07046302985728436497 -0.56293957060453581054
1.52096234185174727926 -0.96329949975234130388
-0.37151618816489984098 -0.87179997122293018119
-0.35834249084400759955 -0.88007749436185167546
-0.59984434526791474696 -0.70936885184622489042
-0.74494574622849973888 -0.61266585850423349591
-1.10589431002144289451 -0.57850803357602242905
-0.19399310489031451610 -0.96308130671505898235
0.45132465994972559287 -0.81796681647980407082
-0.31418700293487367148 -0.90627114892827598247
1.43175009517499818301 -0.87700694780450227928
-0.90626166389979168070 -0.54855672648780262612
0.30509932480659562870 -0.91134152898790798947
0.06888391734958498880 -0.99526627672756617926
-1.35679215482664239367 -0.79532473387057200931
1.24204630489255807291 -0.67726737211656673487
0.69755008273589558243 -0.64162122962533918447
1.30729823529326871778 -0.74202500111235036862
0.19489189692191355441 -0.96274517607889398274
0.78171264626952874366 -0.59280645790280495078
-0.39462921240868986672 -0.85681788635454614322
-0.44977083535688211491 -0.81906494877498681184
0.81322586449499922878 -0.57796656927756906441
-0.09903987492644827917 -0.99023932761402699843
-1.18956399016309899430 -0.63243812055570913788
-1.03133989380292012683 -0.55098084223112453461
0.90558792528552967127 -0.54868221314605192251
-1.07939891342871630009 -0.56644299425844135687
-0.27641618935045042527 -0.92656598207075868689
-0.53666086932985845870 -0.75589028008847924944
-1.47764659847212320720 -0.92390148196330146302
-0.79607550669204274474 -0.58577453138189194970
-0.46128388143398391108 -0.81089146547247792363
0.97822613803640257046 -0.54347238736573721951
0.86381517030720500472 -0.55906771236948937798
0.19331299316661554322 -0.96333470541440657797
0.93757215794292880773 -0.54427922668082906466
0.16189020696511002839 -0.97413721361497929152
-0.83107828826056184823 -0.57056403088822149616
1.38681327580841351477 -0.82829923646575975837
1.26613143107515302432 -0.70018287302517945303
-0.72581103138516922524 -0.62394657034184952682
-1.57273248472587390268 -1.00119944846185027210
-0.47111635645654148519 -0.80384798225179121545
-0.55347970815948488443 -0.74345350112090524686
-1.04924641838326149212 -0.55577130197900559416
1.23176830389462077520 -0.66790600586238468850
0.51652206180334259145 -0.77075286960628952571
-0.45089700174152791412 -0.81826921495820403862
-0.57383059023123728082 -0.72843058133305493840
0.25614520811597030203 -0.93657577692897509003
-1.26523860108330388208 -0.69931054013430937744
1.00893016522683520719 -0.54660082223456374351
1.58911835526979405842 -1.01058983626484955032
0.13461870939321940455 -0.98204274519902423624
-1.17543850473254507527 -0.62173006113701456687
1.49563730186710541759 -0.94096437782452380105
-0.23265571083880165482 -0.94735539724703421438
-1.17388190513540502380 -0.62058794892049351510
1.07130545554439393641 -0.56325761356478210029
1.34129872102523384214 -0.77841368748422390400
-1.50593764316709943785 -0.95030523428694790855
0.32808459444179338682 -0.89829850774997821450
-0.43433394304062189484 -0.82988291208939046761
-1.45916827072096211282 -0.90552286744172882926
-0.89910441489487524791 -0.54995988433614351187
0.36220378573987876969 -0.87767197023239640341
0.02739381519364991746 -0.99924986050785524760
-0.50404677465583924700 -0.77991893523730815296
0.29385675245416820189 -0.91745245024346844254
-1.52923768817442340406 -0.97010882091300754126
-1.47524387863666572862 -0.92155720878404012719
0.17874321461821973678 -0.96856522797487820675
-0.15390698456294726881 -0.97659482114994988766
-0.10828495531108539573 -0.98834331364178429347
0.38645917371178728494 -0.86217770958429351680
-0.00025061376279067460 -0.99999993719274382631
-1.54947160174515463638 -0.98561058794067646360
0.79245080661986655457 -0.58750793306397453009
-0.25664560933619684491 -0.93633643632061658302
-0.76493917821048218464 -0.60155049212787403690
0.18245800016783286779 -0.96726773218883788097
-1.35629181238833762535 -0.79477664647356616179
0.35205775784364767844 -0.88395511818200245280
-0.77585687975948014472 -0.59579587915265541653
-1.52323100383038978478 -0.96519184257458812137
-0.93176542848646770612 -0.54483865482155535709
0.27823652163943224380 -0.92563607184121177163
0.27945259948060607869 -0.92501204411232429425
-0.31242024506840460063 -0.90726588649650385943
1.38161600810441687059 -0.82259038012755192337
0.75073706256069128173 -0.60937247433262142771
-0.24494449984820221289 -0.94182799475703848913
-1.30204133038307201531 -0.73652441666672419096
-1.29246101633552368249 -0.72660789165147388058
-1.59291948267101091119 -1.01256722896596618178
1.00217083731439826622 -0.54562921948529052862
-1.53210696913208987979 -0.97240853531300019963
1.25130901492645163486 -0.68592410317173380108
1.30350086676313514644 -0.73804758402966275099
1.59675397943317998184 -1.01448264975933311050
1.22402143867859214410 -0.66102804404489579060
-0.39642986149629666492 -0.85562759195655546662
0.39631690082018300458 -0.85570235702468300243
-0.01125589071475685543 -0.99987331295029280298
0.84398571164667091082 -0.56569938563510691054
0.23674082542428753761 -0.94554556806875345032
-0.67949647864551365739 -0.65346232773930879034
0.02574528283171995113 -0.99933740011320160157
0.80489841127395012066 -0.58167526761846044536
1.55141852536462643286 -0.98701071889599656384
-1.33459834687740053205 -0.77115046925398744726
-1.07735151116809690919 -0.56561498018951605893
-0.99901241773257121181 -0.54523031907406971364
0.43625264144018016665 -0.82854778631342373973
1.14954020641144927239 -0.60373954385838435321
-1.46438774441031061002 -0.91079240631464952749
-0.52158024522222823371 -0.76702591229226968483
0.00025767526744080449 -0.99999993360345873494
1.28353571917615871811 -0.71750612740862784733
1.07234035933661919771 -0.56365181343581971518
-0.37256638283609544438 -0.87113163540180926780
-0.45897200375434699104 -0.81253941297421450329
0.95728021615697889146 -0.54319939256252347537
-0.53190637074872215706 -0.75940397598238507104
-0.21649663214848047232 -0.95424011920130136222
1.05531972621061864714 -0.55765777344491151979
1.09092221530888178194 -0.57138311996710144935
-0.64123880145159728450 -0.67969999261105251698
0.50489201352687151925 -0.77929926865107912448
0.55120946339733034591 -0.74513209288842274791
-1.01324818635879632112 -0.54730595669525905489
0.71819390450918874080 -0.62859774763691744770
-0.38755633591323901399 -0.86146188839522774838
-0.35969869251244235286 -0.87923458852574443156
-1.50498145073223610346 -0.94945230639148037177
-0.39300488552317114355 -0.85788886682966369879
-0.70008871282364926181 -0.63998855347099947721
-0.57936909167762062900 -0.72435496817125810676
-1.24068574752088922608 -0.67601311638945238425
1.47029181748151405174 -0.91668096391520281774
-0.11152625614643585372 -0.98763948599829809449
1.17590076475725613392 -0.62207069820708982277
-0.98491531313462632458 -0.54387472434555517165
0.46599342679875066509 -0.80752461986278811779
-0.77734797230578289717 -0.59502810962353991364
1.18729177707937383346 -0.63067433788618265655
0.83389435716192039649 -0.56946698726954658731
-1.04683707836643691280 -0.55505968140802042221
0.24462697021401647035 -0.94197393509344351514
-1.54592894298068661563 -0.98302033632995478030
0.60255938007166376380 -0.70739372645833964448
-1.31710248510940886035 -0.75238483448101711737
0.93822176082276653730 -0.54422339932177021815
-0.18365184534258816029 -0.96684547863432357406
-1.25214449076575973230 -0.68671479508216459742
0.53282336029327748150 -0.75872645904494673275
-0.63861665326142902366 -0.68154593356839565654
-0.75099600633250218618 -0.60922659009511392902
1.28273344906388597764 -0.71669488337981901438
0.69267120591568254184 -0.64478212305913373825
1.48927876167130124330 -0.93503709532885803668
-1.57662971546987584759 -1.00355728738634208952
-1.24552992179962385144 -0.68049921966677018315
1.55687112241850655892 -0.99084186109537131237
1.45991877919496637617 -0.90628410897956301895
-1.47259891850737556496 -0.91896008908661497294
-1.21843932595287296472 -0.65617047171088571655
-0.32538217850095518813 -0.89986907906572477511
-0.09633173210880618953 -0.99076335404036297572
0.62739520369862455951 -0.68950284162723929349
0.49234208614220786870 -0.78847539593200521857
-0.60443326483336012878 -0.70603246104468264654
-1.15136759483111217328 -0.60493719217002506205
1.37186949877777264462 -0.81187654939163644841
0.17438640377933900538 -0.97005523038617935683
-0.37372196177388272709 -0.87039482296528125627
-0.84780192456238878673 -0.56434249351975596110
1.03146584752215497716 -0.55101052165726660537
0.14702448398889655934 -0.97861867578599470718
0.05467435682273169562 -0.99701518595172833326
-0.90678318846309768908 -0.54846053723043830530
0.30685484848181987516 -0.91037104970839610729
1.07925805453989598348 -0.56638554647692251898
-0.70515750007954169920 -0.63675401848339929778
0.11294767056316290521 -0.98732445383859990251
0.40665489830443579677 -0.84880902256294155084
-0.98403572748570411477 -0.54381301305267415458
1.46444709548148610523 -0.91085199041779707496
-1.30808853940852154452 -0.74285534340468628578
-0.49282578418257649844 -0.78812278236284216693
-1.44070062139739119011 -0.88645328265450096250
0.23087484833645310900 -0.94813568854784813222
-0.28379834231362588426 -0.92276382388577227189
0.79488005744239220718 -0.58634308700664972136
-0.26498332185526218829 -0.93229027334108016678
1.43249479630727361013 -0.87779729160483266348
-0.95279630397178327605 -0.54333261787207032256
-1.20260441246987825892 -0.64285852159109113657
-0.14511372363146657349 -0.97916487786704931029
0.48244307465328883922 -0.79567054693932215415
-0.88383610320971583985 -0.55346183653866209973
-0.18021027647386356207 -0.96805578343790799067
0.90907180876525295332 -0.54804822143444220650
-0.81728888280409295319 -0.57621513404515833923
1.51633896248540800400 -0.95938496708748421948
-0.46535276733378627689 -0.80798338065944563802
0.16913268185478824712 -0.97180615476879128600
-0.48752312928953744908 -0.79198327456946637781
1.21571047897916395542 -0.65382653944774649091
-0.29132090455878234536 -0.91880556061392515410
-0.51300066235303565243 -0.77334423999534529504
1.41023085223517119502 -0.85388556881378729901
0.57311683024665871500 -0.72895633272203674835
-1.27282621282821906128 -0.70677618369509664920
-0.55623600736487022189 -0.74141593905105751539
-0.00333342664847613435 -0.99998888832851473563
-0.67958238298826467716 -0.65340507589525498311
0.74839570141471289944 -0.61069691407658954763
0.19339381870435934374 -0.96330463398923815710
1.21359558075530582499 -0.65202403437279854437
-0.44259721763975479192 -0.82411338592327232355
-1.54439100742123436305 -0.98187899284112212239
0.50287763600466384162 -0.78077569663732315774
-0.93597157779302941893 -0.54442259803306713994
0.05600306151117284692 -0.99686857927322247708
-0.67367759668916282756 -0.65735937792609677732
-0.71766451991983404302 -0.62892422134994330207
-1.13379236318924814242 -0.59388243557246822579
0.57777090934145158840 -0.72553025215091082600
-1.52358052190826609440 -0.96548168752557905758
0.62392767844605323546 -0.69197908908560834540
-0.95507602201711883083 -0.54325652947291436234
-0.73176682763681033528 -0.62037192324802659105
-0.20394658996106440618 -0.95927957738739988436
0.34530984154948685116 -0.88806539757023816861
-0.65409645277640182659 -0.67072948877072735563
1.35581400785036931822 -0.79425334596415397836
0.84456860958804025330 -0.56548969253853709205
0.61868130032044144073 -0.69574005714254139043
-0.07783778834453292106 -0.99395966044758410352
1.23991151885178974013 -0.67530139841684933000
0.58259311968609761578 -0.72198613961228974567
0.82060493413261337281 -0.57481446077718001408
0.15179348421364902144 -0.97722569399410064150
0.95808345471984379671 -0.54318259767436805063
-1.59155351816453549674 -1.01186558608026166972
-1.20425351906943700619 -0.64421177463218970427
0.78692543947092996603 -0.59020419692606651552
0.44712013526713167977 -0.82093452362228647168
0.53828284422941496956 -0.75469119450537325289
-0.26018916326915442205 -0.93463019654813117576
-1.20732423944715638875 -0.64675239429534370217
1.07006056774576618906 -0.56278852833692272206
1.08616109016779338603 -0.56928445001560445959
0.05276335378086649541 -0.99721990643868052562
0.08465462703785719967 -0.99285931859750342632
0.80297018640146466950 -0.58255642029484644429
-1.45868839463805288759 -0.90503552099134698672
0.03745952464021051753 -0.99859776886633300208
-0.05952974280491152292 -0.99646249449648904850
0.32399881613117686996 -0.90066930387389820822
0.28033349573491017637 -0.92455861837313246809
-0.64401953284716073611 -0.67774830829635768215
-0.02480906019243955818 -0.99938469997514400855
0.18987454658377234118 -0.96460326125439754819
0.31956573128586351906 -0.90321642580322447635
-1.26850565500625411808 -0.70251065091993680767
0.99341403836980779474 -0.54460910630366199392
1.39669887005674642211 -0.83913551693536714282
-0.01826984758507466111 -0.99966626838085681506
-0.30243271862283416240 -0.91280733158034044195
0.31250299668937775444 -0.90721939103635218515
-1.36645293979179527355 -0.80592426929080285269
1.30136461211009324401 -0.73581927115422640640
-0.17537401831789023454 -0.96972048418248435464
0.71557722305782966998 -0.63021546018377816445
-0.45299954772643902245 -0.81678133862884927385
-1.15927503390298736186 -0.61024664607293022112
-1.09283296745900582181 -0.57224809658260689105
0.07955894678659314323 -0.99369043763629705257
1.57522454513466048098 -1.00271591686779215635
0.67041298387874581621 -0.65956175975237907316
0.03315225440096769560 -0.99890153217356791870
-1.16285962182805668874 -0.61272088417673076233
-0.45546548137819975466 -0.81503264940759645452
-0.15281334724405715164 -0.97692230435076354844
-0.79643083386452007133 -0.58560613514704940030
1.12350794679351873029 -0.58790051488519778911
1.08550939364721976688 -0.56900348497384389823
-1.42337870749657646741 -0.86807319761137025083
-0.19113699596154409832 -0.96413994066123709370
-0.81142948899307931754 -0.57875316635241624841
0.12644990847755677166 -0.98413875961249952518
0.63209740559718330388 -0.68615771471722075692
-0.80099982553664972329 -0.58346539492036786356
-1.24556472853870037198 -0.68053165761467582229
0.45793844966094665594 -0.81327509434581246595
-1.59102342079078518111 -1.01159058461578954535
0.93207826820875760987 -0.54480575684707832629
1.44180729998408851955 -0.88761283097384580110
0.28680238504918986742 -0.92119319658008991247
1.23365892973118951303 -0.66960812316755236040
0.03640527038602603405 -0.99867553484684656873
-0.21252033822440807853 -0.95586621476598565561
-0.08251372273837387361 -0.99321470277001300264
0.89390232959747795149 -0.55107599835177778491
0.55936408747968213717 -0.73910428508054870633
1.47255603298436454907 -0.91891783935298965158
-0.00574358620206760762 -0.99996701176167379632
-1.11739093925615495806 -0.58451583400119666578
-0.89861254629838072105 -0.55006196691486830552
-1.08888347191546985826 -0.57047455280222114649
-0.33636812498758383860 -0.89342481542409013517
1.00808790881281540308 -0.54647096656304872120
0.94394395672345821069 -0.54379078224248944551
1.31246901952917660594 -0.74747316207226288665
0.57790455774559079671 -0.72543194374580510786
0.93466392030471912022 -0.54454585962739798788
-0.65839369000784064845 -0.66776354167273255236
1.19933163343768045550 -0.64019621753685873600
-1.14214190956178618386 -0.59900462700120504778
0.42127914364784846413 -0.83889010724400392416
0.46258068454314571483 -0.80996567739578362310
-0.23009051738656505215 -0.94847766674403832798
-0.41411033635544636233 -0.84377599637337774574
-0.41512892612618346178 -0.84308449802800111694
-0.14042506990974312764 -0.98047616924477121181
1.45677585289006428226 -0.90308855923789876918
-0.81500101664092139409 -0.57719661621529960716
-1.32834734209664317994 -0.76440958690186855407
1.49962518464986960254 -0.94462019213941827989
0.99436202965060083159 -0.54470659655511088904
0.86671488198324242447 -0.55818652784072542161
-1.31173735049965145549 -0.74670006992668158663
0.16446559325132303897 -0.97331932087219819039
1.10186781088793850358 -0.57651382338226153657
-0.86771180212777110352 -0.55788891734982537507
1.53974468849392831515 -0.97836997873106268386
-1.10966096854662032989 -0.58042529849772273032
0.88121273304542979687 -0.55413188206024244220
-0.01497264435824652296 -0.99977584505068350929
-1.56297542010028656101 -0.99496946247056883283
1.07967603910487230934 -0.56655622455434329066
1.24640652507484794853 -0.68131704240369261871
-1.33284180659303963523 -0.76925261448209614201
0.54133905765502943197 -0.75243142225391179689
-1.59664213604440430316 -1.01442792107736501350
-1.40310117078921559042 -0.84612907074508147964
1.09017197111636088280 -0.57104704955975993386
0.64654418023975690488 -0.67598176999751780070
-0.90517789034236284529 -0.54875925811844017410
-1.28713601840814262367 -0.72116092362714145914
-0.29839034077124071409 -0.91501005463201634527
-0.35403931765606122539 -0.88273760576948012702
0.55653384479399203855 -0.74119579956291103962
0.49283721873403063540 -0.78811444552985610024
0.72961456882184716477 -0.62165727244598056878
1.11898495725029745174 -0.58538531290355300118
1.46040112424293289095 -0.90677273569480210114
1.01114353660561029358 -0.54695402357115763259
-0.38212707643797116930 -0.86499185365181885388
-0.68772513858119921348 -0.64801670073859107823
0.76663438264134953215 -0.60064186240561445729
1.48533356310854314231 -0.93130131779192670827
1.25528976326345365067 -0.68970574062177847363
-0.28880040382837290913 -0.92014113650427398206
-1.34687604521103110322 -0.78448500116022934492
0.69236567829421868936 -0.64498106011593581144
-0.43841242636033039837 -0.82704158208320888157
-1.53510065219971636452 -0.97477327568411475944
0.24170557651761370721 -0.94330892443758751487
0.55873969528563716125 -0.73956563767642813367
1.04525549953215479704 -0.55460389592653713819
-1.03544844830662485791 -0.55197827373793995065
1.40762505581909236341 -0.85105505988860674638
-0.39179556665329196008 -0.85868450332612111797
0.31567933577728846117 -0.90542757473357537990
0.64517368720330026122 -0.67694007900830133195
-0.33776970730271083099 -0.89259142579151262709
1.05125114899314509032 -0.55637933182467846915
-0.77963952432103555967 -0.59385688215602083773
-1.44650236876330584579 -0.89250985471053922993
-0.39247354186649485719 -0.85823862989078425478
-0.29521889311209648099 -0.91672174996572397543
0.73698878641050269422 -0.61728421110843278985
-0.20912515118065111430 -0.95723312878195343512
-0.83980937686678458487 -0.56722728725366899916
-1.37189267371046752508 -0.81190202388360099839
0.61134104221889140618 -0.70102905035138529666
-1.17640010577771736422 -0.62243941296499827320
1.32260182811267901215 -0.75824807887098155668
1.18125773540606671119 -0.62606689387747449516
-1.41253879400609960726 -0.85638789049562402678
0.76106234036153086464 -0.60364887035199776832
-0.03043779039592386937 -0.99907397017837129560
0.68422326721529014293 -0.65032458327341757798
-0.43299429414517476289 -0.83081343820557151947
1.27320094361218982826 -0.70714790419625539464
-0.32787335089802427390 -0.89842162430296912401
-1.13191993081068154048 -0.59276630698636334493
0.25943733319902939627 -0.93499386776748072414
0.49517011323025394987 -0.78641250806464957357
0.63327451140474577684 -0.68532273145003874681
-1.01918465910621280912 -0.54838330218381026171
1.42193739542163655187 -0.86652655256717248111
0.74768233267372696815 -0.61110235331842233109
0.98644735638179081860 -0.54398859847928338063
1.15879834069142573227 -0.60992076134653294694
