-0.92651953596567415694 -0.86344108027611243816
0.12441151043110165730 0.14181540357649174977
-0.35848049365086276374 -0.27603993535727311404
-0.36549215725186789960 -0.28073173353763664073
0.59288337093692788926 1.15279890618723546147
0.78265228389760399530 1.87460630960253316069
-0.93163199478693359268 -0.87229279320206243309
0.41690211795619158686 0.66317015706516369011
0.63474327448309209032 1.29337974508274733410
0.66182090680418559359 1.38970995162574073589
-0.83412579603009828766 -0.71871619057302915667
-0.49520943984133847238 -0.37141844467352019832
-0.54626110125870463996 -0.41086487358544676596
0.54771429034591756491 1.01201456111557885897
0.21399432302523413441 0.26958745738474348963
0.96287209329267975377 2.78269530545103505048
0.09527711146138795328 0.10521973912927755357
-0.85426336890638832067 -0.74790974464982817871
-0.32828409814081260798 -0.25589297373512509548
0.08909676658629273049 0.09774227136784841008
0.19882094796537086445 0.24621006353020893909
0.27261309761033025723 0.36719103179545686810
0.00917680804918785675 0.00926179466909198869
0.24740675290941105402 0.32376064672355225893
-0.44347952398623391446 -0.33402636680434760752
-0.59618440478991496789 -0.45265386767821008673
-0.65242200190612287258 -0.50447387384043440584
-0.86822851204058926200 -0.76889643027434084743
0.69557290345017075417 1.51592780705465224322
0.93586236350789087091 2.63136488778948862688
0.03232165353543980935 0.03340010890789998910
-0.87357934005559045865 -0.77710256847756065124
0.57172217839503525205 1.08546511173955240181
0.43742606707422337919 0.71246541910684568766
-0.48680495048613248166 -0.36518847014918381921
0.83200164877852444967 2.10016218432768875246
-0.15347092497765357777 -0.13353235070958344166
0.16957361851558983012 0.20320495597844240310
0.21158722109639915843 0.26582895371799863948
0.06706477230429142011 0.07186409212069724828
-0.10884118844578383190 -0.09828416086656376061
0.90745934321544985401 2.47821865473255664725
0.59218899568720595461 1.15055026229814205685
0.76181194477641267504 1.78429261340590583629
0.72609741548750128537 1.63612610503126032491
0.91578562177486766416 2.52248472309904414601
0.89228050500465205808 2.39884706639600642220
-0.76003646603892849321 -0.62142022771416915994
0.58019977670621436516 1.11214524170071449305
0.20244975079623328540 0.25173323795825436333
-0.74184577932933559730 -0.59977443491216531068
-0.99987090051298510573 -0.99974183435717367541
-0.22556777394914595547 -0.18616402675422993873
-0.13429871595475906254 -0.11868480197631885165
0.76885155558315498858 1.81447757722261493463
-0.93461269607211105992 -0.87749682778791027182
0.50040281058090263500 0.87610813480375104856
-0.30659479384470089691 -0.24141444956156032919
-0.79073074125547382351 -0.65988406887106410004
-0.11724628878026721601 -0.10511134519481538097
0.77925287603682136250 1.85967757594831128998
0.97965187817363563738 2.87955902822954712406
-0.74425234916009608277 -0.60259076911387299269
0.23917043339364041366 0.31005407541301466257
0.42703118132255224459 0.68725835116788003276
0.17445513378698906948 0.21019919860812028012
-0.69165264806383319751 -0.54414439791192059648
0.44249236989003026821 0.72493165093354960948
0.81590761929728472523 2.02476684268000495237
-0.34866768992460661636 -0.26948576941226459747
-0.64690960966176658253 -0.49914409081976834903
-0.03092267271216098123 -0.02999602964555871804
-0.04411874935492265948 -0.04225816086959412188
-0.58950709896614861272 -0.44685317258929169171
-0.50911427900949801639 -0.38187800142195849062
0.41215328206345125395 0.65203622315476617022
-0.42352769046362803707 -0.32012256376423109394
0.39442181801795905827 0.61135002696089346674
-0.38970388925844878791 -0.29701875518539255783
0.81332159404049675366 2.01281934972842169174
0.55281653421223975187 1.02736677107866380965
0.85783270902833064220 2.22496898896658645839
0.95350219738096386735 2.72956083650756564651
0.98013212151223538804 2.88236381695658616664
-0.69046673521522827777 -0.54289851171848257927
0.97119567182112231940 2.83046888957056719249
0.60418413564875383948 1.18977305775469432980
-0.09944315057704100624 -0.09053759774937955584
-0.13993450970570675551 -0.12309299367091591781
0.42953003082743057561 0.69327267112983714803
-0.59403678248589630861 -0.45078060450629026112
0.77046509349376979259 1.82144231536472966937
0.02679744512411730284 0.02753479151678000711
0.25293004920953277015 0.33308450727575894534
-0.73416610054217179560 -0.59088166510438810963
0.40450872987119002033 0.63432471878179541580
-0.91551270667375161949 -0.84469853983524811891
0.60447422039085352274 1.19073158466453987714
-0.52413297181956619575 -0.39340498407982033013
-0.15838966164317591634 -0.13727594329703862730
0.13299663426149987977 0.15303719738126195238
0.71791916947247469416 1.60334833921069752627
-0.04664489875140143127 -0.04457063965078375545
-0.20665509797334413733 -0.17277424916567285518
0.38562022728215072931 0.59166605608414202244
0.45290423964457682260 0.75092722673349499019
0.10799530268096990682 0.12091783572068560970
0.22118880002480856284 0.28093483346692116331
-0.81841701462457461247 -0.69679156710459200230
-0.07256151128605736744 -0.06767838727020682177
-0.03475587993280071508 -0.03358989284453601371
-0.63273246486233114538 -0.48569677051310872207
0.31805708774696883623 0.45139215274630772878
0.17162204573336481417 0.20613114977431171160
-0.73537362723075005988 -0.59227046678065620178
0.87520484542756804558 2.31158085638683141738
0.17589684986160358804 0.21227874773357482963
0.57735447127798833478 1.10314694863149531656
-0.41684776062254513818 -0.31551802881787915922
-0.87882642532171506566 -0.78523972518170881418
0.98679430252020949865 2.92146107395749554669
0.94395989491883680600 2.67614534944417004070
-0.32139254679924067482 -0.25129703235739792033
-0.29714788559561466919 -0.23508824669271827235
-0.71619412065229082209 -0.57062043049677391160
-0.96516020545407288367 -0.93270574454039845147
-0.78565739622930697017 -0.65335280699769804347
-0.98053548530394118998 -0.96182133080383003243
0.83627656291785323894 2.12049216660532779954
0.08153670174174698637 0.08872701052349725448
-0.31735479373901354094 -0.24860281998920782942
-0.17816642940220894786 -0.15207873907955563042
0.89506178690744730986 2.41326325311256484341
-0.52241051318676157145 -0.39207025569743653159
0.18138642791304504520 0.22025526558068792005
-0.68398633341595549417 -0.53614335151937952961
0.65899075451602340259 1.37943870280853198018
0.82177922994053220762 2.05206518849224961443
0.13537114130010308166 0.15617721018577704339
-0.66034758755469824543 -0.51223911784173681294
-0.62025145919874513645 -0.47415768693548088208
0.60762428090802123037 1.20117084762138204290
-0.85651564945558988917 -0.75125279540555978119
0.25269684851174645246 0.33268867921354633443
-0.45373222500598120455 -0.34127047650599628970
-0.37482317924733443704 -0.28699057745947176290
0.60238744090094997752 1.18384677941058380490
0.55153604278684631446 1.02350090478834587771
-0.22835846044503482766 -0.18811921654741356469
-0.08047790157056611271 -0.07452243956224582910
0.76610658545402521291 1.80266862680158257426
0.03628204117521338645 0.03764618887667833813
0.50036656563276782350 0.87600839146527498258
0.42335903508196714995 0.67847176366028238981
-0.94880780043420087644 -0.90272272706893608163
0.04613288242709634446 0.04835930724489029275
-0.36157660384461332015 -0.27811063542458414055
0.79604142935981858642 1.93416047763160880990
-0.15905509693807173832 -0.13778043224134958744
0.58585565317517995787 1.13016388779241960805
0.53428962185164952103 0.97227622249757761352
0.35082752876109246642 0.51708732012814695445
-0.64274904998994530914 -0.49515927209956861477
-0.02782944872256054580 -0.02707652380816344059
0.18423132856390012080 0.22442554011940038516
0.84449016566656043281 2.15991348598697641137
-0.67198679854013132484 -0.52386710477509945694
0.06479185910591689357 0.06926183936538135577
-0.85863917440672610226 -0.75441931799790784563
-0.37590396819670535145 -0.28771683151565929926
0.68361601899671864402 1.47042174346998755219
0.14556659034996100033 0.16984072508999933926
-0.13280622956870402618 -0.11751110411494065933
0.78829753278565206642 1.89956886787699241737
-0.50470531108489891103 -0.37854015746524044550
-0.90187542861331526645 -0.82206293453124457127
-0.64765360816992889603 -0.49986008326310699124
-0.39237772808026849525 -0.29882803205382724165
-0.90886788232371662488 -0.83358903242478621376
-0.84644282787753932773 -0.73642441778364442495
0.40524426273776348317 0.63601756831300204631
-0.27228466554688357526 -0.21833262268956538099
0.99189501024249393524 2.95163229246710168141
0.11952105816725033804 0.13551373369433308835
-0.65133348540788849057 -0.50341683877748000242
-0.23977335386939113704 -0.19606696516590052526
-0.64325773880374659264 -0.49564474098407190761
-0.36015634877787072732 -0.27716056802205707443
-0.89044790990568367661 -0.80358433371318760408
-0.34179782901882660440 -0.26490286284446068477
0.32406804629434948772 0.46312180310773792824
0.27254499242678975612 0.36707061801035545390
0.94253299881287433415 2.66821803552318259634
0.32248391144389421115 0.46001678052830730081
-0.33585931198131113717 -0.26094326114175664388
0.84876800269696239809 2.18063363950912680878
-0.56979836525661475832 -0.43012472433766302249
-0.27704843298966785881 -0.22155768236166564766
0.64699335421289783099 1.33642543173540184753
0.40268040241692326653 0.63012714279374593129
0.00109399237278129391 0.00109519050140419617
0.47595559373027040984 0.81030931556430352281
0.55890929907060504789 1.04588076950220565386
-0.53023033234756633547 -0.39815731244192426042
0.22472337409868625713 0.28657263303732960491
0.29636850619861099254 0.41023411541991633422
-0.36505818086703722969 -0.28044108759390634633
-0.52276688872557897092 -0.39234613294456543997
0.36108180725786209742 0.53853975064986792098
-0.68428873390396915966 -0.53645659531790168550
-0.99651253530380978773 -0.99304935301165830897
0.45396567395878228979 0.75360594725747176437
-0.90140167380419122800 -0.82128807102675616125
-0.91977340515659578024 -0.85190306039804553073
0.56647036877335898986 1.06913297562896403292
-0.38333978521520606364 -0.29272194224253272887
-0.58056969034436889388 -0.43919602139017488440
0.08201442009357462481 0.08929244413014357507
0.79326152365342972317 1.92169616495488848606
0.52420345543174251546 0.94303819913416686571
0.73339918656105207440 1.66575017652813173186
0.73930624747298567812 1.68996534650979879366
-0.02940206920785826128 -0.02856300508415373501
-0.70264137833940987221 -0.55583396781923211094
0.90435098775472932964 2.46182579337562890132
-0.97514242938451989318 -0.95150529693937246911
0.86582235726506961981 2.26453301687968666656
0.86477133453576837674 2.25930227659474791579
0.53616831967669820180 0.97778056097298482463
0.44783448091488931020 0.73820597100027562920
0.90649736683316306518 2.47313770119915332657
-0.68314103903874623391 -0.53526876706178039278
0.74066687121107999126 1.69557480891503264964
-0.51607524775309743248 -0.38718979667247199750
0.56542659745326218079 1.06590480981975410657
0.18931631707838869616 0.23194220824126679514
0.26611106158354336237 0.35577083934532016674
-0.32327210079778945229 -0.25255075241975705191
-0.48757347178145327149 -0.36575539425073844146
-0.01462068246784786751 -0.01441004349279170413
-0.08327429628609062107 -0.07691716250050396886
0.59772380748642017778 1.16854858370899061804
-0.62628177194299450292 -0.47969869818772115089
-0.74396496638108833288 -0.60225370481025297664
0.96772878973693554627 2.81050485422982720962
0.55204266994374417976 1.02502939550517457867
-0.40065432511030318885 -0.30444502698341979752
-0.87166121152947750872 -0.77415026406672049486
0.31095572665065973617 0.43771657692834892162
-0.07846551895532827281 -0.07279178075290165806
0.57892412254862080090 1.10810549951942327596
-0.13591256973073329029 -0.11995095090724568199
-0.91387989392415480694 -0.84195440855222469789
-0.45555127465002431819 -0.34256348371416550647
-0.59836506921863663599 -0.45456339494116032585
-0.84114327912090747219 -0.72874865170775071643
-0.80053480489958150912 -0.67270634304320331420
0.47608827757581906326 0.81065851748997808102
0.58680629413416451889 1.13320975492908870841
0.62313154669113313133 1.25338204177431200570
-0.40549118613736379046 -0.30774020277486946462
-0.29362997989823069744 -0.23272777033890484910
0.05618674394458955668 0.05952107289194204232
-0.62247745017061983930 -0.47619570117484216754
0.09834756611823758377 0.10897105151245284338
0.63484451531052665807 1.29373190903919255135
-0.00381160288137794012 -0.00379712994102574105
-0.87530694123467767120 -0.77977182784730736387
-0.76613379946099047224 -0.62886346083592703504
0.22096104736685084902 0.28057298636955546600
0.36566180733141906423 0.54826247740524169938
-0.83344192204673706037 -0.71774644429179124128
-0.70813760106135825723 -0.56178061461821693356
-0.83824917088686645705 -0.72459306277518031880
-0.06185625371102099201 -0.05826673174600123517
0.25978601605704043642 0.34480742995791868744
0.50497034772400506419 0.88873033992149974569
-0.06758972353373993158 -0.06333012772083491948
0.17877629877522283053 0.21645112680764860835
0.70626453424008084347 1.55736565096359291793
-0.58592384786621276582 -0.44376870754792158147
-0.14681312592843065445 -0.12842345589215589663
-0.65278806483083218204 -0.50482985903653576631
-0.38256777456667201420 -0.29220156585409001737
0.48367762479673448439 0.83077516941561402319
-0.92043766144991367995 -0.85303201154320507094
-0.45317351529906058083 -0.34087381895496426942
0.84608912515774314933 2.16764305393292344704
0.93340353009285670360 2.61786617844883862105
0.64653733884723796344 1.33480728538580062370
0.27903099799045683049 0.37861417437801508923
0.71399976006524146221 1.58778939448524658573
-0.85916599806452476074 -0.75520709630259275080
0.95966430093650734179 2.76442805517820744399
0.17785952113999470292 0.21511994013889101929
-0.90335313379954063073 -0.82448475975490409517
-0.26910790122910421829 -0.21617738064458372205
0.51498336543945222310 0.91676887184234290284
0.80833302677953544624 1.98990195342338949125
-0.30189226240366950904 -0.23826746452030075907
0.98712472021796249244 2.92340927825407792540
0.54135089933848212773 0.99306042114468195958
0.92515202654279726779 2.57290172103059200381
0.18243944349620111467 0.22179593594175051052
-0.39812889863330935825 -0.30272834472395132588
-0.12939626477526400272 -0.11481940399504686479
-0.67063666198650961903 -0.52250433727175271681
-0.34909820944917635543 -0.26977309473527538719
-0.20760348136981665590 -0.17345182099421968536
-0.59244622315401285206 -0.44939789299617538543
0.83761519519507166009 2.12688457402336483781
0.01508456965238069714 0.01531554630093959896
-0.04936029427841859274 -0.04704411895598362842
-0.93710992776560519957 -0.88188143752984116119
-0.50496451026331801160 -0.37873582823568369138
0.59174577643490611223 1.14911635450668137004
-0.23737404709233622668 -0.19440279094194587439
0.28232330134027017188 0.38453273492818090817
0.37040725981341893203 0.55842924371404079054
0.34722358594007740606 0.50965054490300742973
0.92635120725294006760 2.57940434050317879411
0.75009271501627061696 1.73476327206867142472
-0.78992698865367327876 -0.65884465473975251104
0.24516688817027620928 0.32000988908825467316
-0.80264232390631673475 -0.67549766063059124566
0.27411092210505749733 0.36984353660123747698
-0.88906756516307927640 -0.80138200541512316644
-0.54838096073909370354 -0.41256932539013324579
0.32537710861863677891 0.46569513143445789849
0.11302303042604355809 0.12724101523907838107
-0.20276459125148771356 -0.16998746964482963628
0.82856539339954005108 2.08391322478442964083
-0.28651358055306941353 -0.22794345766230708628
-0.56752337963030141665 -0.42823010467709737847
-0.83115604955896649209 -0.71451520777096955150
0.73355263483915100764 1.66637638553384603846
0.93212629334830210404 2.61087243699791571316
-0.43477800381044051647 -0.32793300882861259327
0.52242501945451502721 0.93793728437112033891
0.72562790591157888542 1.63423287565927344289
0.53743222964885051240 0.98149401006076164578
-0.65435916177674302574 -0.50636062402988724074
0.95784086019412661983 2.75407980007855135440
-0.16965131498578944758 -0.14575257728268825597
-0.16805135712513519231 -0.14455608033349773289
-0.35328842067475019206 -0.27257059704595176797
-0.41937451770053346678 -0.31725701907380920996
-0.68508394957669449532 -0.53728124481273376034
-0.06226156786073810956 -0.05862642217242744480
0.33069588225653911984 0.47622047327775751668
-0.13824691034758229691 -0.12177690586335471190
0.89676188343941154457 2.42210341241096083209
-0.53618934918022431724 -0.40284424245074995641
0.22520739436752901241 0.28734791690721572799
0.09602358690395762508 0.10612950443681977430
-0.86986219834567557463 -0.77139209757787530197
0.79438284642320033946 1.92671756680674688411
0.47541288902051026533 0.80888189632369844606
0.83165502445459149605 2.09851936810255423893
0.16777754355248597484 0.20064966877104273291
0.53741847604297499075 0.98145355618458496316
-0.19811982540724737412 -0.16664485362409500735
-0.25036006088582252183 -0.20337250949472229777
0.54591804905336527298 1.00664261967056534175
-0.01168601294243964972 -0.01155104591974800456
-0.73930579868015855460 -0.59681737030761838891
-0.64296283337730697482 -0.49536323842836282871
0.59761045167754556218 1.16817825569348809900
-0.66259296790082533590 -0.51446134717119285096
-0.10519468664286835136 -0.09529284075247915209
-0.32063865036662497765 -0.25079409147012959869
-0.94336018444828950713 -0.89295480188827269785
-0.46084874669099384903 -0.34634295848709412136
-0.26423271069319920201 -0.21286222920912445389
0.63512857749924100936 1.29472033093776062174
0.58318842729747055742 1.12164465123296408500
0.16281936077240755090 0.19364586975426434368
0.61459574785071935388 1.22447366276288804876
0.13682824455148656639 0.15811190714389466994
-0.48983401873390586267 -0.36742613701253473701
0.85595514038406905755 2.21573775313507903562
0.80766738194598675094 1.98685689888770844469
-0.41440742420800114054 -0.31384155384073547657
-0.97965456572583620165 -0.96012858312144289119
-0.26903366086541735669 -0.21612696730282895952
-0.33377552800571952396 -0.25955405579398177496
-0.65117053826695214802 -0.50325879902894343765
0.78436447728740388285 1.88215481146923035993
0.36809610489223176799 0.55346593425343904027
-0.25181269690632834823 -0.20437041361186872312
-0.34028820029338824327 -0.26389617364075723671
0.20269149861841317950 0.25210268806134827901
-0.79240294500750407813 -0.66205225028640113383
0.65291300020172537977 1.35754218537013993107
0.99053379176682310181 2.94356033873580980043
0.12653651833851253805 0.14457404706963838947
-0.72663896508744918457 -0.58230319447822354029
0.93331139420819453356 2.61736125690474619176
-0.08235326884934401903 -0.07612973284301266519
-0.72557930668798431562 -0.58110632574401599459
0.67700145117424570529 1.44562314441627992601
0.84130255214125249097 2.14455805650124897710
-0.94654469833026388947 -0.89865158833153990781
0.23926701670850536452 0.31021344891696145396
-0.23674011110616000053 -0.19396253880674585446
-0.92225957639872313543 -0.85613646975987967025
-0.52832814437401820484 -0.39667008303826645221
0.26996000264352892906 0.36251265954472761122
0.07100057693618100352 0.07639957858652833556
-0.29667735108103299169 -0.23477268454267799513
0.22096272073034128880 0.28057564433381632085
-0.95576545306299642846 -0.91535774288830473733
-0.94161434919122499743 -0.88984743689944068024
0.13992637004350449992 0.16224543191219076288
-0.04359793439458226061 -0.04178002458776621658
-0.01589433360012382224 -0.01564571914249551429
0.28056965255525012637 0.38137523753946156457
0.05879987321340673923 0.06246059446025116479
-0.96976366573767291968 -0.94132816015203413240
0.54271591369056637610 0.99710832741637067667
-0.09081192234961776855 -0.08331402534594770093
-0.44656967263653357669 -0.33620212152622241941
0.14368937991272323629 0.16730272040951699175
-0.86809450506893748312 -0.76869209775694125053
0.25584830211819076240 0.33805406446772007234
-0.44902417369521452351 -0.33793493524308837461
-0.95096904748806809771 -0.90662829149278323371
-0.55166532168304049932 -0.41522155452008591148
0.20642019371937347927 0.25782490930652052219
0.20651799110531077197 0.25797559812464082585
-0.13562851243346107921 -0.11972831820041798800
0.85303032760992736350 2.20140774671172634314
0.51711283377653449733 0.92279742706275336150
-0.08511998263956277455 -0.07849130049138069998
-0.83262636618868723914 -0.71659180515481535334
-0.82373136883177444645 -0.70412722085289469742
-0.98571239214816119834 -0.97183013916120331022
0.64831862627532843568 1.34113503418588719818
-0.95663151868653373278 -0.91694311918463911049
0.79825682955555121723 1.94413119568109316049
0.82786770188960745465 2.08062412479305613999
0.99209337537069552937 2.95280981679591869593
0.77271445725479659394 1.83118033554796899587
-0.20028732990059250341 -0.16820684452875941939
0.28963327542794337077 0.39781730200782594586
0.04619860378675766377 0.04843151696647349236
0.57176385887850611489 1.08559532808356573597
0.19033454183400855264 0.23345707436063103946
-0.39514580984767122551 -0.30070374894875434579
0.06942189278475496828 0.07457586379697084267
0.54590549033915758415 1.00660512082533482037
0.97509341788124093142 2.85302640812362495737
-0.85010157538445008107 -0.74177407786994453698
-0.66242039320038714756 -0.51429019932671904414
-0.62232513496929109387 -0.47605597520148151824
0.32361633189913296960 0.46223540136641416698
0.74067132322072604111 1.69559318285002857962
-0.93531243452019618978 -0.87872314739885282187
-0.31294609687242336271 -0.24565929454637469576
0.06003921814386425915 0.06386034969205613143
0.82067579124705458682 2.04691687546499379025
0.67948770445754247405 1.45491312384689019943
-0.17194035466866908202 -0.14746002529812671233
-0.26105922679192383740 -0.21069899441042988508
0.63012461713607170744 1.27737706123343253140
-0.31833929582417330728 -0.24925986327623431138
-0.07966480906775541548 -0.07382391852510535035
0.67190496034296010031 1.42669694711971573042
0.71242772969282230910 1.58157602359748628018
-0.36264982673529200241 -0.27882878445307640591
0.36089980413419597838 0.53815519175347481529
0.37706805032732959582 0.57286001891770543804
-0.63243712754233905038 -0.48542053531488016382
0.48309307942284807069 0.82921574558015076484
-0.17909061669418591123 -0.15276122146503529065
-0.16819735351607034701 -0.14466536574085850364
-0.94436821826878047936 -0.89475405228391002854
-0.19079004112808339855 -0.16133411905575598122
-0.40133404694341101582 -0.30490751023194723190
-0.34052087777843054184 -0.26405132687025195670
-0.76928383325470761633 -0.63274655577748539770
0.91711225709839516718 2.52958558416471612773
-0.01689964343795669066 -0.01661887199312000671
0.75178479604019510241 1.74185919196872074366
-0.61471493025392964782 -0.46912554817302998256
0.33869239354868652114 0.49225719487464264512
-0.44935310061651723146 -0.33816746488305660101
0.76086980527252290329 1.78027759004182195568
0.56374813084531960605 1.06072598148626773273
-0.65066445293865449173 -0.50276827793432499192
0.19878296284880314637 0.24615247161461423220
-0.96722338144177300023 -0.93656016419005827522
0.41054515831959426109 0.64828877439488596934
-0.84010980933772039236 -0.72726179238605848099
0.61743963446481409107 1.23405889953059055841
-0.05359468252136423416 -0.05087623735663470564
-0.78776953803207661053 -0.65606337859840102578
0.36883213218550636725 0.55504414295963566683
-0.36159797812192273625 -0.27812493613115973901
-0.42717446907711908999 -0.32264639636114422760
0.81990370192772799030 2.04331955270260445801
0.47211458467557143592 0.80023741522913205415
0.93128265047831138013 2.60625971095287756185
-0.97974802190294640880 -0.96030802284028693450
-0.77451047018872820615 -0.63924686227245630654
0.97945305658695525075 2.87839837261166886506
0.91102541546354331992 2.49711403433020917575
-0.93782040806056254922 -0.88313301436948976608
-0.75922908611610617768 -0.62044179589797010532
-0.14181719935220349349 -0.12455732557245462189
-0.00746347853058848543 -0.00740819076077615241
0.43929754105828244803 0.71705653349026443610
0.35129175019357572474 0.51804911634870953741
-0.35816139244508815587 -0.27582660349012233514
-0.70646507573761452292 -0.55996387818606130349
0.84886986707165790200 2.18112861058943563464
0.13973084241606525957 0.16198375468017192635
-0.17210157445679641341 -0.14758009078728881458
-0.49510526388477593684 -0.37134080986415124448
0.66499451988475577480 1.40128458608953399001
0.13050068632600719809 0.14975359814766098232
0.09028299391753225045 0.09916991130620567141
-0.54113388594013067667 -0.40676601113539162524
0.22760493526036951195 0.29119978937339707770
0.68176196679504541542 1.46344388520650747765
-0.40339793582472638356 -0.30631294478684562010
0.12010875868303427794 0.13626757523004956463
0.29829511580350187572 0.41381738419431529641
-0.60968600737867562067 -0.46459965021338400781
0.91546497501539203512 2.52077043019148216985
-0.83483221852549416298 -0.71971938663419665616
-0.29436406885849875081 -0.23322057074507318575
-0.91396830576172649607 -0.84210275685951052616
0.18354595573758225591 0.22341857494217357005
-0.10968915143987079119 -0.09897718955035590682
0.54331997644516860646 0.99890278127199605418
-0.09806223020283266756 -0.08938901532586818188
0.89853898565117740205 2.43136678971986253117
-0.57511512069758863319 -0.43458130184707000065
-0.74691733642151980632 -0.60572618622499652119
-0.03792856050616610908 -0.03654454790965486893
0.35014710962852868548 0.51567919352471447425
-0.51144619131156465741 -0.38365165075758145274
-0.05305255067515401990 -0.05038729782578905969
0.59780363618359744216 1.16880942332614878865
-0.48250325261176985059 -0.36202515115619282593
0.94480888676417951189 2.68086944111981440031
-0.26665535782949634225 -0.21451082848366331834
0.13881888354612748060 0.16076470059508560229
-0.29075913762494609571 -0.23079929374504326578
0.77095411892866105852 1.82355656752088246542
-0.11601066356788636291 -0.10411351601290635971
-0.30609510682905161083 -0.24108023297795219686
0.87468959872043883230 2.30898066777726729271
0.38604394779175010832 0.59260597979058415863
-0.80454197266788041176 -0.67802437894230072057
-0.33804078533259995787 -0.26239766490973109869
0.05132862831162299244 0.05409848824165684744
-0.39798891861758334265 -0.30263326541590729324
0.51245246974838964960 0.90963388274496226327
0.16565281403398701698 0.19763932364804950859
0.76995921430351166315 1.81925686431860378356
-0.24645713379477363070 -0.20068609703896417296
-0.96718247238592258697 -0.93648358085628613523
0.36060473232742684679 0.53753202041169967362
-0.55527211126138387165 -0.41815044323487760014
0.09152166806687156431 0.10066448902792210496
-0.39351006324888015975 -0.29959499351358831465
-0.41002623449222674878 -0.31083895242134595982
-0.69483861677524072498 -0.54750648631536646960
0.38943881894140397470 0.60016471400740400988
-0.95241259762978613956 -0.90924655241921814586
0.43775855031846089283 0.71327988526669428015
-0.57524574967604968911 -0.43469130930822069692
-0.41533707346179538078 -0.31447986279421319411
-0.07029761808343093499 -0.06570325658848538697
0.24857620855377748903 0.32572589661685907858
-0.37542627950847906604 -0.28739580433649786206
0.84703055744463862098 2.17220251461972235774
0.57495639345367388628 1.09559737386385047664
0.43174346268749452804 0.69862390547733732582
0.00110816606740882229 0.00110939546030520714
0.79371446421004132610 1.92372345696525659520
0.39772792218673469478 0.61883100799921930690
0.55786594810425049751 1.04269628943432213219
0.13331653236221407965 0.15345930459478099306
0.63272034741865090801 1.28635550980722457304
-0.98569995800074750036 -0.97180597417109038094
-0.74730245096325931264 -0.60618073685293138997
0.53842920268666261130 0.98442906882176173244
0.32928370193873335303 0.47341495130915733913
0.37394047779091943440 0.56606060951078396304
-0.09260023866526845282 -0.08481946337991179419
-0.75319874473619274902 -0.61318633206354145049
0.67564788320167190605 1.44058124589891001222
0.70194168759830222193 1.54052602579314568132
0.08358720787516071837 0.09115803808161804245
0.10790324658071193120 0.12080268663985302413
0.54503250600575592344 1.00400053062539074133
-0.92112796484019354715 -0.85420687854780985582
0.08021498751118261161 0.08716557059546434227
0.01076057014535547474 0.01087760598022526753
0.23912662206964752087 0.30998179228760625037
0.20883157681551134388 0.26154948039233505419
-0.36504032112241335817 -0.28042912720216806033
0.03297878564074729901 0.03410225368031928606
0.14614959044303255098 0.17063100504395484203
0.23667877746890209067 0.30595361925864666963
-0.79458489544532828752 -0.66489295589906072248
0.64358567855779225120 1.32436301772987796710
0.86170637127942240063 2.24409385533979399696
0.03367998017922535503 0.03485252582867977289
-0.13004804920617263342 -0.11533499109910863578
0.23579127062383609115 0.30449820458925114242
-0.87238606893802361775 -0.77526453556131169620
0.82557537153362958726 2.06984134691192256383
-0.05042524040052209777 -0.04801075203538126418
0.48255230724992403957 0.82777458843183016057
-0.25643818125988571133 -0.20754115393544642076
-0.72211433518524326125 -0.57721110172993495002
-0.67946150254895210097 -0.53147915684081536991
0.10657511336279013037 0.11914387544274732122
0.98343675235435501492 2.90171333483563342881
0.45727136821977065750 0.76198259133874257643
0.07353187901618740696 0.07933639850220453038
-0.72260880544455030616 -0.57776525239132558998
-0.25933865571284875351 -0.20952433760869826340
-0.04009458036547375315 -0.03855146005084412325
-0.46449312005885978749 -0.34895544441434328542
0.73282852507047158142 1.66342267910078778215
0.69936519202725522248 1.53054454213126511775
-0.91210658262313359934 -0.83898467201234483426
-0.05664409816149484911 -0.05361728994457146125
-0.47017002749956526841 -0.35304589073168496371
0.12556587954169762256 0.14331244051387145855
0.44004155076000484037 0.71888625211569201490
-0.46754433777046289222 -0.35115075051195415723
-0.77499374865798897893 -0.63985154915299979894
0.33287546800091272203 0.48056617000197832112
-0.98566550224366156208 -0.97173901471774137839
0.60704203769121178880 1.19923708566946451981
0.90681310324407560230 2.47480459421021548039
0.21234303993452297021 0.26700706218616498955
0.78897403658929232684 1.90257464929167685597
0.07571365731084345185 0.08188024813883865161
-0.07602648779482801267 -0.07068589608890378517
-0.00586705388759134472 -0.00583283352388556421
0.59671334407497544916 1.16524997896318449619
0.38530191740150132595 0.59096047038581378530
0.92272934009738127870 2.55979769594160000423
0.04896390235551018044 0.05147875526955669051
-0.69282057924126827508 -0.54537434822217567554
-0.52712433948698622643 -0.39573107569620763480
-0.67322796880352364646 -0.52512315380966290146
-0.15178397034042068192 -0.13224245251125146816
0.65107139272007685804 1.35095058101167087017
0.61838359574640322514 1.23725068536476823233
0.83375438975778992656 2.10848212008209312529
0.39317974149033618758 0.60855182838483046215
0.60859681118952169143 1.20440511050571941176
-0.38065744278979751769 -0.29091465128260191042
0.76578164313103536109 1.80127400703607554178
-0.69502120120623334110 -0.54769982915519899169
0.31650228285031434261 0.44838118106448016098
0.33614806348716741446 0.48712680950110648359
-0.08043231417843821340 -0.07448330238229455835
-0.21067930485011410191 -0.17564469841982555121
-0.22796790719837711769 -0.18784588825382186883
-0.03759385515311874926 -0.03623368852608789548
0.90942071849018435437 2.48859956855825892319
-0.47599440634390655092 -0.35727010535322994977
-0.84591036801347896379 -0.73564932054948528606
0.94083910331070863542 2.65882760282215357961
0.64530288659926382522 1.33043302979023425614
0.58323310568014186117 1.12178703346127872642
-0.83586301007027419274 -0.72118591638791917919
0.13684204900784791015 0.15813026488789846957
0.71449000363382997314 1.58973023302351568198
-0.50597850706084979144 -0.37950196525604329434
0.96611250148383165381 2.80122954399132151337
-0.68782527313877639408 -0.54013428404365115831
0.59128620826248989850 1.14763070592735494380
0.03987659233233054046 0.04153014441721947225
-0.97470884433375193368 -0.95068079647794512255
0.68339881745937258728 1.46960320600553595582
0.79501279989548390148 1.92954229684572431403
-0.84651503908393310738 -0.73652960220749585929
0.37515380525897024100 0.56869347106958700877
-0.99825863523312241554 -0.99652332988831782146
-0.90421249835361572345 -0.82589661380982137828
0.71011653291391496623 1.57246928488411996661
0.44672052817577778683 0.73542696322855272140
-0.53541095645374636725 -0.40222958832611299673
-0.82026055226815786092 -0.69932693171712245750
-0.12640209516805245293 -0.11244419367409215493
-0.16471479237245656435 -0.14205270045495416165
0.38129650350467958475 0.58211909083744617366
0.35196696476140632015 0.51944963860256043731
0.49613348681060176482 0.86440440573568511073
0.73129560544670235700 1.65718083071450639210
0.91202850731939122397 2.50244616808168807154
0.65675409008669838329 1.37135509680262690502
-0.17498122364917056970 -0.14972044512725990462
-0.40016825162591440623 -0.30411441677210665491
0.52999505656037881884 0.95976265074110478359
0.92817159027041706842 2.58929623761682758953
0.80390797199260921602 1.96971601872342261252
-0.11441021386128435999 -0.10281811186274308900
-0.86214201825716973993 -0.75967371621464274689
0.47183819404068261250 0.79951541712803209094
-0.23912714918021849009 -0.19561907496386277128
-0.95762985089047925058 -0.91877409670897691729
0.19577455297456669570 0.24160581212261275641
0.38313999342709714746 0.58617976399892457451
0.66811509707676308700 1.41272461580178831930
-0.64675788264340883238 -0.49899820313725518073
0.87146142589900832398 2.29273347998745080645
-0.19047469467765676399 -0.16110462334663683270
0.23658074274345941568 0.30579272070147894835
0.44619147073884146693 0.73410914413889016839
-0.15207712955845753555 -0.13246683294086206151
0.67123663608847028428 1.42422671125764654931
-0.45140596125219323298 -0.33962041221959327064
-0.91990981593261911264 -0.85213477354634514782
-0.19056026690565119885 -0.16116690758668059114
-0.12501176923875334523 -0.11133750352556133489
0.50512689639401164854 0.88916481251093260063
-0.07371836209812854257 -0.06868458002692583164
-0.49195416850954831745 -0.36899747323419257450
-0.87688836205270459523 -0.78222373638977726884
0.42351678577921902935 0.67884796355077658969
-0.72682592945164592457 -0.58251464281008158430
0.83580485406502669221 2.11824259950564375288
0.75572828364563005010 1.75846901873854011278
-0.90838356740164227787 -0.83278528724106715142
0.52411087055831950821 0.94277224570381046309
0.02117418226114464730 0.02163202161537489815
0.46248607382818662792 0.77530214652171580703
-0.23253535369156708157 -0.19103647523591213431
0.81318476090496294439 2.01218846023025710323
-0.14286034600218111557 -0.12536691555267989728
-0.69438814274580340502 -0.54702977824014109576
0.20578962908368381157 0.25685406196231952425
0.35747762968246310500 0.53095004311836946354
0.44228012332991895050 0.72440700093730725495
-0.63699019243246146615 -0.48969660154051458667
0.89316950227533498108 2.40344880430527174653
0.51167499198474164501 0.90744858291754326718
0.63931484903843038836 1.30934131272538589741
0.74832772399674674091 1.72738142820769646768
