-0.73074946858452372034 -0.65815830760072779881 1.55011132381026817129
0.62454058059379002898 -0.58797914468554624001 0.66937597674776450063
-0.70578163632077828282 0.28075450903966681082 0.35835765776536965266
-0.18861042187128740366 -0.33264797185141548042 0.39595041681178183568
0.51313937314349744589 0.11499826374107668947 -0.17416850846710965617
0.59181289386004354292 0.41874407293118642848 -0.41567899214970149835
-0.89181792298084849868 -0.56451414907976937840 2.06571447704032262749
-0.25403313671359439851 0.61706615595713132372 -0.40612287042701872286
0.58403341336217162727 0.14162968123053776281 -0.21446527329270259621
-0.15487419219704245954 0.88982054504179974863 -0.48964010015692510658
-0.44487677708745643201 -0.65063985302860261051 0.98952438831567879340
0.22876847348269402360 -0.85979098295965994403 1.22017760251989804132
-0.45384029895091781981 -0.25854264869016563289 0.42786680701886758982
-0.30928034809935112115 0.86694714868587130496 -0.45241471218881179617
0.94048118324519647260 -0.73490195799459656634 0.95543106868904115192
0.99035353365750888877 0.58457895009867066882 -0.42308266333002619852
0.41749386932242926740 -0.42886841947829457133 0.47844371075599972931
-0.60958398910851996355 -0.57393278429640703919 1.10323021835720536110
-0.32953777102924131093 -0.11193654878385750351 0.16578055045841821880
-0.11730633143250490669 0.05060101074827216827 -0.04751719458529574114
-0.44309293289416573636 0.57756783174106907097 -0.28523650128283667415
0.16939011770099976495 0.05177074652902713403 -0.05446766517035765698
0.21798651155561388215 -0.29916456760522502911 0.33581394947016740549
0.64984588876516791167 -0.45540652217004540248 0.46301138107429384849
0.20129872814374327739 -0.73016052656262586673 0.99021282811569044657
-0.47328619800700644227 -0.27164402132137599466 0.46473120581601656820
-0.65652542113303247184 -0.15638291457984632160 0.63737309740260550406
-0.64352820314233727395 -0.55727005479332314408 1.15055086676362083864
0.28165393419505591055 0.54333317752724274996 -0.41177793378497185017
0.68070333328930887618 0.78267250917217978667 -0.57709331894288795617
-0.21354680631201428120 0.09625848272867898459 -0.07980785843574857152
-0.22757894367822006920 -0.99432930165700517122 1.50314391979297079516
-0.24543238896295749285 0.81573919019735230407 -0.46461134894380318183
0.43401875914738163864 -0.06457780436886095821 0.02038996323791057719
0.16109992351947344247 -0.74605367275177081332 1.02084422571894228859
0.22943081128965259197 0.87927677818601845949 -0.50201903358377053532
0.56590336264672180810 -0.75291574454088117108 0.95768606190764837827
0.13386473646446650498 -0.09415873241612660038 0.09651395895805756076
0.04885845902014973596 0.06384008554434306149 -0.06191324122521757456
0.71418615599900059365 -0.72241452222712521092 0.87923987675938120034
-0.05747956732000925051 -0.20288819667084623255 0.22367082938495130850
0.60663111280939507886 0.71316452629214932557 -0.54667878593474039661
0.29038572546818808284 0.31733403688680628107 -0.28435952446173617947
0.95874642772758766895 -0.03754316453222927841 0.00189218178496886741
0.50506982610157735714 0.38053566236608094009 -0.37189929275419475463
0.51698868055442370739 0.85962806615879827632 -0.55689004374210038240
0.30462541942746779178 0.90566135606198394647 -0.51520710984953810296
-0.10385442368645536604 -0.92479346646744953198 1.35365142344243749584
0.37093114629561685369 0.20730327402615089660 -0.21792135052310609988
0.15769044669079890220 -0.05003727865031892819 0.04798630068428168249
-0.22998830512588286368 -0.73647348844480142738 1.02263307303095207779
-0.99656336745675955235 -0.88761472379683969969 3.25759433613248106099
-0.04445115045697400902 -0.30385341167379964489 0.35010859500691976498
-0.23523198023901081832 -0.04636320967547780114 0.06351619046968171034
0.00831723671705875134 0.91959404900646934955 -0.49676801209375032187
-0.74906936180143590676 -0.69627558418580859367 1.67382064335093661001
0.30994107658410685602 0.12799230737536815283 -0.14034711715790521014
-0.64760498408203970300 0.26558806393541645186 0.21717076524517420211
-0.09653727235927989092 -0.97136044086363848571 1.44411751975111735113
-0.34440728978172696628 0.12261754456620987952 -0.06017782115482409738
0.78965952815719919755 0.18660414689565518742 -0.27276562197278875210
0.84090692662974109162 0.85949210223615968296 -0.58472962023380059549
-0.74391603792601657119 -0.23377538600784220080 0.97905603724239109731
0.24364814892342767649 -0.09613319905883566108 0.08981409829731364092
0.10080335819656482954 0.27187433381965342427 -0.23583754964074638005
-0.16325915891273412583 0.17092123982066964594 -0.15125235618414906158
-0.20181956314728077828 -0.70620502233984705498 0.96544715466225694556
0.20125236995332262957 0.20882728682378504104 -0.19353364254395680200
0.95178912274389437798 0.11176376293009870899 -0.14708697044836888113
0.48166498095671350654 -0.87493170960704902406 1.19976216188111095562
-0.57276451474743028669 -0.24587327209967302366 0.57162359918438276907
0.23653171053093302589 -0.37800191180813724756 0.43934143050319668378
-0.95824506862879021973 0.84520858590729175397 1.23502598643945638024
-0.07661014016380041092 -0.69254313104515441424 0.93283520533192265667
-0.55000897175396623595 -0.12540540232444108426 0.39116402263841582032
0.00313691503781909908 0.36084244084984273826 -0.29573883806176048950
-0.76394118612323413942 0.19905604822782163588 0.60719249240240957821
0.90386941319648173021 -0.55130539351252250135 0.63228723793153851496
-0.78541740785642510936 0.28711301469266814479 0.61915417067305389409
0.58582750056432009167 0.48541132391543073688 -0.45086962285190901323
0.07477468187389746390 0.46580337130395199630 -0.35770380300226756187
0.44109727138163656868 0.72602461594054346072 -0.51043538953050759943
0.67400504261227189851 0.85487711950462452748 -0.58928571096874038382
0.88974658536134731968 0.81181017340270877902 -0.55995115953360730110
0.04648996017250772717 -0.92626903636389967822 1.35516039200251126040
0.93411295882844513905 0.69475185019052654312 -0.50711474007623891236
0.82034571747065276881 -0.16895574970128923731 0.08404780956689567040
-0.17288612551309023857 -0.09379965858544880852 0.10425973476998835754
0.69781342722484152041 -0.90268670841554055073 1.20742663665222393909
-0.06882857953119447814 0.43710916946008304684 -0.34122844706158939054
-0.18810097743972020723 -0.60576646552100399390 0.79715023983455923773
0.94325892928639176738 0.03366405201637956424 -0.08071751770770474455
0.64026875584920883711 -0.65898671945702047559 0.78169823027419393924
-0.14935988896648155766 0.30014705974877808892 -0.25127329072490656170
-0.01837137909288943938 -0.94747020292199390923 1.39632641002538671060
-0.06536237891888019291 0.40938908002001306308 -0.32529187475315335387
-0.86313083428385595219 -0.50717269183374047437 1.83383008407373049309
0.29382719675530921677 0.37468185138430754044 -0.32240237522944947823
0.09801877989537932656 -0.79130617909963341106 1.10353948798849721413
0.31466990625400348414 -0.59294075544185398385 0.74737680387135774218
-0.32246666495022036081 0.33596781805649977848 -0.23518618689874801198
0.26710901039270118495 0.58248000242648978464 -0.42680558576696120410
0.57679236136268996482 -0.69033853545329959545 0.84741171695684014420
0.05760144782622722559 -0.38394747708690357690 0.45747520091881560544
0.71699434375570469946 -0.36185911703413786711 0.32301619810667964172
0.54038582680879798659 -0.12152792702813153269 0.05638451894935909980
-0.52137754881421671804 0.54988092330373006256 -0.18307395615739507910
0.99583151624221111220 -0.79626617031477753272 1.10916950532538782781
-0.76042240857535881027 -0.30559924307069552540 1.12636713572609004075
-0.51160957308965104851 0.37345102400966978529 -0.10129716496149587801
0.26751794422653385475 -0.40998978395891749749 0.48001211719155312263
-0.67804642871466613840 -0.11559097285880026718 0.64536866012127658276
0.99905385402562241204 -0.70937691965973459496 0.96004126379479215458
-0.36313043328555472122 0.44863156618045851864 -0.28272465994250944865
-0.51102301585544118723 -0.44687139365497263732 0.74836573822415874968
0.61067563534724444985 0.64511189087249909413 -0.52569040696663815737
-0.22269128460873321984 0.25867841354983189817 -0.21171827055353351077
0.76578480259583758816 -0.19273381818761747830 0.10612646347962984006
-0.92495769308446007528 0.38930218069257827018 1.20978066070785983399
-0.45123242864678592134 -0.72739873527322629343 1.12528626712825396972
0.77095704932579178781 0.99756301657202084421 -0.60495308142027959253
0.72525139504113700362 0.76869290647538135453 -0.57805815068277710544
-0.70950649822611788764 0.32505015178559859557 0.33835487212655090961
0.47954124452258528599 -0.83456590855008716545 1.12542233723897999731
-0.21470896734711608644 -0.73179921283632221041 1.01158753197275452784
-0.61745552529325209434 -0.99818036093815032395 1.87712068836723644516
-0.35549749658242868477 -0.65673971387025131818 0.93329198719035433296
-0.77970425644422980405 -0.94187466550146936584 2.22904051817600201701
0.58407762563945864187 0.55359492181420733026 -0.48323633936897159025
0.92714850521907155034 -0.90306069244103315263 1.25275875049185447807
-0.88582613223162187666 0.50440589497991394907 0.93363899606166200762
0.04000986663659134024 -0.34373270776339870380 0.40274731011183273477
0.82922341107804609095 0.43190001817796153105 -0.43600520276909526807
0.23137907966601556353 -0.88880541894871667452 1.27427191359169311724
0.94223489796478054892 -0.81269404739382244962 1.09460805502098268427
-0.29129084024485596416 -0.57851304527623792495 0.77776743035975881568
-0.07514874601695931133 0.81038197847028148324 -0.48156622050341746366
0.60582626206220124843 0.49465509867757084805 -0.45995923960405937780
0.46099513605119613047 -0.43750533394744950400 0.48040498194923286768
0.07416708756198153729 -0.89452535055495108196 1.29423543515691941153
-0.77941100570454047158 -0.00471861236880743995 0.84724131626206455881
0.22544476773960808735 0.47060726895822213578 -0.36874676035419973186
-0.36496128558851514967 -0.77254092360523185512 1.13730368792724734206
-0.39341619403324035176 0.60529150852556035112 -0.33725539625030004354
-0.34678549441891437510 -0.25728730540621325140 0.34655268053619581181
-0.27156999775660328744 -0.25270344537168409893 0.31010042135867760260
0.00327864236695818434 0.61629361372779301043 -0.42638473969516255124
0.04923556279421936743 0.47672559258446778330 -0.36320542474298467273
-0.85848993479217461378 0.56498758339375920734 0.77050557140262943001
-0.51025933134073109265 0.35028503065805405292 -0.08829205291025149505
0.64045799314932150281 0.34874535618909074941 -0.38238796289904386505
-0.86652794865890858667 0.83512011229625549014 0.72804991056935985938
0.27098782718487846033 0.16907500822056831247 -0.16928904671955169459
0.27629129138813435240 0.08672321952135586542 -0.09822665674218716836
-0.64675751997159958151 -0.91400756640586844348 1.77721905560756132658
0.15241640236812892262 -0.22696652836564079614 0.24972235024215413968
-0.46773721859709982418 0.03379200777196933458 0.11697346427105109745
0.22401549158761668856 0.80800685067548139173 -0.49029274387086363429
-0.44109761418038195835 0.17802532138537596751 -0.03849936950100441013
0.39775770172516677903 0.19815908681026583871 -0.21642451358948996964
0.24591410914456290904 0.25161794000854209585 -0.23117641994486579082
0.15141869757934900420 0.13571492982913646586 -0.12945165354866208784
-0.13353089334305723312 -0.68067978033931519910 0.91504111125621956369
-0.33632536690201653151 0.19713523766569118756 -0.12686577887521263697
-0.56643070599360689776 0.67396317382694115317 -0.16217353666148937030
0.92164479976339142020 0.22082311691188150071 -0.25778378058323697664
-0.86206050261620426056 0.01845818740004157021 1.17462038163518545097
-0.87294234135236203898 0.85562461902746811404 0.75631609878290784188
-0.25676084719213121410 -0.92059398973085238005 1.36561414133295588869
0.21239234239491500134 -0.67476564740346312021 0.89487381844162094957
0.79932012580029265791 0.02525804768278638868 -0.12742542217547336847
-0.20029114503462697172 0.19191455657541123259 -0.16385463276998793458
-0.59693801698522896970 0.38435650372296836785 0.02919299268321262630
0.41394760364255822616 0.57455198839156595980 -0.45106628065273629558
-0.71485147582103802932 0.07042654323586461373 0.55848545081198019968
-0.89447577115109977441 -0.37185003183452036701 1.79678366225238073106
-0.10706440228923819191 -0.71871172791664905688 0.97834365366453734936
-0.92208484048120564758 0.43789908470569072207 1.16488137999884067142
-0.96251108274576546719 -0.33866834446535931669 2.14598135474414153379
-0.27623813829877730264 -0.86293614577530974863 1.26216742179401997248
-0.05742844482227660308 0.40109923261052582433 -0.32045865791290151225
-0.93608962283278773775 0.60092254414301682353 1.16773105665940191145
0.87859496754757304693 0.98154092460463404635 -0.58216810709506883192
0.19411194451439550690 -0.19187632512132779539 0.20439029719281401332
-0.47221819229368122706 -0.31261069934157825756 0.51649791821694734928
0.11018059086511700073 -0.47676189719831074676 0.58922265812784024863
0.21067558510602846233 -0.97398994276106898305 1.44093743670281004832
0.07099502433497839604 -0.55271726201797322098 0.70513301668437244896
-0.57884536080880155673 -0.65661612186507789524 1.17840405545105486596
0.45956565876041710617 -0.86703156945296222524 1.19044859143428993775
0.86406124041893805909 -0.60582788890328109765 0.70164619185510790356
-0.58892738176389269888 0.84086022009047711734 -0.16278152827968128680
0.85151015868494872585 0.61840966829658627901 -0.51887264441043245977
0.87063945028429867712 -0.61167380007027194466 0.71337393926979597580
-0.13297565382233389464 -0.32514651571527042329 0.38067066098706614508
0.69245882937419378500 0.47181974352527955574 -0.46262677215535730202
-0.50400729366276886267 -0.23490243832080714981 0.45504950168137353606
-0.65361180568358756560 0.29909560426796888422 0.20736894546945594531
0.53250049084772022034 0.21519544426927139646 -0.26263058195221611335
0.46519493457839433681 -0.12318053622404900871 0.07692782970568959322
-0.05006726625744084558 -0.10832659250316289956 0.11432570670184448447
0.83538855004245959890 -0.37194799751009255395 0.34515284139380886241
-0.32609991497330326204 0.87616803222765105019 -0.44634653927324208222
-0.94076607664309341850 0.26509386092903208798 1.38595712508930479778
-0.66013896098854596417 0.85851717729642795796 -0.01240645959372899121
0.09234595032554637761 0.11485928529441258306 -0.10897774009080923863
0.49229022179348524979 -0.93647407195299692262 1.31439290548347420540
-0.45909416215057174959 -0.22719426713268053852 0.39418790824159499753
-0.15193588882755881819 0.43640192927496368469 -0.33713834633598072088
-0.54397518840148340047 -0.30450826366869976347 0.59940020165204388469
-0.88499539757391643136 -0.92721668016481473273 2.66365401696551984401
0.50231780529585812189 -0.08482453399936806804 0.02534269594013244947
-0.64405051837467275355 -0.60950960640830476045 1.23447335871158703213
-0.77713372326340546259 -0.59596922949912856105 1.60763825045721064910
-0.31326520992223683137 0.87929257980271979811 -0.45234205300528712579
0.02140958926980363053 -0.56347318775781696232 0.72221460099791157106
-0.83603024693784822041 0.09074475699177564358 0.98623933817484821240
-0.88685876410395025893 0.88528603426298513313 0.82272174263933717242
0.23452076695724177746 0.74457369880088264402 -0.47725234328202170708
0.65890035043438510698 -0.15017540388770389548 0.06387629648871094579
0.69569350980003763496 0.17140816396279179301 -0.25918031348371045608
-0.03137125878854196692 0.89756296557293246963 -0.49472148421736544810
0.38662868737737121627 -0.53978059487404728145 0.65001300167883968584
-0.87998253064891196473 -0.04848004374641967651 1.33073435899992720266
0.62549950050036162708 0.66566421215638293951 -0.53575996640949341554
-0.73569849928293651331 -0.92135729495094742525 2.03695945152379831455
0.63040264024174486046 0.60211027128801974939 -0.51343589992588600790
0.50564886125882724244 0.69363816227956620608 -0.51698324623766878094
0.92547983136273792582 -0.38695597175814011592 0.40275238179214484235
0.92368738037995745671 -0.49643901928077616148 0.55952376567707973187
0.86396622170768622162 0.43143798343597805633 -0.42609637869563748991
-0.63490950033789639306 -0.22310661229110451131 0.66643103939129588742
0.27206376239150631413 0.60803150635853353556 -0.43783938691563673018
-0.68157811474573737343 0.00726232524961134551 0.52519580994314862821
-0.15797215918655216349 0.68548187618165012935 -0.44597418542104505512
0.34371871676692933306 -0.27246637146845964494 0.28293518902588926656
-0.01510981016005796818 0.17888196456747595953 -0.16287908415411631036
0.02388394381095038099 -0.46308902221869718829 0.57030144445027486366
-0.07153022457120150612 -0.60062937792550252780 0.78139937167630435511
-0.92058287444670749977 0.84156241623518845962 1.01093040208376727662
-0.17062676632561690759 -0.07280758134003328941 0.08127319002052674213
-0.01980704807070310380 0.63727690281776938619 -0.43420805278661900317
-0.36868033169895175760 -0.39614658046189288321 0.54320123654635099619
-0.62872134311119909356 -0.33705391691534924981 0.79863878056229364866
0.84964239872764246719 0.72704708134354878446 -0.55497022071248247599
0.52712316298357109190 0.02820559691195034802 -0.09706811501683156040
-0.06026628542077716588 -0.52400778095529809697 0.66153193847775004777
-0.70745374806859540051 -0.49178875275536571010 1.21728198430562373211
-0.04273883794595656482 0.25022230252025345898 -0.21883529856841826833
0.13102073828468374650 -0.30586318320207528387 0.35068485423468159778
0.98964961591486888537 -0.36254185390306470360 0.41822784403879564863
-0.93120508205699659143 0.72559491937485276480 1.09707377143087159155
-0.85659821179277062519 -0.49767416851981516324 1.78845635281158954477
0.23346234464661463903 -0.81007620515019462815 1.12843390567691015391
-0.30332173935571771217 -0.47590387900020236778 0.62551771714772175237
-0.51290697206192770174 -0.60444132849447096412 0.99125595141821931655
-0.24884587204999375487 -0.81954710625264004520 1.17462004938856834357
0.06743452213538514428 0.38136763652296079563 -0.30893297319061047146
-0.26069635000686641746 0.87462481799418645423 -0.46980402030577228523
0.09728152581246640729 0.59801680754850217170 -0.42003583768033880830
-0.77942930339454119526 0.24031155434485462763 0.63114284119996189037
-0.56584280844828072077 0.19388962807738852057 0.10859143743504184876
-0.38042301214989104885 0.35401051551792450667 -0.21534897880065417830
-0.88180587337946492177 0.11066693535570237827 1.18576581242695433538
-0.85703607553312566303 0.86922514956358210014 0.67755948040458191528
0.51383095947380996726 0.20544938494939435358 -0.25029971753638158294
0.19825494294428525066 -0.29340489253087587151 0.33020057782371159405
-0.68752108717930493498 -0.52054660962328425100 1.20444341091150053380
-0.54240985952816900273 -0.46521583292677926025 0.81956890107839008852
-0.33664746819326007987 0.49560067973846555489 -0.32179386137607246532
-0.35657874260968092095 0.69261390006652612250 -0.39125176075925899299
-0.80586577488382249435 -0.29504186830121126306 1.28365766556230909146
-0.72455241061840625072 -0.19635612777742794677 0.87160676645711920862
-0.85793569478068287815 -0.27525008013930651884 1.48639307359749262005
0.62039818430936866100 -0.72006172512805988184 0.88866200773054093709
-0.32896233874029201516 0.53957233354029954242 -0.34669337071852485144
0.55047438675313831169 -0.07726422674949584568 0.00526559278305514800
-0.39421149793379384185 0.24904237394879102929 -0.13261978802267415656
-0.45971756628378401821 0.56834757592557760830 -0.26501657389975169510
0.36101604971215128792 0.48376078444848635840 -0.39681410875215172851
-0.15784542994136674388 -0.62875657752889657637 0.83097750786420310209
0.31473172385114889238 -0.59013407402044726346 0.74289920541488907446
-0.44783017945662662029 -0.34984154382792653770 0.54107032890256245850
-0.08083038811801368517 -0.47548573999638255039 0.58909988127852985773
0.19559324835787550434 0.28288372505755510211 -0.24889130347497875895
-0.37610162887252385211 -0.97686226457815306112 1.52720148929398025217
0.24254205985573462634 -0.83136152193292778279 1.16613514979326104992
0.53451610774872593268 0.60954191544089475485 -0.49485772852711057412
0.93603369013768533691 0.53440142976800952823 -0.44406867795228238682
0.41811055072939318222 0.33350605644712505438 -0.32042472140975108985
-0.18725567980826118841 0.38012055254820364958 -0.30007914056310525108
0.84917676810865017067 -0.01838025591671366143 -0.07380628282095337556
-0.55087237577332959226 -0.60842637149561240584 1.05277383247964984037
0.74522256340131720620 0.78750952683370867291 -0.58286719007731591091
-0.68414548951858322745 0.78379681035846915371 0.06266519208256260409
-0.90349684681742314929 -0.38954534362949888582 1.86930491413785593302
0.54906971854906738706 -0.87382201988933427828 1.18096100105173240635
0.30160393570593013735 0.14919718553480465495 -0.15722804834104298077
0.95766315598245044249 0.09856100859202454600 -0.13088793333003539976
0.59566707084285797080 -0.92727882380958970288 1.27174439025523744462
0.99500417872584701051 0.80591860547114402280 -0.48608752617006945052
0.97931835278236811781 -0.41336396352380799790 0.47937403550866514168
0.67075870741416321330 0.70828978792879815352 -0.55681295876497727271
-0.24341019432908805875 0.31335675082527525426 -0.24632844231393449808
-0.84205739224160636169 0.32124280887056011480 0.83019243364679096153
-0.91973626138741537694 0.71373496088714749597 1.03456417599105532368
-0.11334581133126331309 -0.73155035070888030369 1.00075454551767828448
-0.40120519952001942876 -0.03484809788197051894 0.12594546165797210202
-0.74196147564626357962 0.46527795753003142742 0.35447646364387219720
-0.82253501275014162530 0.07590950756256664711 0.94120771112736023589
0.28165582254592047562 0.81875831419888966956 -0.49962623345854811907
0.07608560391091945263 -0.21086310182955481096 0.23268777741255949887
-0.98655670559180586032 0.86208818081592442084 1.41702115871306055794
-0.90186507629730594537 -0.59878778862061565746 2.17315822179458795205
-0.53796540676239090750 -0.13310341499751210392 0.38140879371339198034
0.72150791084152054999 -0.11412507302581920143 0.01603626252072197500
-0.13456403795383331534 -0.24594397019344782507 0.27895268494164104922
-0.58551876137821867729 0.84360187565101241169 -0.16950118555920168362
0.71487504857417727422 -0.36932481005845652078 0.33335930070367925104
-0.35696665467965238427 0.65248165668591040500 -0.37789177612527968808
0.73641940524058524531 0.63716461040698657570 -0.53944147879835746551
0.45397758350370986946 0.46048390031992458837 -0.40554857714809139368
-0.89090865037371202995 -0.15515207017319898597 1.50430720173498677639
0.45540704698932277239 -0.28241707282423389458 0.27086029235569147877
-0.98269200013984447928 -0.09550807617272005778 1.98158324041569167129
-0.43109405274020962118 0.66520345087080645641 -0.32930293935720011955
-0.96155639954728733265 -0.27684832710787210530 2.05908491902356072245
-0.75926618504771847817 0.03927329658861711259 0.73153868848433756256
-0.58549751242861924894 0.86328536483074946872 -0.17242484083206321976
0.70469982903979033750 -0.66923657109985312808 0.78983352350172553180
0.28104712386143759772 -0.60236500234842327295 0.76782661757961134796
0.23450355925717669692 0.87335160581866166929 -0.50185178174411337881
-0.32912848579437969931 -0.07280515535433473850 0.12284290525039587294
-0.19366892344140596016 -0.58934882550056255646 0.77168573507721660576
-0.30799352570714044752 -0.76516971473454420405 1.09612675226819544783
0.10949338161730803876 0.74345718818158745833 -0.46826185583309304361
0.99223065071941451976 0.45591755439562509089 -0.35957681040352551527
-0.35733895152218364544 -0.22124099655488360661 0.30764882274433963394
-0.01042987111540849554 0.48708312434592615503 -0.36845699291661671015
0.42086923322891722776 0.44365749713248514574 -0.38841510084545904924
-0.13453141684015257340 0.60768730047944252703 -0.42028296584035540473
-0.93564990067672981766 0.13172810391650902062 1.46245056440883502979
0.95431157310138203798 0.58367201153484216114 -0.45304338997898330188
-0.95999853890838471315 0.70613781255158647454 1.27725084227643281842
0.21047024249954060515 -0.46781127081298423676 0.56987389912651487123
-0.21942931464463177882 -0.26053837209551633514 0.30736219279699655837
-0.22294659058119448147 -0.37655841889598118399 0.46100874637663530331
-0.47135048616408803390 -0.36238706420061483904 0.58212987558619744277
-0.14714844950683914071 -0.07796391009097347613 0.08465808994042511859
-0.01492396631315040523 0.25103369816407772319 -0.21952136581381540004
-0.07680393466626189714 -0.21284297921944506093 0.23598189694435647845
0.36167151522827922783 0.88616691912644096618 -0.52371963794399545300
-0.80601378936781142848 0.11012265445158475607 0.84163014978319794501
0.99464066897965119907 -0.79026618110124391414 1.09725287488998812790
0.21249952194826504659 -0.22948814685718588180 0.24826398183223813421
-0.33027745444455502977 -0.85172944015229790082 1.26237782421198563299
0.64895689330421091334 0.38192408449582848640 -0.40493291159815381075
0.14222608778894230142 0.31759143354192520547 -0.26962707799712687384
0.65983745815465466578 0.46547370180046199195 -0.45486395237195376140
0.89708652848576209138 -0.80034443372925889726 1.04632236341000983693
-0.25372498713615643240 0.74334879969114853182 -0.44658687037079808357
0.41709256645255554652 -0.69295868805002092117 0.89075878900871707788
-0.51166842953659297244 0.17032579441185857760 0.04667842195961474649
0.24926009305665619564 0.27602731850616812892 -0.24955824515545443898
-0.17734544426771292613 -0.00020997652603327310 0.00677695322514763540
-0.44979415677397693862 -0.51242544964862579704 0.77564664941503758122
-0.78793873077568710173 -0.00520623461126867859 0.87986108169939769574
0.80962567993484024775 -0.18959370302540135000 0.10653406818466819306
0.19346636584507392875 -0.98076527621156417425 1.45587518931761583652
-0.05035970797387756548 -0.20700888074328038790 0.22856936816555342706
0.56812732765732376627 -0.92472147891719025381 1.27308229735681610606
-0.61629195100463562973 -0.89265854390460086520 1.66941560141333500411
0.27073471172682150865 -0.86702207112052342985 1.22841407979665140360
-0.42762486760185391965 0.07504710858140395402 0.03940459033616186546
0.08538652928898482486 0.61079374071285674752 -0.42482862841363233652
0.45776247902036537596 0.13356160599757838092 -0.17665504385203001370
-0.15768404449843975712 0.15060438287079724873 -0.13472461473300989532
0.09406066346226626962 0.57631676983528623559 -0.41100017670806343606
0.69834327472705637341 -0.65310488686323964203 0.76364253996519337875
-0.60675457411317346157 -0.05402625590594833938 0.41439828812866036367
0.57300714126430585260 0.61142769989429290867 -0.50484002857787169116
0.07925524008903361839 0.95731689280592480173 -0.49954745359785779346
-0.82206670282422122931 0.27371890265652853991 0.77598666140161109972
-0.91680315750246421658 -0.77899735555376703466 2.55950191560036710570
-0.69911356833499738173 0.36723236678321358184 0.28078215762120495302
0.08269696951488803016 -0.53785543528652679512 0.68198089184577637134
-0.46424364934453521414 -0.32022024837545459697 0.51799535296734622314
0.80762822634872688532 0.16346192550618998673 -0.25144083868924371750
0.96822659966389301722 -0.61494992483334476319 0.77519166520873716841
-0.16579629534505291311 -0.24118059794554436159 0.27557772792771362269
-0.29306275311309359921 -0.15351913924696836133 0.19784949137819599074
-0.28847146947214574730 0.42962095576926118135 -0.30640362461294307073
-0.68165762226131065837 -0.34884212555555738078 0.94233083690243535369
-0.01521274292370033976 0.73926451823536232233 -0.46600493006798954232
0.86450052586589842818 0.98125676684393248195 -0.58736975845068206681
-0.55190474937267763877 0.59221882809699444294 -0.15596724376736642581
-0.74871446949657416425 -0.21234855146302344941 0.96884637698440012610
0.90231508303981367014 0.54979157908836140400 -0.47041944946692348939
0.80608150700123148980 -0.96280333394130890312 1.32473065096738418234
-0.27283137809937518803 -0.67357084559842950178 0.92626928738013780684
0.28516161721016786146 0.50785986546533434804 -0.39547509485325837986
0.22823897765741119059 0.89893910490744954878 -0.50406932399163140168
-0.77146312279580309124 -0.74209693713172630858 1.83080116434917861135
0.50110886371511420556 -0.30921028499710412341 0.29423857060726787971
0.24117848680460540756 -0.58123471593547471059 0.73950637648436035043
-0.38653347895673495493 -0.98630007044916290226 1.55276801875947745302
-0.27551488787878031239 -0.44309950937184439113 0.56794409931807565695
-0.25910682772343496261 0.46607935619769125246 -0.33556159761485437887
-0.72326263594456152717 0.70604233979423014489 0.19519349096663662912
0.54285263790598170530 -0.87957712612774607841 1.19327399161148894891
-0.16908746357371784441 0.27663851035467534878 -0.23272234991626467027
-0.73891970667568718234 -0.83519329688652343968 1.88553764969661852291
-0.92644975087914249734 -0.58165694069972273539 2.28269421015903395400
0.54146237279310471813 -0.50743881999940887439 0.56339453936548233859
-0.84002141252067019650 0.69526727756468065245 0.63710247032832234559
0.41243848036027652704 -0.55185234926760307061 0.66290068416709935217
-0.40708370317260089699 0.65684874135005655305 -0.34620068829773448238
-0.92377167445591501505 0.90386716650834486586 1.02113834385456359044
-0.96555927912643535471 -0.67237592727659856173 2.66780818963630439455
-0.39938547524154177637 0.98249817742807610266 -0.41069831822492774975
-0.69721023639499613012 0.53514625699228890454 0.18325513579933550012
0.04804800880261916873 -0.64249069553010285105 0.84878224796806989172
-0.15321556337505404244 0.13768614316807648024 -0.12405959340906298760
-0.39502208321063880803 -0.73843562273302509880 1.09706866439389028045
-0.23453214534380584233 0.41568156575632198013 -0.31335988028772399083
0.22330439200991136772 -0.74324592976921044496 1.01080464889782706273
-0.78724116835803270575 -0.74357234989887599497 1.89200232466390749764
-0.11135998677233449605 -0.64703994145516818826 0.85790505072378020479
0.48645366872692852311 -0.33258853918531539051 0.32878023808201889411
0.64808647940947494703 -0.50648170007856907482 0.53895032213187210601
0.39404335392438016861 -0.61565920815627395157 0.76810298602725524120
0.23676993044442018466 0.92627175179475362832 -0.50741267140435197813
-0.34596212760049360746 0.85941996904909156996 -0.43438484503263630199
0.81334275381211251776 -0.97986964503425455497 1.35951139759650252437
-0.88743862696441344617 -0.21932827668253862541 1.56251140842581892620
-0.38433767870052371052 -0.66445437038286669917 0.96379664373578144421
-0.86434166299917114529 -0.93707618433527106738 2.58000832277545288918
-0.02541298223811594426 0.73867899620856181109 -0.46583883720196922473
-0.69522227827426985591 -0.89552739116775437189 1.86614839247439001646
0.80448494257085312320 0.20605807712150547850 -0.28662487484282378469
0.33028651303199163536 0.73760234803457924713 -0.48970397187761172120
0.93046539469035316472 0.97927885378631240876 -0.55579997277946846523
0.40163763493542847804 0.57253066786923967335 -0.44740245627061514533
-0.60257782752451438668 0.30612788884965791425 0.09136692328168977140
0.85718673047920312946 -0.61839620267006489840 0.71965443667060247090
0.22719937425202862968 -0.28385131457377221764 0.31507374674775395773
-0.32955136347089242221 0.91788237516368353930 -0.44904286743802029891
0.85569295210003182284 -0.72597409067917340053 0.89907808919268394909
-0.84305253739770424914 0.33377977058868180116 0.82626172674599374091
-0.71258721456037399378 0.69282987269791052043 0.16685573811969001135
0.40894857941424311853 0.11883115786208264808 -0.15219399975113068191
0.87579187212428388776 0.77759194107348306169 -0.55870318772066585034
-0.97118295727839365483 -0.19984110826693957108 2.02544487912973547594
-0.18686739935508644983 -0.66564469297731432285 0.89493078998584407735
-0.31933075294093304919 -0.48184332374433203050 0.64089097029309960440
0.35782400752722720583 -0.13879908209183455803 0.11901033178295285231
0.77692846413092464530 0.11933074422614065035 -0.21682421625277747967
-0.70252711207841334051 -0.73460328499706695204 1.59473857898580662074
-0.62647526948594967067 0.23777156142090660751 0.19040332921525149334
-0.52172489335515304099 0.50199917443073105439 -0.15989457588336930538
0.68274370951927232376 0.39825991766053858711 -0.41992234610899203950
-0.05606312031250926253 0.84680027803224455774 -0.48807883317823869129
-0.25334060171214622947 -0.06592197560247403665 0.08847385872067840829
0.10865646292143704699 -0.50603958633772072595 0.63293418194341655170
-0.23924953002640392263 0.92685398665338247781 -0.48035365024151760460
-0.44610684339612771687 0.05189606233228905019 0.07783635195517438210
0.67148000773304894473 -0.80960971952642779570 1.03788078073751810493
-0.08819495046658554216 0.86535163968509110077 -0.49018839568446048727
0.73377741599190460242 0.11412943425036714551 -0.21279782101598307409
-0.43389165326143230850 -0.04529983534553094771 0.16345373702684035111
0.79252397272817320939 -0.49165060985698727514 0.50923340633945513023
-0.00204124120739379578 0.31341711609847511255 -0.26430196324420185405
-0.24447080985277858112 -0.56784835981942216598 0.74725724845252949891
0.65627263425265658370 -0.19751143392254699727 0.11986140580650515852
0.22388307770406101760 -0.51390074528959051037 0.63723827872157201568
-0.23332519980471988497 -0.09219912534040486385 0.11211562421956748625
-0.62280957354228960732 -0.89972769132532004477 1.69652537654359303332
0.70760322031360023409 -0.97617504865839110906 1.34903814990846959709
0.21162546999976861173 -0.71661200223424126321 0.96590639121424604063
-0.64333822921371330850 0.21370546228345643769 0.24669702865941567360
-0.54179487599303777223 -0.48249769104786599527 0.84410580663126499879
0.84752818347492864248 0.52904903313637108297 -0.48192482845918249712
-0.28167679809508250344 0.13331539563230676571 -0.09578502468552566040
0.34011759120428464165 0.55978275252736398038 -0.42906732543745396136
-0.22880890748406712554 -0.58151809013277078186 0.76531957619311907770
-0.21237271213092578925 0.46375802472992777581 -0.34460959642021649074
-0.19626241408884648187 -0.42198732934816862716 0.52006750998841633216
0.12379766077887799369 0.79012136564902446523 -0.47963790313002052645
-0.33853148757513906730 0.91034142613281709977 -0.44404977586593596950
-0.15297128779899682449 -0.68179767786330391921 0.91834884569677188715
0.65026705366933934549 -0.52447182892066446236 0.56584333826755006669
-0.98895562796063751776 -0.65402183381477407842 2.79167459149426822052
0.64507156044105751214 -0.25458139249714273333 0.19171540990755889244
-0.48018543106000621812 -0.62359855699129185247 0.98192259291386596587
0.62629405734792631399 0.09123430713329283570 -0.17887714947025029621
-0.47344250633370177361 0.35083158472388786819 -0.13292684556684572494
-0.72427220060282060388 -0.30207931947112776072 1.00281082142199617913
0.47693492763963685199 -0.15775174173309269854 0.11344882829221683562
-0.93533189787780290914 0.52511923030430485149 1.19638211937345029234
0.02589980335323427418 -0.61161528756781491367 0.79863499395027037764
0.58359223467169818456 0.50284406642399948062 -0.45918310585059862738
0.30851545691106618818 0.10265199486767873083 -0.11768875879000760543
0.67192092248859203174 0.73856645497625406094 -0.56535144381299684557
-0.99485105428241071834 -0.71113995059320322945 2.92819526818079367558
-0.27240758139060328169 -0.73354341489816277111 1.02830714696686098542
0.87717545382661032960 0.78514794273295862581 -0.55981739713481115661
0.69434561546875084304 0.62411688192218561788 -0.53167527893987953647
-0.90148835393546256078 -0.60390242825407325356 2.17932500188236133454
-0.34142698727324449770 -0.65043809268798336021 0.91536302956816772980
-0.62628613664021326457 0.39620105190774435044 0.08178527055504591914
0.69795575563203526848 -0.77837769492984398845 0.97861744380597093240
-0.17626835135830387635 0.54580888565683838287 -0.39041308648940004078
0.40646828118582067901 -0.13207660820968092352 0.10093995128839394759
-0.80086965813367538836 0.38489809330081325989 0.61423070339481844471
-0.36719150028831548660 -0.55370391211940916953 0.77468522606342560266
0.23188293585329500246 0.91928693168594466378 -0.50631979505468449609
0.75983806249970098357 -0.70368806472748191005 0.84591856062564974028
0.26433845064330507846 -0.55953592279280384147 0.70248803649034696761
-0.75258597141582539436 0.11878503352944003169 0.63531649708203496996
0.72230610427259689388 0.05928586893653631229 -0.16217628252017809998
-0.51481440818223878075 0.56056606098956329731 -0.19676269435271470654
0.38510379086763801837 -0.40072677229095710061 0.44589930684421968943
-0.58475552725732105053 -0.14296623959284970873 0.47005894619956833935
0.13903449025880054712 -0.00145724262969326723 -0.00085564255752850014
0.68193996049319927089 0.13658352781402061105 -0.22812263189688999909
-0.25463293408509923843 -0.30652151934293070390 0.37421307020639732466
0.02470363561565003252 -0.06450734429780391466 0.06657323958284398768
0.82233916072436885614 -0.58499938562838171840 0.65731432850281523717
-0.40817553263511152650 -0.33019671766625413589 0.48047464405573503399
0.37302737395338336768 0.99342637560367141880 -0.53252237553734438347
-0.50172710330834591197 -0.60044378791522756700 0.97037800239532001623
0.63778655368394487901 -0.96051696977246092679 1.32784308752609780946
-0.48895067915850387585 -0.83019536140380822964 1.34885810982708997940
-0.27458778045584186778 0.37165083248753916223 -0.27620024289614464319
0.69603186237013070503 -0.87283194927106078076 1.15125174710957600688
0.59992184729186703862 -0.06168048228288181001 -0.02280039358668077554
0.08045520276704398732 -0.30580701237471230591 0.35208708730808230269
0.57908551487934478708 0.70316661978008920819 -0.53768259008088858941
-0.39289983127371219673 -0.32907346454976194039 0.46770037558430527236
-0.49990645564110147703 -0.47963263225127672484 0.78203945901198346213
0.67423845109834146250 -0.77307329269275237849 0.97204622076449209711
-0.38537086226899219810 0.69318001624821667939 -0.37364362324161765061
-0.41241080625533310666 -0.25269488187226873954 0.38369428157873547436
-0.79037383491655677226 0.65581902882924403286 0.44320812709425538856
0.89907490568892134419 -0.24990421601729551071 0.20778252524293183701
-0.97478798016702317142 0.37639090353379067722 1.52360110171841345306
0.83105515995030687648 0.66217056891124936868 -0.53990498741771486557
-0.32743947133781436953 -0.06800953268193232759 0.11692453109236988773
0.30433563993736512110 -0.29535829147869518962 0.31936742743636098441
-0.34886211582833936973 -0.04887180946072544607 0.10733627442090806769
0.65975006895395327255 0.32074892261409382321 -0.36701839419556747668
0.64657959560828981438 -0.81897205445624399189 1.05879574591227565428
-0.42644577449517084844 0.04004046183224763134 0.07138448384397373669
0.67274057617499227746 0.56932097076448684447 -0.50689808768570077113
0.38002316448239503721 -0.05959587960107448623 0.02734612335912031678
-0.98485475356615514997 -0.09404490430567857828 1.99449749033331147352
-0.94872976916807005843 0.56541045228715325344 1.25853320650489508559
-0.70292720754150783691 0.66722825893192205804 0.14683092050608514967
-0.68058881568382711968 0.15537836690365924852 0.38649765656699885952
-0.38291402705669996820 0.89147394933287626984 -0.41646863778985526716
0.19818759440635513869 -0.14092567816771706113 0.14461401191189343640
0.93447027717893904608 0.03973408795538491134 -0.09241772081786138460
-0.76990194911060827465 0.46314715847322163178 0.45181549614918248281
-0.69181379236740569993 -0.93071410893711181700 1.92399895351646477160
0.31542773396133694241 -0.05216054242625722814 0.03203671628402748189
-0.39491925283274742497 -0.31565915728658411332 0.45139549704817555353
-0.78871584183978971083 0.79597236021438200204 0.39842663390315169458
0.44933043145794071549 -0.93696543808854526603 1.32596144856707609527
-0.04325206553222815664 -0.55915496035308320799 0.71556650828914780682
-0.91157437713672129220 0.01451026834170576763 1.43359156088677175411
-0.26832670236400257835 0.60458067679303506559 -0.39731857879050924698
-0.75731905429190948809 -0.79792962361789321335 1.87956141825681477542
-0.52728381454056583166 0.97571378943837316911 -0.27580561731422470473
-0.26675297486630022981 -0.51228733147257266012 0.66755120774422915808
0.15846980203100868856 -0.69569598546566924213 0.93434348303053804674
-0.60307805398665537133 0.45084138844195442708 0.00240894520612910945
-0.66348022938315609487 0.87484728799536481958 -0.00631907622478322661
-0.47725042999146705114 -0.01086811852972524584 0.17150778903892099914
0.79085087081367100303 0.37588852916069170895 -0.40869466491183520374
0.87352977498282879942 -0.29197978952900616179 0.25030708102044135765
0.52330027265822698368 -0.13857078950750523205 0.07985959771973874521
0.26571555902371613023 -0.36804555830639285041 0.42199857387320049984
0.84769465497385443342 0.13677752350755278954 -0.22019901553928308835
0.52198956335003221518 -0.16075267663440206967 0.10568686398442682373
0.58709099399977260347 -0.04000054480989034822 -0.04275408071837320800
-0.67441838174037327391 0.71350641277039472676 0.05467141347659032480
0.90784912982078536103 -0.19900461369986777171 0.14985504511446831599
-0.91736567443861649629 -0.86548468191062855048 2.72025746935503764945
-0.51655358641705806377 -0.45265728256439774491 0.76413432017444304911
0.33219447151303027610 0.14627623801857980723 -0.16005875962784721356
0.77941019106568032448 -0.51866749149151014642 0.54873142950586994981
0.44558887861259433016 -0.13361476791784876461 0.09349167840231496773
0.77381526716015791578 -0.93747055090186415249 1.27209271676785706795
-0.34638243096186260850 -0.63849238959880461053 0.89828328217274910905
0.15727069940986337926 0.65894324000195569901 -0.44511831381106437000
0.27228711812580397300 0.55317427121972828630 -0.41486404545217619999
-0.58464895664944616094 0.57425314937263194359 -0.09269129003031417735
-0.63072113153606812475 0.63505385075830589336 -0.02424840306862963146
-0.00366809208910279239 0.51970437106916334002 -0.38465800488012102942
-0.40242640007395591439 -0.96553145929902295386 1.52305554319917302308
0.03539691900570351990 -0.10980902273145587422 0.11579525304934530638
0.61902778453078832754 -0.65498399627859371641 0.77911612875428559732
0.51146375731914983653 -0.32534957963931465663 0.31291133860687248003
0.39176481335844948184 -0.26842276694692035477 0.26787623277209454686
-0.24077897914779322619 -0.25946826463833283505 0.31045024438523588506
0.45530829548872131518 -0.53755077841916332204 0.63061884873051798905
0.96746093644451858218 -0.87435013156395480216 1.22712928113083763471
0.29439137537301518499 -0.17530660847988155382 0.17267005046032907201
-0.39684677311588889559 -0.62851894509626049512 0.91333759739952613543
0.98756170520191743911 -0.24287602306727995582 0.26039049399798452900
0.44313245192372052728 0.73624541625262418520 -0.51367331951998351780
-0.18496065198416689057 0.06941326888055732169 -0.05950622773514539082
-0.61806795387482016402 0.40908358285033052937 0.05662811494482805630
0.72831118173822484430 -0.57337773368070377167 0.63279901809405236790
-0.28409448054081609669 -0.90751634445543039043 1.34875252651289567751
0.54907803354042794552 0.55173098909832107850 -0.47417294173545138092
0.85314998129468411214 -0.98014522620842225997 1.36929693959553278049
-0.20235969661659969354 0.61236494487452919344 -0.41490615719044865450
-0.62354164284311597299 0.28823240342167277817 0.14691084380008934129
-0.65057875628548189617 -0.28306468554700114915 0.77762958400875747955
-0.23135642063838157689 -0.63237975607357310714 0.84758038054141415785
-0.44960988899584708456 0.46850806499502906100 -0.22700570921596679996
0.82970253836086982346 0.87416834362544970638 -0.58935241659783355050
0.17832398595010112707 0.25954233562059725315 -0.23052062259326752680
-0.44141895159519672909 0.42996274335124162747 -0.21355118363763087030
-0.92228089617080755147 -0.03323166089380324983 1.54180170474170141759
0.27469757339972256105 -0.63931716990623566055 0.82864607836385340001
0.50265430246693965088 -0.63061542074000187519 0.76628976831086270671
-0.13663231616921178713 -0.51734735425598743497 0.65407071085285717338
0.56083470636907017948 0.34455095958765080688 -0.36266311710509308019
-0.04028366049947895711 0.85913493521417816368 -0.49001051211943419395
-0.54832706056215396728 -0.73573852944842976775 1.26165352018212750806
-0.33612676578410116690 0.15559457776946961083 -0.09274898304557273321
-0.30912068126829850279 -0.31907806557558382465 0.40865255419653856439
0.36587701090465740705 -0.36199923453621973835 0.39646257271809531852
0.26209108610155884556 0.12651645645381504046 -0.13179818685307129189
0.35965882927459014162 -0.93991471891506406244 1.35184365964818398176
-0.33565480314480322654 -0.67576523666725085704 0.95460403624263867606
-0.35031678832549961733 0.62728806391536373610 -0.37249072823287260325
-0.93336666412829027983 -0.83268258853000887143 2.75142985016671737242
-0.09960133792715830658 0.73152014439343715502 -0.46287278095057349248
0.99869350230858922046 0.31154871317028853817 -0.26431879640142602605
-0.61868574242706242394 0.77529143521401588934 -0.09142298119120195743
0.44555820631424514211 0.55255226281097913343 -0.44893738858162990368
0.04370572971793218464 -0.11810694278163569315 0.12500173029391997703
0.63899902766766691897 -0.74036702387219266441 0.92024778521090799810
0.62308030508086043042 -0.68320052592996494134 0.82540592813705693231
0.23002314889814345911 0.41337814133181693954 -0.33730853478557037972
-0.36418342987806995303 0.72358153566173832871 -0.39590432136594760903
0.48101249251472344426 0.88898942357267962677 -0.55159816459022481538
0.79103399331789558957 -0.82072486809072509040 1.05408605511058106607
-0.67290843759230689614 -0.22056652999875248078 0.75462120835721846479
-0.70380402560823585034 -0.00009050643138919234 0.59407469257065670387
-0.91657078686384019228 0.08736864011836376065 1.39223234014965813188
0.56852674934299551879 -0.76037209399095195828 0.97016711475238359697
0.24270877180287908637 0.51757883863597742291 -0.39446219093648798859
0.95130012865100077590 -0.24943999888282930577 0.23862444015448455725
0.73123997828410192135 0.38655574593463248867 -0.41692897374442389191
0.77079866874606461913 -0.40385890312418681880 0.38044599913778587297
0.36552894609052777319 0.31880745202191307364 -0.29897518533261890905
-0.76839414127014271649 0.27893231165251264336 0.56225897851027673013
0.26775573193005453021 0.66415354143996641056 -0.45765991999107702437
-0.44817856806951961168 -0.43390529328032134693 0.65841150598399922345
0.15802727759860246692 0.08857750212412196511 -0.08797723863657011534
0.42239659182838984464 -0.15867765568127167874 0.12773672474646366459
-0.72035871845968912908 0.56543451895302987431 0.23750425976643463333
0.68726885450877461814 -0.95976931499218220978 1.31882799717359144864
-0.66838784176614440824 0.38190475656636468926 0.18919668027517699826
0.73354461128308701134 -0.84950170319323503598 1.10515531409978318145
0.53680804452559938156 0.78742734163229810562 -0.54905673929671150457
-0.22685202673601856382 -0.42475319793695276438 0.52928338186637979845
-0.89294112331550112849 -0.24673030226456793557 1.62490655078636492270
0.96294061026488830812 0.53453955842568290358 -0.42476328899023241270
0.74008777921908563968 -0.03349493618777099613 -0.07130426294115486952
0.79045398287940726867 -0.19376639792640348858 0.10904653283132656472
-0.46114106952308486775 -0.62878338659891075402 0.96975029384136623989
-0.46432077569393626071 0.53729330344272341335 -0.24636590488684484423
-0.11799502198401490283 0.95688096748860718144 -0.49723370538864025692
-0.04286053891048058340 -0.65265786182726448494 0.86572111470910284581
0.87807654204589424829 0.67224564774811379486 -0.52883233058670864324
-0.98324404842068724442 0.12639994272017962551 1.76680028286654455805
0.42835388918290528970 0.16852956854038225742 -0.19925835503740235710
-0.88292336745329547121 0.85116705398870973198 0.80706570557228340945
-0.71989052354201343853 -0.92499410630797695987 1.99445407255795359447
0.96311760062800955140 -0.14023805188697502366 0.11712127806773399430
0.98444789655496567349 0.04347560930568916682 -0.05736827084849497466
-0.94033840482192143639 -0.20251175188818981709 1.83637248499142868852
-0.18860053519288300095 0.48961442994420045771 -0.36177949695706124178
-0.88602883163011170176 -0.94123019462566648308 2.69606062488648756670
-0.80266169766180239797 -0.51404615582582335875 1.57837378467667477366
0.60229616003091579479 0.27037006030801769008 -0.32071413109647178841
0.24716913520618999378 0.14421028585732598160 -0.14517987959365830086
-0.56140921135115440244 -0.15617943540974188465 0.44465919168329959277
-0.44600118992931947481 -0.61555463951088928987 0.93329364003573489494
-0.81988037927188694987 0.60704186678157934232 0.58019278105384453070
0.13310179132324395646 -0.39511613847026905155 0.47113033674806348294
0.03412488627722765067 0.29643118104772159249 -0.25253384111889265462
0.80342652450337026515 -0.50993147648836312236 0.53800212276883851992
0.56874436398754668609 -0.09987931949904682583 0.02552837206373922974
0.31965438299168558167 0.53872349903796568071 -0.41583340329152196357
0.72209819516072482060 0.59957372644512219040 -0.52446516280007116073
0.18992279056523209135 0.59552800264546723596 -0.42375075032089615235
0.56810414389866936702 -0.80834987593046858656 1.05587599247398400415
-0.84579479667875290261 0.31931259670269285245 0.84847548597408817272
-0.37388413382136032048 0.90522141573013481519 -0.42370243049160166704
0.99113744578144213904 0.44004056242063116500 -0.35185171590476399528
0.80026503025989814688 0.22177943890431484064 -0.29955235408263569674
-0.08238679381512814537 -0.18193144172596875663 0.19908624503062236077
-0.65366989903415539942 -0.52126715071853935157 1.11900168585303516622
-0.37878880337851494886 0.84460158316973932280 -0.41298990061595353129
0.66078705459722497650 -0.96073230691254085656 1.32436392021817539444
-0.84781074464726358109 -0.73884844534176075115 2.13783804373406560728
-0.55986676492168707675 0.69078782011484785031 -0.17845183109667861476
0.10037548807390939132 0.20922942596837135198 -0.18825074618242082503
0.29181870736754400575 0.48686217042513235675 -0.38594361564131929310
0.00996863837696393418 -0.83109910335565051476 1.17646098240908725252
0.81782668012332471186 0.39872436140828981799 -0.41888180548653958235
-0.10654580106452660182 -0.24602283765081334188 0.27762483280976485434
-0.04973808581708594190 0.16332018888688759617 -0.14985428085404087217
0.71419676134825316183 -0.29335744267391561380 0.23226994600979955496
0.74479242029426906413 -0.97447639100701466397 1.34383998635714241310
-0.12756900928430758846 0.89007343264490734747 -0.49161719743818588224
0.04447961669715372324 -0.63376707962617273573 0.83451334935696408479
-0.84810275920061517496 -0.54763930401639449030 1.82497686888991772491
0.36616643479708588238 -0.65492154641496624912 0.83826472315377331679
-0.33449795806135629306 0.11079396234225291629 -0.05471058573544275438
0.48872904739837030874 -0.03188122106839408332 -0.02729425031345254771
0.55354289704040549047 -0.69041696871572333372 0.85303075759955260260
-0.72477442198273833718 0.10507265926787812127 0.55710794960356135874
-0.79775262506599786683 -0.40403130387167940363 1.39836583607096565096
0.72964600164435822194 -0.33139116898025666735 0.28128185023421259370
-0.35668617853792317085 -0.59198330319224479190 0.82877103682056563194
0.99478350763804956891 0.12860470351223196595 -0.12547040072360349239
0.75385139616539986740 0.14485968535015225633 -0.23981946924381555841
-0.88031858786532901640 -0.43764678357363839822 1.81619081503044976778
-0.39104014748894866393 0.91996031883772366733 -0.41361973732377876889
0.88009354160027442049 -0.92750323449461880010 1.27589540513166488367
0.82938046025134903871 -0.39403340774147399550 0.37432483488500017943
-0.08821894964464127575 -0.27345031014743459430 0.31158498611116230981
0.79904638900171454097 0.24253302596334935792 -0.31564264623818144573
-0.65273074012835330393 0.43624632176262068128 0.11853480375236247202
-0.83780707603852766496 -0.07163193486172714231 1.15496429278755474712
0.64912076318081335380 -0.51256490094785078782 0.54795658196377994287
-0.61073502933931722580 0.94277195508406363977 -0.13143300514853573091
-0.44427697544145705599 0.86975540820341423753 -0.36486621533070107137
-0.77867704194896258940 -0.02875901054935070533 0.86895967327162593197
0.70374454253153451155 0.55139175275969276591 -0.50263041257445628673
-0.20250286705163977885 0.64697988758740931914 -0.42770267401461398160
0.85685905368251447101 -0.14645080554195244460 0.06712299617227945880
-0.03144608827947759089 0.90303519217646344153 -0.49526683951696681696
