-0.92966883267911470945 -0.86676002971434074063
0.08094215732186293977 0.16823600538550506633
-0.37462015950052651725 -0.59806167153470313202
-0.39559461298038511856 -0.62218480153906352559
0.57479292380014124220 1.33019722231972270521
0.76873647469275629973 1.67302774617976646176
-0.93156271374849763944 -0.86626364992880888760
0.37476704805714478042 0.85877978450141811972
0.61284894124405164817 1.41036528798750682157
0.64861497287480407437 1.48095529319054941553
-0.82111601120649524432 -0.87826364395075096070
-0.50212285456922001181 -0.72868702992539047258
-0.54631452713019190703 -0.76486677050310514225
0.52334454342678182748 1.21520610888855795650
0.18240459168153999592 0.39540263759989519032
0.96648950418536649920 1.76900486043414884030
0.05629182138154908976 0.11568765575728959250
-0.83607800311741420352 -0.87864254804499941631
-0.36003243371450044386 -0.58068039997537057584
0.04744767162998342336 0.09710836703628833444
0.15169055276587184444 0.32492276740301018201
0.25760082643104120770 0.57308339713022982131
-0.01611861873102271581 -0.03197606489375853095
0.22762033462136188611 0.50146898105431469972
-0.46294632747197539402 -0.69265967461053068455
-0.59289063948050779729 -0.79779507161502150048
-0.64965663810919882515 -0.83055591120436911279
-0.84667429191157306256 -0.87853396369277447775
0.68046827605708659625 1.53924879968338412795
0.94603489538800067393 1.77481471638622378961
-0.01032835490309502724 -0.02054967326550638865
-0.86261954027597131933 -0.87777892666315360248
0.54202141137879822352 1.25770772035427214064
0.40857695993470377616 0.94156828827530913983
-0.49290654486272100776 -0.72054364274715609895
0.82208517752870657880 1.72991170186543774534
-0.21261435911714965385 -0.37764472899948875462
0.12309260212673089896 0.26058646022061848768
0.18068296066557576474 0.39141634811106856828
0.02942176021056708279 0.05970028544281104355
-0.15425925984639610178 -0.28374175675999657731
0.90609493914424343863 1.77490997799063254803
0.57443903321758793545 1.32943023899668766319
0.75205030895486357778 1.65126171277668087889
0.71341386889622593337 1.59433117260023360373
0.91886015706890589172 1.77646486263504899128
0.88869167907230717240 1.77045698066415058136
-0.76341226616815460737 -0.87102436102041336241
0.55214411491132997511 1.28040051886430550354
0.15521944328334336127 0.33295006525137638143
-0.74105060751184503864 -0.86578244463450160229
-0.99834124513918642840 -0.84222960113910860791
-0.26636755290958191722 -0.45740335385609343088
-0.17637573229767022909 -0.32021964498517280218
0.75890409372993494763 1.66041778904510484161
-0.93191944800353798684 -0.86616900868606516717
0.47332147138278202192 1.09803728866986949342
-0.33884556203212534697 -0.55455849135200430133
-0.78950172576663257828 -0.87542729651178508021
-0.16105889740955814382 -0.29507164644771166628
0.76701833309586620047 1.67086954182045621664
0.98385543662146668353 1.76092061855529236070
-0.74581901667409256085 -0.86701320505680512518
0.22035783778076867279 0.48426481010566296836
0.39721839819805104810 0.91379884024131241560
0.12962210993071576759 0.27516077242467512631
-0.69747733680560219938 -0.85172666810650843328
0.41580318367106650079 0.95920137052799747668
0.80463545583725815113 1.71353866521544340173
-0.37065201318848961520 -0.59338255561478514544
-0.63797343832103536876 -0.82448409958883539517
-0.05319814168536507459 -0.10351985832523975806
-0.07110573727819624601 -0.13704753120835438951
-0.58274981057087527070 -0.79108552871507276105
-0.51561060141497350173 -0.74023399594732974816
0.37132083146394978534 0.85032545103919998652
-0.45474119896081965919 -0.68464858927217142615
0.34306316327846841929 0.78099827997413218128
-0.40955222672934032957 -0.63766791630765429222
0.80271586111703019384 1.71160108797469989739
0.52815198813498676067 1.22622017407932393240
0.86475354969927442639 1.76006373100625568284
0.96077185597447201104 1.77103022105900609340
0.98402407431861349529 1.76082776151568687339
-0.69590916531028579328 -0.85112710613970576912
0.97404960169787724311 1.76584428969652096342
0.58880438399271439742 1.36026005121089799133
-0.14705429097634659108 -0.27162555506306074182
-0.19452197694754524981 -0.34934042797127751179
0.39998160925277526090 0.92055955418103829757
-0.59157246977330602000 -0.79693748801666774995
0.76245313064555619853 1.66504153796234488638
-0.01245336354832349279 -0.02475100893268016369
0.24176566510364905227 0.53514415344421639720
-0.73113625830417228180 -0.86302836926308212906
0.36166900268696866583 0.82664262653504716472
-0.90806538443118545167 -0.87170060673086113834
0.59011685571084293578 1.36304478378631355184
-0.52565445719157133375 -0.74854542964147419148
-0.21916521694603674497 -0.38771263406081846181
0.08807342886548474858 0.18364335920159902127
0.70893083697566905421 1.58717190519157647088
-0.07340147436952837445 -0.14129685338167596864
-0.26099827205983960887 -0.44972963167989610245
0.33547969180468517614 0.76240964743021466532
0.42661855661227843228 0.98553220890002424248
0.06477129918804180875 0.13363798059542733587
0.19807327212068659428 0.43186590914629208182
-0.80608538171607091449 -0.87725848798221439662
-0.11951767230276089116 -0.22427241424145999416
-0.05724711964502460226 -0.11115954671273617360
-0.61594509690121101997 -0.81208684394601160506
0.27662837451174238090 0.61897042169077565177
0.12630136604475938888 0.26773995209629575243
-0.73447822956252806215 -0.86398611551609971748
0.88537364986814703904 1.76930791463426850818
0.13074904948166277130 0.27768319092487242505
0.55068373714777751893 1.27714248933636520533
-0.44669243492952515062 -0.67663448190796593451
-0.86784398923175909424 -0.87737643351204064324
0.99061632955928891064 1.75698017301018949432
0.95043081697431386345 1.77390113554611561497
-0.35775789233236299225 -0.57792579922044906571
-0.33461474033892169011 -0.54921805659270839239
-0.70914517878472405066 -0.85598421430117666020
-0.96778054694105053457 -0.85480533424203108961
-0.77517416153920870592 -0.87323877204929467588
-0.98074947381966581794 -0.84979343282791575120
0.82715862513946292189 1.73424440822519754235
0.04207470730837714612 0.08589323624166918247
-0.34220269315264428833 -0.55876673081985095415
-0.24296213982411152266 -0.42347501741127868691
0.88990842681763360211 1.77085448868703698722
-0.52349014182259856476 -0.74677520601001967648
0.13378742454938863382 0.28449415083336837551
-0.68569412428568332629 -0.84706357488106875930
0.64597289536816027145 1.47591718532825488808
0.80720220751335691745 1.71608773028584105091
0.09156517009639708604 0.19122029393303419109
-0.65929961647191470675 -0.83530286931131170203
-0.60605953808352142076 -0.80612283310564225580
0.59821727102325494840 1.38010798620792551894
-0.83614920406222448257 -0.87864286316204665006
0.23997171840096509499 0.53086168917145604151
-0.47565904130636349478 -0.70475428088757097189
-0.39918081387637460722 -0.62620652140657839801
0.58769728977929114322 1.35790680984891487526
0.52515323668257418710 1.21935569075535732431
-0.26883963321127168911 -0.46091445332295155612
-0.13176884799647337054 -0.24554427273553969258
0.75651835656905097593 1.65726435848982367460
-0.00430387466940351793 -0.00858919959844061526
0.46949595423613166290 1.08891417233594900438
0.37672202604782256685 0.86357510045500918139
-0.95065207853140165639 -0.86069013329722665606
-0.00152274993576817508 -0.00304317992988623401
-0.38436155102597768796 -0.60939303244614873023
0.78433549350230946651 1.69172259436709326863
-0.22014193714660201806 -0.38920550145387577956
0.56523441248876715726 1.30935417714300439407
0.50437281580642623346 1.17128401794300573968
0.29254227182247549699 0.65756436310470367523
-0.62400774939049985512 -0.81676774080782299503
-0.04723142403727687011 -0.09219929532817669471
0.14232392452770348257 0.30370866664540063784
0.84610230684777421040 1.74866353020514009309
-0.66945945071614421096 -0.84004420414903613334
0.01537740670406351207 0.03099003759911955758
-0.83754860505337136445 -0.87864619036174862465
-0.40171212639315734272 -0.62902711965148871975
0.67629726391434918931 1.53188373404810351808
0.10644795946168716938 0.22375405588557886749
-0.17467077938092856471 -0.31744601864777199918
0.77158540554933141564 1.67656356414536578114
-0.50447885264933822747 -0.73073580249043312840
-0.89300543163533263602 -0.87436130986948157329
-0.63971831598758477355 -0.82541316136134379455
-0.41233829061212401434 -0.64070377850127502306
-0.90196708985204510078 -0.87285543739969051469
-0.82970654457105208479 -0.87855722884932752059
0.36786409841085609962 0.84184416169765419191
-0.32349680316900841781 -0.53498781911847614889
0.99502384792360665244 1.75417028884080927753
0.07207876186504913463 0.14921359410832013559
-0.64846567815814082358 -0.82995301183871694750
-0.28366394785785375987 -0.48167830306934611428
-0.62691947270355230515 -0.81841757510725965385
-0.37763473102653266622 -0.60159188364110205427
-0.87604341107614591699 -0.87658996661664523309
-0.36764649966983564688 -0.58981419475539487163
0.27901374032195391806 0.62474370544762236612
0.25740556550664317470 0.57261412657665333725
0.94877226548227699965 1.77426723227878646583
0.27792047916229534188 0.62209715681267685472
-0.36276275725855655629 -0.58397114544756734134
0.85397261577630589890 1.75381888502429084120
-0.55752432981554256308 -0.77328348042137329266
-0.32422005436692313829 -0.53592217686579679548
0.63111361836473034437 1.44704345525538125017
0.36016210160673911567 0.82294492121102535975
-0.02641017848467885898 -0.05211695618140528563
0.45624396510487907896 1.05716823507414758865
0.53010133620556576517 1.23067199146349670613
-0.53142454943232309006 -0.75320897469090863918
0.20209389138292555010 0.44127433009283179022
0.27138873157064757891 0.60630445941208677141
-0.39329604664277217907 -0.61959127074166975291
-0.52359048379441741616 -0.74685752969263041745
0.30341514409291758803 0.68402848225198953358
-0.68890230452716250120 -0.84836925342071500822
-0.99096249503164912653 -0.84550941129084766779
0.43608596554421752423 1.00851112062032033379
-0.88132659543191027574 -0.87598288779991162478
-0.91109231672066393060 -0.87108822579805988973
0.53978760104462875091 1.25266635799331838008
-0.40634696604145315035 -0.63415272932394872729
-0.57542639714048937627 -0.78608027589656437328
0.04209099425848261689 0.08592714954817301520
0.77408159115954822127 1.67961739943282317711
0.49241508792664534511 1.14325927385622616583
0.72753080301299855037 1.61614431968506799819
0.73172265443622563907 1.62240211869849360049
-0.05087511623305607245 -0.09912124913896336320
-0.70374624249593420444 -0.85405880381949228486
0.89471826193181835940 1.77229981170087325104
-0.97999086603981622190 -0.85009979457039130946
0.88255668516219643038 1.76825794616486953181
0.87319269895932372094 1.76428098187004422925
0.50465370597032022104 1.17193931870658696326
0.42315506884159925782 0.97710871405840671322
0.89627208475726627412 1.77272354809257182140
-0.68135578920520778468 -0.84525511841971290306
0.73387223136333679108 1.62557125382936384916
-0.52138871634801864374 -0.74504549106531769986
0.53876172470151106886 1.25034715690556463841
0.14263429585102382902 0.30440943509730145067
0.25075711511666209930 0.55665699758247599860
-0.35884700775801059436 -0.57924627629232416925
-0.49425045020454305700 -0.72174386699255888011
-0.04176792856111766206 -0.08176846936657367060
-0.13268335471998393693 -0.24711903675547686188
0.58048016874152574829 1.34247204848286005863
-0.61012602921114589272 -0.80860608815032064545
-0.74414437118197307441 -0.86658792452895316849
0.97285627263160012745 1.76637983179247481935
0.52661839170675328603 1.22271201395623529962
-0.43084720342419058348 -0.66040843458228981611
-0.85464131958333133809 -0.87824573720192000703
0.27505771176238158482 0.61517134063993716975
-0.12721597246156313155 -0.23767718146158112180
0.55123948903574837566 1.27838298472079348045
-0.18324208731530799987 -0.33132465105941094619
-0.90347612776374952581 -0.87257948883555747077
-0.47893299904900143993 -0.70780640204588607389
-0.59810700709926245544 -0.80114598436043271690
-0.82511214138915800476 -0.87842568592266745409
-0.79363075872019495094 -0.87595382035289326428
0.45658546101806507522 1.05798891655876659001
0.57016867600985099429 1.32014636150292608008
0.61032601429725708009 1.40520165635184590691
-0.43752997459813447456 -0.66732430867247150008
-0.32597439294122310116 -0.53818358772581909033
0.00605402568549995301 0.01214462795991767645
-0.60962641121820948520 -0.80830324110459628173
0.05991888320332683371 0.12334950672113018100
0.61407760537452671379 1.41287166631673954953
-0.02647406306557398281 -0.05224130447572891689
-0.86545043107924191084 -0.87757035341163014408
-0.76416121150595284206 -0.87117655538477245525
0.18905983646988899771 0.41085033714775276437
0.30545814758853406801 0.68900867962064704653
-0.81925688550509390140 -0.87817317248097825910
-0.70746193902739973325 -0.85539218571551467463
-0.82450532232203999072 -0.87840393133874306031
-0.09283901057257626377 -0.17682610557954409058
0.24866637863563090249 0.55164762450910409530
0.47572387215612499389 1.10375645172174619013
-0.10309281140408388389 -0.19524327662321355747
0.13267358264832562753 0.28199559015034747489
0.69156831548826769307 1.55843218585474518889
-0.58186352853019629450 -0.79048690888495087847
-0.20461644905959053276 -0.36522267787048257048
-0.65133649787433922640 -0.83140010017737375758
-0.40600527513568662741 -0.63377657745068749495
0.46418608537904249012 1.07621973264169845663
-0.91826101146772787231 -0.86953417443548386423
-0.47378928803355213617 -0.70299969162541631196
0.84929749742711435623 1.75081656139274577377
0.94392351599029167275 1.77518884381845198916
0.62979739092871556139 1.44444294818387630741
0.26352688499480358963 0.58734175572113622721
0.70822553864329851336 1.58603560257563724889
-0.84043585845439894300 -0.87863580948369734980
0.96519392582563989791 1.76949125791874051217
0.13184373895803358501 0.28013538630000944796
-0.89429789565373218885 -0.87415816007072122407
-0.31887695170211682871 -0.52899115555545050960
0.48711299401872576453 1.13075690980916254702
0.80038209692298400988 1.70920969552071233544
-0.33492695032718811099 -0.54961355896199148852
0.99149501229232006594 1.75643520527538266052
0.50922307877915140573 1.18257908314139470463
0.92296227400665165064 1.77665166700632193297
0.13397429214216671767 0.28491352533726249652
-0.42815823802084240768 -0.65759589567951370892
-0.17248263250695772264 -0.31387690076542579254
-0.66843475236637006631 -0.83957813783064316748
-0.37120688428857917529 -0.59403904366630333467
-0.26272041749997065985 -0.45219802084800453379
-0.58460927397729056665 -0.79233508461230250930
0.82742514785970078250 1.73446659396990154889
-0.01449761949446193299 -0.02878406408964577501
-0.07426709725488578329 -0.14289619104816397854
-0.93627864002679639377 -0.86498326159184246720
-0.50479918566304693428 -0.73101332600890356339
0.57109167411793126945 1.32215745546751173300
-0.28224658722187934146 -0.47971466340778678994
0.26515783666167891397 0.59127130752703782601
0.30843031002598375601 0.69625783865631141190
0.29024118621835248710 0.65197300154478354806
0.92624136128020495562 1.77669049797395128820
0.73981597065557269666 1.63419158930745256342
-0.77975004422781113433 -0.87399862391611082835
0.22606465382741314230 0.49777869847983058360
-0.79795388675992295902 -0.87645499069274512838
0.26276531980680872813 0.58550765839418594805
-0.86940245780217928484 -0.87724151217279999759
-0.54781823470865598225 -0.76601379316198725533
0.27957867974929651034 0.62611165373273813817
0.07136320810363661060 0.14768410161198802788
-0.25905149396759408198 -0.44693118360162675806
0.81716065289864947552 1.72552004584175922020
-0.32429565971234164401 -0.53601978093436519757
-0.55586281419106753354 -0.77205552919231812403
-0.81416921643560002941 -0.87787667725531426388
0.72835593740709914101 1.61738419367898167422
0.93549410063706672780 1.77626672121756423728
-0.46095765275207112310 -0.69073276487541923618
0.49069769057297896175 1.13921455570750018715
0.71262574559299207699 1.59308053251123604710
0.50671110238433381134 1.17673472657455802093
-0.65262481035575881094 -0.83204259876260011630
0.96441715894325130698 1.76977515259918005697
-0.22804475323630457595 -0.40120582819935612928
-0.22367033292407079159 -0.39458064884943472306
-0.37131817219436724642 -0.59417062627289118915
-0.44871558324001981077 -0.67866340456172224993
-0.69167039286069642579 -0.84947414945097199368
-0.09785190170234248086 -0.18585811867826798616
0.28337447203727972322 0.63530891778365350397
-0.18747587954144973033 -0.33811984984447063241
0.89064176192980926139 1.77108786352815261722
-0.53913843344141265668 -0.75931630088755874830
0.20749609435993376927 0.45394787639036204840
0.05632949055771763192 0.11576710263425915581
-0.85240449178545096842 -0.87834459405860731973
0.77542780247168519026 1.68124711422003825234
0.45165402685503619473 1.04612524124769090683
0.82067612537002454509 1.72867374978690335752
0.12229852397246832041 0.25881878159338717049
0.50527843123157101246 1.17339625401721914244
-0.25691796419363499560 -0.44385443105571531497
-0.29902276062897104048 -0.50266311497871629665
0.51698214454606450374 1.20055526634360898441
-0.03777681767289475800 -0.07410955858840942434
-0.73460944294161656387 -0.86402310958294858967
-0.62415491375534037921 -0.81685164446074298716
0.58027859952474081240 1.34203866245783753897
-0.66614160936988775497 -0.83852526858873321913
-0.15371901942214694081 -0.28283721892151081345
-0.34676104342671609793 -0.56443909540490400101
-0.94324005120251230849 -0.86297748577654198598
-0.48097943859602065864 -0.70970111920592438004
-0.30448476812142666326 -0.50999607947783587303
0.61546103321801659547 1.41568718178028696286
0.55964760922191714165 1.29705314987425435191
0.11658438760144873569 0.24612942603178192269
0.60648529923892868787 1.39729743664953809379
0.09226573901576551329 0.19274308716064963987
-0.49432887274056258597 -0.72181377061779783411
0.86015944155477663813 1.75751919716779525515
0.79964436412428230305 1.70844561590996768530
-0.44015882497627223380 -0.67001589459598953624
-0.98004714704045325924 -0.85007712192708351218
-0.31087539363653471369 -0.51848911971999889214
-0.36142822834196097759 -0.58236485224908762781
-0.64746698958591886175 -0.82944463352571595749
0.77130314471128436082 1.67621564227650110546
0.30582065906841648939 0.68989260337746771690
-0.29913150795162191109 -0.50280977785177771722
-0.36649737299802676027 -0.58844432614120001368
0.15803705954660141053 0.33937288545640953430
-0.79161083997669767776 -0.87570208229005042089
0.63767186802401010226 1.45989806735796978643
0.99473356799442114173 1.75436121529220923065
0.08553772517842728185 0.17815450847805583412
-0.72279968058201471415 -0.86050933909267524058
0.94261524149380604420 1.77539967011904975536
-0.13256723799823277865 -0.24691918694699427350
-0.72054173750608963012 -0.85979520865783454209
0.67376240385192320836 1.52736691363636811758
0.84206709104372512442 1.74582813528945912651
-0.94652761839959498325 -0.86198225899218527957
0.22464032007256196088 0.49440237030339867497
-0.27483720591633775676 -0.46937517399247030703
-0.92908445135516792845 -0.86691113355333893065
-0.53137287569941515919 -0.75316757169952430750
0.25139111892722332264 0.55817689216422350373
0.03109384304486084716 0.06314401083924361946
-0.33343093474257057274 -0.54771639221459444968
0.19007905033325722677 0.41322134028385981708
-0.95681754724699996650 -0.85866819631014168479
-0.93795050148561709413 -0.86451414419068917105
0.10445463708592894747 0.21937446932680843004
-0.06981172287150427813 -0.13464744582377713433
-0.04376343190263676242 -0.08558544408573899587
0.26429664790620144288 0.58919610709747149979
0.01381092931600291784 0.02781170385861619909
-0.97684697944591536434 -0.85135197170148935175
0.50954617494044041059 1.18332994103425770405
-0.13855208932598439553 -0.25718145039168177624
-0.46564783067880211043 -0.69526215362425958233
0.10611591376703199963 0.22302403704567658194
-0.84634791641202467005 -0.87854198614499523501
0.24535529903652153472 0.54372305627205297363
-0.46855517961732484622 -0.69804345750541996196
-0.95246594514653293295 -0.86010653165245032348
-0.55070464370336003057 -0.76819993355820437309
0.16352814055475595190 0.35192391430614466952
0.16746031944922168400 0.36093898583294342641
-0.18190063501678310764 -0.32916332918615581749
0.85992944849318520006 1.75738724156280934352
0.48840695239226583624 1.13381218055801591404
-0.13298533438329007694 -0.24763863969493135619
-0.81678662280987235356 -0.87803815573790422455
-0.81270893529040422187 -0.87777835673349857704
-0.98893112522517268026 -0.84638515656778501306
0.63322698450984682417 1.45120457609268171950
-0.96286077492164690028 -0.85658120758681033369
0.78991690732964414678 1.69800953913289820463
0.81378167886031360645 1.72240175324879318808
0.99640982570088332260 1.75324726769069005883
0.76643667214177568781 1.67013452305680298871
-0.25698293716048503654 -0.44394828031796407242
0.27110029679651015400 0.60560785147457418809
-0.00148664332777959096 -0.00297107545439963695
0.54253537993919764837 1.25886598158613161047
0.14515418641841626446 0.31010450537778000424
-0.42065721935942090859 -0.64965998993940154982
0.03066910773150421932 0.06226873832903236788
0.51556929601011081132 1.19729073966912680227
0.97652494645613008295 1.76468945793507447917
-0.83560996524214092851 -0.87864012520137912965
-0.66139007018665241233 -0.83630027363040781996
-0.60782791541777658750 -0.80720784760207098252
0.27800902681798889127 0.62231147789169949380
0.73445005111384897845 1.62641849412483163739
-0.93350883134357043325 -0.86574294508786686642
-0.34018884934352944249 -0.55624545179209960999
0.01467518504841014426 0.02956465414483651355
0.80678933821451126462 1.71568093971495549965
0.67516799284341200149 1.52987529262965571419
-0.23514065866843636421 -0.41186130754062377779
-0.30445020941319533847 -0.50994989744020413625
0.61104179278602965830 1.40666894752345861264
-0.34538573302857167313 -0.56273272666901352768
-0.12851323898057565032 -0.23992337797609744610
0.66925955357077770991 1.51926837830344263480
0.70045911805337457423 1.57334677970583824980
-0.38821290339908332001 -0.61381199097168837042
0.30079126809039125057 0.67763569189974459661
0.31218315893787851323 0.70541750292991056703
-0.61185872201238034052 -0.80965148228223227100
0.46356396315183712176 1.07473010088918563554
-0.24499218177540416086 -0.42646678075773025718
-0.22392703711211603412 -0.39497062109349007075
-0.94572375424763266416 -0.86222845234979716977
-0.25296878076284579073 -0.43813216137807997619
-0.43252426142996447389 -0.66215391493757747021
-0.36701927493735575503 -0.58906686299688360009
-0.77061712509053248432 -0.87242540480116548274
0.91919224902537721711 1.77648568246034210816
-0.04671723978231656638 -0.09122026770878886859
0.74594541209125497794 1.64285856341668723424
-0.60600122536234923842 -0.80608692002223092388
0.28717549265396447034 0.64452919310358058880
-0.46856052943941639555 -0.69804855676971833134
0.75155805534739483775 1.65059272455045569217
0.53531234880339617632 1.24253115263212876584
-0.64512428684695422021 -0.82824202972220417607
0.15088397370354078575 0.32309066813698161802
-0.97446848117865014771 -0.85228059358714092220
0.36993604369051391600 0.84692791070668416165
-0.82468010188231999358 -0.87841030196666070040
0.60666306527166735663 1.39766442713670402398
-0.08690693650346736909 -0.16606844307910115233
-0.77927333989337821407 -0.87392212714430095311
0.30742323572713625701 0.69380105070704090053
-0.38645405335668514546 -0.61179821759785357749
-0.45720354889758962891 -0.68706955445443507191
0.80589879555032162273 1.71479928317154683981
0.45097951179143636047 1.04450050393907267754
0.93272779569298469582 1.77647630781375243103
-0.98061077658444451011 -0.84984956777765063851
-0.77197936439242398343 -0.87267446244325030946
0.98141375436495681406 1.76223402319670041649
0.91507263075239331229 1.77615667914445030107
-0.93661117672158344938 -0.86489058724225109653
-0.76216673919551825023 -0.87076789130210208167
-0.19912978476618770074 -0.35661836393622708963
-0.03028623645583095048 -0.05964636517607682653
0.41380834087175388802 0.95433660658099084273
0.29518788263347572887 0.66399707930261508970
-0.37386214563089970042 -0.59717067359519293568
-0.70393954473943076700 -0.85412906921759690348
0.85906073146809802665 1.75688490993406087881
0.10212671576810050666 0.21426834974919251042
-0.23777664148523869336 -0.41579073788168285919
-0.50054741540159675139 -0.72730953786427265939
0.65234911884115120984 1.48802492104373751403
0.08733790733823565411 0.18205005550350938925
0.05091976740305348414 0.10438481995449794271
-0.53922407684025919217 -0.75938328886377148841
0.20842277259627417507 0.45612550701189569224
0.67622885951103173241 1.53176224848117259469
-0.43548900841760262992 -0.66522335463653781140
0.07884608515642876903 0.16372466297796553492
0.27159183712656598253 0.60679502645208438505
-0.60363101749122094475 -0.80461991874566407557
0.91828697589590713157 1.77642657238253764973
-0.82212724830025818434 -0.87830883344584587125
-0.33111536619367498702 -0.54476975182994880065
-0.90771315249361439470 -0.87177017848109361609
0.13683621977203652698 0.29134332355073472298
-0.15507760966100181399 -0.28511071760955308818
0.50987300887322661858 1.18408928494976106727
-0.14556474497763938203 -0.26910645563881036013
0.89067713582231622382 1.77109900273861997633
-0.56817188828559839209 -0.78099043279528534978
-0.75710089643460021236 -0.86968151459025189176
-0.05831620242873691851 -0.11317098030880030912
0.29220397718451041058 0.65674213199450615086
-0.51809232073901756443 -0.74231050396131958991
-0.08373608862032910771 -0.16028737070550108657
0.58454101154221627112 1.35117659815064139472
-0.49157059714828110764 -0.71934620932918957870
0.95451588005739917975 1.77288843842574594944
-0.30982685634888684767 -0.51710204185290975509
0.10145338670286174754 0.21279319176843708439
-0.32470409267604005699 -0.53654682762416383568
0.76289726828216686272 1.66561446446657157594
-0.16037817817670130260 -0.29394198494401857502
-0.33874085991317404165 -0.55442682695352951683
0.88451418741181053740 1.76899479447655538777
0.33579014170145704554 0.76317035380165254566
-0.79908659749442345621 -0.87657781869870898817
-0.36383946804334477143 -0.58526410813933538169
0.00376805229386212304 0.00755028487144191775
-0.42157276630201501177 -0.65063572398582081302
0.48656805254944579531 1.12946942402243455383
0.11735090015665683438 0.24782846711809933260
0.76016949830626945328 1.66207564956986986182
-0.29295746749257034480 -0.49444035924931795112
-0.97375969244697624383 -0.85255420419773308982
0.30078445770910477997 0.67761910422086613082
-0.55187385642210595726 -0.76907964205598267071
0.05143126853896307082 0.10545868957937643007
-0.41370986194824110882 -0.64219162616308245184
-0.43816620709940345968 -0.66797722544775151032
-0.69857322146444422728 -0.85214182001703009384
0.33952724616174667638 0.77232940424990270678
-0.95307615352866914549 -0.85990809273181867400
0.41079153187617145626 0.94697525563162665563
-0.57045275332647227273 -0.78260481376960899791
-0.44025351337171514388 -0.67011253724995589742
-0.11927043786120616886 -0.22383978130116899408
0.23009988779945667048 0.50735636895086511089
-0.39980720250264201177 -0.62690589265616281089
0.85319359912399406198 1.75333086990468345334
0.54632236863912209124 1.26738047388882280053
0.40098446056988112929 0.92301244570151852464
-0.02230139980514489473 -0.04410187098756698787
0.77414708378155272506 1.67969696463361461980
0.35488836172562043814 0.81000455288466777226
0.52954132656614016916 1.22939392415014681070
0.08828586664106019555 0.18410372514291739598
0.61240186951826891537 1.40945194186579891849
-0.98798390173324635022 -0.84678950038568978620
-0.75919919145215253309 -0.87013991599376705466
0.50675883416613043408 1.17684588836357817421
0.27971692743688514327 0.62644644397568904903
0.30845759240815695534 0.69632440206993795329
-0.14352453235316131597 -0.26564818445906124289
-0.76026560494224604270 -0.87036832673100339441
0.67289216116148864444 1.52580919790340963083
0.68335251043794364989 1.54429220720445181669
0.04210178753122106876 0.08594962398919500646
0.06472930363542772625 0.13354875173058300408
0.51521780928831772961 1.19647797954366619244
-0.92731126203895031246 -0.86736368135923302969
0.03570502980374712365 0.07266889499815103182
-0.01502694496259726620 -0.02982697490275490818
0.21723805331101297966 0.47689295066100007014
0.17837875861450891435 0.38608758246894125943
-0.39194043780368392760 -0.61805591321297148610
-0.00764522427318170550 -0.01523185183468460380
0.11040433675218164211 0.23246679049468704781
0.21343492577141898181 0.46792190765614105619
-0.79229862189634481240 -0.87578905480475754963
0.62227111989758343569 1.42944387447884313502
0.87245857394075487790 1.76393780597098581708
-0.00519835336941443238 -0.01036963739953871387
-0.17437857775488563306 -0.31697001744365327358
0.20994434476999623840 0.45970338607372762674
-0.86237252184650570186 -0.87779605878281175002
0.81290344705319483865 1.72157739353014194172
-0.07677135731717354972 -0.14751415377723908762
0.46339522171425273633 1.07432597874649671255
-0.29936315153175052650 -0.50312209559648846113
-0.71347307652045399706 -0.85747200667572398558
-0.67478481349064844963 -0.84242241368325532225
0.06454309451385542573 0.13315314831139413165
0.98427839925113103092 1.76068719788882699362
0.43873702256560531687 1.01493236815492471337
0.03357030387841319907 0.06825430639584124937
-0.71910832675980351780 -0.85933482331200095050
-0.30094433113457541573 -0.50525067563422565442
-0.06958574324171440395 -0.13422794490833361847
-0.48135663154121433038 -0.71004924992144913265
0.72444510100543091369 1.61147285463600486999
0.68210904148200124375 1.54212286287890654179
-0.90309062024949704472 -0.87265059804736322402
-0.08724471776254261179 -0.16668301974601629212
-0.49030838719569747042 -0.71821091672258119409
0.08237930781927427226 0.17133371661403817843
0.41495697872464587519 0.95713804331894447586
-0.48261381873409714416 -0.71120710518815766221
-0.77283782745120022106 -0.87282882383741067223
0.28606720050033662694 0.64183972471886829858
-0.98553730588295507253 -0.84782206870285814482
0.59713052826694235087 1.37783137014960255229
0.89919632293907936216 1.77346353006609813718
0.18086827661323723326 0.39184523500677015395
0.77170967315603267167 1.67671657220424807910
0.03514374889519578105 0.07150732353740195391
-0.12714442029497874387 -0.23755318342746983840
-0.03024535186825838551 -0.05956710607612947933
0.57545191898958902854 1.33162447286912732913
0.33472626367203894837 0.76056360212548046462
0.92200320333043195298 1.77662172661899298021
0.00158053054337758958 0.00316355784433320578
-0.69749454603827065746 -0.85173321186782080527
-0.52743361452471360096 -0.74999206595920209217
-0.67313976934776897920 -0.84169563943825043140
-0.20755580755607394572 -0.36980459800759535316
0.63689192958709139880 1.45837839639937350000
0.60724710881750665337 1.39886938099439239735
0.82298609591864746449 1.73069535906998117625
0.34164475510924630086 0.77752051085700901734
0.59957284223960893854 1.38294222109466291570
-0.40230709717488699617 -0.62968790703243915363
0.75559386502376213457 1.65603266664767967420
-0.70202471991239256965 -0.85342868288223028284
0.27596825881247033507 0.61737351696930709011
0.28662103502530666965 0.64318359683694881213
-0.13111567097435528062 -0.24441839744042351268
-0.26278965918270702495 -0.45229712598746030228
-0.26797474413417843309 -0.45968762652445516181
-0.05805040503250880057 -0.11267111777763991198
0.90922533902752467050 1.77542674041724368728
-0.49035068938660431037 -0.71824902752060615363
-0.82884597976277341047 -0.87853705194036546544
0.94727631620879759744 1.77457517445802359646
0.62436264567772026268 1.43363390225247311349
0.56415112030670488963 1.30697567502988531984
-0.82248940346589383132 -0.87832432794643189311
0.09267749983902473510 0.19363851434889650660
0.70883305217275771604 1.58701452543801879713
-0.51091337254611413066 -0.73626274239751154926
0.96688383433384772481 1.76885361667743978842
-0.69392945583171949941 -0.85036096891344192805
0.57095912304792317826 1.32186879431227177761
-0.00241679099539293674 -0.00482773642369420559
-0.97909356239995193327 -0.85046005227189402920
0.67628236846558409390 1.53185728178347968509
0.77713913302767223534 1.68330130787741194531
-0.83348256397334474777 -0.87862142638422136010
0.30964437808102207583 0.69922027980045897699
-0.99555343584331623674 -0.84348696288327495996
-0.89696337321243380103 -0.87372427274351172066
0.69580414371561372100 1.56558888964818820888
0.42193193348639002060 0.97413193131880082554
-0.53913437734161218096 -0.75931312786843663254
-0.81252664296316301495 -0.87776566939123235045
-0.16980167526668088485 -0.30948951387186374173
-0.22315401549150748473 -0.39379583715884003414
0.31702147806153591070 0.71723633557785215764
0.29623381538132753654 0.66654143803682708302
0.46731570470441674559 1.08370612044515124417
0.71723412996688340471 1.60034473636550678144
0.91667434718198892440 1.77630285940932863831
0.64011340711600595021 1.46463925185146459640
-0.24145810188843919164 -0.42125245581178250021
-0.43056692330140711178 -0.66011607118551629547
0.50392535018050343965 1.17023981160016665726
0.93074136861184286751 1.77658311017712078339
0.79647590714681681945 1.70511983586526127965
-0.15728264913244771606 -0.28879204290791893328
-0.84051753437476350861 -0.87863517777980448820
0.44611606768360090314 1.03277178832049831847
-0.28268119439590178033 -0.48031726291792875561
-0.96630132407270430406 -0.85534653678494287909
0.15031549306680758171 0.32179999275191661923
0.32321570285215139862 0.73238199459740771502
0.65422152517262599503 1.49154711269921058658
-0.63482410776504694105 -0.82278751130044724960
0.88304984303839062498 1.76844668014573258574
-0.24903564410919010186 -0.43239810233894593328
0.21243703748549558341 0.46557089076002355910
0.41853569416988389840 0.96586114605455408721
-0.21055513816447279929 -0.37446009774508470791
0.65973959907207535558 1.50183750456400733064
-0.47014704106644655823 -0.69955774482131150016
-0.91413219313678362177 -0.87044705358831997444
-0.25243771419354299468 -0.43735996901184970298
-0.16878793219776855317 -0.30782638291375757911
0.48073819800266215374 1.11566749303881684874
-0.12131108281650893055 -0.22740671452997107682
-0.49629840445624462397 -0.72356448920495564092
-0.86705162721632733636 -0.87744241178700632666
0.37833922734899538831 0.86754144845044645074
-0.72476786436863660512 -0.86112075965284706758
0.82586299317040245960 1.73315657339596485009
0.74769768096470090590 1.64529408186261449920
-0.90047843800094895528 -0.87312133512558309789
0.49200947244950898884 1.14230442198048565139
-0.01385586436158847690 -0.02751887522320433516
0.44484579267166268757 1.02970447983939106251
-0.27309387142102048429 -0.46692428812545516692
0.80268272167081478052 1.71156740445848787324
-0.20116404103461427155 -0.35981636766114155623
-0.69846134730699716009 -0.85209958378288608305
0.16031760818531415325 0.34458013768248629827
0.29835655659084037161 0.67170731404499117723
0.41499630132260545423 0.95723393427028891089
-0.61799878272784947164 -0.81329480577307311506
0.88953673010733380622 1.77073441815675769462
0.48214739007172591201 1.11900835451545943577
0.61866030355738388380 1.42217134412186130277
0.73843814664742990495 1.63221208029340103529
