-0.70734059501176349549 -0.73784246478705872718 -0.96162388139916965546
0.42105271282358081031 -0.35068168455687676044 0.76769229548737927260
-0.42715462145415306061 -0.02915476485645185356 -0.82821341795465208691
-0.21333571637757264838 -0.27490894054981285244 -0.40754204219912365526
0.37271487138232628489 0.36452591017269209139 0.68043662105935032169
0.30449236113214905863 0.80193764769898789879 0.41692353901902884372
-0.73742831220364202238 -0.72558344804286667440 -1.00604145222688545758
-0.51704010101009734157 0.95590216773260250349 -0.57030646831076459158
0.77571657649776848409 -0.01593591776558889173 1.40027784443085545618
-0.10630228312705769511 0.92734144067211143891 -0.12731478151008829292
-0.35589212040592199671 -0.88635834516685085838 -0.44057699841556646758
-0.39362031350990100975 -0.29745978525784799729 -0.73338223243697409082
-0.65655038797852216526 -0.06141815539789607925 -1.21847430952586610609
0.32282609201802014987 0.34404032411074148001 0.59731413038306002683
-0.06612395857531705445 0.27904590951523755571 -0.12703976682125769915
0.76507680638172037568 0.82412604771026942707 0.94081567295786683314
0.80800060826607134068 -0.77763262509703223735 1.03025325087320585027
-0.44882144720421801587 -0.87478906365078490381 -0.55640269971468414578
-0.81094929072336374709 0.45862718453210837843 -1.30005349185273422208
0.46747276198303366890 -0.45576281812974461793 0.80926730794082168963
-0.24044906751048400473 0.40958209654438282321 -0.43688340242683049164
-0.33747762824246563262 0.57776490888348286390 -0.55472879720551016014
-0.56175246910622589347 0.52099903953027859593 -0.92399348043030438138
0.75946410963180932541 -0.52520338507421526764 1.19146762772203596015
-0.84160529307733078497 0.30044657168538901892 -1.42461792190123537338
-0.73715148839914590440 -0.02091734230023356567 -1.34406919283985670788
-0.43301948445552240763 -0.45648818035497940038 -0.75329523005927467860
-0.77755165194202824352 -0.53333147225830779270 -1.20821200673710427154
0.78714967428272730743 0.10959110200799937473 1.40818955114020361030
0.91024749807085281184 0.52459721870487552309 1.36693454027150007590
0.38149693800446482506 -0.41888626951826157807 0.68024240082943265850
-0.72695956084940260844 -0.60575492541747433251 -1.09270023177767239275
0.12498056166371873665 0.53309958787513544998 0.21471551241372785479
0.18514039241243862577 0.30302441841343186191 0.35139466525447421441
-0.49356898751491562471 -0.17320760510055754899 -0.93336576579132535247
0.36586624877602247352 0.89540669132514305595 0.44734207830105521264
-0.42628657591123486625 0.21478988595850312393 -0.80798199554843919135
-0.47118458965373610781 0.56752878151307073473 -0.76555698273705941048
0.85521204753798629739 -0.66934623093108469583 1.18372871888680841757
-0.05132236877427898136 0.04509548434636423409 -0.10249537687218632231
-0.97038659942406080283 0.83192696293791668083 -1.11133703594693833416
0.96108106288250039206 0.44093292853592069847 1.48279872977202553663
0.24013700225610379313 0.48871565624389101679 0.41998767673796438826
0.36981582168403215327 0.66514215082792493838 0.56878883252958556405
0.53967280180713839144 0.42598449680629579817 0.93586657480969159817
0.99648726074406446251 0.42964825778512927279 1.52652297028876438034
0.40871916911566485986 0.93320784081740670857 0.47315306835126913487
-0.86296127784353537926 -0.20673669501124325443 -1.48718539293348972485
0.33102555390170396166 0.39348899065057518776 0.60034917547718036346
0.85034755093635716605 -0.68030204078109934862 1.16842143107350948661
-0.56043199426321455014 -0.48433045006288133472 -0.94083339304863899955
-0.94081762689710468628 -0.99086065999485528621 -0.88556361936393013234
0.60350145347371642046 -0.89805306637419834992 0.70729294053088787031
0.29099114375640589003 -0.46285701247915000955 0.51342833391691200529
0.16962881911291094461 0.90814767727628709082 0.20771423151327522705
-0.51836471663253336217 -0.97525996751491206282 -0.55585979278192509945
-0.04828549891422562190 0.57158129665240320350 -0.08118915263272791227
-0.93736142651658793667 0.56863994331400768978 -1.35832468167704734086
-0.71989691836309610551 -0.40445449976210690046 -1.21222484196865454287
0.45939469458958570591 -0.66289450982204645157 0.69899729000495403053
0.53317100313493814845 0.53458210270587369628 0.87470840346679668009
0.79552593404934346388 0.90169590832780599499 0.88604830584487215273
-0.28634706884696603524 -0.82790438221124551532 -0.38210995301195099794
0.60662338969075046968 -0.38237995811924752054 1.05784751042493030404
0.90146273181976543931 -0.45264929755285931989 1.41051245656556178965
-0.47235332479926173121 0.56954612800449311294 -0.76632435795864717321
-0.01531033516722302146 -0.98051178982735498479 -0.01704272068863688441
0.61266928516913488068 -0.14943525438465754540 1.13728900605421556769
0.60080558585749455069 0.52137176361440196182 0.98039725498774465962
0.03496008693528862565 -0.47458090419453946573 0.06218022976157788068
-0.49184959370528846812 -0.37080989598293334630 -0.88031939478108556241
0.58300083762140664234 -0.69016915037653636666 0.84907197033847359169
0.77344472479754977634 -0.88760425804396025917 0.88201826019003726209
-0.62096849073530258067 -0.13724355183559344695 -1.15270433486591294958
-0.70447366874946282245 0.03962156562648155855 -1.29424919423249407124
-0.16509963205794031538 0.56093497098580558102 -0.27833041797298668785
-0.86945403582503621998 0.35302021444742681666 -1.43372893312280247358
0.28918896440280628113 0.16810765064929200641 0.56230978755810390179
-0.80589088809127895630 0.34768693261823946372 -1.35655763152781894121
0.98334493449386339847 0.20417116377789423787 1.63013473932560892798
-0.17951531400109566050 0.80589043045083630368 -0.24728445484928954223
0.60700850273393069934 0.64019250783807479799 0.91492040402773944230
0.76847011221092276223 0.75383738825556112495 1.01345684895129162228
0.81982875488943895981 0.90981993045624220962 0.89753971290783796100
-0.05028654406696220214 -0.94759658073117059018 -0.05867337814345235936
0.83810902871062165076 0.78362695712652996605 1.05315797852616022112
-0.23693206370757136092 0.94172511064342279141 -0.27621746550660036812
-0.05379256185199854379 -0.11617057272417530278 -0.10680844851930478001
0.70723800120424762383 -0.91132401822595587859 0.79618720625542416247
0.22923763517477646623 0.27008572069871439325 0.43799489096176857927
-0.49776839031027253490 -0.29240581492301886968 -0.91439800510773727726
0.12395230526665401705 0.97280164518504741444 0.13920978021978278050
0.69097612766780791560 -0.74071546042640101781 0.94062170082019191941
0.35680296547412870822 -0.05817152407313086471 0.69737908157748940141
-0.45113427491105628775 -0.63236936511751373757 -0.70335918292519739037
0.74813560296786230097 -0.30508748286132392202 1.29771770531976859964
-0.89138972346500633392 -0.49192753607775818736 -1.37140014261391174344
-0.21663129445503281900 0.92978603004237747598 -0.25707165291706091104
-0.70250136268810248197 0.01464639072504447803 -1.29211903217189227888
-0.27345002565253473392 0.05284346537770145957 -0.53935581963346745926
-0.48660364188290872178 0.53232947704624899998 -0.80583926537572825310
0.48813470019939875222 0.45936055942997477963 0.84072615996123767346
-0.35729588317553684362 0.24380036433963758746 -0.67879892140240571941
0.11213002639226599122 -0.35215796563588908086 0.21005651497144720019
0.19925680707204551645 0.25646041070973946141 0.38293403819809268551
-0.20538123951750719698 0.65957572652682894265 -0.32232873899258002170
0.25465035301518024191 -0.17568688180328129178 0.49605875117790726447
-0.08142673741080774796 0.29469208132421376156 -0.15566097887004062827
-0.28859823206601387113 -0.91418648518832834604 -0.34747031147196122403
0.69086355558893908224 -0.82321806352376025728 0.86642373053112453629
-0.83243623461221338822 0.76276762491552174694 -1.06931441573429575342
0.03500332667360672723 -0.86743121372338305441 0.04527020462732449929
0.58426515170794846021 -0.25171768924803972212 1.06840779619441006432
0.15234715084632854953 0.00190466480560624873 0.30351647661688824220
-0.51388360081974848725 -0.56533111958824622256 -0.83016258428981026807
0.42722332052312994577 0.90336043886316641505 0.51293804272973042568
-0.16849260115761399703 0.29003568102184695832 -0.32138484305456294088
0.37719051305836082122 0.31997898102855693026 0.69923054586316890635
-0.16856400608565969002 -0.41794504799273357598 -0.30665267401312445994
-0.53734982478642168147 -0.82964339113485507937 -0.69115466354129839743
0.99890086058752536324 0.76686199124941567540 1.21101638219486740233
0.87272146210441592373 0.61468591901415980949 1.25170678175431038248
0.24692719040027188981 -0.62039481929479989297 0.39775314248890214497
-0.60898115787587259184 0.27464812058983389953 -1.10118540713183898916
-0.52587654372621206456 -0.50200865778209013968 -0.88007395465219040442
-0.68305546213529200195 -0.91404817309675023829 -0.77071000237141096267
-0.95464218674487044680 -0.16066784115763055318 -1.61119219135723112934
-0.88395754003882820449 -0.85205267680839802402 -1.01828265158107256205
0.58077452724579936572 0.61908918295759862715 0.89368440964769735313
0.47412212443061907408 -0.47812026452113864927 0.81071968893968393566
-0.56530859071032102392 0.22952077349271804430 -1.04325719136691330569
-0.54513350792742665263 0.30588377986351611426 -0.98892520105078129955
0.65866604135067907677 0.65489200373893474705 0.97087030457962852914
-0.64363546004721317040 -0.05113056182838504604 -1.19864641135526595050
0.01268471906119716941 0.14739964452846199272 0.02509366727634490882
-0.40664389255309285609 -0.56445778462185192126 -0.66834834798113940124
0.00547762474950719280 0.82338695323247956814 0.00744669437812969619
0.33314623974092372194 0.87837320420270814658 0.41753915384984441328
0.93059139578119220992 -0.84917439999840560461 1.05957229682801745696
-0.30643639515683385177 -0.62169137467333213110 -0.49044035902775179325
0.02370121905536026752 -0.84290897879366588619 0.03153359821358216186
0.35884720486227394964 0.40647572720226454734 0.64515940292145368407
-0.65231914700585291733 -0.62737509972640048694 -0.98286961203762679418
-0.61624792928372174039 0.92303111224487266462 -0.69750979096278831193
0.01598921033705757999 -0.64086287889817605823 0.02563217510712014965
-0.57618649334504556947 0.14234192712119075885 -1.07863990850771407359
-0.17525877714181881117 0.89645803710993510194 -0.21773768713767249761
0.40131136327855099211 0.26851936515774643688 0.75325537212328730341
-0.64139582706888642605 0.38474986372249109223 -1.10914615974702157608
-0.27384854119443713394 0.12919094280742360326 -0.53636970217083623780
0.22916779762140060406 0.84618297183747581691 0.30115367819075966604
-0.71969813745424038309 0.70142042361864831435 -1.00709587685469892371
0.50318644306662241306 0.05125815634783892349 0.96317222831231108504
-0.17442521646958764059 0.57557236235600184315 -0.29116231129392478039
-0.96694100607227340127 -0.59318001542106535418 -1.36506236006732128985
-0.04016035376790316747 0.00090215123936387975 -0.08029908567082581772
0.16473458966372067636 -0.61809664283851173394 0.26729893817308181259
0.35715240498352307519 0.77017944379810621136 0.50188692072286700263
0.76708122055583505272 -0.99353532484001783054 0.75751459451423441838
0.22486882776207139933 0.49156093931217381687 0.39315441708279563748
0.99653187668383114151 -0.39362850790898962217 1.55076598523258168960
-0.50466547380869619666 0.88697849518458138363 -0.61092759592029366456
-0.57192417750548996125 -0.22339200079625043394 -1.05560358951385024895
-0.37669921137936701605 0.29024581183724906808 -0.70493428089870935338
-0.26122966412586867690 0.41155994917197857852 -0.47340542668812651828
0.73889890927685675237 0.50886184125543110213 1.17628977056240113797
-0.05780899356343960349 -0.86750776008428731600 -0.07473191493417000175
-0.61412857238348816935 0.60589756352023971253 -0.94733925341289759725
-0.37468774258990644732 -0.96125009490830426451 -0.41904602150311826003
-0.60451401889585421046 0.16557349833690770957 -1.12117872591760225909
0.39232550936358245863 0.49165165045495351492 0.67410392684851716538
-0.44919689807323837094 0.52981391956862422532 -0.74941624059506883881
-0.79316423038173766713 0.61655042088083167329 -1.16275144649069583913
0.64707374008545270883 0.44159594814096680970 1.09004580446041066111
0.03509837926264380847 -0.75307117433751646907 0.05120447813331798631
-0.99687593901402471452 -0.35326786424690981292 -1.57584041096003035776
0.11565063974324618634 -0.95593070138846214512 0.13312862586625928696
-0.31719285452384760049 -0.20757868499427112319 -0.61041009339738039330
-0.69997766985565768039 -0.68975088382803662057 -0.99387857676388058348
-0.52685322651715682518 -0.73270930959119184855 -0.74755122389220152179
0.95969240006753198102 -0.51755208526139950820 1.42350215843769567492
-0.35096755281079849986 -0.02740193283140457403 -0.68735494257620244341
0.85632233177709826677 0.93677930451075774876 0.89502157296571049905
-0.26735268149908208990 0.31172008359527803023 -0.50289525637868970342
-0.17277213943293023846 -0.73338099731429018391 -0.25543495048757197674
0.56008375270638199872 -0.88297815287476177915 0.67454033877437424849
0.02167755274171767610 -0.87190535327894780337 0.02789114896691312698
-0.55276373059627714746 0.13071160428584316371 -1.04112491390717298856
-0.52944584827677210193 -0.84609411063173523004 -0.66961475024683514423
-0.02891709289245469883 -0.39309506360449031348 -0.05341560732660681488
0.24708578370988765194 0.13577081792338141497 0.48465700114513254881
0.65439087170099163870 -0.36123578529121669334 1.13878516072421720473
0.65198551435928830955 0.84435097704097694660 0.80604788819712736014
-0.42039661341549772189 0.74334803096844970227 -0.60092528538718414932
0.14385188380479707604 -0.54367512131179096535 0.24537242309338519464
0.46074230607144928129 0.79813727828303648870 0.62071704075131439726
-0.04141653351752561107 -0.75885075013750169504 -0.06008875058980599204
0.35562929559566147653 -0.70043199202074601928 0.53241220107049080923
0.73717361686725402237 0.09092105454840204715 1.33884306125980168112
0.44895891702274415280 -0.02776300651512353390 0.86772119635037658902
-0.65497250831796249848 0.61412300415263176845 -0.99567062689144469889
0.34041717107558611133 0.20671035277022831167 0.65354500292481998436
0.03869148414240064504 0.57949710798733766737 0.06473312695680843998
-0.34198436374803553583 -0.43197851992988689496 -0.60910203242349225672
-0.36657580542552237191 0.53076915231574894882 -0.61821716969625528648
-0.52067808105485569037 0.84355151256842098029 -0.66144802639952104961
-0.11868996650109564506 -0.37472869676994058352 -0.22038911754411033561
0.06977508289608991277 -0.79320038034351791900 0.09782455198551377740
0.52027771495714514316 -0.13422354382216261648 0.98529957393925893250
-0.13665097070846954352 -0.86001276546692162484 -0.17775535635474673524
-0.96094336666771851263 -0.86936012951791674652 -1.05797182319408622497
0.73338058381843107547 -0.23374275891087825663 1.30236379817011815874
-0.90950765928921550874 -0.43583174394216595005 -1.43085261053560142130
-0.59069003536937736420 -0.82074579898732680228 -0.75929714835185591060
0.58057172422455871619 0.09638395362105489639 1.09191257877321779013
-0.13735339321606643281 -0.38311844359685154338 -0.25399109389256940839
-0.39594240439037031720 -0.40587832873386209265 -0.70868765727912541585
0.54642498783692650122 -0.56059545795228538090 0.88019982278077824045
0.34474844915504609943 0.76789799388217838683 0.48623807875101215936
0.18275085147860847812 0.42229999133080808882 0.33153922914157368806
0.86553609584629676021 0.12830698919992600260 1.51036756954166473399
0.29423144335747775102 0.71607734427313363135 0.43755080713247895829
0.42416753363918080488 -0.51296901777290826452 0.71718114452834247352
-0.42236865266895917692 -0.61187766449257652290 -0.67110061789504216190
0.57760981048561266249 0.77316445538905265167 0.78158199652664417378
-0.76491980217245059137 -0.90849639911581392404 -0.85165538175236255025
0.64146935309477126630 0.64042761889326627056 0.95959976098650645593
0.75715751866168723438 0.53222045997248224047 1.18370751010436747741
0.39283552251809727984 0.22458397607259916740 0.74639185596519730392
0.03604038025437694692 0.44952073075103449185 0.06490587757217354536
0.78634920165600341591 0.56281426863049732745 1.19721779539940631487
-0.61857610407226282234 -0.28756287487207177200 -1.11212959518755472033
0.96724093260651344828 0.06051024016239048287 1.64363208414835160198
0.08353581679602539722 -0.79460653288959637308 0.11690855820903628404
0.30089780855463832410 0.39212538737253410659 0.54776480595166909815
0.43769498520055516444 -0.27589360688578445924 0.81564733643788267514
0.49781657155341640930 -0.20080539663872487566 0.93582665633144990203
0.20753301568722370973 -0.59009484014565449783 0.34240305996470704608
-0.84420511445387180771 0.23327093101989704316 -1.45439829922173746724
-0.23177450011897771098 0.15804123297390271219 -0.45368445419332686930
-0.53996026853027889736 0.41042935628357701816 -0.94281108004102132103
0.44976758300784003275 0.27435719832939886587 0.83699232770541243109
-0.63379408544400450687 -0.15654946955483284299 -1.16992845404002276943
-0.18492251682914329081 -0.89576131067004616249 -0.22981025703512270031
0.72152435974848549982 0.90691041699487628946 0.81401337489266756275
0.53021012292676350519 0.13569137469599512613 1.00213223603614776103
-0.43479334271132108469 -0.10671935025303014299 -0.83765319662642490073
-0.63041663881237286482 -0.69121539980110635604 -0.90835753083238957029
-0.17306887392001946147 0.47341895309765558153 -0.30653206292519669107
-0.76224209738508164058 0.62934248143483761950 -1.11649324985259301712
0.65927367351321719546 0.02493801534856832092 1.22470487252402038258
-0.38342445389041834858 0.17329355289187353684 -0.73699057983992599663
-0.57226643323884962555 -0.81618209727220536465 -0.74191642905890953230
0.17429320218683619359 -0.77738439187518904028 0.24719914725344974138
-0.55040637209192921908 -0.21734017192285448594 -1.02145794817808255317
-0.28781811624438402575 -0.97375170141944900060 -0.31917352320698599843
-0.48896790561590042223 -0.71046147177830709651 -0.71214521817112275137
-0.09333935371944468429 0.57510756524731476702 -0.15642105255633739769
0.83361511852418912483 -0.14112308399871120734 1.46601212283140425185
0.65856922055619837586 0.11341105336223833433 1.21610886963497333291
-0.53022187062228010035 0.00038059186849448423 -1.01144944734984765233
-0.45118177933964487281 0.09858843408187389912 -0.86782408586628512204
0.16303900961533690506 -0.16197673842314497250 0.32038598044992344649
-0.52163148828476457730 -0.27796461311495490598 -0.95833742900672758136
-0.33372750516626759065 0.35844308987562678581 -0.61349667567522458977
0.95184286605272983017 -0.16164898436851626862 1.60773563517995143890
-0.32210687705738405562 0.25827824986671799046 -0.61213133581357948021
-0.43476063135407061466 -0.93374948987756445362 -0.50107188449012329823
-0.26383223802950128700 -0.88378617111506208026 -0.33079083558894473160
-0.47713822126388438782 0.65799999835863598463 -0.72671515192559743568
0.71006424628367503793 -0.30962533580593443183 1.24176808684009198913
-0.91938745464629567650 -0.25240056399090482486 -1.54006815533686669539
-0.25412373556623202298 -0.78810138784619510055 -0.35456721443559968687
-0.76572537311903654533 -0.42954806381205612453 -1.26019677933915774659
0.17490712159595722675 -0.26545178533806002008 0.33584316408891035088
-0.31816107203169452511 0.55705539858293695588 -0.53105374249539982756
0.30738646733648566922 0.27974311580669519728 0.58161341907727215350
-0.15747152114868567807 0.01678704099247041448 -0.31359884136989779613
-0.70423500196879063040 0.89908230799717570036 -0.80585450679220138603
-0.09472619086989531034 0.97046014218966503151 -0.10686543616202898166
-0.08156481891025668673 -0.71880553398242863494 -0.12263410902471057196
0.14083949108457916033 -0.32962141604776507009 0.26563456712113142633
-0.32048431717211123271 -0.59820578925970968598 -0.52064223634038886424
-0.14754863994548816919 -0.37797739571919075630 -0.27327315890520287311
-0.17696880238503265304 0.67603152278199329928 -0.27465439681620940071
-0.91681350187394206053 -0.50834064562193237435 -1.38662120018450818471
-0.62500369810334044374 0.05882695838051721360 -1.16817632332197685052
0.78726983410049089507 0.46373814365809518101 1.26721897267061245351
0.91722117714625417406 0.51865066123391789787 1.37901279435611812119
0.85112892853344468413 -0.05727733540987323124 1.50158351124175282187
0.85346019675206208355 -0.56100776739823166039 1.27610697462227262733
-0.10152497786130609825 0.99755921545016645879 -0.10993598117578502749
-0.84622801210058784527 -0.43889763283163585328 -1.35563241534630618546
0.86856993262780113341 0.67846910553230999064 1.18867571554247097865
-0.01503267108639727567 0.16541913969664379103 -0.02965381603846976508
-0.64197173907957583161 -0.73277754899373404029 -0.89016318224817458926
-0.38203791223128180654 0.02667841305044227340 -0.74535914098751321344
-0.34608568542051942885 0.90142771661771359248 -0.42096364451474710400
0.30147533553739402912 0.86567371971176432233 0.38489594800151610832
-0.08106728084476366725 -0.29281271045347234683 -0.15506345738356458464
0.80884668507866264164 0.94427399231140229929 0.84841118999600551032
0.75837256756924986689 -0.15171125212016645101 1.35968290708394068389
0.59415895737502788521 0.82318970393031731803 0.76121630271882534391
0.43738936742665046609 -0.28363437761937126957 0.81330387922663238687
0.42837755985190906216 -0.96286098392686980674 0.47452618914553229557
0.64674244001406910876 -0.84782058352379752186 0.79736978115879253437
-0.15422639815071748082 -0.79797294591717404799 -0.21449652461462528907
0.16538188663296038428 -0.60317350222001109294 0.27115702227491900178
0.57027555252449735335 -0.85068294610940164979 0.71204814615022227198
-0.53401548517974184449 -0.24563375143631693831 -0.98743117113189848855
0.75589938302781911617 0.47277075674138990813 1.22140455363355715512
-0.42009688994609750701 0.36873533404291802817 -0.76086983141156239174
-0.39777504978293176663 0.28988599922068236658 -0.74241140282040729570
-0.68960446609525627437 -0.83938359690082764430 -0.84990642207537026032
-0.51357316288999754761 -0.18521284201963994498 -0.96578008568771511744
0.04235735591142963941 0.63258170944668323799 0.06830231008102916057
0.48932109143886615144 -0.81333335778790871728 0.64589224824441149320
-0.21605723728496917246 0.49483504312937642844 -0.37732933678493940644
0.27244309776047148652 0.16840423538906179601 0.53055721448696469000
0.56642443201573366984 -0.19529162246500986200 1.05283563723935258416
0.43792203365519566383 0.98299620070954296658 0.47030777687741670556
0.08992081621269165659 0.93455712076611874295 0.10671340401073320381
-0.90588483934740793302 -0.20565198495316860949 -1.54077676092735460500
-0.37307473452352368781 0.56963763495165919970 -0.61385527339144763115
-0.65126401928734511948 -0.51729436570742559631 -1.05375646073925977042
0.75131549897429006357 -0.45290811104329442571 1.22755957810501215022
-0.79621365615884176492 -0.54847929644087467516 -1.21975546308476801016
-0.26815749790768550476 -0.52886166101202092271 -0.45751515072769322057
0.45668318617959524630 -0.12474947071297792789 0.87509353607855222545
0.19113392997229294856 -0.11659581696889320668 0.37736492470551386003
0.08051537618848758626 -0.33181181527841419054 0.15208267548490428389
0.48824715822406883348 0.69127157632456759373 0.72279003063058688827
0.12579450757172860875 -0.47242737878268536988 0.22344116032044450404
0.20938110959705324987 -0.96279018915582259552 0.23746638266073022416
-0.93487309905653348530 -0.24512078578617790825 -1.56094981827086232151
0.58084046772163078209 0.41214083673394630303 1.00555865483105510982
0.54133504625883843708 0.91238715713415374786 0.63055850552689929334
0.24720863680831750564 -0.81362036292779582602 0.33615284749774476669
0.58277216158363720488 -0.01904261909107574091 1.10048171616686318863
0.90780684029266955903 0.05724448390668457343 1.57372957225556420191
0.53343696894939562902 0.08530038233421177729 1.01329392978710974837
-0.20354972208307953174 -0.72146694530683785906 -0.30355920630505178748
0.83329990420741961721 0.69167372940391502745 1.14010351781333674204
0.19654877516739577281 -0.43011589593828092326 0.35499719714006305882
0.47741101416634412757 -0.73203437000660653844 0.68353914149690386814
-0.88825388706365604463 0.46935053414862348831 -1.38411942106505536643
-0.25566251362547132153 -0.30675392302042503445 -0.48216279868091826977
-0.67416040836878199372 -0.25664072061482090525 -1.20759308116145858136
-0.05398566156882167455 -0.06103511238409398132 -0.10771793267675171257
-0.04340129367785250381 0.39631127342335537023 -0.08004948474113054990
0.57619211328564046148 -0.79178603438331340847 0.76557516338328779337
0.81896335211086968009 0.50685817340115546514 1.27720622811559358922
-0.08063210334139658819 -0.68480207399143289138 -0.12477096161449625911
-0.29632551962273989687 0.48324525169182575013 -0.51714104228558044341
0.38234434003378559019 -0.32140194913380182307 0.70798315466481820390
-0.55460136436492413203 -0.76411087350981587996 -0.76041454646449380128
0.28971869328478105921 0.83687415142403720481 0.38269317057464791176
0.74098934352020373595 -0.21233610965040794483 1.31971624722214464498
0.44905582971132762538 0.72270243484251017740 0.65119101667613177309
-0.84060288784231507186 0.98411600959627953955 -0.82491351486191433207
0.14791850346990531584 0.46272202751949897959 0.26376269587567974240
0.66886556745315006722 -0.94210806950858261288 0.72933794229522963537
-0.25097459660098819789 -0.07864655364126860171 -0.49516096944281440262
0.35519411897666408606 0.29401012350129041018 0.66569855361691543383
-0.13301205448675390564 0.05426623923215090350 -0.26484992962894510216
-0.33479601438594408513 -0.76822054849003795773 -0.47259046822740169436
-0.22358138937188454243 -0.65056746838604651018 -0.35286828251701868320
-0.25931763792213691211 0.95306994510820386424 -0.29702955088197530165
-0.58975573553177995656 -0.27783946531841241523 -1.06965905378722925256
0.32675133461109395761 -0.47234698220700233051 0.57164578978822844224
0.36314943501165197759 -0.75163560817566454908 0.51902832002807575140
-0.54295799237397845971 -0.99725306452613105002 -0.56070331163801190311
-0.95004336459567251261 0.36025309160639840123 -1.52244809036921946443
-0.73711870857725947381 0.43567920253003156184 -1.21873371474081859667
0.22221532216980643959 0.56097612153661846612 0.37322610012123846879
0.45568387745194383065 0.24387819419297596113 0.85410825248805199994
0.30013238274003328776 -0.15868768631064567032 0.58386404813346926002
0.75877394199665482155 -0.02364594372572681458 1.37567979109269455940
-0.79764249944488674338 0.93586280332708637886 -0.84901146128087101594
-0.39416878934638188703 -0.28044484454482021540 -0.73807460012351600032
0.68344479397971480417 0.57758938026007466959 1.05806393332680426234
0.44719979965244704978 0.66188094306231382014 0.68225364685211342675
-0.64828706932890911574 0.14116490372452550339 -1.19563105422963089630
-0.71217225842837006411 -0.97640418539261353281 -0.73190400706562619426
0.59368707026609301991 -0.96094037222081118976 0.64081603702657341515
-0.54993717840615108372 0.17064827338361676645 -1.03008471188415406949
-0.22856384767554516202 -0.67658344420638116823 -0.35333469274824069739
0.16056976304030556868 0.95305919857520349225 0.18520319681411301360
0.97389557288795303158 -0.57838161253194120270 1.38511104720779609778
-0.17409121344144939947 -0.16575511846031987240 -0.34167821532229719628
-0.80356081472253393372 0.43512356721888489908 -1.30551386731379404083
0.40822472317200486636 -0.20888865888700181017 0.77670197274179597624
-0.19235919228813513904 -0.98224414153850725384 -0.21226454440424832870
-0.08051564364839580712 0.90124904782094539257 -0.09983307285065452785
0.86937138684685311141 0.92616616944167029502 0.91808755358164972904
0.92060776246532927125 -0.85447492854274220697 1.04529064657945069960
-0.49527200736193854880 -0.58556424898067160889 -0.79218204559089244743
0.54629030124191646500 0.91666181067341612199 0.63222867113709024789
0.59432373511621272577 -0.76678282843600831242 0.80649005957398045563
-0.99825047879173389731 -0.02559549805670613409 -1.68049823199650494310
0.44673012425215263832 0.41828584290015347058 0.78954606637405000402
0.28188749999732287677 0.99644602208252597286 0.30225272984069057047
-0.92283534330954419822 -0.61821832905127171998 -1.29948556327176234504
0.11756110539294351014 0.15797221137842076821 0.23166006787291062996
-0.10186830015627812429 -0.20791365529958794056 -0.19900426876414084587
-0.62763345015487614909 -0.81903410089180939124 -0.80207175608360681274
0.06005362960830584740 -0.79517258052251982292 0.08404394776234681841
0.28637830113931217468 0.03868372924107155164 0.56453711421021057770
0.68558966055074366253 -0.70510758517835636638 0.96430926409031803015
0.17123872332320244638 -0.54313372003899718088 0.29176188496959798435
0.56057828126347652997 -0.34825555616863468344 0.99951850812291731518
-0.89374221788576702075 -0.67117083196885762852 -1.22072100137966588207
-0.81925618984879999829 -0.70660864296013659036 -1.11140020862594113282
0.49932893119422971928 -0.39314279803421214865 0.88461180373916914466
-0.01794053516776372703 -0.08580157464598769934 -0.03574715704923601273
0.89191010535886849908 -0.97253995800895176593 0.87665017129143141261
-0.03475827553768917610 0.34569691327324059138 -0.06539075056966088539
0.54733014249666744888 -0.58800644779236432846 0.86601111941036301722
-0.83352329599322438902 -0.84291709224941957501 -0.98503119613095246887
-0.15918942467706376220 0.72112389069500393290 -0.23811428108492874167
-0.69517770763189523642 0.54675786017306959863 -1.09428643006324155529
-0.23152736830114051259 -0.37461570695971557754 -0.42710131962050051913
-0.78465456939431588168 0.92945506961995727480 -0.84545319121085116265
-0.60876232473599145578 -0.70011892423894006576 -0.87466630198273298546
0.10922643415754929030 0.19823554916034424878 0.21374898741491932253
-0.29734341543016507003 -0.30557729058077809370 -0.55881684220039307132
-0.97823189289205303432 -0.58840519900167920220 -1.38001946741854886191
-0.93779319984592213189 0.21898467304758484353 -1.57400007687810750134
-0.00617549889012947162 0.20309729073578841607 -0.01209706516486158331
0.65677043714652838524 -0.46411156564834454841 1.09195361254897527203
-0.44038718695306622308 0.25711852240348798126 -0.82455241281998503666
0.33765171593481113632 0.95809587010865571166 0.38101537035559429611
0.28583282033223178509 0.31425229172121316168 0.53629707139043647501
-0.95507043033809924104 0.83653603078903970847 -1.09397735224608982918
-0.86847059531299719559 -0.29667879896638993387 -1.45998699806857001882
-0.42359905885687210159 -0.79576584597455068959 -0.57524618280933381698
-0.81600426170553164162 -0.98256898515744461875 -0.80837519965534643251
0.63289071171099764435 0.17090991080716388950 1.16572095920194196417
-0.72215237017896738436 -0.84479629346868168049 -0.87765590206166033127
0.90078084658669088647 0.23516843376033125246 1.52447542282546666392
0.82921966810262803804 0.36844872795480387850 1.37583045631903067019
0.85386802252680560343 0.95109508782244622793 0.87563405754699707995
0.11433784127050672375 0.99227857847982514627 0.12476382937500099524
0.70125020758853828795 -0.96707549843837603554 0.73254211792938295211
-0.27072680979857932648 0.53892519943453365272 -0.45905252631746984449
0.40712691138434919935 -0.43495516768019482079 0.71820655062994354090
0.28061115123498914237 0.42426279880937789457 0.50477972720643682347
0.80897551426793512519 -0.66336878180132319294 1.14025028059626731824
-0.07093271122193756106 -0.46455426605379135374 -0.12672438676430794469
-0.04443433659057349772 0.03800510098730924824 -0.08877528062842365841
0.65311237016879375439 -0.03842153458301766911 1.21442542827432542474
0.86500843181359177159 0.78573736946989014562 1.07599380926366228195
-0.45451148810340447071 -0.86347173771794105690 -0.57055708058751586353
-0.76233257368127604892 -0.11438307677747427960 -1.37219486094957598965
-0.24145255317673663953 -0.60053448990178570632 -0.39455305399725887350
0.64250117497488679064 -0.29605662779953401120 1.14626242201505523788
0.61762859525537150418 0.39040084061082680478 1.07105954426799865331
-0.65164024816295573750 -0.84188165618653743039 -0.80791986405198790155
-0.41406824100787154030 0.03424101730674000699 -0.80420250232628309739
0.58619060639615261366 -0.62518615004299626925 0.89711547513628098205
0.18592626132239442605 0.99541946228044531075 0.20118015033768410493
0.10753078534872417826 0.77778380970591798338 0.15292988544548416496
0.08016647603592375049 -0.29819797670253866961 0.15309295105531664505
-0.21837775846128248958 -0.13555577242332716992 -0.42931752926591221220
0.57590045209814055838 0.19394681005209557512 1.06875961706433830756
-0.38853992800775061234 -0.02658979510072834174 -0.75740732418576817153
0.08570149402591131782 -0.20496064859013385373 0.16760999972200155139
0.99131054306026178402 -0.11786445429912184579 1.66187805772119312486
-0.07002602331545726422 0.95972787459550357170 -0.08028821063340024766
-0.41073310392052309048 -0.05908187023638156177 -0.79716977760182972101
-0.34382137424408276694 0.68302959717043632004 -0.52293302580539213764
0.02022615534986393904 0.40052332171508320258 0.03724825676618143122
-0.29420273580963107740 -0.56361645783180258640 -0.49025156889846627228
0.84952692196660373192 -0.30406187370388448876 1.43303974702059022661
0.01398986615560482427 -0.26310152956451182682 0.02701601217224457521
0.00094393495373701342 -0.23796483159194314894 0.00183466894714540900
-0.93631122478589157154 -0.60624148008322098491 -1.32371018447190347267
0.54404231688893278651 -0.81586188959468786130 0.70935990885543687146
0.37640470293014760550 -0.89776285516087250826 0.45826901564835476055
-0.67658089298948054235 0.30119806151194827848 -1.19588688049487923415
-0.42157384384612539563 -0.73217927842631458368 -0.60865545524472053351
0.96034649703935137666 0.46378392968633663784 1.46566990415217812682
-0.78380235598392400398 0.72752140604217152564 -1.05448327079015125030
0.88983519609912864468 0.14065160324063441522 1.53859067798257509452
0.11753801229757598890 -0.89430179005407350878 0.14683386321869806856
0.27888056403274008588 0.13137655618594012985 0.54581482979866113858
-0.58110432770965525506 0.03003612180154657807 -1.09739945681532158339
0.36308261590103896310 0.67355312791441002140 0.55518960834404262883
0.69948386791871031143 -0.03741674369799241617 1.28674442870964123031
-0.37386546704330547719 -0.53417608671299809942 -0.62867538718961180066
0.57240759830311893630 -0.39397013655775814378 1.00032470354732394568
-0.92454241491426469857 -0.70367214363126162624 -1.21743086202509198657
-0.31888552137595049807 0.71782060997076202469 -0.47229485553852434965
-0.72136765315586681702 -0.47868494319991672370 -1.17236572936823102431
0.31865865089468936588 0.45505675255337729723 0.56282219566073110606
-0.80882980228927481292 0.71865006996881075629 -1.08911954170507718764
-0.65953365041945666292 -0.46285591880978471657 -1.09655116091974802472
0.00505058990542139874 0.39675296410919846934 0.00931648653102605702
0.15779617581445148922 -0.61176162183834903452 0.25728492951768056063
-0.64161119082731654650 0.12044113888861440742 -1.18830278666839395108
0.83583658054192699893 0.33932197848470790902 1.39911486672037121970
0.70404802698396307115 -0.20050111631162925718 1.26868181065900120785
0.74687937669437842736 0.68875542793257293894 1.04897080565516653827
-0.94590483002408154434 -0.76435832258533231709 -1.17084113656655630642
-0.16821306037691630131 -0.98781343604872384745 -0.18433595917000300535
0.96914364355401527718 0.71132735606957520069 1.24896138194334160865
0.74998132837838626941 0.61910729843488376822 1.11022662911933744923
-0.92563880039104340369 -0.59071588167203770148 -1.32721479219160953811
-0.65492564297386923755 -0.42896469536889880736 -1.10782774001724226842
0.50109601378822121731 -0.72107387665495781270 0.72163479906081029469
-0.84984195152217378855 0.82135396453960862750 -1.02344832730852841607
-0.04208676380060460964 0.49136518256380745662 -0.07419301187718756185
-0.56821544212131591678 0.96982320166713731346 -0.60856483210398992778
-0.33450960979218713476 -0.14853422269330507355 -0.64938208537426334033
-0.56503108887170361285 -0.42897255565251879439 -0.97385516887930279051
0.42021568130035547028 0.87545465149264534155 0.52271401783772719618
-0.31670111693182168011 0.40325346304453302260 -0.57290620273046732880
0.50691174169543873340 -0.76348834565056300505 0.70144860108727680181
-0.15344138858410016901 -0.57607298529170747337 -0.25634576002218700808
-0.14884369519967743933 0.94935198511100149510 -0.17267735019103094829
0.21026465783942405174 -0.10872838651499749929 0.41497245793800913161
-0.86162760326529408417 0.92652532007972299155 -0.91161873671087878535
-0.42613625757403617023 -0.33578560932011281004 -0.78054098304772456807
0.58737687684705019997 -0.38849986717565787586 1.02576217118838064479
0.28538961185968614309 0.59923232709260321194 0.46495958789797098287
0.33673456738922924458 -0.86660532661365063944 0.42782229468729254807
0.95663912928835315164 -0.88476172183413570593 1.03542500728733366522
0.82474289559330693500 -0.50893244559075268008 1.28260523993783692731
-0.27312392999256451809 -0.55304147026517802566 -0.45906167445917522851
0.85481156193708485169 0.52178197068087617261 1.30810948811864147245
-0.95608268481198632749 -0.23305727788297847525 -1.58970515165654835421
0.62976788018838925076 -0.99415051551796018714 0.64221682319354800317
-0.95367728599021184266 -0.43590263480349022984 -1.47857290106268668417
-0.47505986281611911615 0.58947803443432666981 -0.76039626030328966166
-0.84288872830393923863 0.68701869469790688427 -1.15440380922384489004
-0.23302752506942159272 0.82828355437720069254 -0.31227491612895019735
0.70190388358822319859 -0.87213694408075803643 0.83058269127028394596
0.66541624044606062505 0.66530770023977647831 0.97142930614509193088
-0.66538484705773726091 -0.07721487169866247946 -1.23104489165005470674
-0.96526888897421336821 -0.08783613426063041629 -1.63806462884488990284
-0.18910211626691153519 0.10919877405982370000 -0.37371490433615911497
0.42860284886244626179 -0.05818065234804681296 0.82979446105930576572
-0.60871558253280522166 -0.07484274285511816061 -1.14042694923656040551
-0.89066403614515743392 0.81530134372846285729 -1.06616993929756875836
-0.26503797267085960065 0.95878509193253513843 -0.30098361267675188824
0.06503598301597923736 -0.71808770353766826489 0.09788364637340329910
0.58234466249218463929 0.93878311496377420120 0.64982800608972168810
-0.21424336045549829954 -0.15156165180200176223 -0.42034183049343737393
0.98688127235883604804 -0.87575635320842581955 1.06861207931516388747
0.27969645813717347593 -0.61921983343212083639 0.44961509170309627015
0.58763279809531887565 0.47235602598779991013 0.98737164666000265534
-0.03057511533124301906 -0.15166415950846068306 -0.06043887060485577528
-0.55356585109892852969 0.20609419411621665574 -1.02919665139317584313
0.69331338482558457770 0.60575205024544365173 1.05075725849623258235
0.75436333508600061926 -0.33390175304715796756 1.29400508422443127898
-0.66032030525470419846 -0.50439611323196209547 -1.07396950279197622713
-0.46467821635795059088 0.05952769780541289357 -0.89468280310365511099
0.73050972274906489368 -0.75658696130682279168 0.97042494623681996302
-0.97788465673255919874 0.46903656563849827066 -1.47950888655187196008
-0.23232721946339562891 0.77306790596502783508 -0.32960257909263290799
0.36833683312014375844 -0.22921411202331198886 0.70129385534963817328
0.55703318358884668093 0.49869046206065270610 0.92856655062606796580
-0.37725712203238037645 0.05688378925368220429 -0.73555208351909051601
-0.70271163488272669895 -0.91001129340617126218 -0.79330308320280529255
0.86170140265277250791 -0.49776161727693901682 1.33371082683952058012
-0.87831217917415949081 0.16139572487179743021 -1.51931963909388834111
-0.31374960894054404470 0.32814758813276512228 -0.58431861767162707189
-0.72994391934748992234 0.27262419454119268813 -1.28440061422828821769
-0.61390688728322406753 0.11587794898563141821 -1.14440412410547520672
-0.82618472557138367129 -0.14122211347341151466 -1.45606108601617689757
-0.39763470269559131332 0.79837495189065843526 -0.54048568663702700743
-0.69619231460736274997 -0.86692489887533730197 -0.83006618825521538696
0.18311252393333976585 0.30441987819167581897 0.34743715765231703019
-0.70420529132825770979 -0.04249487312505806358 -1.29368777187868699841
-0.84566858001774036779 0.34228665122956325462 -1.40999778147220622415
0.76294803286854984137 -0.89470202869252091205 0.86485744710463341445
-0.21326348347715251563 0.43646372222548168729 -0.38361761101999514167
0.18676114134061005956 -0.66751393911394574232 0.29164823985072557688
0.37356725451175321062 0.92003563352824491162 0.44215407920073490633
-0.35115261135305742002 0.99548725762083956070 -0.37431533839262093322
-0.19505590650589943458 0.61720834632004351050 -0.31612163920487007518
0.62765126770856061178 -0.69251687471141298857 0.90393668618867606401
0.83832091847653411598 0.27446602237168082894 1.43138277445027006785
0.65725756405600921362 -0.24096784201306631346 1.18659241192879982840
0.42777018266734700980 0.23779385880630821148 0.80633853310606540266
-0.37399761335200421009 0.43494646127055092144 -0.66264759198136691243
0.65899159048062827537 0.11257654327069954725 1.21688777876246323473
-0.85553259866800912548 -0.95503141500105881434 -0.87205844578724911464
-0.50445529124044119484 -0.60464973104496944067 -0.79527348169070655182
-0.05535471175432604696 0.62252472138834358262 -0.08989539718679509517
0.27849392186373078673 0.12308890139065842284 0.54565598216482602556
0.35745544727074984870 0.06716341413430026996 0.69820557165280938694
-0.93366204211679693081 0.80340983838322488353 -1.11609225437009884629
-0.96936420745410689648 -0.08757187123903498183 -1.64273315380630968718
0.63001715457372720053 0.25163818356275591270 1.14120711347402625790
0.89570228268671470140 -0.01086027027763614150 1.56120428652666221048
0.34968645377270002328 -0.29418227175035327470 0.65576974049260161603
-0.48565068570850944418 0.49997885328071456357 -0.81929229684428472869
-0.35884990131010785497 0.94448698970383460072 -0.41171501514508795916
-0.50933443015693091738 -0.96070761332300635971 -0.55872697712111185631
0.43254557549905325864 -0.43995652671767482289 0.75852908134876662061
0.69781759450002511791 -0.75450142441684464600 0.93633628959223247357
-0.36368396253484136516 0.55150558193188659040 -0.60595888547565246451
-0.52076174410921227675 0.70939658917973358321 -0.75502357958893639989
-0.67865484277208976138 0.25774899306532317311 -1.21401931559088294144
-0.87696539547571061846 0.89576999823262926093 -0.96087600792398009109
-0.02167657397930300434 0.14446731269115731244 -0.04289816707874985480
-0.13171507184995312478 0.34277330360644886476 -0.24738863705623828637
-0.60338303724393171912 -0.54759722533889254592 -0.96892080824385340421
-0.05816326916772518452 0.83991820966871588716 -0.07760695033985656743
0.38611532886738997306 0.92327715862772907762 0.45432852527543982069
0.90374548890603878526 -0.95350518868437306175 0.90951256841017968924
0.33817522211463146853 -0.52053891345273139990 0.57564841651244103016
0.84027300618092581885 -0.62732424589376667434 1.20602266788136813780
-0.99154985438442477808 -0.32770955059329720527 -1.58467717055034018614
0.76287321467952673437 0.41601844785246533398 1.26412482139373305579
0.08954483954259662148 -0.18455804715919033043 0.17581310666813484977
0.80022382689656246235 -0.27708459480902525307 1.38028796737558678842
-0.76101692562499145822 0.46196774678702623440 -1.23473256096621653022
-0.39714579290501794695 -0.65338401089659203791 -0.61424332581356921867
-0.70030511060241873444 -0.19342005517492300015 -1.26486734674488232599
0.33009138724857356451 -0.25175185696710511429 0.62782423540331566691
0.95160101912111527689 0.80756069710274025475 1.12585439008058618704
0.18657214338922756269 0.33400986253779296753 0.35048099407225924429
-0.71580950783752950173 0.73275486072906215185 -0.97559442858327360959
-0.55738271674673578460 -0.45128598879066816885 -0.95202082452920988587
-0.99668944073415888241 0.67160360178179101531 -1.31464108890407116448
-0.47448776578471174581 0.37463407122252756487 -0.85038838381653181209
-0.00681194486074865324 -0.64336053214208122064 -0.01090017649011223826
0.68759812806208620017 0.29273406444175775754 1.21536507982145591811
0.53305528228206466856 0.36855201964221540045 0.94808733216099416730
-0.91191691190058543626 -0.45950406277651723030 -1.41732739386211958887
0.41655827022998126452 -0.54223979067340866145 0.69315073327426168781
0.32788922900219596990 -0.94891778168225138224 0.37522352976251871493
0.63616981096900060422 -0.58666897971667375522 0.98955172752789888335
0.58622037257370362973 -0.13574488427696351778 1.09625452601487993753
0.13836110937708312463 -0.75977014404959497540 0.19998254469817552947
-0.72573909071013664729 -0.37083454505633128839 -1.23714880742580901618
0.45207161949918028832 -0.10213867391298925291 0.86910678158385934466
-0.95396554355797835711 -0.84009060636870902528 -1.08880985994056689314
0.87264464452131385030 -0.14772213448130777635 1.51537736375314868731
0.88707456324314049034 0.48997541390410437323 1.36803466124326633668
-0.07806753309827474396 0.28795440464299981720 -0.14955446886031925624
0.80722396204254254215 0.29286411426020952931 1.38322493601279927766
-0.24123813681708417000 0.23812644739177746267 -0.46432715618016551229
0.77883034316879684589 -0.91391673601368506041 0.85789730080410597779
0.23518206439659716800 -0.26978905524880580913 0.44918208131528714055
0.85437870888959621674 -0.14333666635387021238 1.49285806413853916474
-0.28712258124878586862 0.65820455329296145841 -0.44806453491708697623
0.96317735769303691740 0.46477063553172892618 1.46784121243098475418
0.63722704952148245816 -0.68006313216786540288 0.92521605022082020753
-0.77627456503162095558 -0.17661215919114514605 -1.37945508469734234858
-0.86979363471801995900 0.18213469517390623587 -1.50311099942038550736
-0.90151761571339217305 0.03285481668082623763 -1.56769224973527165901
-0.97047094459728300286 0.78795987319519089631 -1.16394774280786039711
0.13524630072854049168 0.67779033855410975029 0.21006122093930634787
0.49829382182657733225 0.26265128199418219523 0.92307399921795918463
0.40699649728981679431 0.83601912546272916238 0.53077695461684837319
0.23310454136509339840 0.22546489348882370329 0.45030536522001368693
0.22576951696287039795 0.51838513034959921022 0.38889252015489289560
-0.53526689614223266211 0.06439976593204232991 -1.01802654718172402859
0.97564722737519615769 0.11055776471108336168 1.64601868806303874848
-0.32831477615327275821 -0.70905415542652039385 -0.48946234029751894967
-0.36787202947935182529 0.64886149544287952118 -0.57308747244859714609
0.43468232899385816914 -0.07610403413250677040 0.83980669835895560560
0.45967533873082078166 -0.62726942518882089495 0.71839914660829318205
-0.53472746548573191205 0.28010935920193769100 -0.97948951783969484541
-0.20394765056905495015 -0.09613456886140037128 -0.40320309216845862110
-0.76502781932229235728 0.69775056551436986929 -1.06139824562464024638
0.99658011812838664945 0.41182196418926664272 1.53884074361037259671
-0.68233626242319167510 0.09313338809224691595 -1.25575000845207784828
-0.66811309580220923365 -0.56140432354695368744 -1.04883377182059334132
0.94395247706334184379 0.53590854933334086674 1.39268284589394553130
-0.17648884281179477718 0.94928742102418839366 -0.20446038987026829425
-0.32281156748337958007 0.99350514540400913788 -0.34626495063138912345
-0.48677047781445814678 -0.75865962387051921745 -0.67898206034385566454
0.96021160886186418537 -0.85083073912120177340 1.08044235711378600051
0.20377796779646040193 0.76085197605577881141 0.29313327776582875916
-0.18451668738801751957 -0.54865318505024096574 -0.31308584501848579773
0.99016217011317930741 0.61230666621729623600 1.36842656833828391072
-0.86541761965293351189 -0.06577504437818193495 -1.51943941054958764347
0.49781713748695333166 0.21916828907417729155 0.93217217081406789081
0.28935394735670505462 -0.29068352806765740404 0.54672570288059374466
-0.76563150680220015687 -0.89476444274923871980 -0.86721429218661261196
0.70228688852818410560 0.19147229244159968964 1.26832034419677941450
0.71865999028721305741 0.40875000759572488462 1.20827701606435011783
-0.87053535804201032100 -0.34497338321422099661 -1.43924570385988181975
0.41571682062437198546 -0.01441114277711363911 0.80760773232869187410
-0.89207020665333702780 -0.97141026118963202940 -0.87821604659289786987
-0.78882843374649169732 -0.58218270745476097261 -1.18528738217133566835
0.40177860504611118131 0.49499978197054850249 0.68823404403503884996
0.07251922970019242243 0.42918585271105613721 0.13176860656395575355
0.03119985759096999267 -0.77428226399269428626 0.04460375814002915523
-0.59171012403739053909 -0.58865776472201591929 -0.92779844237246922312
-0.30451406796410140920 0.11755548257705261683 -0.59552060625397507110
0.19541818346920680760 -0.40794947452879171124 0.35648380412330515910
0.75328740391607440507 -0.33748992515569709028 1.29090573779461870174
-0.17381638258058007551 0.50563266153606645226 -0.30260375057815624977
0.53320913156471583250 0.02039570571540694210 1.01638775188820051909
0.40771232763732823123 0.53802667671786119641 0.68098374619050783263
0.60767285378943580731 0.76754066725200309484 0.82174686762552484609
0.40929257994798717846 0.42136545953415605048 0.72630271989651340458
-0.00817692074591347406 -0.24562315481532781547 -0.01586282030070442980
-0.51616299973398827028 -0.02445739249320122433 -0.98679812468222738442
-0.40666930017055369362 0.97651217859409689126 -0.44295213730531579621
0.56135287915574005879 0.88948772970962597384 0.67053598055740770700
0.62100943333830671556 0.49439156402567507875 1.02436704127886124560
-0.48962398343946955670 0.30662394568217687940 -0.89671728617295032304
-0.74844725427052893885 -0.55822091247734850761 -1.15440163576709564630
-0.14340108936847872911 0.58809418869453700118 -0.23780228380141821276
0.57076388678361533735 -0.88537090404615859107 0.68399076428985505771
-0.69373253588173833251 -0.89170015807661284768 -0.80321583399190910058
0.63054971549477545345 -0.46377068580150027088 1.05462369347870765779
-0.18854317955105059923 0.56332262225402462974 -0.31693546924488352756
0.15907686968344036949 0.69959292181469012739 0.24239546923345328677
-0.71681345025401599358 -0.09403515887367763781 -1.30816613482403520941
0.55104245423482578481 0.75661058488139598666 0.76145376567495337561
-0.55018799374647331391 0.31333644017579320717 -0.99478057182577428463
0.78629169640461693547 -0.58146676107769490471 1.18285428275899828776
0.92657773622595329677 -0.43686127286649401036 1.44895408776306489074
0.13552629251905679020 -0.31910326964949042861 0.25658192680282521092
0.87738116683207234558 -0.02909796983036994078 1.53748417320538632858
-0.78962464812142840742 0.24243604295803056203 -1.37864643420758503645
-0.90734067383292482667 -0.51498851174366500061 -1.37136188118059410002
0.25098206009433532415 -0.48375070562144584230 0.43971650565319481130
0.32195185817737481671 -0.47339856708559335807 0.56324051905607908086
0.99320007454086423060 -0.42786560171030019184 1.52450957114476581822
0.73122896805141568422 -0.85627447352626995247 0.87514055572200777355
-0.35494593765013360276 -0.34763484614483597390 -0.65350045835545544914
-0.67422830700699742934 -0.67248345170598256004 -0.97674279169477673523
-0.37875852597034409541 0.80430480033427254050 -0.51295017208277937648
-0.57459130802979507813 -0.45484624341774826384 -0.97646839583391775719
0.42947684285578180408 0.79719146371964955122 0.58188622745541518366
0.74638607534555267975 0.29615152460667570899 1.29886275635588144262
-0.98006541359574939065 -0.39124155649820502312 -1.53555123256551762090
0.53137020348937902270 0.06896536344121062534 1.01102108102573873261
-0.17943719302720140263 0.13688013728395143076 -0.35361292597158633377
0.54463001020219525827 -0.04422088050082617627 1.03519035770013956288
0.53561038561231733013 -0.84414068640154504841 0.67814762945668360938
0.32800219484067971720 0.85255330317831878872 0.42399295523984026346
-0.66031546560592979667 0.47753298040239977595 -1.08949932394001280933
-0.86615967099445834165 -0.09380652996140881328 -1.51699483818434721627
-0.64581372675242287862 0.86919534177267010477 -0.77691581594225322949
0.60076530403804695446 -0.23923180643518615618 1.09835020535768368433
0.26848635568051637534 0.25722377437331456207 0.51308971398935232511
-0.07130748278460852241 -0.76864803964633865441 -0.10243207493969271049
0.66743031995937340817 0.63763430447397251299 0.99469220977019245922
0.80970099881754231674 -0.25168250577386985789 1.40253731832483286013
-0.12642333781403136683 0.89862263079635740226 -0.15702560113734506664
0.32253816176383542924 0.69934538739439955357 0.48513872806783936431
