-0.91887476717731209064 -0.13748366780072016069
0.04421303516893648755 0.04625807617003682704
-0.41334920658421059336 -0.28392317152779894540
-0.42519590314454447366 -0.28859058931030417972
0.56482571971157313762 1.16582801049852435860
0.76694162592523040800 2.15223433375806783019
-0.92481019713151613182 -0.12900887588781259629
0.35012308856464469109 0.53065688749567885285
0.60481786065809628461 1.32568072576712436828
0.64998871717249739888 1.52557860502512010470
-0.81790397520655333530 -0.24857102946097350826
-0.54935611571821318933 -0.32227683575833154794
-0.58575651763055969212 -0.32590019622945970434
0.50727354900081178535 0.96135180952254284392
0.15768330356308024598 0.18708618896547388188
0.97392771293224389417 3.74598661790050790898
0.00361724872147672905 0.00363038071084220964
-0.84368439689654128877 -0.22575439960454973809
-0.38630406689163665490 -0.27245187089095118660
-0.01225371087090754152 -0.01210537483146598668
0.13241903052091319459 0.15258324053282040778
0.20097928215603744206 0.25112161214563094580
-0.08070876872963284043 -0.07467816169728067055
0.18431896490231447494 0.22570859994354422473
-0.49175500193019594519 -0.31037132636301090205
-0.62103118156023251473 -0.32612173761298007824
-0.67019200734941919428 -0.32031402689942478634
-0.85698762197094269233 -0.21257118783857389954
0.68182209108468527781 1.67978452110354647964
0.96350875034871785729 3.64816242888482067386
-0.06852386886350014805 -0.06412805558385106797
-0.87201316401373141218 -0.19647234127096580014
0.53212520826823883624 1.04613557042105354000
0.36390454462671839586 0.56205845637407791937
-0.54124290139822406331 -0.32103670188812782893
0.82701587972525913983 2.54440781543834670941
-0.25159646707844429692 -0.20021494897557393089
0.08938870027276268893 0.09815713162209986631
0.15058238134678836317 0.17718605653740240879
-0.02728801602635444468 -0.02656314535935068791
-0.20309539391896258564 -0.16852350471947391553
0.92007012603215732049 3.26207665061695806230
0.56426290327712957939 1.16368653672743183058
0.75110213114029433790 2.05726432314716811689
0.71242649676417202365 1.83917969524224700351
0.93849830061567951489 3.42165876513457112296
0.89710746623210102513 3.07160892806526719667
-0.75755455844105279439 -0.28906932859895406729
0.54642686032715248601 1.09731396827801641614
0.13422720093481865788 0.15498711620860836091
-0.74524857661985555168 -0.29529670166560123556
-0.99734556479731528711 -0.00528074236040225117
-0.30629450657874945918 -0.23241210392838992926
-0.23012141746190462044 -0.18654750598648345283
0.75754182450498963597 2.09546801224054224377
-0.92576874269906750392 -0.12761813811868294444
0.43170144745820304699 0.73325445751825069074
-0.36373318718734837240 -0.26205014794602610184
-0.78697992320289245072 -0.27146980834319339726
-0.21585013368379124543 -0.17714484014286219216
0.76609355667922995892 2.14706352766639030349
0.98510860866009619663 3.85328716004254356875
-0.75194413219970135387 -0.29198863743331399112
0.18102961482693280537 0.22080797410804200998
0.35872713799336808371 0.55013502679175407817
0.09192649026395960377 0.10122520341368780594
-0.70424365625993368134 -0.31158514206694160054
0.37615021967041006867 0.59087945491147142452
0.80782598530110449886 2.41344650968604002017
-0.40118699000576940605 -0.27890221195861064629
-0.66211311748979184699 -0.32179650308341012366
-0.10818839411595537747 -0.09761298061557689698
-0.12487781743426817904 -0.11098756396339858055
-0.60926225881673845564 -0.32643040269945716725
-0.55842658364121677828 -0.32348187829783164871
0.34899035459965621619 0.52812349046352946580
-0.47649286035612026247 -0.30608331383113124291
0.33520397695991799303 0.49785492690913973890
-0.44103168445619522764 -0.29447361582018599657
0.80408384508607566588 2.38854372806802484064
0.52079137691807564359 1.00682825044121937452
0.87338984167953692683 2.88430881596039645487
0.97120676931084504169 3.72023952660902690326
0.98739161750019932562 3.87549589151111506524
-0.70322707595383260326 -0.31190620066584534564
0.97743156842812006779 3.77935181037925271852
0.57738192270831634190 1.21436903236781001958
-0.18628424016619149484 -0.15684260767360302946
-0.24261824755366068196 -0.19457109533361158227
0.35906053040424668055 0.55089819904689985020
-0.61630360994651467443 -0.32629322156207618555
0.76121549397011434301 2.11751127685949347423
-0.07152107076176306144 -0.06674549040478380824
0.19023711355117023381 0.23462171201678169719
-0.73763455155257395823 -0.29883031063481485523
0.33995156767506773399 0.50816158939242728199
-0.90804890018964479204 -0.15234303444868521615
0.57878346825670234921 1.21987912404960918700
-0.56724542580172410133 -0.32446488088081754109
-0.25533273363485720076 -0.20253393393305046954
0.05214291256876624203 0.05501095872230971073
0.70584791139317348829 1.80396206897282818105
-0.12743227895136799432 -0.11299895953345297228
-0.29951077232946010653 -0.22862490089254128289
0.32853380742589255448 0.48357823822668505320
0.39794677654927546051 0.64440632453744262076
0.03432688509841641533 0.03554705718398885189
0.16641151946683696572 0.19947960400358530353
-0.80204589816912341682 -0.26090035416928902823
-0.15732658920589104312 -0.13585638264021035471
-0.11186538051742522804 -0.10059478846928669726
-0.64767364728814835750 -0.32391494443165813610
0.23785467403275029064 0.31108682473137105884
0.09033217555256145559 0.09929576318683269731
-0.74140175680155584459 -0.29711203667070812395
0.89146898907925997690 3.02622651527007313632
0.09434516102345469335 0.10416516556640736946
0.53909333489004640505 1.07084806711215962949
-0.46949105101900001635 -0.30396949801238798416
-0.87868003038388819981 -0.18890612051529223625
0.98975394770516156306 3.89858392571485090627
0.96873747776612106897 3.69699641443397819529
-0.38442989355236378834 -0.27161623543138807557
-0.35252511724590052111 -0.25661683396431489435
-0.71808119378451773507 -0.30682718188938079562
-0.96232606806112941378 -0.06982896347997219477
-0.76937737224452984464 -0.28246747073050870735
-0.98395062214311268534 -0.03108076136468282055
0.83508216110592203840 2.60111318316668560513
-0.01491644566549688022 -0.01469721472219943231
-0.36793501097930159105 -0.26404176409032154016
-0.28494011328084312140 -0.22029182322222032320
0.89960762210512923431 3.09190500729164696736
-0.56533303499112230739 -0.32426776611809893236
0.10438533235817781808 0.11653777291899693191
-0.69522575506294947978 -0.31430007744678728487
0.64741805382688966120 1.51362039269258530361
0.81507532010837002723 2.46227454432871928347
0.05986063273232855586 0.06367126641600114045
-0.67348296156478770769 -0.31964741103931731958
-0.62998293115596126768 -0.32561857564532953324
0.58583177433335120732 1.24787290670720274477
-0.84496649060438411283 -0.22452663485865781423
0.18721830212758017176 0.23005967700108218010
-0.51217497442437420752 -0.31539368693523966991
-0.42664316669922786041 -0.28914535872516211601
0.57635780931225344403 1.21035455140988501554
0.50902339451856093433 0.96715392950833223296
-0.30724449119097729799 -0.23293773635520317877
-0.16695537800785165139 -0.14295804501833989097
0.75631932554461633877 2.08817286051408901315
-0.05819980021766557599 -0.05499824557288405386
0.42627216943525958470 0.71845496283344334465
0.35220793059467592201 0.53533840921447528594
-0.94853153255315092451 -0.09274292550658400081
-0.05402430095193633264 -0.05125483416656419905
-0.41742123232314320980 -0.28555267849860493934
0.79279954697038634848 2.31468122808457055228
-0.25968440893520172708 -0.20521287942808894011
0.55292794196796157813 1.12117393899355421993
0.46924181689652755267 0.84123376546769135231
0.27386365278489188668 0.37503027821911277817
-0.65068853437081086710 -0.32352780005879289149
-0.10695785115833356116 -0.09661059193141942336
0.11311503089888130802 0.12752106137639471206
0.85092407709149298078 2.71540592723794826924
-0.68347297091859138263 -0.31739663125251543763
-0.03213965838255217200 -0.03113883264582071458
-0.84833305673507863887 -0.22125962931885206908
-0.43124890437212926031 -0.29088813783358041798
0.68119379416120207082 1.67662890651478901916
0.07877958229415482627 0.08551324570237321676
-0.22878174345072177509 -0.18567575295681587599
0.77721728534286782519 2.21567166991248543084
-0.55322368156954815355 -0.32281436565067167521
-0.88605014891025057899 -0.18023159786800160842
-0.66325778678731350801 -0.32159962682223014463
-0.45016058289985938501 -0.29767380762569778385
-0.89304371524379955183 -0.17169374297460449075
-0.84184085656897322814 -0.22750404005732929869
0.34633773450727134424 0.52221867280116052168
-0.33944797246136282354 -0.25005913039012395149
0.99685300924355368934 3.96862897220991461822
0.03895209585130898766 0.04053076439969109657
-0.66640276876097259695 -0.32103640826397500385
-0.31373447439404045234 -0.23649749395971014776
-0.65689658640842885085 -0.32263938288060040049
-0.41501897593390091323 -0.28459452929437434321
-0.88260195343847458460 -0.18433098170914230529
-0.40071966238386869108 -0.27870474301225861558
0.24981684175563567685 0.33171079434732753111
0.19963330265711887179 0.24903113305428289936
0.96856704435808826936 3.69539644316352111630
0.24413238759352595686 0.32183568680354984748
-0.39325729083716587375 -0.27550672044239288283
0.86329288777035761981 2.80739201258098347580
-0.59949587657156055975 -0.32639158857345951237
-0.34234262972361340083 -0.25153070530786125758
0.63270178888335437684 1.44654051863913979403
0.33991991027087520294 0.50809246015496345450
-0.08552978672077005129 -0.07878660788806987614
0.41634911351814651859 0.69191743285954010467
0.52273319790731109791 1.01348559886081845960
-0.57641098354200326348 -0.32528388167807259501
0.16809970141721830572 0.20190577681284369027
0.22855073031809425288 0.29545315457696486039
-0.42318712658036239382 -0.28781496421703195443
-0.56575854923032964372 -0.32431239966888675275
0.29515169450765044168 0.41556715636796959235
-0.69719007688355305596 -0.31373410862504763630
-0.99697197871509946054 -0.00601945012511519769
0.40405949729675438853 0.65994713463023513267
-0.88405467656994041192 -0.18261272152863536333
-0.90888464494434195728 -0.15122307626783121348
0.53013633379524849332 1.03915881344756333426
-0.43772847824475435985 -0.29328081317476045742
-0.60500991352471578111 -0.32644584698584444560
-0.01443045313003854524 -0.01422517675781977652
0.78364986140932790804 2.25612945140852216852
0.46394142033828744687 0.82537153895779002966
0.72280277856999819441 1.89581808996670675427
0.72469269478495701442 1.90627945430836498453
-0.10765819543433230443 -0.09718136302413100946
-0.71635093499120250371 -0.30746214784588005164
0.90840664373529422804 3.16418820717501603212
-0.97347275392576615438 -0.05029521907909789008
0.88154263891406037246 2.94763369906563443834
0.87777840470685042362 2.91825957472780395108
0.47016178566429722707 0.84400817562536556427
0.39569030876165189881 0.63872910731136045559
0.91733821772070278655 3.23893444168989663723
-0.69386502309375197584 -0.31468392343067930206
0.72545295483764604683 1.91050050167779938981
-0.55986389063724550930 -0.32365491110502386807
0.53001398199435989511 1.03873072276035860462
0.12119078179261744133 0.13787365532019391079
0.19721438442458349982 0.24529096354302826200
-0.38592011948605531302 -0.27228110139791811273
-0.54128505102972357399 -0.32104353362080462198
-0.09790727680869815153 -0.08916807671309799621
-0.16985865156827095745 -0.14507500965018402250
0.57222773842138963118 1.19426515315124515126
-0.64050574062827458910 -0.32472098574375252156
-0.74917508119853315485 -0.29337976447953340031
0.97732114274875847570 3.77829667553828141280
0.50947456006201607970 0.96865394892988909703
-0.45964687559694339392 -0.30084640265093892664
-0.86566384214132452435 -0.20343460987967790232
0.23509894762035465909 0.30641967823234972368
-0.16352506194441085441 -0.14044229768400615099
0.54482835799598450244 1.09150478736894784859
-0.23333895065824150628 -0.18863202300164874647
-0.90282629404721292943 -0.15924008520898588759
-0.51296966693206780263 -0.31557199452033324327
-0.62263522157323247797 -0.32604886449035064278
-0.83049565583058604368 -0.23786674111619687810
-0.79102671585411354904 -0.26873766555361572328
0.41671559562706850244 0.69288591113559394596
0.55862516508622972466 1.14239570705115345284
0.59882826886310280834 1.30075115055202328307
-0.46258180410521942960 -0.30179575931861840621
-0.34590270796754563065 -0.25332502073951379540
-0.03866881844309633109 -0.03722912568338462153
-0.63738743981467727018 -0.32502204373252846503
0.01370360426126460140 0.01389400167862134793
0.60485068330372326884 1.32581832469166638333
-0.08666247310476649091 -0.07974655146123714455
-0.87618854618765706910 -0.19176463641626653733
-0.76370450130690015200 -0.28571221291427517652
0.16041123165341986123 0.19093278236748914556
0.29924247037259421589 0.42360300563773312099
-0.81518234868047145802 -0.25077706887972173178
-0.71793774310022229201 -0.30688026576625665465
-0.82307447280221079922 -0.24427533969969936201
-0.14500596831589351865 -0.12658611552556200963
0.19443746767484482163 0.24102357383171876815
0.43808067721179444476 0.75090071413044401361
-0.15323806946723794731 -0.13280308555964101536
0.10371563311226816850 0.11570393933203651504
0.69094204257625624344 1.72611093127296322258
-0.60790541637394768237 -0.32644079705401585212
-0.24668002199789551554 -0.19713687471848559407
-0.67043452850133045118 -0.32026615147063258737
-0.43369104609687458840 -0.29179810396459932020
0.42109800463330326892 0.70453575270554524845
-0.91052672822419822296 -0.14900941641342954624
-0.51018443620836606556 -0.31494131919516438201
0.85169279626339622347 2.72105190611908787091
0.96346582243947076485 3.64776364798161978342
0.61697800132139346552 1.37740329254474103138
0.20967721576956055429 0.26479299215591539651
0.70439900576398950527 1.79627679362945968933
-0.84918037375917210241 -0.22042749074592069003
0.97360109752350876278 3.74288849418066327246
0.09991075454263365074 0.11098988193667710944
-0.88730670435795810924 -0.17871973117839470846
-0.33699275008946005805 -0.24880211153379747091
0.45217446972044550435 0.79089321230360065673
0.80245637041888140395 2.37777718758719824876
-0.35405151643747090340 -0.25736703115360265448
0.99057590421566588113 3.90664300091954608263
0.48937607530291393765 0.90342013128122466981
0.94279727369125798653 3.45976908281507888887
0.10871264265697999640 0.12195557052339441040
-0.45746388684812733239 -0.30013033862723303979
-0.22655671051950365680 -0.18422289963937460433
-0.68243504473986704717 -0.31764658511116067308
-0.40261827458348875552 -0.27950492753190769868
-0.29974817749903537312 -0.22875843517232163915
-0.61002145154490361456 -0.32642234000179509712
0.84107137238850659955 2.64386345111978116051
-0.07588052824382085504 -0.07052642983411165634
-0.13022963233884921053 -0.11519090477430242447
-0.92944691119987687955 -0.12222403080953617160
-0.55608290792884984555 -0.32318914440200730009
0.56274772282555729497 1.15793587365510441956
-0.31143108078889536472 -0.23524032304072214905
0.21929763525598700014 0.28024821780144171246
0.30835369209895402420 0.44179516372253491152
0.27003551439561612746 0.36796266812164224458
0.94584890618221506564 3.48702712270968806507
0.74171622179045693102 2.00256639796575131029
-0.78213873486996021711 -0.27463701475532614760
0.18383676833700768327 0.22498783205559419462
-0.79141574661607561048 -0.26847092053311460980
0.20598352280639664613 0.25895269096609330184
-0.88101250626840421631 -0.18619632642710404191
-0.58965066617078631950 -0.32609028324521754927
0.25090196125876329525 0.33361141243103875631
0.03865199439001143489 0.04020594820450861667
-0.29788660117786713855 -0.22770941319895998678
0.82485253026524607556 2.52936804419092098328
-0.34359831605138779764 -0.25216554565558768619
-0.59445525355382144994 -0.32626970963818047178
-0.81466083979679271287 -0.25119547563397665035
0.72409301596280584157 1.90295513042250385993
0.95637598510864174628 3.58237892502846966281
-0.49127942571642502223 -0.31024446541576877756
0.45556256353291790795 0.80071772398592067077
0.71168132606191458756 1.83516376527695945775
0.47842544030533251664 0.86921461776202268990
-0.67205350060618029850 -0.31994146781340904173
0.97249729478370183777 3.73243349285298364748
-0.27466893786630519614 -0.21425611801577532090
-0.26223143449957797557 -0.20676986918598716514
-0.40407848140619151422 -0.28011659328659188617
-0.47626589647315631382 -0.30601621873509737837
-0.69981241948128336539 -0.31295658458546182779
-0.15119465278716970325 -0.13126854125272210960
0.26264188260440057832 0.35449822242073142364
-0.23449733640871328610 -0.18937931963418216941
0.90729250308932596347 3.15496174291163766767
-0.58235167945217414243 -0.32570163540900065602
0.16826926532951147486 0.20214999227509494739
0.00639809481755215792 0.00643929402053217310
-0.86115433488231962755 -0.20823725913452714731
0.78604137814462271550 2.27131905092195962581
0.41442656401247335296 0.68685129362200414427
0.82648817978079813784 2.54073266831530508725
0.08495820710052881530 0.09284142167492571984
0.47594347152768112785 0.86158971789201732605
-0.29568435449758734279 -0.22646270308685895190
-0.31762099798107423787 -0.23860309046821878698
0.50323064862812860731 0.94804145766830150155
-0.09498281979001066411 -0.08673660194322817263
-0.74380613277397533700 -0.29598463390282325758
-0.65625288637214373999 -0.32273725792815188829
0.57049068697893101643 1.18754596215663554837
-0.67800853095537805260 -0.31867046440299218180
-0.20227386166966931924 -0.16796111006736377802
-0.38076390037602836358 -0.26996680664906297364
-0.93427386697916214864 -0.11500570185514479016
-0.51992301869098156430 -0.31707576247065955011
-0.32422555967332455928 -0.24213597486802454495
0.60799444669903124350 1.33904772782574221779
0.55057635135308125029 1.11249967232026625297
0.08288985318202324315 0.09037730145784461655
0.58934232982448064853 1.26199389801610362127
0.06249477358446164921 0.06665970337868043494
-0.54444516862993896922 -0.32154422125765597107
0.86980732886170852858 2.85682799720264446464
0.80035105564096409303 2.36390662588963307300
-0.46653912914530293321 -0.30305136262767123911
-0.97781109374589458838 -0.04244095382068636263
-0.33205726094255161307 -0.24625082819747587393
-0.39083592361227492695 -0.27445106129503282766
-0.66518883021840524705 -0.32125769311094226621
0.76790898389322914674 2.15814445669681997941
0.30608332800893922609 0.43722361623254463181
-0.31775935653956532967 -0.23867768602323877203
-0.39681116899106783080 -0.27704022683562767870
0.13760683593674460923 0.15950670942982486666
-0.78787680161598760975 -0.27087097518545133479
0.64026407663738371667 1.48072003160978127312
0.99549333099576053918 3.95513595337152867870
0.04609955443135671516 0.04832720903330629120
-0.73487972929428369007 -0.30004992375965217066
0.96328332181406706169 3.64606868869997402527
-0.16739564705673504186 -0.14327979508985302926
-0.72821309398690559078 -0.30287398863888159717
0.67232391510169420279 1.63256842640727484195
0.84557508503581302328 2.67637717926706697469
-0.94454525560591506839 -0.09911072511401981810
0.18107314959965359336 0.22087258757940753107
-0.31094061294028607634 -0.23497174214596575070
-0.91696975079634368555 -0.14015411889726614447
-0.57395006926842362383 -0.32508459455566812712
0.19812321673167554437 0.24669370154124906080
-0.02350559642302663121 -0.02296576523822150065
-0.35198981616807678563 -0.25635298348498120058
0.16489780864123493309 0.19731224572968539266
-0.95549581830839414032 -0.08134638967595883563
-0.93197670480732996978 -0.11846077072467599278
0.07271332955094567119 0.07841296460174769500
-0.12166285629737116913 -0.10844274633645875627
-0.10259302660482960690 -0.09303674031325530336
0.21758823823050210677 0.27747603183300700858
-0.03743327592277645444 -0.03608251565785688258
-0.97074917125625770353 -0.05515356347948316418
0.49382821401241572268 0.91759335549294585022
-0.17568369103651759744 -0.14928873321000238339
-0.49485911316525732495 -0.31118848474243515634
0.07691948395551828632 0.08332619956416512097
-0.85261497646752992807 -0.21701345119744860912
0.19107669657405890185 0.23589627111816327543
-0.50374494687948190297 -0.31342215937456657793
-0.94891476865571466881 -0.09212480022073475661
-0.59259658987431307331 -0.32620756827723806914
0.14294336657172146410 0.16671440626637235027
0.14521102996403634222 0.16980385793703664521
-0.23265676783935274052 -0.18819114711274259610
0.86880045030729147193 2.84914211954702611962
0.45237333998746143138 0.79146760063498633464
-0.17349646482277414350 -0.14771179104384463132
-0.81470628293863600611 -0.25115907152157646021
-0.80897200283773718077 -0.25567037429795230752
-0.99273267747287174956 -0.01432453780669528179
0.63393598075737500608 1.45207709863309153420
-0.95630382273202396703 -0.08000157992728097744
0.79737751905100151539 2.34442526184544863810
0.82035096481927927137 2.49829923975579060169
0.99782395802091494730 3.97828688029899790735
0.76523139901372738692 2.14181687778559659563
-0.29763010104033615910 -0.22756452490570427960
0.22671328747278773896 0.29240686755152395238
-0.04778134941691680737 -0.04560216727502194867
0.53333197776711238625 1.05038534263367333565
0.12333204899695004997 0.14065018999936781952
-0.45346397625346002158 -0.29879648121045832010
-0.02508869984564787714 -0.02447465269037207500
0.50226955727069744206 0.94489669978783918936
0.97949029927746678048 3.79906651115166704713
-0.84283554243783842530 -0.22656232596443556804
-0.67549637521663274953 -0.31922143011252673839
-0.63570843516092989667 -0.32517183934437354775
0.24973690307116935827 0.33157097743061519912
0.73975122534063664226 1.99126127654712736792
-0.92831079893877732623 -0.12389992896454647686
-0.36645143331396701214 -0.26334141162678215142
-0.03310044395446354315 -0.03203987028903049900
0.81134455618415657341 2.43704897415188259657
0.67343048353187162647 1.63801569126384771735
-0.27904859204548104756 -0.21684602005766170918
-0.32409719832562755570 -0.24206785776864342408
0.59903308965501556038 1.30159775763917950897
-0.38033774708075362980 -0.26977379702076242918
-0.16472192956142328590 -0.14132185060050211911
0.66142822730811801080 1.57967711397375154547
0.69822535948542396866 1.76381633526214831598
-0.41998071262993752484 -0.28656346269824367612
0.29447100976313445031 0.41423787655114241435
0.31920020672745841317 0.46399321763443368560
-0.64638526840741317159 -0.32407164517676817495
0.41835594979332557664 0.69723161608862538330
-0.28659346257286655302 -0.22125094502934986029
-0.26554394040167572655 -0.20878264557167536264
-0.93801494896260595446 -0.10930122072660362897
-0.29209240961097671097 -0.22441600999278590867
-0.46014571132633608208 -0.30100884373502395652
-0.39846753419590585921 -0.27774845182980684166
-0.76456241464791840912 -0.28523068554865060875
0.93888928748594735474 3.42511091769161035714
-0.10429758388563237226 -0.09443581495953895510
0.74306462054836197595 2.01035322279129635703
-0.62739852245359606364 -0.32578809486099308268
0.26775439178617999048 0.36378256717025575506
-0.50626027540049478581 -0.31402563091934115880
0.74944865858037368334 2.04754413233942322847
0.52871404832661927919 1.03419034704450307771
-0.66431819583611528834 -0.32141338569175159634
0.13171214267639608231 0.15164614129180919999
-0.97046306525616787830 -0.05566069306590384208
0.34820214866601451043 0.52636484879725065067
-0.82783313633277555432 -0.24019921281274339564
0.59054514020801152085 1.26685959138852100025
-0.13953225532724888858 -0.12240054174484300831
-0.77371521254741826290 -0.27988902798687420592
0.30644354722389843815 0.43794723379620664749
-0.41778135635083346600 -0.28569552765386052595
-0.47945668501400628969 -0.30695063520526716383
0.80997336777708062172 2.42782940477572495297
0.40830592085264871827 0.67088331296672365500
0.95308247878020813104 3.55232578443570767845
-0.98150109155876208433 -0.03564785283391152387
-0.76610420600303319461 -0.28435711754993336919
0.98258004488555661382 3.82880865845416762383
0.92528925076847179376 3.30665556005321770172
-0.93058558059019169661 -0.12053556704638615504
-0.75720736235929098079 -0.28925393193025089600
-0.24268319957766104622 -0.19461228713971837068
-0.09315484189681000338 -0.08521009406445977097
0.36663088707452007320 0.56839921550293415198
0.27742773002770526602 0.38167020595603284860
-0.41037259880637888543 -0.28271553170780505670
-0.71638489156031992522 -0.30744979790389470597
0.86781273602049147087 2.84161855725827683372
0.07025017951800149874 0.07555631312956929968
-0.27924019910623743002 -0.21695877515743366981
-0.54917067360068916315 -0.32225018506894781423
0.65239320498542197058 1.53682940879378437948
0.05036783729740257343 0.05303897141474742810
-0.00750576912812372932 -0.00744985223339931883
-0.58323203556419311866 -0.32575584999883538950
0.17012754544028574344 0.20483271299141500577
0.67963811508297133912 1.66883531332755641330
-0.46229945208134681778 -0.30170509649355553572
0.03963501999439822399 0.04127068667313421590
0.23229401382260683739 0.30170096238711163750
-0.62510216157766063105 -0.32592213208279618986
0.93742570246051371008 3.41220272153185133490
-0.81953008675630711899 -0.24723488774368196363
-0.35096160273166288057 -0.25584507119270760711
-0.90377914931754932404 -0.15799474241822522580
0.11034411887667561203 0.12401172478516880870
-0.20717899754003332724 -0.17130623732598501685
0.49444273156399320968 0.91956189658739229120
-0.18220994714664251468 -0.15395666638551383509
0.90783243303978045091 3.15943034397129318691
-0.60182517689380210513 -0.32642466377883844197
-0.75299404667282998638 -0.29145262373367514241
-0.11425645945237761225 -0.10252306530147566044
0.27035812933347957987 0.36855573663695667674
-0.55967258688329057925 -0.32363216647419396077
-0.13847604587828232781 -0.12158808975629785409
0.57557604349429603019 1.20729673047041052847
-0.52832731134562793684 -0.31875601649339019295
0.97119557296937442104 3.72013387380537929872
-0.33176048249511747024 -0.24609638001147593478
0.06959068585190752998 0.07479402093312384481
-0.34469373948989256995 -0.25271761662187069986
0.76322758325003769997 2.12966175922494249662
-0.21437514827707881970 -0.17615840069438926108
-0.35973369093004126107 -0.26013138269203345265
0.89128680185558839533 3.02476912443446277479
0.32968707469411673294 0.48602979768451887166
-0.79694258190049627189 -0.26460305452012433669
-0.39575135475876921376 -0.27658490135756930162
-0.04007746633571662720 -0.03853305569776015183
-0.45598756231636716763 -0.29964129983096060572
0.44575993039300687570 0.77251764921967236432
0.08325487923725982675 0.09081136889395519107
0.76030067422430391844 2.11200503235999192952
-0.31404136617841671431 -0.23666447286410816075
-0.96706408318732783869 -0.06163874256377911698
0.29370982042730897632 0.41275402075190453788
-0.59376252576650401238 -0.32624762636921639247
-0.00700197836861882195 -0.00695329155473113115
-0.45110350685282374350 -0.29799619843984054279
-0.46369944442141886043 -0.30215322870007910172
-0.71343387171763139598 -0.30850651146597019014
0.33257969402295306516 0.49220974519897070509
-0.95205798726639279117 -0.08701557134475107480
0.36426989359274841718 0.56290566625170368464
-0.60248359727981659617 -0.32643132724377260656
-0.46906080328176646965 -0.30383666667788356008
-0.15626258913279378326 -0.13506397319995874784
0.18509732232953313158 0.22687378129562227325
-0.42718449083616616413 -0.28935198707987419553
0.86320426285077678230 2.80672420110004505744
0.53488211769066174028 1.05586274126302392951
0.36208624324417182372 0.55785343243642460109
-0.08450773802102751198 -0.07791869528238744291
0.78451295856296154874 2.26160207108444000212
0.33838926675488201212 0.50475652329621811809
0.52150001846688809337 1.00925409207131600020
0.05612364626804322576 0.05946021341403714272
0.59978751980435585089 1.30471970596989095270
-0.98945272186460142549 -0.02065308358934376740
-0.75493519992270696761 -0.29044915211866761950
0.48176631803137093257 0.87955232646761993820
0.25490464630928855172 0.34066573564317276235
0.30902229995136853979 0.44314635230843940628
-0.18182496785353596813 -0.15368285565808964543
-0.75570023098816285767 -0.29004921617331508310
0.67120966992177177879 1.62709754822822172393
0.68862479690045486080 1.71424715616911815808
-0.01300036728718656498 -0.01283352635957682279
0.02563983958530369200 0.02631452880160177824
0.50197662549249599806 0.94393968422754148673
-0.91572325174217072963 -0.14188851340987135297
-0.01808202278476067626 -0.01776086842422247569
-0.07768611702410987974 -0.07208340744944445599
0.18001841698435683270 0.21930902744930957926
0.14535880042753301922 0.17000573595722981435
-0.42244502284344709331 -0.28752677941457616129
-0.06440084393217748726 -0.06050327422079942313
0.07977136558423736368 0.08668295286456893789
0.17634071820655439211 0.21388723095718947809
-0.78899729821175301758 -0.27011749755482800106
0.61299742882595786853 1.36030674741605328570
0.87668949225687620164 2.90980596431944382729
-0.06088302510007470580 -0.05738822012456210736
-0.22697759964832520119 -0.18449819952370874465
0.17153498841927383722 0.20687231606115627502
-0.86770287288142999849 -0.20122439955783377741
0.81803973410964481161 2.48246586423584858494
-0.13314491048763077430 -0.11746341200695040174
0.41832573695284569482 0.69715141421151782808
-0.31996995192006316699 -0.23986612979215790609
-0.71835796400083684610 -0.30672453755157691457
-0.69306606905940082441 -0.31490617882218996382
0.01581268684628600596 0.01606674425318332586
0.98855380182496777053 3.88684069179717184284
0.40427998067423942530 0.66051212079106991215
-0.02157027259282284781 -0.02111481559510550166
-0.72154393752932288741 -0.30552149657564958707
-0.32142281910355730012 -0.24064372757309523965
-0.12146201479706730808 -0.10828327378842741990
-0.52104028857713347023 -0.31730786801901128547
0.72021006174805957123 1.88153969592845471404
0.68809318627815807545 1.71153439212576663486
-0.89956849908700187157 -0.16345432201297149799
-0.13995213794883332170 -0.12272308877033145935
-0.52529473014033056799 -0.31816726562870772943
0.04588096291870757959 0.04808703927262929223
0.36782138565391653273 0.57118153857518350058
-0.52192029345078605473 -0.31748881053329336410
-0.76617690047018549571 -0.28431566881650360834
0.26342392388936475278 0.35591091598948704222
-0.98896239117384721062 -0.02159192167184957253
0.58468451436389878850 1.24328390610708239272
0.91857194881627490801 3.24936917258253332719
0.15622330573295295508 0.18503740867013646065
0.77841854974800606115 2.22318312943076090704
-0.02079523598751964464 -0.02037159987190725538
-0.16135753896365012672 -0.13884454308102192610
-0.09283827691356738576 -0.08494521309290439803
0.56642303845244379445 1.17192160037003323403
0.32562181170348236670 0.47741918326459620303
0.93994732568985228660 3.43446665247649640662
-0.04047680356065508356 -0.03890206371906544669
-0.70540281317754360835 -0.31121435537187214226
-0.57355366719882794335 -0.32505106942419476068
-0.68593397043564241500 -0.31678886133299205552
-0.24816873978633768871 -0.19807211640898367278
0.63878741562856289349 1.47399785775509406527
0.59063402257480746016 1.26721970261653393841
0.82720140804359276743 2.54570092413570181478
0.33289265007803425789 0.49288102524666821402
0.58611271753636429160 1.24899860140638141459
-0.43292024269062334696 -0.29151195795811069011
0.75447105374867362571 2.07718148456503604038
-0.71474331339889429771 -0.30804175154003915482
0.23729261411841595653 0.31013238688337052551
0.26678113357606214606 0.36200617810471419356
-0.16612148504254076187 -0.14234792511538410520
-0.30243339477203368126 -0.23026377524251956386
-0.30678842342626055917 -0.23268553635290475934
-0.11235433814823880816 -0.10098979284774796394
0.92077871841235925388 3.26810071865310725059
-0.52765341813728472431 -0.31862691132809162209
-0.84126100893542643533 -0.22805051772990600489
0.96749649077226163030 3.68535910875946415288
0.61371161803617413355 1.36336226735725030146
0.55174761315865361588 1.11681388700855932505
-0.82003185817969193039 -0.24681985014884560981
0.06657959804216639910 0.07132722791041329335
0.70540461679632326941 1.80160802969038957855
-0.55741881962858452759 -0.32335760906905669509
0.97625070170839256534 3.76808065042132733780
-0.70143799961334152293 -0.31246191392917793683
0.55995991706590309001 1.14741012466574643369
-0.05460499331162771419 -0.05177721344826803629
-0.97198781699045433413 -0.05295096270551021694
0.67986114416763787638 1.66995090865379847145
0.79194310120089173033 2.30915007088712753713
-0.84246733392005723751 -0.22691155547369643020
0.30980709858966126724 0.44473520259188914494
-0.99730436710092407182 -0.00536225876138213091
-0.88781352382222555875 -0.17810719959387183442
0.69770887734932562907 1.76112159481913566061
0.39521654896490998610 0.63754118935920023326
-0.58201318452493810973 -0.32568025843319658996
-0.80780203016730789400 -0.25657054661668032836
-0.21897511525028612311 -0.17922568087040685603
-0.26183402050971471553 -0.20652746568034793806
0.32315366915603771503 0.47223361794355556142
0.27744618733432835356 0.38170474338652488067
0.42593720034193904844 0.71754841313576778195
0.71478005628646390512 1.85190881023572262443
0.92660220732104181529 3.31794639907900323905
0.64144551812113115297 1.48611517696689188206
-0.28407926251479520552 -0.21979106764729774981
-0.45942731928653435247 -0.30077476602731573196
0.46884233949586917589 0.84003100149369103189
0.95063907754505394543 3.53016037903998380898
0.80000187897878549670 2.36161234115822438184
-0.21217825200593698476 -0.17468405832912975439
-0.85062016018556985131 -0.21900433989663656287
0.40772621606603642874 0.66938352100839992875
-0.31350226340949971515 -0.23637106736125515494
-0.95732595292323297009 -0.07829361849675543772
0.12738936091743902068 0.14594804060173593996
0.32397781728891716924 0.47396162485822362909
0.65876841293934651489 1.56696881224644424258
-0.66151708338008741173 -0.32189731073514971094
0.88593679512342249360 2.98222132120111949050
-0.29069260652007922197 -0.22361395696836075531
0.17198683576500717329 0.20752853232336013201
0.39407823931997532085 0.63469268873811723886
-0.24885892879168958203 -0.19850476671592165445
0.65953733400086256289 1.57063450146256999851
-0.50639907315300347612 -0.31405855644415792138
-0.90996873258322019673 -0.14976359734623306830
-0.29079346639323566670 -0.22367183043126137587
-0.21734309145007468800 -0.17814049874267112727
0.43946956996650743399 0.75477992032298768521
-0.15782480592295056177 -0.13622690065708736862
-0.54804438767169894042 -0.32208660656084447949
-0.87751169054501865219 -0.19025119165184861680
0.35280385039407580194 0.53668101848862126424
-0.73535701803886177608 -0.29984083845563985760
0.83387241466024009107 2.59254530632476454244
0.74693293190894682887 2.03282443040378169030
-0.89155422346595969429 -0.17353742349013867585
0.45567627326810633548 0.80104888453488076738
-0.07261609230394849845 -0.06769810158036423942
0.40562685092503825146 0.66397020833564901476
-0.30826368980959384380 -0.23350037146221996887
0.80344199089878687303 2.38429294209421982487
-0.24496333090872934868 -0.19605497615220926488
-0.71247685954335193692 -0.30884203152348754795
0.13953290387013761453 0.16209802016700061711
0.28582864786992856487 0.39755286305281456460
0.36984019208286067482 0.57591860696454533208
-0.64957375192046429291 -0.32367430064772728660
0.89775996005857439108 3.07689553514592839534
0.44212000182333088816 0.76221989547598389958
0.61165119422163272134 1.35456126652511521513
0.74156339290397710329 2.00168532967751433560
