-0.44642086331834818225 -0.93882969111318947952 0.33989095938113161877
0.82193716014400397540 -0.75760207683322677852 1.27542852703880726928
0.43252918743156598680 -0.86076895144109499824 1.09413778074145184860
-0.31405281103861804048 -0.16278035050542993822 -0.28242140663583387150
0.06360484679023237220 0.67510392677745234558 0.50371160402619674645
0.59108955049752109900 0.46338694959316706345 0.77034720450158067351
-0.64825836278741544305 -0.77579322285862839514 -0.03762639807115963908
-0.34339622400081726283 0.84673235283970571530 0.32040591200719059639
0.21449649716855345716 0.61149364147754670107 0.57812702278923011612
0.23046443209639222438 0.63291690476155904044 0.61838569985531166573
-0.59972054043805012036 -0.48690853961568825170 -0.32954656519998526409
-0.76745819394276204584 0.15639475728814145050 -0.66985132076916520383
-0.57869452238324292637 -0.09073151001403512161 -0.53869937291650160649
0.91606061938678817747 -0.29627258382695753625 0.88087366491445728833
-0.41080299027409039603 0.65184634500104898791 0.01288736957703473518
0.67836793140435780458 0.93769158622228521160 1.39779382558121856306
-0.77021363806644305150 0.86453871299855244992 -0.01653458886121883520
-0.64783174203682203363 -0.47659037752728417026 -0.37826853104163871144
0.00978937670787494163 -0.37059205175167075907 0.14669635311742004746
0.55263054058090221865 -0.43934432666759914987 0.71675507383064118727
0.63469613929415302778 -0.40225451375437759616 0.75403639426923196876
0.29589966925885291538 0.01427378384544653045 0.29180427872252362453
-0.43644477654890989626 0.40804788544687231600 -0.25698537820729383530
-0.49789167260400502002 0.80586786927312115125 0.12715273968414714245
-0.13768737893824667395 -0.40812674471212195826 0.02854553076019866742
0.15535224681485804155 -0.86342137435800481171 0.83306478937697170384
0.01416551645867847320 -0.81291505940060226898 0.62793808261911399082
-0.43195401689430679149 -0.76050735066438135412 0.12801483313187983493
-0.07594086084236528755 0.96131446689921129511 0.72222626623368124665
0.62973571773738523660 0.92721651273665806059 1.34659786837851669361
0.84171642165179783035 -0.90864356117847355776 1.48076491400433862822
-0.35357693852242855215 -0.86323723831925192052 0.33184734948015920386
0.07631078120775613982 0.63380043372868621887 0.46722307322481937408
0.58153021181479802593 -0.09910125903379762846 0.55912416137384679526
-0.61703650340340199243 0.04770870985013808685 -0.57634456758689567302
0.21486631501612629691 0.99108508845449327929 1.04496519440637913867
0.16245943957103103905 -0.35568237903315336190 0.28791851244188909620
-0.44014749354331494935 0.62440038639383810271 -0.04599932763797320856
-0.19121445466107278577 0.42435083416093544173 -0.01094934123256349756
-0.58930061366123842603 0.64842400136505418118 -0.14760507199606709428
0.23215348167505900356 -0.36454884892699768173 0.36257878873437698886
0.76112174142330979443 0.60815585488772483380 1.05121297308113326174
0.87992534216453788254 -0.18239530501393019790 0.80395321941598807403
0.97858825619677025642 -0.02779407726314331306 0.83048268067956543259
0.92508388329850244070 -0.02617356874941290101 0.79935629990730350247
0.92303012307456300256 0.46024003990780792961 1.00767411862236033748
0.98487646501095338358 0.29549224570739007767 0.92040854620579792833
-0.22009343300182981906 -0.79177499890039126917 0.36832243711493106719
-0.18425927293594979162 0.91734806840935489980 0.56244339042167834641
-0.04165499171597364381 0.24553238182833703185 0.01860669306488099001
-0.53750854484826304791 -0.39138999593040857405 -0.35940973468028758475
-0.99607590831643610940 -0.96718930002722158790 -0.03447504925632061124
-0.58270896662794124943 0.31444326696272928423 -0.45157432832027044611
-0.96389959561262106291 0.73644691766302550207 -0.30526816491070063453
0.95372973924047999006 0.03058219922037963556 0.81651463908984478479
-0.67133281927799881572 -0.75844675803605410280 -0.07799270080263631666
0.67241978127159351963 -0.13501756909233786352 0.64110957841618410047
-0.56601930639904773912 0.20598378770553127382 -0.49385984088386197799
-0.44916656361770090911 -0.58720890624993260509 -0.09619300444564399255
-0.14641142272949925207 -0.08365825577681285097 -0.13889024982582218182
0.60934161236215333979 0.44479383162553154385 0.76888113739785435286
0.85162628825812425326 0.79591280446557166606 1.34430359169851798562
-0.18700952870675457973 -0.80104119101713799900 0.41261029695104195492
0.07487261001652867343 0.20090534997097320158 0.11515467566057631388
-0.37711831452698851841 0.89505047377882118731 0.34988990314910134449
-0.51217918492299085997 0.71163837439966437515 -0.00502023382888372449
-0.62268361781021863699 -0.26652360880207059957 -0.51224209494416372834
-0.30861690926092055776 0.82319532778825332819 0.32322323889307280620
0.56098910125198142573 0.59990805387957779615 0.88419493558497741503
-0.63562396016642441765 0.23924202458225973800 -0.53647423177222897106
-0.82456429285768306769 0.04369301357258836838 -0.73234298214058413112
0.41933127681261028741 -0.43964638212514683957 0.59923738018486893964
-0.31955257097312328440 0.23697657694280560570 -0.25801342860642439980
-0.16847895507649890412 -0.54020694421030546195 0.12001611196888581357
-0.51530358100675455191 -0.10239155243884856539 -0.48231519272309919533
0.11221467005741225798 0.37239988735792040053 0.25021688297919375543
0.29524864275225515264 -0.82718478644855486515 0.92305788393130849823
0.91765966034759771652 -0.48146077215134597260 1.02391572577138312283
-0.66241138458199788630 0.19234233612151152570 -0.57803290694203646183
0.65990889189158963291 0.45384953382364923158 0.81757082854309603981
0.07277592073227956426 0.61063497405599598267 0.43700613833154006160
0.73973507097343937922 0.49287564719037457728 0.91463637769802996758
0.81569384071333539410 0.76146929788550932194 1.27608763107107980872
0.87921165504728970852 0.78642936994308421106 1.35002653163800356850
-0.29234740298507522205 -0.61001758788644910858 0.07539168987837713276
0.74283912112227801217 0.91382611014079317968 1.41773076133668318732
0.48143715820656307613 0.33022697416131485681 0.57188729872729526793
0.18106194065790615078 -0.33407464963748578768 0.29144858030235498703
0.76810047732273334375 -0.98898536353080679362 1.52420338390501708403
0.22411888498316723251 0.27553572458140118684 0.29809439476306459627
-0.81033723574358806907 0.10060814320401201272 -0.71439783105809517849
0.37174171591712434903 0.67379726290089791974 0.80180503798948166150
-0.23953116664272666725 0.19305919362037249343 -0.19998398145529541758
0.90486702504447324991 -0.68534490043593843112 1.23895969474120515308
-0.00965362071391795418 -0.94104731176369504908 0.76462239282829724818
-0.14018915688696220734 0.58654081531898016877 0.19755337730795249906
-0.50810194011655629431 -0.82180890802502526427 0.13866619570555271945
0.81451229532512203768 -0.09995502450086513058 0.73738185155045865571
-0.40807815550524795256 -0.25570592608589870487 -0.33150708882815022038
-0.09374595950526054544 -0.15564589337653123025 -0.06938543388698333036
-0.38276760950119803617 0.50275869229655456571 -0.12340591239437898041
0.48852150173415331835 0.47636673631028947362 0.69430353352188223237
-0.79692389410598907240 0.68540191795813631970 -0.26252318199677432409
-0.59387832101412829644 0.34743260105162132589 -0.43916299758151927657
0.03052418198712314457 0.42579259367504840306 0.21082720453011122297
0.76190665249732569819 -0.29018381226496958725 0.77440936777566804494
-0.30353800494800098342 0.38835420372115003751 -0.14865046178682528311
-0.37571756002420086951 0.63280292418569183965 0.02288301881310694785
-0.71630251943751344079 -0.35456181452050405944 -0.53121717353446262777
-0.15229295757658323218 0.00459950820882037981 -0.15168379229893805271
-0.47578168777424134639 0.42287059697487494603 -0.28016539404150281323
0.10317497121442231744 -0.85373012578666784833 0.76900808633642236956
-0.16420966576939743931 0.49006483925510702093 0.07438880276129600233
-0.11832707833335032177 0.26185331449511450863 -0.04953770609855458196
-0.58204590726332328110 -0.34488144513723462126 -0.43107116207767004479
0.99487538748607207140 0.28700925180167846662 0.92097229115256784571
0.39930252186462600328 -0.21044217603096493363 0.43304726271095494994
-0.13499136482869311671 0.84117942507221576953 0.51541702091959251675
0.50190324060873403589 -0.97628095365225653346 1.29632392048063449508
-0.24207739341443024195 -0.97591169036794855884 0.57509133995320338428
0.95807409608377125387 0.75753409788892978050 1.36096150798771420298
0.69074629559644185051 0.86871484233208984271 1.32215758935794003293
-0.28253114865068162942 -0.12768676076577567535 -0.26248414830340816017
0.38355654595603816404 -0.73078314347410366913 0.88323934717796470650
-0.50432610191068283356 -0.38206354472125414468 -0.33776284472987799790
-0.82403470486810381779 -0.81065592814375264652 -0.12301922593690661767
-0.86831843645890804950 -0.19960434587446984622 -0.72341218504829574165
-0.79873322250107725573 -0.92906502486116182560 0.04342871828076699803
0.94556919406747863555 0.20114643658360065182 0.85127905487823252173
-0.50198525092174417495 0.57688260002836555529 -0.15448225206354454508
-0.61513944186228219912 0.25120964681257729190 -0.51400799987702416871
-0.67798902613911837811 0.44443622312586916756 -0.43098643073517284297
0.58864346125047029012 0.78468312867704947955 1.13278597214087328737
-0.12944648785461931872 -0.52958582721526492598 0.14771352709099205835
0.35098139731556599052 -0.15659170585839921053 0.36833804513674484049
-0.28548423779906850761 -0.56137489128878570455 0.02832913839638639963
0.87194342438191818623 -0.08271317730056293449 0.77242208080408880644
0.71951189000993132083 0.40184521496407876739 0.81979633981969635137
0.51731895352808621169 -0.34315940574951131481 0.61203809775237449919
-0.30102674205942636654 -0.49033852086550666627 -0.05837884370946216928
-0.26355256921195224784 -0.45945487519950489741 -0.05097767278871287444
0.66369444446992975628 0.09811265630324572662 0.62565718824439298107
-0.90759384457027403315 -0.28780778129192707837 -0.70528606138814120552
-0.30891346024139942905 0.60354115002985153637 0.05223603075288740794
0.21467423061571722087 -0.76837893442500448948 0.76972764218633615840
0.20079218423606848276 -0.69714497223114491042 0.66654828838061652707
0.22270004843916146875 0.56129947322767592688 0.53073455469715247190
0.75546724914179308463 -0.14683909577144893532 0.70718892747584793934
0.51003643866254488870 -0.79006729156813770842 1.07266249594034301929
-0.75408851492938322458 0.62354805052510675623 -0.30553506178274525418
0.67250451251976794964 0.35379201923462244572 0.74778933607202080491
0.53641278770677325305 -0.51955984309611080718 0.77773185964914137713
0.94658385567027769625 -0.38544393496291373680 0.95944474624595277312
-0.16555096296547500145 0.62434106530528876711 0.21520927305625536796
-0.48227038550206380307 -0.99180276862302996221 0.36874575500424755514
0.83943548075353735527 -0.88654705117237764256 1.45177416357867472563
0.15098208155996539759 -0.61793148358359384353 0.52303706507098701728
0.12264208838743195784 0.99903942064886241958 0.96276680070409548229
0.07727631025893777483 -0.30216196318167587442 0.16837447804091573711
0.06926211048146080351 0.65571736963440718782 0.48604597867890819707
-0.14948552307309270759 0.74888951125601099790 0.38296448132913901707
0.23732704462538767309 0.14207396700547447743 0.25528907875252226933
-0.04408038936849978384 -0.72704439433705880802 0.46025323229415304738
-0.16027103931265007652 0.06565690231389664788 -0.15527496269340620993
0.06160098957674531306 0.13723099001980254563 0.08039326907823558799
0.36936812448362310590 0.87798698564677946088 1.05777945201812917375
-0.90185584440254440430 0.02243859183968566207 -0.78397568101237680160
-0.11890754332385289338 0.11476533266694510793 -0.10545683487501408826
-0.44151361509714792675 -0.71944458663217214500 0.06748796640352844323
0.53954352205901745521 -0.97612016099761622634 1.32879156323015212848
0.62711441147137536589 0.27724202229082406390 0.66359815092649976354
-0.08751587687981343677 0.22352133836284937551 -0.03746319952578316265
0.68019463958564108097 -0.88920585562715737105 1.33978104277494303176
0.57531299880568487204 0.49590982301732822179 0.78755253399811431247
-0.50312635455391840900 -0.10680721162025164084 -0.47075929237486036083
-0.59746508558300726044 -0.67160364781095793774 -0.12663642896753946054
-0.36256315858932808283 -0.38413934689814066559 -0.20764383203701086700
-0.17997830156913963151 -0.32465085766276735590 -0.07380507857612395028
-0.50886370836657190964 -0.78937769732031504155 0.09638407436476048584
-0.75854508173397516835 -0.35873330972992345522 -0.55953146258219743636
0.62439228101135713089 -0.15566501108506058948 0.60883355163970009905
-0.35257527184889880800 0.00820381837732986341 -0.34524850519578431651
0.86071809484297645554 0.95954054271014310729 1.55434730537867138445
0.45333593258712201468 -0.33014674602867133402 0.54674812160924801674
-0.48271992111680361859 -0.30125936501028616199 -0.37355735691921920782
0.01755028021121551873 -0.32576040274069129055 0.12347015469975311519
-0.26619779754266081895 -0.48400344915201709561 -0.03094244735191403750
-0.59277363417869133322 0.15561922546833351078 -0.53444862913015955819
-0.55653803785710009855 -0.69280018031935819423 -0.06649543628108234294
0.40813954321210754728 -0.79356449553746633008 0.98584075089211975484
-0.18240831649806654724 0.53777509875305162801 0.10378905105622221461
-0.56558448162321961483 0.91674749791010357036 0.20901800378442769723
0.95554372725571523617 0.57929196095522228482 1.14594377590045515269
0.95109843475205080310 -0.66559443266139117767 1.24272016331740320361
-0.63614244126699692750 0.25580407590764142611 -0.52870783642493202059
0.74455174119739364613 0.44925590179883378994 0.87810559943563504248
-0.97226617188950448245 0.25134200550516205830 -0.76303386629036773492
-0.18628624134980364957 -0.16893509548049556734 -0.15667548169947961845
-0.09275338189828574720 0.92172176329454735821 0.65837676587294335917
0.56284257241556212570 -0.10400172538636343056 0.54440858061341868002
0.27859328567844987568 -0.32119194014620777722 0.37798481101084785427
0.87412654218666441253 -0.34741323960798609072 0.88738645820394557173
0.61237239893045924966 0.06719988175526081520 0.57932618698943560975
0.37428919908903179881 -0.98243383777354731379 1.18776029181125664103
0.52042838157487514295 -0.25399379046359515932 0.56171995547985908992
0.09572569822007004348 0.24698674726707814386 0.15654419519583029352
0.23472580063107351123 -0.72051572266913033182 0.72871246729274541387
-0.70963618712292664270 0.08253464230221863041 -0.64474591157578409195
0.16187853013359854160 0.26003144738235728362 0.22873730268392633569
-0.61682709584150052784 -0.24350487602577297608 -0.51918999623606598703
-0.96368771153739785085 -0.93929171820445755969 -0.04911842329573612442
0.06912603756596347182 0.44725613914738304722 0.26777762474640837143
-0.42742301928407466782 -0.81760991837669050319 0.20527151937494675371
-0.79082266597927897145 -0.56755388231270398336 -0.39435628769590930220
0.89496930539314889508 -0.24510335412661166110 0.84022940512383081924
0.19513353785902598503 -0.70099850425682719290 0.66575726557429426578
-0.73263528551713319459 0.05572137428868884079 -0.66572619786361719729
0.55485207853337947803 -0.45345243400218504526 0.73099084312257567309
0.53221727157242537665 0.58987035662852949081 0.84841376393339873463
0.41551683965955588107 0.21830184890000969844 0.45130050600128368554
0.45352533827236518604 0.54049780069287178819 0.72613737864671212829
0.95776464707518704778 -0.04737267523100241462 0.82015167159671453767
0.85372372693032549940 -0.95367791834500903470 1.54293052133041586060
0.02070383210131421237 -0.92878549165170398716 0.78026632715964516773
0.65572541218467561563 0.74699066260031776743 1.13922079692937261441
-0.70135120223341962387 -0.96304902595332197990 0.15485035840914429528
0.54929141720582497221 0.80252698653794718453 1.12252168755511361198
0.83597824761710048946 0.42708100118861969108 0.92334122705113341745
-0.12961388254835060074 0.72522171521319500620 0.37278056686111549212
-0.00727372701929041021 0.49337929546996939223 0.23375257975977536962
0.63812560256324091235 0.77739660578697189486 1.16391455953681211000
-0.57376931421400345634 -0.27121198486485731394 -0.46931196716831513616
0.07798755758094455537 0.91600050077355565925 0.82192184381591315567
-0.55249692471817035688 -0.07957297549012731785 -0.51848247077151021767
0.63003886507782014270 0.06752948476728759530 0.59373637705671378217
0.42284605960610832653 -0.21175859904072935613 0.45518418165090451799
0.89777045958050916141 -0.66575886154618579837 1.21080303723251647696
0.04695341173966727233 -0.40059029030602411048 0.20672089456840825328
-0.64529759326126812091 0.07919355979587305860 -0.59516463979526879058
0.79435821696356789801 -0.89248154330482565300 1.42834355072795116115
-0.80787567538012350354 0.65215074845761678013 -0.31022620252849925082
-0.15108320049201129365 0.91421965581691666536 0.59132251125674695214
-0.19608429006245531312 -0.54829294797226180158 0.10128722288475222602
-0.56187413074147918302 -0.36905981679880150992 -0.39698873487124919368
0.77959538173947051654 0.85533651686210920850 1.37105318751097993157
-0.13928868815533990144 0.78763308119377994920 0.44249416879856667828
-0.53761977861407550527 0.05443995259375489226 -0.50912929652860783314
-0.42521910357569692174 -0.79126013363716163340 0.17346259739993258320
0.83461539408227802816 -0.50628967408027270025 0.99456975444331174874
-0.99384009736486911279 0.83590728330641517196 -0.19487260164385367123
0.66498798644216483567 0.04143167773646450058 0.61876626209027518755
0.44929933053431980738 -0.64840487967848914330 0.84248654002822664921
-0.98915295831338956312 -0.36916441828515855761 -0.69970001567236028706
-0.50493244072646414899 -0.06218728307956467027 -0.47988106453094331316
0.31737634534237768591 -0.99947119527140615425 1.15297425169201073203
-0.28134979920541902665 -0.86022189643753188548 0.39662177746251620070
-0.83280939586595770230 -0.27245626294314773119 -0.66566019133930320884
0.38874622559134319744 0.18808484773016465041 0.41439702114622789519
0.69384940222361657369 0.00255637575506728609 0.63950783000654443100
0.51272950461688537871 0.34294728910621286033 0.60789946404984240846
-0.03721880873068617035 -0.46964419255912437379 0.18157140521219783391
0.32231548476540394788 -0.68653455282678832461 0.77083505161308196740
-0.09778007403131394604 0.09641758789659138351 -0.08832811952799221600
-0.28400279539332062839 -0.42407406458019991646 -0.10132934508998006629
0.59888891608784344811 -0.49893673872071064856 0.81009981614760750990
0.97371144708449230976 -0.22040021638298190609 0.87553526027852512925
-0.41775473954556185952 0.37303330749406482525 -0.26700411245440847097
-0.99833611069973371421 -0.27776034904264301773 -0.76349651969440268662
-0.19132176706906278696 -0.81689116906310643706 0.42871948057882436345
0.03606164340246387212 0.21793990173061073001 0.08353377117985665012
0.62281170629336068956 -0.19150209647349702990 0.61998608112301689665
-0.37876404969454502414 -0.73796445088420492553 0.14829635101777194350
-0.52635786537257955864 -0.35449908642257055291 -0.37704845246110874069
-0.31658111350581408239 -0.80864197113772173786 0.29696858034741768773
-0.28061500356517421473 0.16250205517605276206 -0.25054279977678350910
-0.62089342018653947974 0.95578211214398312023 0.20989682660808506309
0.67677387689189094644 -0.13669586978880299277 0.64496588431530843533
-0.37619095402617963586 0.27328502074346894268 -0.29276516839287636262
0.94596394650862825060 -0.80604260980557640437 1.41601246885610509985
0.73553020811444813631 0.13927197352590514612 0.69037585240603827064
-0.97338568886193366225 0.24052053704600107054 -0.76897704332026095564
-0.95897646435026140388 0.68591308320227151185 -0.36529282520251293853
-0.55025908428910352832 -0.25304985580364558473 -0.45891760940838149940
-0.34654415588496290113 -0.15448475507639547466 -0.31578616654410535114
-0.34462087894755355499 0.92974448999102254909 0.42288217933521793368
-0.80913472559773125248 -0.57771155404084129081 -0.39610129314449188387
0.03403327471416894845 -0.58809225476720428105 0.37302552636729524593
0.42972757498787084174 0.81876366347350537644 1.03790220519970199931
0.93171220866239634617 0.57269473143349847177 1.12477304001918709808
0.35312015434746513165 0.48424285354840090889 0.57817520435719060856
-0.28411888503024007591 0.61148005901151836206 0.08494429862929742114
0.65815276797776167683 0.27848037214720045007 0.68913011389635014936
-0.67639695771872920815 -0.46407885558527639525 -0.41227922323071708455
0.77946301669393602829 0.79936577007933573569 1.29927908501948774500
0.45206365347425592205 -0.26410305316229942818 0.50651669646361086041
-0.42543456735526441470 -0.83497200775761015734 0.22934028431868347386
0.24846613763265401609 -0.58652752707456845549 0.58318661147953654300
0.86732702987588927712 -0.31358686939863988918 0.86078091993067862298
0.90138844032470100132 0.18930248897137103015 0.82001698563710812007
0.31752313921761654569 -0.69449621636515579404 0.77605465807739903994
0.78304757946749292685 0.95400596511203517025 1.49502462853224193928
0.06976799098717312297 0.57695553250433406767 0.39647550082812216266
0.64923580709480388506 0.84657770614903027351 1.26147332950241586325
-0.01831628796054407537 0.20009645465483183457 0.02171263062000645255
-0.91152708513711711014 0.38231146083822720172 -0.64479787049425807410
0.32970201867402582074 -0.48505190348643889564 0.55687186866812954378
-0.98084386348667451649 0.09034769955382060402 -0.82280450955535722191
0.05308440857589236117 -0.44678750644374320977 0.25135546593951929584
0.54055717519153390072 -0.80689467747280829713 1.12065884985188501943
0.34826036026287754410 -0.99951407963364036213 1.18220874681311616250
0.51800482110903978139 0.70155138985039511290 0.96769097240057533327
0.48882690273160434025 -0.48440325241859083505 0.70208970011990690097
-0.94250470605430880511 0.81795826530094206674 -0.18878724524113776884
-0.67112474021138579516 -0.79349282321401748419 -0.03302074687797740271
-0.67646431672035367555 0.08500840441564605499 -0.61881348267586411271
0.62774955585003233693 0.10712801593483045615 0.59880100671442026972
-0.92991726276476383006 0.58839780867948610066 -0.46223348061730418213
0.86472278282502390567 -0.58463757441315045149 1.09609995974636764693
-0.19113945889131245259 0.61624447769016232890 0.18071730539478114697
0.58850168674485603404 -0.19115796935601014894 0.59164862712776777887
0.58110609926304235273 0.94649764722212714751 1.32969417380433685416
0.42364424896459884629 0.59297746290547315162 0.75550653464784178759
-0.68843989547282280483 -0.33870793114665809220 -0.52086160781867574254
-0.09426200051002386893 0.37202402059386852073 0.04383797401215931699
-0.62448367660223147446 -0.42110498939096707716 -0.40827697868021423089
0.46169183800067137291 -0.14049776456668627844 0.46520178648901888696
-0.71015050517150668519 -0.50564112579427500371 -0.39905136238234484303
0.33851363837824899328 -0.96934772408015668077 1.13942822991559156165
-0.17471703083106060461 0.52849233874613599227 0.10185734993968509343
0.15637918542608653105 -0.09090689753414893381 0.16400657309021518526
-0.09294380922431733083 -0.21950289660251831592 -0.04464716848585732062
0.99827006751618219127 0.11334044275489985054 0.85338074229839977480
-0.89154095918064002468 0.50663920685097285634 -0.52416681828178846025
-0.26031703429160413243 -0.39828452021479709977 -0.09942080955880278070
-0.53440299220627518473 -0.55010759790743835040 -0.21130674703216217880
0.27055763334637039641 0.70150678803595556410 0.73975695065880375800
0.97869884336564338945 0.46082692862297669478 1.04054078962662766017
-0.37078891090431431721 -0.16969934759202276453 -0.33355695425674292132
0.68924698394205985430 -0.13747706764181022443 0.65485506012006033938
0.82996001823177811829 0.08383482851498635924 0.74493260840393327182
-0.25947628105628384176 0.90817557511774182899 0.47782603349477392740
-0.40316657346268880424 -0.37326095321584462638 -0.25345955383120000182
0.82771159708712294112 0.75778441811575847353 1.27957956968229957795
-0.19958644408350045829 -0.07598292944089646284 -0.19249062799264915480
-0.63050479373886902934 0.42659196025393364415 -0.40857464937373844105
-0.32181986805642992522 -0.12127177400467514801 -0.30158720895275309415
-0.18313615654326498294 -0.35161497928542262414 -0.05879579973222535949
-0.33102976157674568469 -0.53213131418179759891 -0.04562226878930930596
0.23558466701246816299 -0.33782828174307333313 0.34729189564742235508
-0.39202478780538485559 0.78341752986185131391 0.19387102476660944550
0.07022884108932414549 -0.27874256819344345182 0.14779039396250109872
0.72350797282914980357 0.60291190740856581698 1.01756821849895540133
-0.17467791701018575701 -0.48896740711756825348 0.06302679577792547061
0.54645056444736472834 -0.27624066573397065838 0.59589283045219132440
-0.89675794003760356254 0.95745999659162350781 0.01230862245498032248
-0.46069207638813947092 -0.72644545940812554896 0.05899928805075155269
0.45970660249679484721 0.65262979959196454338 0.85684910111852274905
-0.27805815788227761232 0.82359567380196407882 0.35298898869922568089
0.23220375086713773705 0.95910047185147306870 1.02564779413051887502
0.49246118119946702407 -0.30140552067510273382 0.56351642541090707361
0.90065602225729901598 -0.31783137714934839302 0.88457960049490258481
0.18671212075629450844 -0.42539344170513704313 0.36560273648494551191
-0.25501879291596574184 -0.10044337483270093792 -0.24217489340603107206
-0.01906921133765804299 0.65414290107922146156 0.39589567130991609734
-0.43013287144284895192 0.38627287901823037508 -0.26833784424923112777
-0.37963633025360277173 -0.57807541830281627959 -0.04259639803731352092
-0.45705881683965987605 -0.28185797116334243562 -0.36195035998027164093
0.04717654169615204118 0.71854347110761485062 0.54082896178961148426
-0.44714111125679267822 -0.34915965399776904832 -0.31077878403276609776
-0.59965572725692006806 0.44680155812468602683 -0.36605000688807198816
-0.82620038324325495438 0.44090911388409348426 -0.54218307897463213774
-0.69946275555701031834 -0.78437967523351170840 -0.06664278499512898968
0.24751452269994156374 -0.81546869799596666262 0.86204561967713433379
0.66218227790122674570 -0.98303400857740919072 1.43765958453777620285
-0.02123108804586282261 0.85401227253767175718 0.64514591618126437833
0.68279867420820483659 0.01165188718209320129 0.63110249783170524474
0.31266492065678264112 -0.14978851351523081448 0.33003016000388912810
0.24100611061155774451 0.55233715670105620887 0.53904576532704817637
-0.20090139933047201914 0.34155538823108400059 -0.08315703377674305008
0.26963314108313807260 -0.85277581308340000277 0.93117824764397927328
0.55019821832448156940 0.77255950965076114478 1.08489458167346075612
0.22085637570260296947 0.92881857988489291422 0.97866922925712473980
0.37430505051552653839 -0.87681190213149684531 1.06089839126475737885
-0.78207604686797416171 -0.93591506007074709572 0.06338998664353601153
-0.35467069690961450235 0.02231244655145037115 -0.34678373125792055776
0.12729872192512736717 -0.51630085573476169891 0.39037602312339464428
-0.83210798196487734124 0.02825680233885674575 -0.73855390966267986386
0.11820299966567482386 0.96692020476629969572 0.92248822710312949891
0.59905202469365037565 -0.16235492027544395910 0.59021588986329820425
-0.60151543598115697620 0.29950586576992166421 -0.47630906000312045467
0.14822201639145538010 -0.54578152350351438749 0.44117169191001492923
0.02391600647573821625 0.19190903925545588216 0.06073448084798531432
-0.15925558940657014162 -0.90970940078884754421 0.57770679369218802535
-0.03051554954038926404 0.90694453798946739198 0.70237120905207639510
0.84708109107753570832 0.91108313920749894876 1.48733106530494274544
-0.05324374203593373878 0.13628746175508554828 -0.03464538463742115187
-0.52774981032676482329 -0.37366664961236062403 -0.36441706173849813810
0.69688187213158370170 0.80862381688785101019 1.25009436030561205122
-0.06990296896815606509 -0.11328375496884968143 -0.05701319671570381081
-0.50256754612908061119 -0.40621968159265486875 -0.31741062487491766841
0.50034310923585789688 0.41739797296153846595 0.65306766673551774893
0.42209570544848062923 0.81337472624791828935 1.02403616888081838709
-0.54863100569902001347 -0.92810860217851742782 0.23722619949187884192
0.60724784158549360846 -0.31948029737027594521 0.67250002469779879277
0.29924234106780800424 -0.62597204323615107668 0.67668682913871802675
-0.76123254445452226413 -0.67920649698642421299 -0.24468249269768954646
-0.21515023834376401091 -0.42041763010488741870 -0.03766209527655620115
-0.51520636032691369266 0.86094049570595920784 0.18247282973507777948
-0.15282707671124184934 0.16985212913211955588 -0.12338711929671641876
0.61977639822407470938 -0.95534218760455447139 1.37199810449105452648
-0.42347971828777719594 0.66309156407987002169 0.01472408350692899770
-0.74521016345750235033 -0.81170157125993913638 -0.06591086364134723929
-0.86260266774784066790 -0.67149166853242281405 -0.32376135705952407973
-0.32326214684708620695 0.47286061835359838312 -0.09592275954232354351
-0.95097137169924761402 0.82974348781751938731 -0.17862043396197690992
0.71970317620597423769 -0.82756168889550529855 1.29172479697945319366
0.96242116772841934669 -0.70803970958319872864 1.30116148553140464905
-0.72404909483419266358 0.77150387723919400251 -0.10173392084720678241
-0.83406061750005267008 -0.82202331603257450254 -0.11520460882941985226
-0.13677753879764487088 0.75876819148786145419 0.40809509556262740793
-0.73255052248019736361 0.60091078664343311466 -0.31547036646098214341
0.41200772131843099721 -0.92242166963678862146 1.15229870415477697598
0.81806356915258460205 -0.70941466719347157088 1.21211532373206165580
-0.48988751532882313100 -0.71066439485458099412 0.01331920809167930209
0.21533830171277767995 0.08488104948829100493 0.22088265910347265608
-0.64085591305309197452 0.10313637925908047954 -0.58724483462589105454
-0.60870797637815843295 -0.89992193398510611502 0.15238230626795257194
-0.93779405846938224123 0.23932314708912594270 -0.74901084016207419847
0.55145443533979565665 -0.30802887245015875273 0.61866610471828054063
-0.59261988657600306318 0.85424833177342951451 0.10813994400933224505
-0.74541743639246971220 0.56197152025478502857 -0.36769019806200742284
0.33080641239782471175 0.96912269010314178175 1.13189111951364029807
0.59509045175284835949 0.00649455829687317632 0.56062583897653317511
0.07851297133037715703 -0.24801412428144886668 0.13990455774528504085
-0.46354257303815660229 -0.65340295269913295506 -0.03303639630880172984
-0.36334547371233782975 -0.74311256500127265134 0.16917210607172583625
-0.93021266490306442343 -0.89853213364147066500 -0.07928268776266778062
0.29193093693481597661 0.56778614307261010552 0.60462789459920340818
-0.88975766811489798158 -0.72969034494662832202 -0.26927522248354640588
0.71559757361122788843 0.36539170152346689413 0.78918332836752613790
0.39016480087087268558 0.80255970961769085292 0.98082151036330122995
0.84380002120889940898 0.99814019518459851099 1.58663144473399020384
0.81453144623282325298 0.20287852884151069688 0.76855222937509792835
-0.72318955066656043229 0.44606133551483950761 -0.46411877838775383864
0.66813823913317227365 -0.34267525664443088118 0.73668227649988593519
-0.88917239121493629739 0.89156301188138775693 -0.06276778431143159587
-0.22283563541316131484 0.94455900284981608728 0.55745333723646139923
-0.31465622468696063940 0.51719429969643826439 -0.04517811289901829674
0.06721543188755951803 -0.56046680759454670095 0.37614737516497753766
-0.72493306852811034702 0.78682145317467155898 -0.08279268182966814660
0.10974852959511904871 0.55385449756628668538 0.41149487372477461244
0.77722591949681696377 0.88529266882316481890 1.40724009770746261161
-0.18596091848377849232 -0.96922144434426216186 0.62230733229919343863
-0.60360770763788096360 -0.19619858370910625567 -0.52913198359280011474
-0.86229697957881956683 0.09947738170429709648 -0.74944360992358882712
0.46430459418618386103 -0.09572542418500362693 0.45696435295545112520
0.03165703438509726020 0.96789805781785198668 0.83733418083868060844
-0.60793129848533533632 -0.84218377167998559329 0.08011202474121581485
0.12985001114823280233 -0.49016316707717910717 0.36744051655507742327
0.29238235078970897796 -0.27177155817397946613 0.36202692853437123954
0.22951579265652477524 0.94986011970444894637 1.01221982396329091003
0.16515588748628307059 0.70503237228603166109 0.64125883453821519442
-0.76388591622491697208 0.52586150217618743419 -0.41871345213142324715
-0.69332401512843588876 0.38537511898416010325 -0.49112865762703450390
0.78391565813069696844 -0.03488299095064428812 0.70727453775342430387
0.47959791648691618704 -0.83076591928795862074 1.09809232906366460725
-0.97380318436397739212 0.80480794593563032002 -0.22366324313854279993
0.96714671990611011942 -0.15800123445032721037 0.84823119696137572188
0.93675575523401977129 -0.05506079403310137899 0.80867212362290974426
-0.26881701485480391511 -0.20629078916123533283 -0.22304807761864064997
0.80259138512444994085 -0.40223519638805460552 0.88024731496589181390
-0.34082040331680318879 0.78821311437691954360 0.24781595962033187153
-0.67653079162857343576 -0.07554261089265357221 -0.62038502867183742406
0.12239577091253694974 0.44085665121998141025 0.31522371716369868011
-0.95742084614390488007 0.65159287645724761617 -0.40577766629885569927
0.62634190419954460793 -0.85547968581164535173 1.25442869325321337826
-0.50071335071819556006 -0.96124114777226354889 0.31795777439009831333
-0.77010399012262964469 0.49091910725125664783 -0.45753452059835275634
0.21317809713999857912 -0.71481387767459803051 0.70058099844669308176
-0.51195487376037718263 0.12414877094547072112 -0.47447011125088450756
-0.40884277846457917072 -0.62777501808723323862 -0.01356905279635722827
0.88470215008881236685 0.49539502546206648503 1.01668643282191739630
-0.68957594934404675691 0.64559782339733873258 -0.23137674695002918845
0.74004022756657938942 0.21743981856501948258 0.72158007951910274613
-0.40302477271085224153 -0.32284084847715477373 -0.28816494422292132649
-0.02906936100295620662 0.41276338105754040164 0.14048529322936589847
-0.43380464643765614952 -0.12992692122909654806 -0.40344586710594337875
0.27826529814956746378 0.76030914371705282662 0.82109662815407791214
0.84690881845550425311 -0.19103851459269982627 0.78572430420942351859
-0.17873029700127207597 -0.63633560321000337545 0.21616774807430566563
-0.72519073615116846909 0.96030963488673171113 0.13365103636386921337
-0.73453257492746160118 -0.88952880257932531727 0.04100026913137522211
0.57141011532676944107 -0.10255466679650515616 0.55133595508157773324
-0.83270751341135529344 -0.31082615734084417802 -0.64329322739673799880
-0.09372526724436625045 0.90033248662843501364 0.63111166196576740095
-0.31651228080490922956 0.22492221740077233960 -0.26068556045196011883
-0.42122424869668972924 -0.64425094395628068611 -0.00563381848884841885
0.09073295938164727126 0.35728604142468345373 0.21791542267284122469
-0.56730103612049309625 0.12968654415743596786 -0.52054001887527057146
-0.90471149374207726623 0.34901571115133700474 -0.66473597016825836103
0.82692109752050746430 0.29297934698950123256 0.82158152934562711511
0.44241233139757651927 0.10410656462401601807 0.43895874906278797845
0.71721800642258259906 0.76660533771129579783 1.21172546500159539207
-0.82984174850880298990 -0.90769180338476851411 -0.00402064049695027848
-0.12878263520448363089 -0.91934058437713606082 0.61966833557779965602
0.82482454491405854391 0.83910438294094724654 1.38177390878621042525
0.71021036224787770230 0.65926330672917821119 1.07306640146281284665
-0.73001516327910787041 -0.73890948617378393593 -0.14761889022468044352
-0.02524649485734697940 -0.96508975949490904966 0.77721126171721410802
-0.41500519994220641529 0.21233239822707150601 -0.35812491381632394205
-0.58745334264800108670 0.55753035824084840044 -0.24838451540799327821
0.87151091284474735410 -0.38543746375295007134 0.91331850462759978093
0.08685062892361972153 0.33931181420395328807 0.20161980332606238564
0.13160077634435074501 -0.58593623729905908171 0.46783763846224357685
-0.48035057436208394854 -0.39903549050310860302 -0.30353277913684317824
0.82573737731934859774 0.40327608765620182041 0.89696357712900520731
-0.39373093922002611045 0.55638421688763162187 -0.07899372501442114558
-0.26653009677079531059 0.00850173873469506347 -0.26331336634056778934
-0.90536680031230831744 0.28666065416501251839 -0.70456978945456116836
0.28668209912657260929 0.59284947798320875023 0.62705008592453359562
-0.32229504010810083869 0.44419338352805715076 -0.12071422213847976534
-0.25464883059275167376 0.31986331980730398072 -0.14977144141956272305
-0.06730309212738339042 -0.63283285073048789471 0.32260573496067135313
-0.21704603561106172727 0.45397268529833745276 -0.01071051997408764556
-0.02942496862097643273 0.91987024211763590564 0.71932065116827015316
-0.49536978351807059440 -0.02373433973143179720 -0.47479369785827801875
0.67978864520534831861 -0.60116458407246464724 0.98221174039280234602
0.22098410833776416240 0.12762820031032950929 0.23547814326700106102
0.22630569364260599841 -0.93522524372068538412 0.99169565979943286038
0.59083857133696415787 0.86869651237877842931 1.24207943652730978812
-0.51034410337172153582 -0.59724768506048842021 -0.13928917573611770964
0.27573713877449823606 -0.64746634443426875904 0.67929772590202519567
-0.80849935005330175741 -0.53336644925144804930 -0.44259349573273820688
0.60826045911167869740 -0.38144493473647211879 0.71642818312961553673
-0.23575603900935715451 0.05131559005920438565 -0.23094489093581468953
-0.23630888728562737811 0.90630006410547792051 0.49797076912293924966
0.50979624777427390292 -0.66457597932286449627 0.91544129243872696122
0.49546554879134974136 0.92303514435996159015 1.22803610473290047977
-0.62774820050651292114 -0.04805486567011585386 -0.58501448182552351351
-0.55445297658139658381 -0.37943226501854243615 -0.38300628808119552282
0.41020882616122866793 -0.44584229703933253575 0.59626978544802278215
-0.30606535172319571103 0.68109416175477122124 0.14612053204041242083
-0.09231120137346748855 -0.55225694575410377851 0.20810132100410444478
0.29249298484753594174 -0.36306544680468300079 0.41977533993559468239
0.42872115249063935671 0.36549324134941829634 0.54889639134167778067
0.32290101149519467860 -0.89240587057683695704 1.03215405449212926925
0.96166084812144703164 0.59359379935134692907 1.16525072963364451084
0.46844013022347441577 -0.77408243680572508261 1.01548001732044301804
-0.49179424157047590960 0.64597044328701924698 -0.06693490105020549752
0.34728063197028768982 -0.70169189362331718662 0.81305906976884956272
0.08764626893518556727 0.96797427062654173291 0.89330391649533213982
0.01904757615009478044 -0.19761819601670116420 0.05808944972492256775
-0.06700839974739558613 -0.33016167714985944492 0.04183271813150002405
0.36086315601471841141 0.99949032580112850965 1.19400185893366850287
-0.27494008659587665377 0.71671323593069047320 0.21989449799185839529
-0.26301086499608827829 -0.84545508046975847982 0.39547302293369257509
0.36855155821164986563 -0.75058621189025753750 0.89431122551867303638
0.53513743902380661588 -0.46760190922786648571 0.72687274087278064272
-0.83956501864413568548 0.35233456844685751008 -0.62053166742616461260
0.71003195511800121231 -0.15733976059164689332 0.67661127597524151067
0.41252426620522020251 -0.23764237617180494766 0.45736699769860733600
0.16763211034645042474 0.89998774886141030827 0.89112009042541484583
-0.91802954074194076384 0.57356908046440513438 -0.47132702536750858968
-0.98085914319936384764 -0.70998178624132868286 -0.34797868482972071913
0.68599250961987734421 -0.30351248778150252683 0.72543091452349439674
-0.98542298792732663237 0.27872190811043706660 -0.75589808501753508185
-0.36150685230741630427 0.43510953675896391069 -0.16549269915031564193
-0.75259350060740759503 0.26170221833968732028 -0.61509957917405833072
-0.87323252700465303633 0.34468892645655135887 -0.64787822596555266763
0.11684192740549659284 -0.99922509648159185680 0.95720918926957510031
0.16806036815879754620 0.28081588372742749549 0.24604621689949224272
-0.98635778062622847528 -0.61330349834556141531 -0.46668782087001009495
0.96623345300729668317 -0.51385581913368683082 1.08374083108803676012
-0.98041865338724920598 0.24832142661324363431 -0.76910603687910217285
0.31656106482843182626 -0.82800314418644149761 0.94442954253575073231
-0.24366701718407757227 0.11458542747610733770 -0.22813349034926549974
-0.09007288959371617665 0.36256422309699520845 0.04112341861120272224
-0.90001264926315704962 0.39323942708076287111 -0.62931308746744507587
0.66115963437119384949 0.56459800514183378084 0.92743216675634587709
0.55598840963665319137 0.18738668237711952891 0.56288964588601675398
0.64694334263243402638 -0.16619685365071057426 0.63036810899088169258
0.58222811537699326045 -0.63247815981912069994 0.93933101556491771511
0.72054713737451181466 0.34397875155383150769 0.77784140675602841952
-0.28150934992096066090 0.75575452668718701155 0.26280651452148617864
0.58455799919269235687 0.10031320777128671651 0.56189339681791916625
-0.14709511764608595996 0.24749362758288295794 -0.08535044248084457108
0.51939485967371123998 0.33179778886289734707 0.60622242502840917311
-0.95229408374880875066 -0.87378217549300307709 -0.12329704903982141584
-0.09129630565119928320 -0.90925814037274577117 0.64456484684665860119
0.77596123726114085706 -0.18996955802144221970 0.73648308013764740565
-0.52552730997730567886 0.93455051774731212610 0.26483785108380386575
0.47851328683863503244 -0.02705518620615654513 0.46119194169793836791
0.71586405353764015480 -0.90687686910133047391 1.38906812377690558336
-0.63401791136663687709 -0.32838640330417723234 -0.48475783177412029579
0.58355269631913087025 0.31091702638977802842 0.64751107533036411645
0.23406045122007101966 0.65760035564003183062 0.65101498481126940376
0.61043875985071260892 -0.54269551208540489640 0.86350607212882657393
-0.17954096065416069727 0.23966947122300008566 -0.12116805917989789676
0.64560641642754656999 -0.00935545083695732416 0.60177043962789533715
-0.67578379596199655843 -0.71818406534146439490 -0.13228824700596331088
0.68563335953382154031 -0.68588811441873964725 1.08644413517171867234
0.63200013715055991526 -0.69585964068934114124 1.05627848150733716359
0.71741329957949795393 -0.46925096417043166142 0.87585912284584688248
-0.40932767520146984275 0.64436086041396700708 0.00538115111524795076
-0.34110832558022430305 -0.14715927910764792230 -0.31287760542526255048
0.05945887878719702258 -0.09644230625068050955 0.06872483456757705333
-0.77126412261611099197 0.95822864259334439296 0.09746894052952148613
0.17566407044834431161 0.08852481160464154009 0.18259858900776759771
-0.98348780461734253144 -0.14365536445974202984 -0.81179970199523876495
0.21608312714701161106 0.62294489542132103210 0.59279918708448053888
0.69552193289185448855 0.56835668029789210287 0.95822687172365261787
-0.42858659801211196338 0.42438655992944496198 -0.23645380724442099929
-0.07640703044530283705 -0.15144263626259379940 -0.05339984619081772355
0.95828540072971546415 -0.74656250208862129369 1.34715084368466087028
-0.45947376178589327544 -0.73475265966443159549 0.07054066064411629311
0.96528647352489760358 0.13787255325197178557 0.84121970173335780530
0.53820871561416327999 -0.63224982212890257216 0.90177747112970219057
0.77768152223206099549 -0.27207505899446160491 0.77558654414772731922
-0.10383344664926830170 -0.26082500926422969023 -0.03566974554456608937
-0.71313075919436608174 -0.22485806998608404150 -0.60366520932050049542
-0.40073962837179388785 -0.41916254549306386501 -0.21530479307376806930
0.56214922233134201335 -0.44485728426299053773 0.72961470606950129536
0.80218367209996355172 0.91447984484927569149 1.46102633754185284864
0.66962235930691593744 -0.16303569918387750270 0.64726744912034783752
-0.45077787570809690898 0.51439449447390783732 -0.17414099124340587377
-0.20923125492126848357 -0.73994245629419896915 0.31285897416410862748
0.34227871572307932979 -0.68588420535768390707 0.78891047941073655370
-0.08455453249558120277 -0.04887471786483721381 -0.08206507939711324418
-0.96567017852008762979 0.35943455777639354842 -0.69359623304109307984
0.75719133493955514957 0.16348479848432462269 0.71360700625348338910
0.00676314251956422474 0.91501939793075837137 0.74957490364466050625
-0.44150965147493614893 -0.86005740844026878911 0.24676057542706714143
-0.02055077652145498313 -0.11416977390777849344 -0.00751496183449671187
-0.99402448267338217036 0.37805409496033726136 -0.69578860004157117025
-0.26315473074184203561 0.36808501628828738106 -0.12505552068578043579
0.93739918151699552773 -0.46494757865083191639 1.02051788907629381598
-0.89920768176433041319 0.29352712636692879222 -0.69678253275845059012
-0.17338047228348818507 -0.88693447366973043877 0.53548024059764742777
0.65398938673885398387 -0.28267782882779046716 0.68817921439177631715
-0.78844111797044380552 -0.97385247828679677440 0.10322195591284000216
0.94619144633134766309 -0.23472844797494141211 0.86626381126621865292
0.94891090143453493688 0.42012446730623143054 0.98837104032205491677
0.30814136266880032267 -0.08824365138349854476 0.31107493113473105861
0.89969094777120384165 0.13512865134830764902 0.80139350001741871399
0.37635330917177900467 -0.31922187667605039785 0.46925779404812306694
-0.10426154883656968408 -0.07136965573481668379 -0.09897915039543662974
-0.19967955355649125160 0.13324886527951318449 -0.18060093452668229963
-0.22728321026932452043 0.98224551732565323903 0.59660714147136884034
0.28076326105365367880 0.16891708804368010810 0.30561821537413208505
0.68986545583017733207 0.75351972524118382424 1.17420520731555377836
-0.05241101118029334316 0.04986026451345049182 -0.04990097630156653530
-0.75244487049127184441 -0.15514890421804694576 -0.65935674756958029263
-0.67116808024363483476 0.03421677322075700189 -0.62073034248849157102
-0.52182231490128683227 -0.30352573806414429036 -0.40646314604858924113
0.71504180173092612982 -0.94205227735767205210 1.43112109056126635132
0.52313675927402925048 0.36537270138845068246 0.63270087266586305663
0.07712057521439175112 0.72693198924378776837 0.58122236375149849419
0.56430355575274582236 0.62770122789484728010 0.91872063215690868976
0.57675290772304799169 -0.12808407243186636926 0.56170977480135309001
0.52394450323714680806 0.29076504949191384064 0.58474301221460589506
-0.21655119676720779864 -0.28275280293132265541 -0.13499864956548962569
0.65120792122342208152 0.36900240212009616236 0.74188998336038747272
-0.57124476785391831157 -0.31980745213465189281 -0.43858101384658321198
0.88740204849933390641 -0.57133566449600658999 1.09609227958576971318
0.97382188945127978741 -0.67432771097511357006 1.26624905847326241215
-0.39353802984811725452 0.25849598844780663498 -0.31668792211624469113
-0.31876586300691300835 0.03245260129896365697 -0.31234166367530735720
0.47431501197741532394 -0.74642277296602776993 0.98549596827219265727
0.31550108332993365146 -0.35948815766138486616 0.43916518316216945905
0.57644248928484320693 0.87764137635983874297 1.24136259253410896619
-0.04567642857832354686 -0.54471252009214121692 0.24671666237875380934
-0.38906976018733030465 -0.74841170451548566511 0.15196006850426363455
0.69089197797468382412 0.86869222825712477665 1.32224124709688828361
0.92614646182958937359 -0.15402957837698361132 0.82303310393449569116
0.77865289199406162446 -0.11159438467791904515 0.71477408885860704846
-0.81190794211658134927 -0.31956594424414141997 -0.62365639857472920937
-0.17153173818752232016 0.28334783651753103761 -0.09049203537604555425
0.90206029385242159080 -0.00157332678014920901 0.78460842073815995068
-0.72692502054197616346 0.11701299909640372476 -0.65088347569580029539
0.77642720812546173192 0.85709693058623659390 1.37103660111857528214
-0.22541182331839171304 -0.68714640581923513984 0.23131229760703284071
0.84831264707974662898 -0.15978246157245745707 0.77569337331978815975
0.80069159929245881102 -0.85818921563195016411 1.38952855885177894990
-0.80679113619584041928 -0.87087477002762936351 -0.03429351808507397070
0.87530381945048274517 -0.02817408522522435455 0.76853199311662534488
0.62711364261616209248 0.46646302717122822834 0.80268493830890841334
-0.70640253972964694995 -0.40971993607283940797 -0.48201829091972581143
0.42036198328736795737 0.03661526916435997592 0.40943162680816463928
-0.96974899854558449519 -0.93738370090966904868 -0.05484139349126337937
-0.26657074225598909045 -0.99674328951404222998 0.57451487632037356867
0.52322856471775147646 0.43998215157915065987 0.69205681960826104238
0.96285675450419927479 -0.48803579169853472663 1.05675999182748547867
-0.68713697343148139041 0.03977928455631385418 -0.63274408776657109499
-0.81939190311340204254 -0.29189973702285998414 -0.64562844225974813650
-0.02760968444589884108 -0.17477762907113980617 0.00293629228380909435
-0.50925240389944548269 0.32576182014180243840 -0.38160295643337827087
0.66086560488203804908 -0.25033579831210994726 0.67642744415995481599
0.30710704555355095025 0.10980901104539109170 0.31436003281691243805
0.43282629661800409160 0.15367765325599824777 0.44305276663670345449
0.64213748809377801940 0.32480524042839320487 0.70421140078853838862
0.52104058865948643664 0.95038365858405970954 1.28311297351666864230
0.19174167412855269710 0.65436570261499205081 0.60579790045150827549
0.05096060055825746282 -0.30199444335689662466 0.14201281474266305715
0.28644402482478081851 -0.78620985908442908574 0.86205181902558059015
-0.06215305084309408201 0.64937028517167560970 0.34718243643418594813
0.75694448757801913175 0.70849015683519045439 1.16784667738326719544
0.64032829921389788908 0.46617718609208491642 0.81307331526343340489
-0.26796243845404776884 0.08889172569413439362 -0.25686548517185459062
-0.31292126468446079812 -0.87267738098686375992 0.38221620725611743508
-0.24888554319024192019 0.78307851395002980865 0.32917318157500952136
0.67137420229636268765 -0.98083034743376074083 1.44241560881442065778
-0.59729055379731987863 -0.95593169919598408590 0.22942937283132791570
0.76558052482054428367 -0.59439879156741226574 1.03896083740268241336
-0.13367394365313223226 0.54731601069303259521 0.16181867439232347494
0.10619091547814640819 0.78209471015035880725 0.68022867206150205988
-0.08910117001668615977 -0.72441438386410172967 0.41203601140123308211
0.87721992329638331931 0.40711378894710881227 0.93394842392695309741
-0.80696258346205818057 0.55114820422491783702 -0.42307522393590535348
0.18588485551461242373 0.07620681555734698520 0.19062366405701236527
-0.16955375669625749602 0.65137093452804384341 0.24292593672527482140
-0.36980626196909782699 0.15544372169950460005 -0.33727439842180551022
0.50158191078431135779 0.40523835138537500633 0.64429421696979383150
-0.18379725129261492711 -0.36120439822782968164 -0.05266538403399789736
-0.44434631250884781828 -0.90671360154126157127 0.30272923541471596920
0.60321444943637070324 -0.86050771152347760307 1.24193006812134587591
0.71492117369559693429 -0.92386953181110342825 1.40916658210292888853
0.14988948755324504880 0.43980438585079184577 0.34155284901417215515
0.06247887638142168854 -0.18046010056037986580 0.09499832745240244236
-0.52755493339826298183 -0.05345348549968265139 -0.50056494020369357578
-0.82174199006184545091 -0.38432372983795271004 -0.58516489878881416953
0.96747908177279873243 -0.53628313688261464165 1.10710925755486822020
-0.31581950063768227110 -0.66778323042200526949 0.12070558496522193481
0.23027329020238229695 0.97535560825738865098 1.04242539150972546302
0.55893803925572993485 0.46426299835765960644 0.74416123991620852784
-0.53753659278876919636 -0.73159952647615189569 -0.00197589341328230361
0.88374742618816526374 -0.32154193086573634730 0.87632625654422247052
0.47593211263787638110 -0.46619767700425263079 0.67380040383965522643
-0.17756754403297692058 0.67335965225464189388 0.26140052998978108301
0.42733877648700557828 -0.72469465062711879710 0.91582114470486963853
0.38382413795808778545 0.77961660270050558985 0.94553362040801824939
-0.14064817534310991576 -0.10922283512165953390 -0.12825557412800381307
-0.92873921633927958297 -0.02660894619252918147 -0.80015752869085443599
0.15159923305154321405 0.06333982929662829164 0.15503113930329023851
-0.31358909496293785324 0.73815238727811505193 0.20983133901908002095
-0.13954425223397315392 0.61552555339500836240 0.23078061617926937110
-0.73921328901349792062 -0.00096468121406334539 -0.67370581108672600301
0.68135966489404142798 0.63773038238208568096 1.02543038243663353626
-0.09231990592853467348 0.64937611608785283934 0.31711356636755039240
0.13425292669007715674 0.67470821436511374536 0.57351995471401984172
0.96807047025941050933 -0.06101777344070624665 0.82751657627213937030
