-0.91349947640989448416 -0.19998240376428144671
0.01890209408646170708 0.01926626687476119815
-0.42415501991829884787 -0.29609498569224057540
-0.44208081294690226848 -0.30426923810739958665
0.55121934518346904497 1.19380624829126769093
0.76113555033719415555 2.56691600252331308951
-0.91913401379575820904 -0.19016531001593631189
0.34301493820057893380 0.52125419883567492008
0.62009702525826382313 1.53945170888738003256
0.64688742281360189779 1.69771623486105061041
-0.82266092791366052239 -0.31144435308414664121
-0.54788277620430347881 -0.34438264151904013355
-0.58550394140545969357 -0.35440781227053913538
0.48490910286723276634 0.92916612622051220072
0.13579586947000166219 0.15713303504464870564
0.95212294062588220811 5.07107673750151910497
-0.00250624576380809039 -0.00249998019902467972
-0.83735818208328183232 -0.29863710010183025512
-0.39724504298597707042 -0.28318870880821989111
-0.00776597127041744884 -0.00770612571947210025
0.10550826865838280888 0.11795315642816696367
0.19351070636170364381 0.23992946579987162181
-0.08003046511972899957 -0.07410017279778252641
0.16538157188882696147 0.19814825850800804607
-0.49038960639650297502 -0.32445847371156860683
-0.62472640420664160565 -0.36165320078377727331
-0.68059226322570798295 -0.36472345307595749331
-0.85022338342547243428 -0.28594173658414123729
0.67319873699554122481 1.86822078102301403213
0.92583811853107444989 4.62144353912482674929
-0.06778624524735543666 -0.06348296671981361328
-0.86044089852038596611 -0.27480719382883656010
0.51935150954157882630 1.05931926327028613777
0.36166760380210516423 0.56531393108362604227
-0.52543258907512635503 -0.33720012139162036657
0.80672235583138385273 3.02340306496067734443
-0.24788745972344461421 -0.19859959541204860733
0.07578650365776384845 0.08200106317217747964
0.12873436984720210141 0.14775492047499544368
-0.03032753100037854921 -0.02943484480836440487
-0.20231172126272012335 -0.16825740398439037460
0.87635542664398902168 3.87709307668385028123
0.54853959444461009021 1.18193304679550892367
0.71601112300542513189 2.18153220588553953263
0.68990577147174469985 1.98492372946998463235
0.89971161097543861374 4.21271611386255440124
0.86616603676629555508 3.73893179504731953955
-0.78096183735084601096 -0.33902146455603227038
0.53280099528918900553 1.11432676796572494027
0.11358210368548737890 0.12813579270180056047
-0.76037659488122333329 -0.34845720314687855801
-0.99976234683349973764 -0.00071245136270923798
-0.30853373306185938318 -0.23558245394085242097
-0.22475325394188350181 -0.18348535401512797161
0.73824043505424064016 2.36375616671683186354
-0.92043695958464888385 -0.18783904537458476214
0.43120719331404733232 0.75323585742682874766
-0.38032074713309715897 -0.27469688817452420082
-0.80190407159719390151 -0.32669321694769681841
-0.21490987788638538092 -0.17687625082387670172
0.75581413761249049976 2.51822955893553146467
0.98179686659700626805 5.62912277370891533934
-0.76221916414532975281 -0.34771352592551130201
0.15753731948107119187 0.18699334103507339599
0.35374674326226318577 0.54630836716233099892
0.08123339607861712608 0.08841567857351301241
-0.71708290180638134537 -0.36083707820158161805
0.37355678916283374669 0.59469351998613961818
0.78553576671516567309 2.80217119395130609405
-0.41487036679692979035 -0.29172636852457795031
-0.67119809138208696986 -0.36490482765897880313
-0.10775100519536739974 -0.09726990637281757168
-0.11602788725432344741 -0.10396478930454838840
-0.62159517599975955271 -0.36121214312672222935
-0.55557769215341745728 -0.34664879915873275662
0.33802234051845614360 0.50986331378476368315
-0.48257960254056286864 -0.32138879769854311608
0.31998463881848104862 0.47004990640270793989
-0.46080640929025817876 -0.31242638764289437647
0.78348817810392312744 2.78164677607268329140
0.49591825443295789455 0.96917099984786014844
0.84490623121292518505 3.46588757244693201898
0.93890229796732049827 4.83990493255915854576
0.98299442168827111388 5.65283411671747160199
-0.71681281898524051854 -0.36088608122853049753
0.97095358381717611351 5.41871164416421091659
0.57315154217374031376 1.29515120420350582364
-0.19900664988899929853 -0.16596595886433751499
-0.23304792109329075522 -0.18897123304480545336
0.35671416805991018606 0.55337647161440151056
-0.62450733884479125990 -0.36162317683269062929
0.74322378719416892778 2.40659610758343101011
-0.07059193775435979035 -0.06593728808286407339
0.17551321306174827441 0.21286949073723546166
-0.75250327284660456506 -0.35142261474363833962
0.33111400489632436539 0.49437071400594173598
-0.89635230241699703768 -0.22752168452394991305
0.57504446180546509026 1.30425834146517205525
-0.55931160414557701266 -0.34771031195896018318
-0.24893739892285338122 -0.19927192264193849258
0.02947964247696277518 0.03037508922826912677
0.68648813408888598175 1.96049164677906873067
-0.11729309395418119344 -0.10497942676107133164
-0.29922343392250461136 -0.23014414479501016375
0.30661700349803644450 0.44183693596065776177
0.39410976821631371614 0.64802657643817118682
0.00963806796440236369 0.00973186433426866289
0.13844508814601175217 0.16069099181004523058
-0.81257786367736484223 -0.31924949475136699117
-0.15450857666375794608 -0.13382878015401916683
-0.10921632929521596367 -0.09846243789602904251
-0.64651001989853984497 -0.36398247996014659877
0.22335230671558692350 0.28754939944806290342
0.07856652912613704132 0.08526552717179446128
-0.75425118134926805169 -0.35079357517342513173
0.85797366761784910061 3.63132629158568320804
0.08290703454073322654 0.09040196658275442831
0.53186527335567745922 1.11041898994041732252
-0.47943813814541602625 -0.32013193200487188861
-0.86423469011894460401 -0.27042503598617628757
0.98647781814994139893 5.72234807087141028603
0.93460644296648043294 4.76699461384137901376
-0.38846053096483457168 -0.27881649146471926271
-0.37894077373675472131 -0.27399201193017880263
-0.73188332693127566841 -0.35764461810575592926
-0.96678078458879190826 -0.09018935875235771504
-0.79405567880184735330 -0.33165536720056776332
-0.98393822671782427136 -0.04591663516051019273
0.81553782985359202229 3.12039290253052437052
-0.01435226357873409242 -0.01414919066476221995
-0.38574590331427138779 -0.27744986191583242974
-0.27985907790240993620 -0.21855892425402415058
0.86905258798552664778 3.77757884874401117514
-0.55887809075374406120 -0.34758837145331056284
0.08837734312019818184 0.09694504666278840055
-0.70505333550514537322 -0.36271368292066541450
0.64640449502717212127 1.69473078647595687407
0.79011160235507804650 2.84857350274223897202
0.03603977050541140592 0.03738719640470555827
-0.68672228622774933449 -0.36443451560278072865
-0.63506700010804806311 -0.36292415896601126768
0.58958650098110587656 1.37622622634554270249
-0.83818867342605285486 -0.29786051451611644802
0.17362322684965403319 0.21009601957507367809
-0.49840244793422461278 -0.32752416741926365651
-0.44729054537663248681 -0.30657874924419381557
0.56104810687312012263 1.23828970767033874623
0.48558543881959082000 0.93158238179595898032
-0.30972515951357793007 -0.23627226982973303926
-0.17482888413072927847 -0.14880796198364251715
0.73798771372578975125 2.36160353002816680856
-0.05985821107200384183 -0.05647756246383165563
0.42405252558971318066 0.73198834859325923041
0.34518909633466243747 0.52626660975941319531
-0.94654170902494816353 -0.13655313876732236289
-0.05286290823146022611 -0.05020872771237685356
-0.43013924999358699175 -0.29886243325371530943
0.77208978409055095682 2.67004577988523106313
-0.25122696813539535654 -0.20073400860019688374
0.53763900277516629700 1.13472849749778803563
0.45795054824288983220 0.83705736944901598662
0.24863414719327292524 0.33083138848753579353
-0.66073104212866762275 -0.36475205619696571269
-0.10282420736618358426 -0.09323705913765134579
0.09488254983256050323 0.10482891538926593367
0.82341101722749665548 3.20957467530402418276
-0.69199041849387388226 -0.36407428083294335330
-0.03201974068815949259 -0.03102628698972373367
-0.84262560397625829722 -0.29361244566917282794
-0.44833850838648392489 -0.30703963511127663200
0.66553350155238022445 1.81691940979998234340
0.05690731493400091878 0.06034116678284286162
-0.22397291188948709184 -0.18296535563548244063
0.76262962390610145036 2.58074978697305468245
-0.55117035314678863855 -0.34536359854806014669
-0.87306213068135729571 -0.25968912914783404133
-0.67179332101678035372 -0.36490246245049179352
-0.46131246789860091972 -0.31264121109284087607
-0.88613156486975119819 -0.24234882888622727437
-0.83529800056393277430 -0.30053860887858374618
0.33204876051155607364 0.49644897196679860230
-0.35480135181869143501 -0.26136198762014967167
0.99215848453990318490 5.83746350635218469449
0.01514357826909940030 0.01537643247764144266
-0.67564990611951114552 -0.36485749786155796670
-0.32428670937367765070 -0.24459172309134966095
-0.66696959877121142490 -0.36488698878897773969
-0.42576781378908545861 -0.29684458867373086921
-0.86763149827972352313 -0.26638422167192860046
-0.41305083154770283471 -0.29085970897142054969
0.23152152359805011628 0.30122622055556785847
0.18958675551398518344 0.23392750956608845958
0.93389179838567226710 4.75496847085997131899
0.22919106538367151060 0.29729526514851611907
-0.40023865428780092124 -0.28466104553785509523
0.83130914219951157484 3.30153243152511333136
-0.59796812523977105336 -0.35709812135215751594
-0.35532079706664032592 -0.26163970529403229870
0.63783182014028594331 1.64256227068650750844
0.32812597948144173188 0.48776473087900384940
-0.08713564486651059759 -0.08015154975262121784
0.40279867621047005244 0.67159651609976656061
0.51067360374233428111 1.02511575267173205006
-0.56755725407881274513 -0.34996312527368050871
0.14054860312619332774 0.16353166711363528729
0.21836862095550180207 0.27934516133777675950
-0.44090780836518383978 -0.30374506261680955799
-0.55895856186581416303 -0.34761103273663801483
0.27283157792096845995 0.37504248144279755950
-0.70591098802742879847 -0.36260020033807965900
-0.99818584209315686095 -0.00541293070038060490
0.39422819851206036823 0.64834363811846196235
-0.86771767376522035420 -0.26628025044329478588
-0.89797183026491222968 -0.22506608065315852896
0.51599984726699732462 1.04599164340060535316
-0.45664544371792548105 -0.31064864484777787723
-0.60254221108184524702 -0.35799850569659164012
-0.01298909298412498359 -0.01282253982202171717
0.76382213180533620189 2.59184350473613234200
0.45079280504807450747 0.81391829435789553315
0.69412068085024714037 2.01546134988787972731
0.70002914835013085870 2.05903619313123265044
-0.10434714384373067197 -0.09448750759808435817
-0.72906462123045412405 -0.35833115277081462047
0.87308338401049434552 3.83219511378526478396
-0.97196757947103784581 -0.07730457409970535598
0.84953242345004609248 3.52360113683252684780
0.84673279950671109795 3.48856403676748616505
0.45910238833731242813 0.84083084169647326345
0.38834702561896405903 0.63273609785461326638
0.87336945452680225799 3.83610027955523724685
-0.70350166445799300341 -0.36291127055482469421
0.70237685671959004807 2.07660282534406537280
-0.55631322881875866493 -0.34685990400318866822
0.51471867300730700379 1.04093633184624922983
0.09634651473507660491 0.10661878611881775436
0.17908579319589379431 0.21814689511063067862
-0.39089414850710513250 -0.28003544542885250301
-0.52888024873028660622 -0.33835597686167856457
-0.09988133427675971454 -0.09081091931626115998
-0.17686557076130871025 -0.15028067890182397748
0.55902038424161792918 1.22899062883828058546
-0.64391120182347205692 -0.36377540263450319769
-0.76221371289579153974 -0.34771575438435819994
0.96162206503022895632 5.24368025399926018792
0.48750641567935248943 0.93847443797338059301
-0.47471333645757107789 -0.31821817229581866870
-0.85465911032567287720 -0.28122560537155461002
0.22229711918907080204 0.28580361453170560759
-0.16711511763795239283 -0.14318337157905247636
0.53260781200850870754 1.11351898666804971505
-0.23031905498267946086 -0.18717476072191815972
-0.89315793855497194187 -0.23227903403743854760
-0.49937942856819450554 -0.32789202118935689700
-0.62505736355865137988 -0.36169832106973592856
-0.83338745387702739542 -0.30227048119335564458
-0.80897686012271807776 -0.32185267480933044126
0.40352496841427698548 0.67359531865322841426
0.54230265906003860543 1.15471196998547598334
0.60278815964788146076 1.44474841275769438909
-0.47700519067425406483 -0.31914996553993746353
-0.36017433147952093719 -0.26422203484287876130
-0.04568534554542025283 -0.04368938067714629031
-0.64357000862389690532 -0.36374674017973784856
-0.00117414784316971499 -0.00117277083682112916
0.62046225271074617602 1.54151176473550322044
-0.08896460830959851407 -0.08169646976804849359
-0.86089329520047264133 -0.27429181010572067922
-0.78244585840919489428 -0.33824200712015167758
0.13696952675865170512 0.15870658869016998627
0.27497744040482485772 0.37910347036588498693
-0.82213422981941786105 -0.31187131681409913098
-0.73094366016679424014 -0.35787769849241496400
-0.82998264256202425315 -0.30528259728315132460
-0.14550256460769017686 -0.12701951826073928919
0.17864103269075837233 0.21748740065433749824
0.43831686662188928949 0.77482940324873450511
-0.15246992007088033816 -0.13229673233501740293
0.08330223959993521277 0.09087205768695980068
0.68107014753406613927 1.92235417673330566402
-0.60835538307875336450 -0.35907256812594279261
-0.23958422228334752546 -0.19324133574405238933
-0.68098777635288532117 -0.36470895134837671980
-0.45028894600787983116 -0.30789410961076985052
0.41998947393890095903 0.72013259458880696240
-0.89982785435647039129 -0.22221538799128887076
-0.49628256923745861506 -0.32672151364514606664
0.82485167477747611819 3.22616007493251100158
0.92479276123815323807 4.60437929525066991232
0.63515696308729285846 1.62660072679232059478
0.21177764901553075561 0.26865330974589840540
0.68375804876661283593 1.94118394497850754732
-0.84275450715784439026 -0.29348651019446603261
0.95195323028017941880 5.06804314496025298808
0.08305741262064270103 0.09058079153058545829
-0.87404000160244410544 -0.25845237478782417950
-0.35458187481557135179 -0.26124456764978887247
0.44545343739019838125 0.79699915396319542804
0.77760150652228321455 2.72345412818668108912
-0.37909534486956264487 -0.27407105812171289605
0.98672655618652549414 5.72734292973173797492
0.46927627177523034696 0.87477603283361970998
0.90856851199076893444 4.34720033774005010230
0.09195112076909350840 0.10126224181835927207
-0.47076458477396077029 -0.31659749269530629290
-0.22016142397357518767 -0.18041576112101570528
-0.69079947750847425780 -0.36416494255663062196
-0.42046736825305219831 -0.29437068841642444195
-0.29934293877243622894 -0.23021448832251675820
-0.62193255615503351130 -0.36126089069438210855
0.82005589683056645534 3.17127063803481856752
-0.07793030080118756864 -0.07229621737813232696
-0.11821189403324794398 -0.10571482211096179527
-0.92425431715154737766 -0.18090014495306622200
-0.55178086718214180983 -0.34554368292766568516
0.54328312805594625168 1.15895333604178918385
-0.32059081202672468081 -0.24249960426611341657
0.21405771852702493163 0.27233186295288647205
0.29072791140435816359 0.40964865746716322414
0.24587659049578114434 0.32597086873079939018
0.90862373787617856102 4.34805176776060697819
0.70856706771706678971 2.12362076219504869457
-0.79755126508167251131 -0.32949739591397547711
0.16532742147261458854 0.19807053644017200145
-0.81020297414286313042 -0.32097697045555168005
0.19369858792564675909 0.24021830397445498306
-0.86704280097434205388 -0.26709255015125593635
-0.58830544189845035419 -0.35504189758837284563
0.23233327501847722552 0.30260102008260003625
0.01301011389804784812 0.01318160812099838063
-0.29143674706551059295 -0.22553034597926011062
0.79918202554757056255 2.94278049820451936824
-0.35555796129061700839 -0.26176641694790914183
-0.59650254532235780225 -0.35679955911344318764
-0.81561171253964426242 -0.31698194176067201466
0.69495374309295576687 2.02155061361127064146
0.92179987357613701882 4.55585902639570150541
-0.48957100772747308426 -0.32414046065698415289
0.44952345383487468666 0.80986987448662550726
0.68961046552007099208 1.98280106652885401708
0.46428169564955545923 0.85797236980001445605
-0.68341170707449316879 -0.36460767751128342340
0.94258992520927242786 4.90334664929323515992
-0.26638956844471706198 -0.21027839985864754668
-0.26359107849384755262 -0.20853476272381432643
-0.42121660164220764422 -0.29472217949220075317
-0.48123715363134200729 -0.32085323319195385716
-0.70801905360531280920 -0.36230823660633931782
-0.15002989530778054750 -0.13045589939970159143
0.23360529344452296563 0.30476114572936890967
-0.23039666920628043556 -0.18722596828760629251
0.87086782016939401352 3.80208065235502301604
-0.58244588832471944073 -0.35369674526620398236
0.14066164676624248742 0.16368471944756421421
-0.00173460344307785341 -0.00173159980409563611
-0.85214622421158758847 -0.28391921522801105704
0.76521650405778185444 2.60487413975854220638
0.40203314612908802594 0.66949455926489909174
0.80456641200052092522 3.00013397543559712233
0.07020043995837954576 0.07550060741404464315
0.46329971866244723522 0.85470038747597376627
-0.29119317032647051846 -0.22538505347508333565
-0.32712797339856014567 -0.24619109179963619138
0.47888655726803697199 0.90788396664631121347
-0.09500418078103778363 -0.08676141387700327112
-0.75725193820391956123 -0.34967489247913885464
-0.66412117029844597305 -0.36484122852933642545
0.55722292242760862457 1.22080091725065820185
-0.68770649568157748988 -0.36437517939989227944
-0.20082552311944512624 -0.16722858134476517589
-0.38683494785180094766 -0.27799899682768153264
-0.93371347376169566701 -0.16289472617913847152
-0.50542422778321927090 -0.33013869607372348103
-0.34798478481089345493 -0.25769347222140509546
0.62354961861349922358 1.55903060336728471746
0.53625626311739260643 1.12886361446323757463
0.06851266945752598758 0.07355189933899189403
0.59687461542499242739 1.41366917041074668937
0.03627535366833933850 0.03764078642562597443
-0.53893834101034854278 -0.34162010121959213160
0.84040217747638590318 3.41058174575650996374
0.77648751526706449866 2.71257623073198317343
-0.47803988465200020208 -0.31956848919183389324
-0.97461368190645103482 -0.07056693949012575462
-0.35023960075735161013 -0.25891191319267053972
-0.39996684034257401485 -0.28452773264428365962
-0.67334710415615317558 -0.36489054880137866688
0.76198188138632239053 2.57474336419344895788
0.27500397697097733740 0.37915383801520119444
-0.32929202810266122725 -0.24740402856225632289
-0.40830173861467367047 -0.28858159888108908531
0.11700652741865735784 0.13251086311562743081
-0.80518373144105881423 -0.32449296729234178294
0.64359376111845856272 1.67745427903425436966
0.98768408448378930409 5.74660973396181251616
0.02351873468655574229 0.02408518782490542270
-0.74340520073807159207 -0.35443501916322200929
0.92282716435044354064 4.57245750076476920043
-0.17504801626369137502 -0.14896666150766638137
-0.73662509304219980777 -0.35640328437969898134
0.66087444675201800770 1.78640295069263399519
0.82179676770544296538 3.19108950837475591200
-0.94249766578132376793 -0.14510290308779089097
0.15850326987394747214 0.18835576035529766337
-0.31961698846404407170 -0.24194615736506541737
-0.90804574814654426262 -0.20911614756890586908
-0.56732926848962472732 -0.34990256238473466111
0.18192095921541473480 0.22236771227157370312
-0.02862336126336839648 -0.02782686289806930030
-0.37778040472880691780 -0.27339786311999425550
0.13821773620341448741 0.16038479590466206415
-0.95492268179732731070 -0.11809051928582334212
-0.92596282539659280353 -0.17773429252100625408
0.05322756540509110401 0.05622001892924696070
-0.11566330587945428121 -0.10367198449606467026
-0.10005355524597914219 -0.09095325804216591870
0.21234087918183064403 0.26956002847863552718
-0.04131260061471886402 -0.03967358157861673729
-0.97049115831413246269 -0.08101539100494427326
0.47182790621146564192 0.88346608432496243068
-0.18278653475658956928 -0.15453314028590101059
-0.49142157504236982923 -0.32485811713454598726
0.05622692987441180179 0.05957674559440863382
-0.84919336172472958957 -0.28701151208731234821
0.17577284974372653359 0.21325148743056129841
-0.49176977774084784656 -0.32499264500749558415
-0.95155555361219157362 -0.12563029847001289108
-0.59048950164964009169 -0.35552456894081257976
0.12305862013211243955 0.14032658921863386259
0.12511652958695207438 0.14300881644310037277
-0.22877253143335440910 -0.18615303411224715102
0.83880179201378424203 3.39113796600399997061
0.44744766066211294486 0.80328467015789029038
-0.18211445631049283378 -0.15405260600950901329
-0.81647770502943761706 -0.31632204340696401523
-0.81460914495761005405 -0.31773887627304281400
-0.99050092302019199231 -0.02769619221982032309
0.63799815073065246906 1.64355972186803711566
-0.95586112861308336619 -0.11595944318109041582
0.77424410196747084356 2.69079825182589171817
0.79899153669364331165 2.94077115779198461354
0.99434226550845972170 5.88230160710484906161
0.75498019940819127704 2.51068180827747422512
-0.29123750752355692661 -0.22541150480944216472
0.21746216780634441967 0.27786409944266837746
-0.05033373136076346732 -0.04792165484113555807
0.52879087915128231145 1.09766568930091290568
0.09651869985426375642 0.10682968402926162899
-0.46603120871840042483 -0.31462970066155193649
-0.02953259747386072220 -0.02868544184684454490
0.47782982697158460361 0.90419266408519760603
0.97450129850325306613 5.48671224366408782913
-0.83728025802090133567 -0.29870966869025145085
-0.68734851179151745804 -0.36439718136084270350
-0.64345228522621500389 -0.36373677162608092361
0.22978622674343895937 0.29829692401321117323
0.70436800704179947097 2.09161536960474458979
-0.92247715867651880473 -0.18415354369183828398
-0.38178504026059112419 -0.27544279065400550932
-0.03737749455809136201 -0.03603075510336849197
0.79008849918363388554 2.84833734734927368493
0.66319698658673442715 1.80155329050939316815
-0.27030743420441538660 -0.21270598502323570522
-0.33940012021999588221 -0.25300978717756023029
0.60441550209395855653 1.45341287849781997110
-0.38622374069327980450 -0.27769094876385980175
-0.16726346720320983685 -0.14329224648030350342
0.65442809624702014126 1.74499070302217473838
0.68230620722982049386 1.93099122341968265637
-0.43429241754913050499 -0.30076050391839148634
0.26966241471125629303 0.36908784197100685809
0.29956611222032458741 0.42737740418994846214
-0.64636501981553484697 -0.36397145236895406262
0.41715916991542467684 0.71196237274282025975
-0.28361131836840169917 -0.22083299017448618229
-0.26462484321171753088 -0.20917980216477113919
-0.94166850886064201731 -0.14682758851717744863
-0.28989819150355944366 -0.22461161517176386759
-0.47543784247076636973 -0.31851343952980110119
-0.40912852767365626150 -0.28897986940550102197
-0.78490097687710336238 -0.33692190373265390457
0.90018281194069382778 4.21976845115940424336
-0.10129930723359348299 -0.09198153227808847365
0.70902240604337007923 2.12711980255623300806
-0.63460205830782490111 -0.36287328195151380417
0.23751569831322938420 0.31144648478247427548
-0.49209261606860144056 -0.32511722959307809422
0.71460895334303864423 2.17050793921421636412
0.51349650109032118905 1.03613387655957533973
-0.67279233548397154863 -0.36489575800797663385
0.10071962737749973194 0.11200013399194135022
-0.96884546633243640024 -0.08511104299826902087
0.33347653107856745081 0.49963418011466037560
-0.83246082366223861371 -0.30309961763436438220
0.59816094607773817593 1.42037580983431044324
-0.12656797748813053417 -0.11234782072777509121
-0.79638523213728218408 -0.33022645086296553707
0.27627289083698358674 0.38156653162958698022
-0.43127633963167677500 -0.29938395458826788653
-0.48350351216183007352 -0.32175604991144390876
0.78987068732206200394 2.84611186247233627356
0.40098945202619784567 0.66663679364393968463
0.91282059515457891763 4.41322894764179540772
-0.97480413001428867226 -0.07007767740144413282
-0.78557311569227250558 -0.33655379480422026317
0.97554323422019662004 5.50683804506897356390
0.88830380979222356430 4.04541688146597611109
-0.92550227974487730975 -0.17859137723679094356
-0.77873605084844532698 -0.34016468485061945870
-0.23418431882167478619 -0.18971695477944283681
-0.09369072350296137053 -0.08566467477568445732
0.36358917336096485684 0.56999215502675459888
0.25187464546893223449 0.33658842341026223854
-0.42246374596079050434 -0.29530594818041433491
-0.72951631506099645641 -0.35822368005800242496
0.83149058197064618092 3.30367480055150242180
0.04950439221836577808 0.05208271462219150189
-0.27655764628299417396 -0.21654635813469644279
-0.54663827598406555808 -0.34400641143009419443
0.65195064275193814751 1.72932150654503447029
0.02492179541575789692 0.02555876574065466325
-0.00580508013511860099 -0.00577157567581437509
-0.58463494106806690453 -0.35420774441011942946
0.14203560026795325477 0.16554816737423336259
0.66440132800897488963 1.80945798081650766065
-0.47632340166110287427 -0.31887345627051733032
0.01565728422568479772 0.01590633422134647354
0.22006618025377333581 0.28212801975235435314
-0.63203889003467206287 -0.36258206022501182630
0.89666990867897466977 4.16746529861823500340
-0.82901132396506294064 -0.30612462801469003670
-0.36776599829383904705 -0.26821553053909336084
-0.89364982961675276663 -0.23155385459203728371
0.09407878423730386963 0.10384867621068512300
-0.20654393842190876818 -0.17117313027119435143
0.47188205985590903069 0.88365129426860400397
-0.19723882316265028969 -0.16473506061028014846
0.87145172597249231927 3.80999487912468914885
-0.59922769721933533127 -0.35735083517372279172
-0.76574777139209437848 -0.34623547441873758768
-0.11240885916638720943 -0.10104974574827628453
0.24620891736041583542 0.32655477010420758122
-0.55560881407873941029 -0.34665775114368063692
-0.12611620705163129053 -0.11199172768169408931
0.55904205945369400688 1.22908969228312403565
-0.52254531514407731585 -0.33621799027803661586
0.93766072587664117677 4.81872317280692730179
-0.34972315117111540950 -0.25863327002189134829
0.04220850983152102387 0.04406857862709255558
-0.35711332238793724869 -0.26259606804659396673
0.74386306905336430084 2.41214621976153109628
-0.21278551898243991403 -0.17543561034243604357
-0.37973467704720520466 -0.27439775770901475571
0.85443294028944061225 3.58575614739817538634
0.31146737069237206974 0.45195098205909900457
-0.81199805984473161224 -0.31967506900392117508
-0.40325458972061256624 -0.28613522317655754046
-0.04646590394040250871 -0.04440269224039379570
-0.46668062255310438502 -0.31490128225164759623
0.44526640242785320289 0.79641169088204266657
0.06958774076695783961 0.07479236454006266133
0.74176386097427160493 2.39396795102087311946
-0.32679919401070400831 -0.24600641808635853591
-0.96875373884897686416 -0.08533807265878441684
0.26720916790820559150 0.36451316059477179010
-0.59412869720087169156 -0.35630575884125875730
-0.00543641360623947634 -0.00540701881558111781
-0.46271051220037273666 -0.31323311164186096178
-0.47741060694124337616 -0.31931411232887463303
-0.71976178610668495317 -0.36033346969817720007
0.31478908738005695334 0.45895765545949757103
-0.95242220748376382744 -0.12370549365345399895
0.36169197418606535699 0.56537309599853491360
-0.59982064500531828699 -0.35746855136164096267
-0.47905482146218325568 -0.31997771505912325773
-0.15367929737967966908 -0.13320623268212455903
0.16886851405754788047 0.20317434838037551348
-0.44801574359846885187 -0.30689781797386767037
0.82728863896944715428 3.25440560549823265646
0.52897615577702872258 1.09843054245325322249
0.35747101296759642430 0.55518912176624768406
-0.08581889445524271132 -0.07903607186276923047
0.76479318568259335720 2.60091141993239816088
0.32799890716033486271 0.48748505152972526622
0.50920731324197765488 1.01943326434170922212
0.03070731499179069068 0.03168012659229509781
0.61257455014377293345 1.49759596362873392827
-0.98963487801566074609 -0.03014279440037695781
-0.77274689484978709153 -0.34308953940139796934
0.46657716955429240357 0.86566154534306838375
0.23242605558529794152 0.30275833885676356472
0.29310512699658786140 0.41437459459599973455
-0.18890469489644967638 -0.15888246679359280256
-0.77597049371808246576 -0.34154244537567357565
0.66081721960165729080 1.78603119793325149089
0.67665200634116362544 1.89178606134227833557
-0.01157936103238288439 -0.01144681423762687091
0.00546241628810073543 0.00549241816253266853
0.47610614120992722498 0.89819877626199917664
-0.90685571463000580472 -0.21106194706597333766
-0.01741391723575502759 -0.01711586301333666710
-0.07822670819808075215 -0.07255124518546740564
0.15335666099783162863 0.18113254902662007106
0.12703811098433481774 0.14552476870593927805
-0.43901014312816633023 -0.30289383854122375883
-0.06493820233383340579 -0.06097837162928724380
0.06103303330421816497 0.06500018883978160578
0.15078808471438276406 0.17756028803874404631
-0.80679450955906473197 -0.32338437776248946109
0.63292797575557346867 1.61341277158965712424
0.84662508853319029534 3.48722283269197186328
-0.06133178359454793949 -0.05778756584718435646
-0.22302891331064045310 -0.18233539843521651136
0.14632249101452665663 0.17140085500416793463
-0.85672162570598087150 -0.27897157632694602469
0.79845671283846808564 2.93513680690415412755
-0.12036786087364004239 -0.10743569054331746082
0.41548395335781407312 0.70716036856374286934
-0.33414525576512055238 -0.25010781510765117686
-0.73317382007648568276 -0.35731759990468703325
-0.70201429655559155485 -0.36309139627175801568
0.00347080549284028983 0.00348289394025911529
0.98589722166990845231 5.71070540359684919451
0.39538378351283487433 0.65144340107806053553
-0.02338856116566057075 -0.02285403809398852196
-0.73352308532022569842 -0.35722771118555723957
-0.33806376535292859131 -0.25227431157301238862
-0.11521048668221101074 -0.10330804689267858443
-0.50833457677935145469 -0.33120211908708285797
0.69290598536242975491 2.00661436316056285278
0.67660094515289781469 1.89143553799292640782
-0.88614749582101426384 -0.24232660116784457416
-0.12674980581598238594 -0.11249106020792661031
-0.51657669374436032683 -0.33414761677318655098
0.02177325365156712600 0.02225788011882051318
0.36455598366612718131 0.57235605179947646182
-0.50862635765633990026 -0.33130806998682676978
-0.78838514795648806377 -0.33498215817895171664
0.23514444014314239695 0.30738442909399876779
-0.98804512970913371817 -0.03460032859710035491
0.58207612747130776931 1.33860996627248551860
0.87592952662568945854 3.87122025467292774081
0.12940637226330986564 0.14864083590775728494
0.76302115394002978377 2.58438701370725310014
-0.02204926956469810406 -0.02157358771124155694
-0.16381954715015067947 -0.14075754372149923421
-0.09213052006014565976 -0.08435847366856655261
0.55369054032952247368 1.20485130571816090317
0.30636294566100130687 0.44131096079072040794
0.90401963904278370698 4.27761963221048358008
-0.04790265757100420352 -0.04571288816392128640
-0.71880159146727606867 -0.36051766019330627744
-0.56679653474403601798 -0.34976065746537499113
-0.69426672887693574587 -0.36388578572670593481
-0.24166249983935572665 -0.19458940287053808071
0.63964345978996561826 1.65345748062381203702
0.60122151980596361120 1.43645298033491197742
0.80680446962546481515 3.02429278914121368871
0.31971856276010268694 0.46947786262651841627
0.59140505693608935722 1.38548142511585226089
-0.44852453545156945047 -0.30712131855856650287
0.73726879264788336421 2.35549032186596463134
-0.72166901198727240185 -0.35995530907882966609
0.22310912628845525063 0.28714664511207582676
0.23721415679041712998 0.31092854380473200493
-0.17144527071401616247 -0.14634991586789108942
-0.30383006620008146115 -0.23284557131275646080
-0.30954410172039970028 -0.23616752959109257870
-0.11203306062319295933 -0.10074596076763461805
0.87957520079823159342 3.92177158444514217805
-0.51831270845704380257 -0.33475531044627138133
-0.83463160964374938366 -0.30114610852012385633
0.93367859397444874503 4.75138629455022876158
0.63345546180636702616 1.61652445233061503593
0.53656634346309761696 1.13017644638558634185
-0.82933453286502545332 -0.30584528477623634801
0.03720885366114412562 0.03864685887888439503
0.68562391760989926937 1.95435974209525431533
-0.55231048789082470840 -0.34569937359658420295
0.95606788070200332541 5.14208600803929627432
-0.71021651082283576706 -0.36198398386089214451
0.54256878890917992209 1.15586182206206422585
-0.05340078387012248129 -0.05069369934927343141
-0.97161675334924813008 -0.07818946953302842451
0.66477522366438313028 1.81191882134362369783
0.76856973135085060456 2.63647279184202476543
-0.83614177839240499956 -0.29976410300390893271
0.29356753718288075561 0.41529748403858679495
-0.99833963483551002582 -0.00495634360271811000
-0.87667029088355286071 -0.25507778994926982863
0.68125875446189465556 1.92366966288743479474
0.38539259946194115436 0.62500033524580322908
-0.57552206761902846566 -0.35201552233204319586
-0.81293819498637742704 -0.31898376031810571352
-0.21967418300870744652 -0.18008866624496783215
-0.25965359106619856355 -0.20606777998034825350
0.29979476572965024772 0.42784186154408837544
0.25414544457385845888 0.34065215630263290247
0.42356249186858918598 0.73055045405188856478
0.69110861690985148087 1.99359254175814726295
0.88842906415018063626 4.04721836960065139976
0.64448849034048150131 1.68293548785811641899
-0.27824718957190364144 -0.21757768395931600947
-0.47429191827841465923 -0.31804612683700783649
0.45564832865185134203 0.82955691378760876287
0.91179838002546698128 4.39726759112135301422
0.77596479280928543076 2.70748657657326807779
-0.21235803989267054703 -0.17514509554864049479
-0.84309200335412648464 -0.29315610477714010296
0.39954685734469830294 0.66270184550716682015
-0.32408098974299348605 -0.24447561935458830829
-0.96006220822947296867 -0.10625877339161644841
0.09805309659073291328 0.10871261831241631202
0.30021954683956630916 0.42870549280772113354
0.65329635181502454522 1.73781592641212045969
-0.66740551982766338490 -0.36489161245333745498
0.85295217639860654302 3.56686357076522941867
-0.28673701580958743662 -0.22271656890074584267
0.14943530435813112689 0.17568756503810642466
0.38476461191417543617 0.62336495036213934728
-0.24362673220595487678 -0.19585924302178739365
0.65363183626705678719 1.73993979987963354183
-0.49244285480058569426 -0.32525223142268744336
-0.89840417814159767573 -0.22440552606680466696
-0.28940390983874775266 -0.22431596150306681858
-0.21849508989914401269 -0.17929601709862552639
0.44049625628248878506 0.78154648777009672056
-0.15524044127274194693 -0.13437745325988817435
-0.54299399081405930190 -0.34288945252109553907
-0.86279728579337300332 -0.27210148669630113138
0.34716528058458528960 0.53085027442561949496
-0.74500848831527100025 -0.35393551630897684968
0.81241656111781712646 3.08571006527093150140
0.71374692061210076588 2.16375727788897354031
-0.88370463653034136975 -0.24570345210504407341
0.45070064641235529912 0.81362381406831973951
-0.07336906271961840531 -0.06835398356775855555
0.39890200265599640161 0.66094851109521979282
-0.31614127859553309285 -0.23996333895246932388
0.78128676062764501609 2.75974404369314152419
-0.23438729665011348580 -0.18985000420217543193
-0.71960982386944172262 -0.36036289532945514624
0.12114215555463636598 0.13784000841138302484
0.26410858779031087806 0.35877433599833741251
0.36832360236227845718 0.58163323347436635125
-0.64823916273134218891 -0.36410915317337078090
0.86644189759090606273 3.74260855090344035645
0.44124160000012446758 0.78385438040418553562
0.63282937106971015595 1.61283172778865813157
0.70785962624911280550 2.11819552169728764213
