0.13467730692221824285 0.36698406903054830996
2.09259783507727181728 1.44658143050340304292
1.13768004037631831338 1.06662085127580286148
1.11707061791191986089 1.05691561532220723585
3.17588179657967950575 1.78210038902966383390
3.56966659479333792149 1.88935613233538846067
0.11387420011976345791 0.33745251535551407107
2.72106986608211887102 1.64956656915752231107
3.24836413091008058274 1.80232187217213790653
3.30432160071355163211 1.81777930473243953813
0.36056907121574299779 0.60047403875250338068
0.92578557074390888104 0.96217751519348493350
0.81100605756336019425 0.90055874742481967221
3.04061108035343297118 1.74373480792046842147
2.32457494687425914037 1.52465568141605634089
3.93148276848802202821 1.98279670377172601015
2.04601066090766048333 1.43038829025815950047
0.30150746869793243476 0.54909695746555764462
1.17132685651907086921 1.08227854848882176775
2.02161932041193326270 1.42183660116482202262
2.26686434579509121789 1.50561095432887026568
2.47064525871095419518 1.57182863528787830631
1.87225164371759600357 1.36830246792059684324
2.37340304637155385947 1.54058529344257788551
1.02256856346057434237 1.01122132268884357131
0.73950507564502343527 0.85994480965060970945
0.63319640851959269057 0.79573639386394334760
0.25644513065998797430 0.50640411793348205638
3.38955662077379082930 1.84107485474485543797
3.87875455803014856926 1.96945539630379773399
1.88603544963921443411 1.37333005852169942607
0.24574323607430192951 0.49572496010822564294
3.12121845240096273955 1.76669704601580246361
2.74767618106707356418 1.65761158932576035951
0.94624308529783229815 0.97275026872154202184
3.71823199111896496305 1.92827176277592293729
1.50640237593836934238 1.22735584731501945477
2.20673425630610564596 1.48550808018876345784
2.31572635981363728064 1.52175108339492815013
1.97914444074050344113 1.40682068535421511690
1.60354349532722117999 1.26631097891758837015
3.83266417423956307076 1.95771912547218152056
3.17406199398863186900 1.78158973784332053114
3.51736696854344055296 1.87546446741692252047
3.44493635521803476252 1.85605397422004814167
3.84590958252372949744 1.96109907514223502645
3.79610409888845445892 1.94835933515572379271
0.46360073876483198774 0.68088232372769963430
3.14031145329243788211 1.77209239411844388101
2.28940882604463391559 1.51307925306133062016
0.48447233663896671629 0.69604047054676831952
0.00238429794240513360 0.04882927341672343297
1.38579359361395004768 1.17719734692784205876
1.56410047956884268316 1.25064002797321438543
3.52632274372927723149 1.87785056480255563294
0.11283899895823390480 0.33591516631172507745
2.88875598685736534321 1.69963407439877056682
1.21903089162900357678 1.10409731981786984889
0.41687110784381120610 0.64565556440242288794
1.58409971033590002421 1.25861022971208202925
3.56362492390543073029 1.88775658491910203196
3.97179321657014883229 1.99293582851283712642
0.48190054949600913403 0.69419057145427232047
2.36032616927363614323 1.53633530496231074380
2.74191603577571729744 1.65587319435267055212
2.21368780457254565874 1.48784670062898127796
0.54700333510416676575 0.73959673816490478782
2.77598284462018352059 1.66612809970307607088
3.65720100975963857692 1.91238097924018224383
1.15630256009411613860 1.07531509804992331247
0.65806075380274764441 0.81120943892606900416
1.81635353648739439336 1.34772160941620078312
1.76725774658212841928 1.32938246813403115887
0.77363245521355272771 0.87956378689299885565
0.89444827011322569632 0.94575275316185347663
2.71555254859288774938 1.64789336687568699347
1.03487014125913523444 1.01728567337751063526
2.68565603007514086542 1.63879712901723761931
1.09178641784258667613 1.04488583962200709543
3.65644097702760229041 1.91218225518060958024
3.08047861350059726249 1.75512922985761865569
3.77064175471549223317 1.94181403710949940233
3.91359866502257114362 1.97828174561222991379
3.97370826199140481094 1.99341622898766557270
0.55754373251830768865 0.74668851103944788861
3.95274046023984215736 1.98815000949119591311
3.19278467165298351915 1.78683649829887447602
1.61337794131242073803 1.27018815193357115234
1.52882449006696052862 1.23645642465351790484
2.74235105862632932983 1.65600454668045204976
0.75510265147228849969 0.86896642712609362125
3.54408821371594573435 1.88257488927159166714
1.88484458377311270283 1.37289642135636458242
2.41987609065626951832 1.55559509212914059972
0.49752880586276582164 0.70535721862242672930
2.70210825255762898678 1.64380906815774352481
0.15457423638891043538 0.39315930154189465684
3.19747059276124367955 1.78814725142009600667
0.86487848676815737292 0.92998843367439654184
1.49394655920805474736 1.22227106617478864514
2.11587605778753351515 1.45460512091341587215
3.43889251308475696334 1.85442511660211217794
1.75776209528675764204 1.32580620578075358829
1.40636155409252117110 1.18590115696567277581
2.67498242465373525789 1.63553735043065739951
2.80164902877868060571 1.67381272213431353535
2.07547492200422389885 1.44065086749157367230
2.33300065198757922147 1.52741633223806383413
0.39498688544709370518 0.62847982103413124744
1.67434551969017419992 1.29396503804785001357
1.81217500766269434820 1.34617049724865611715
0.68069612824269309925 0.82504310689968984871
2.49781162477107177011 1.58044665356698188496
2.21051289438569087409 1.48677936977403968299
0.49334364536828045900 0.70238425763130574175
3.78968754102418570184 1.94671198204156170597
2.22236820675258428537 1.49076094889575916369
3.13615170328473169548 1.77091832202525134576
1.04535500917668011667 1.02242604093238953489
0.22487220107060812424 0.47420691799108977138
3.97618586832516163199 1.99403757946663628964
3.89533832907827282099 1.97366114849491647298
1.18023253268192851451 1.08638507568998221586
1.23328476303979872597 1.11053354881327148718
0.52001700647499271568 0.72112204686515635199
0.05829281247287987355 0.24143904504632193730
0.42855837625785264677 0.65464370176291519776
0.01999598156103044033 0.14140714819637104083
3.73112547344820910666 1.93161214363759081714
2.00314245575397409382 1.41532415218351093067
1.19674305790661339444 1.09395752107045418633
1.45134967396378167237 1.20471974913827217790
3.80765113762125517738 1.95132035750700216781
0.87926716634527135596 0.93769246896051761109
2.23315099966076946458 1.49437311259965110999
0.57218054113479199785 0.75642616370323412234
3.30270036256278087805 1.81733331080536264501
3.67704452577659557377 1.91756213087779658899
2.12693660055694433453 1.45840207095195273368
0.61959642082296229049 0.78714447264969233942
0.71708844278407735118 0.84681074791483212927
3.20608861715325677011 1.79055539348919801057
0.29913903725175483572 0.54693604493739012007
2.41256169069687809170 1.55324231551193525647
0.98389372024030752328 0.99191416979510249607
1.11318731896794798075 1.05507692561630217476
3.19232712263316509294 1.78670846044707731792
3.04306701257880796163 1.74443888186969964238
1.36124786667584318778 1.16672527472230713741
1.62966528345042371839 1.27658344163255677017
3.52378564301005337001 1.87717491007365988587
1.92095105419610145958 1.38598378569018665374
2.88096376124739395053 1.69734020197702095700
2.73582552586523508609 1.65403310905956013599
0.07313844423651616466 0.27044120291944451218
1.94226031323459169542 1.39364999667584821275
1.12931730303455690745 1.06269341911698922409
3.62858920685714814169 1.90488561516358467784
1.48818873843685572922 1.21991341431958022490
3.16134752211174197001 1.77801786327127264720
2.94703104217976674661 1.71669188912272985270
2.55190197681826269616 1.59746736330300742601
0.66803711916020924733 0.81733537740648987135
1.82251548320889877886 1.35000573450963479161
2.25612204608315902732 1.50203929578528638800
3.73941110796068976185 1.93375570017535824974
0.59079103991963854980 0.76862932543563455834
1.96909978667305596289 1.40324616039847271942
0.29233797227156355092 0.54068287588156849210
1.10999484409848037103 1.05356292839985621335
3.38013278830524654950 1.83851374438845205361
2.17550746012863793766 1.47496015543764369404
1.56467619327831064524 1.25087017442990888760
3.57765757293909603121 1.89146968596884890168
0.90251826329221485068 0.95000961221043167537
0.19685640282849137250 0.44368502659937869570
0.64485065110280803680 0.80302593426539348176
1.08963930321984436844 1.04385789416943364216
0.18161327395051563016 0.42616108920279854866
0.32006168784184207965 0.56573994718584441621
2.70299007637418764460 1.64407727202044484649
1.26625519387835083762 1.12528005131093955526
3.98767770528661458229 1.99691705017675058542
2.08425693571085268729 1.44369558277043030792
0.63552897223700632878 0.79720071013328031029
1.32632209588054639227 1.15166058189057873840
0.66553456911380814987 0.81580302102517865404
1.13226437482171737869 1.06407912056468689777
0.21110516765061104749 0.45946182393166362656
1.15876978331520241738 1.07646169616721731899
2.50814218679322742389 1.58371152259280711938
2.46869020899752156240 1.57120660926484179143
3.89468258865906458155 1.97349501865575138737
2.50597458821573093601 1.58302703331804495157
1.16592016225399630613 1.07977783004375327280
3.75712940492280411675 1.93833160344735744296
0.78411566192613646464 0.88550305585364097460
1.26330166262574294933 1.12396693128656721683
3.27282164027715705146 1.80909414909151622375
2.69979152773741537530 1.64310423520159409883
1.86258556839329392218 1.36476575586922388439
2.84533938264889085801 1.68681338109729583863
3.09148216648145757190 1.75826112010743651481
0.85069171008842703330 0.92232950190722351458
2.33584327774746114414 1.52834658299335401921
2.48633319445522449342 1.57681108394608404666
1.12232082417738743274 1.05939644334752580690
0.87449153089697295727 0.93514251902957179485
2.60199501491660267760 1.61307005889905563656
0.56605581176388453102 0.75236680666007893503
0.00881827927638711984 0.09390569352487164456
2.80614303875969328672 1.67515463129816555288
0.20955091527147251540 0.45776731564351830217
0.14712607377899722394 0.38357016799928173034
3.11046453370283915163 1.76365091038528354339
1.09241078872817265477 1.04518457160837030528
0.77609471840125632269 0.88096238194445986025
2.01520082480492224164 1.41957769241592490772
3.60190937504241226463 1.89786969390482984643
2.91796007368358845113 1.70820375648913391764
3.45510021412600298873 1.85878998655738492118
3.47017414644539679003 1.86284034378832275003
1.82084403191450183712 1.34938653910378913992
0.52492411212578060642 0.72451646780855205598
3.82322761007215161655 1.95530754871763123859
0.03179160965195393374 0.17830201808155154986
3.77907161952946557548 1.94398344116647914248
3.77899484433094734470 1.94396369419054404482
2.95325131921268457802 1.71850263869820252260
2.78513027097693743883 1.66887095695770848458
3.82931242385075698564 1.95686290369324478178
0.57229801339064856336 0.75650380923736837424
3.47427232092232429750 1.86393999928171627545
0.89176605085623572577 0.94433365441258931838
3.10904334896158207613 1.76324795447537163717
2.25778189646053295547 1.50259172647147676294
2.43525672067605158944 1.56053090987524223365
1.17363642599480888506 1.08334501706280472710
0.94417308059934557107 0.97168569023082029812
1.84516542591460508405 1.35836866347637941210
1.62701794407281052912 1.27554613561125673726
3.18499148990791969283 1.78465444551821272867
0.70081129736849856471 0.83714472904540138121
0.48429559293532342679 0.69591349529616353120
3.94449743407812514207 1.98607588829785774998
3.06400766299521665204 1.75043070785313203963
1.07229535078462712150 1.03551694857429876784
0.25034281831170712707 0.50034270086782228759
2.49426978221267248159 1.57932573657642660869
1.65896011651290065103 1.28800625639509247478
3.13944933859754593541 1.77184912975048347583
1.53178366019784117924 1.23765247957487689590
0.15846316994035092307 0.39807432715555890468
0.98303710728677851094 0.99148227784806042262
0.73926568968058781195 0.85980561156611889917
0.32909985940134989235 0.57367225782789066368
0.40689786853069742634 0.63788546662445400059
2.84792549863759703044 1.68757977548843518534
3.16968000864929111415 1.78035951668456315922
3.23148900414096251765 1.79763427986366641775
1.06381995350481517448 1.03141647917066703322
1.25365593360750393614 1.11966777823044627560
1.95769590606581633807 1.39917686732800738980
0.70115014515975371268 0.83734708762839427099
2.06388901030726978902 1.43662417155889099440
3.24939546238953624879 1.80260796136862122552
1.85683005534048151119 1.36265551602027490397
0.23951567237656457010 0.48940338410820632964
0.46250721259547145081 0.68007882822175214077
2.32864529250423668572 1.52598993853309417013
2.60511940117083629076 1.61403822791495121791
0.36425343244868102488 0.60353411871134599043
0.52338347264633933165 0.72345246744090885294
0.34041719580568896575 0.58345282226216799160
1.69946893841989332685 1.30363681231387951165
2.42765618666303240047 1.55809376696751877844
2.89360616526478064969 1.70106030618105386054
1.69586126256850633354 1.30225238051942393547
2.22683714466251592157 1.49225907424365011877
3.39880887251940322358 1.84358587337813029094
0.77396338784213725148 0.87975188993382513747
1.52165012123919707321 1.23355183159816883531
0.63148166539850203449 0.79465820665145214807
1.09293930571360142778 1.04543737531886682390
2.85972913104897008552 1.69107336654829087941
0.14419930444126194402 0.37973583507651992308
0.98885440534862922846 0.99441158749716374032
3.74618866926350468916 1.93550734156796844232
3.87811023033794999293 1.96929180934110159562
3.27173837745407114497 1.80879473060214079894
2.47791911842105028185 1.57414075559368260571
3.42238325951763977528 1.84996844824922335171
0.28484464575769230521 0.53370839018858629021
3.92420155910884105310 1.98095975706444904496
2.22393568090347182320 1.49128658577198769386
0.19094588181339888777 0.43697354818501188412
1.27570282796819256532 1.12947015364204839116
2.90528013347026403679 1.70448823213017930378
3.64460044118036297078 1.90908366531704487556
1.22678186703568714577 1.10760185402322575143
3.98451785908765288013 1.99612571224551205162
2.99036519788245236384 1.72926724304904722018
3.85086617126579078274 1.96236239549829094564
2.23540857000220460904 1.49512827877818055278
1.08000059032558093364 1.03923076856181517691
1.57336248444741011454 1.25433746832637105229
0.59637936484965115014 0.77225602286395356177
1.15566919491123609731 1.07502055557614162318
1.40530454714677377481 1.18545541761247763546
0.76873005561545593167 0.87677252216036971610
3.73249081120710757276 1.93196553054321018550
1.87523112970505856367 1.36939078779764633609
1.74872618932380419210 1.32239411270763151940
0.09360106169961479594 0.30594290594752282519
0.90137416692835659049 0.94940727136901403860
3.17184167708889352966 1.78096650083287455502
1.33948697196107113783 1.15736207470310303869
2.47905559052994917124 1.57450169594381494953
2.63002161479936669153 1.62173413813712596898
2.54571096445327205160 1.59552842796776017664
3.85437937553075027353 1.96325733808147284698
3.50225812744006015365 1.87143210601936083037
0.41768388626151375931 0.64628467896238550594
2.37117075095925899930 1.53986062712157778520
0.40496009306342983791 0.63636474844496992986
2.47469413944280791640 1.57311606038550366726
0.21730138559746814408 0.46615596702977873944
0.81041283703831457075 0.90022932469361083285
2.51360614771783907884 1.58543563341998816618
2.07997935722134474901 1.44221335357198277016
1.41067266236948496427 1.18771741688395104930
3.70309724001290785367 1.92434332695933130175
1.26232853765193153706 1.12353395037797221256
0.79158508890700396421 0.88971067707823081605
0.37006038906763771834 0.60832589051234509103
3.46371729711890052883 1.86110647119365535396
3.87280475286661696188 1.96794429617980215497
1.02791501053968836743 1.01386143557178876051
2.91487620588145812661 1.70730085394503872109
3.44256280052439755934 1.85541445518902792244
2.97468844820459610290 1.72472851434786567104
0.62603285136494957186 0.79122237794753347284
3.91647394580477703485 1.97900832383413116666
1.46282027472914144539 1.20947107229943351392
1.47712511384852396290 1.21537036077424720482
1.15210460671537706645 1.07336135887005790224
1.03856484820573813366 1.01910001874484246187
0.56480257539553635482 0.75153348255120100418
1.69779859550118406020 1.30299600747706967319
2.51686851507852171750 1.58646415499327364529
1.53113901601180346645 1.23739202196062492156
3.81563867471293560740 1.95336598585952025964
0.83510306782559018401 0.91383973858964473447
2.33644878715563741878 1.52854466312098224989
2.06160796951189029258 1.43583006289459280680
0.25591632149315923783 0.50588172678320697528
3.61811137940623250842 1.90213337581943298105
2.83933415875635297709 1.68503239101103119424
3.71811916905318273763 1.92824250784313511176
2.19968783919365629131 1.48313446429973305740
2.96909725963959880701 1.72310686251305922312
1.41386583121144049358 1.18906090307075551493
1.31773244167232617130 1.14792527704216285045
3.02684983929114093115 1.73978442322350401739
1.85440444540860038813 1.36176519466778866985
0.49239594328820501801 0.70170930112704432702
0.66584327101951457095 0.81599220034232833321
3.18297941866233324859 1.78409064194124766800
0.60213097591122588526 0.77597098909123263244
1.60674587189296547152 1.26757479932860972482
1.18422267213723353407 1.08821995577053876048
0.08425516947261835199 0.29026741028337704753
0.96948827757015987316 0.98462595820451526141
1.29517258875025431664 1.13805649629104710385
3.25184479022550876337 1.80328721789555990185
3.14420312137117097251 1.77319009735876065292
2.18509826952370955766 1.47820778969795374458
3.21337494099617204668 1.79258889347116401325
2.13078527740327094975 1.45972095874631846435
0.94088746193561645370 0.96999353705868396336
3.77048352030553246550 1.94177329271610199513
3.64190456897070857778 1.90837747025338488882
1.05253131635209262740 1.02592948897674873798
0.02628663917962903440 0.16213154899534215625
1.27968560048762025616 1.13123189509826871380
1.16609737522037626434 1.07985988684661138315
0.63575083470854254486 0.79733984894055220938
3.57132165192355399697 1.88979407659235554284
2.60820948293816323726 1.61499519594894258567
1.31685026074368449756 1.14754096255588389219
1.16166641990247709870 1.07780629980645281663
2.29384705891714890669 1.51454516569072605847
0.41662805390799206862 0.64546731436068249810
3.28856483223770501567 1.81344005476820346878
3.98599031611725740376 1.99649450690886132165
2.10526131796053661560 1.45095186617631699555
0.50411753748225507366 0.71001235023220199416
3.87734064774545972298 1.96909640387296924757
1.62933947648892285542 1.27645582629753495674
0.50848103067394845311 0.71307855855715396309
3.35602327467363537039 1.83194521606778271128
3.73470370542728380414 1.93253815109230986380
0.07702379339694642724 0.27753160792411812885
2.36893018855432080372 1.53913293401002926331
1.34893922284654754762 1.16143842834932398134
0.13661828882546256381 0.36961911317660856025
0.85300011842045986299 0.92358005523097985723
2.44112241567708565526 1.56240917037666093847
1.98652354718831114511 1.40944086331719198313
1.23905918094075584435 1.11313035217837619228
2.33236851380840137793 1.52720938767688352300
0.06278687911888747308 0.25057310134746602071
0.08781045958882449654 0.29632829697621604348
2.15518384702820098298 1.46805444280115193756
1.76928053956279995873 1.33014305229279750087
1.84303081093233300791 1.35758270868935748688
2.47834569258552805948 1.57427624405170019095
1.95861934253496983160 1.39950682118200830928
0.04117283214801759073 0.20291089706572584817
2.99093463640871526366 1.72943188255817559273
1.62395286717232911755 1.27434409292479911002
1.01228828252123070897 1.00612538111372118443
2.17423485019038054133 1.47452868747623244694
0.26630126156309863461 0.51604385624004733835
2.42058937311087873923 1.55582433877056924842
0.99671351770437466300 0.99835540650831089415
0.07171101257008105634 0.26778911958868129028
0.80923006472033298664 0.89957215648347688131
2.30349845401059072358 1.51772805667240362482
2.30391974204932470371 1.51786683936678867823
1.53961766864108495767 1.24081330934233813323
3.77041847272022812021 1.94175654311250567297
2.90974557128284549989 1.70579763491536273712
1.62410471465046946093 1.27440367021225631206
0.36843750931340313315 0.60699053478073539125
0.37644379588489140787 0.61355015759503428452
0.01262554843597385457 0.11236346575276971727
3.27705375283436683986 1.81026344846112574594
0.06160183279852127214 0.24819716517019543844
3.62935550830163267122 1.90508674561071700282
3.69954152616696951839 1.92341922787700392306
3.99356572919949615041 1.99839078490656985032
3.55644633133458354379 1.88585427096968016869
1.41143862940354392066 1.18803982652247142049
2.48479430794581546138 1.57632303413539420767
1.94635452214443427366 1.39511810329607377490
3.12734768866856427394 1.76843085493003204789
2.25968829681160876532 1.50322596332408009445
1.08488466428383700801 1.04157796841323269099
1.98504607422702195052 1.40891663139698297691
3.02206935477108640242 1.73841000767111508729
3.95589228221908628669 1.98894250349754608820
0.30575467853024251852 0.55295088256575064545
0.60779332417318476800 0.77961100824269069509
0.70741181518368501102 0.84107776999733208090
2.50785696861859541684 1.58362147264382446821
3.47869487631430729380 1.86512596794809204503
0.09934683161601576273 0.31519332419328899286
1.21633949860297807533 1.10287782578261039923
1.96046031039402590679 1.40016438691820255258
3.66683985211630680823 1.91489943655438654702
3.36467577904854175941 1.83430525786973142033
1.45962226698720698437 1.20814828021530829005
1.30188840280068296451 1.14100324399218200355
3.23675786622022565453 1.79909918187414707980
1.19278103154909853600 1.09214515131876988008
1.65869681062125406967 1.28790403781541651362
3.34205515783603512858 1.82812886795106299687
3.40540395985760913078 1.84537366401973157437
1.12651239561322791261 1.06137288245612726456
2.59529591045630825263 1.61099221303403838945
2.65314133491687087485 1.62884662719264983188
0.69048375141667728272 0.83095351940808170887
2.85699649179262804566 1.69026521344806357483
1.44225425606673685053 1.20093890605090192203
1.47607000402588361965 1.21493621397416728946
0.07778735010925919013 0.27890383667002360824
1.41892568671358265675 1.19118667164873137665
1.07048427548640745499 1.03464210019040270261
1.16086849336569963853 1.07743607391144080587
0.45291278459968209447 0.67298795278941070386
3.84657434335054126961 1.96126855462237537076
1.84201038716338993950 1.35720683286055932015
3.50225851426533774102 1.87143220936942777932
0.72012135020237799665 0.84859964070365834221
2.54208606110554491408 1.59439206630789054309
0.99582695519003072704 0.99791129625334473729
3.50642864898083539416 1.87254603387495799360
3.10019964232583600250 1.76073837986392400801
0.63589504065894919549 0.79743027322703841087
2.26437721028283434066 1.50478477207966010454
0.04445758302153679509 0.21084966924692291612
2.70858998157670516349 1.64577944499762951480
0.33833437602707761016 0.58166517518850791024
3.21835025083696057990 1.79397610096594117834
1.72329557945031242028 1.31274353148294453675
0.42315146101599721007 0.65050093083407434236
2.61337090952958561729 1.61659237581079340274
1.12857445928387889467 1.06234385171839673667
1.02944365160135919979 1.01461502630374988954
3.66572595923195265755 1.91460856553812397429
2.83399614154315448999 1.68344769492347290374
3.87213194181051978404 1.96777334614800580859
0.02290910625113617982 0.15135754441433099671
0.44431294695188938704 0.66656803625128124846
3.96718526045076513853 1.99177942063140234197
3.83892529617798317076 1.95931755878876945332
0.09148266149892370080 0.30246100822903387861
0.46408627849883732353 0.68123878229211032309
1.52278855280267721994 1.23401318988197084003
1.85466353884186085921 1.36186032280915680914
2.75393100713682148495 1.65949721516392467713
2.55616991092155432241 1.59880264914765324313
1.14384391467772905671 1.06950638832955502444
0.52435009668001697491 0.72412022253215446721
3.76052612696885102395 1.93920760285453996907
2.15329679322224576410 1.46741159639081697463
1.45539245731135524764 1.20639647600254340531
0.93266002606121078955 0.96574325059055465825
3.30553193577203607845 1.81811219009499969168
2.11092640642719242550 1.45290275188231099435
2.03560186609353799270 1.42674520012984018535
0.82953171450610208026 0.91078631660016828864
2.33674957619278123033 1.52864305061475391767
3.37332238928948280332 1.83666066253118254181
1.06655076665594883423 1.03273944761297320483
2.08441578006233552145 1.44375059482666023847
2.49280801450626210425 1.57886288654406659049
0.73433967482913953262 0.85693621397927832728
3.84380449384641798005 1.96056229022350070323
0.35491430681546676240 0.59574684792742860218
1.24776909773683364335 1.11703585338020094930
0.15684261800863019687 0.39603360717069224783
2.24368501731900549245 1.49789352669640885019
1.59655768003932241328 1.26354963497257299920
3.00080908963582748683 1.73228435588266727052
1.61675003064783417983 1.27151485663669472359
3.81910551758090077712 1.95425318666259340006
0.78138999840547374021 0.88396266799309675122
0.48050829725741195375 0.69318705791251755688
1.80655621604326466212 1.34408192311453422718
2.54696109464148490176 1.59592014043356344999
0.89179382920052452377 0.94434836220566642506
1.73625666508758458306 1.31767092442976241351
3.18870293913988955836 1.78569396570069915953
0.95571006911748268564 0.97760424974397619469
3.90671692608554632642 1.97654165806985870901
1.28799783223918185016 1.13489992168436670816
2.14270192314753549212 1.46379709083859554930
1.25426490862750217303 1.11993968972775581605
3.54414660064913888959 1.88259039640840053487
1.58791481833371195265 1.26012492171757006787
1.22151944535344680887 1.10522370828418559086
3.78824478371533190924 1.94634138416551483175
2.67696997558243143800 1.63614485165049838855
0.40054346104388383054 0.63288502987816341872
1.16425779674519525031 1.07900778344977443801
1.95023834774325832697 1.39650934395128856202
1.08204381245220648822 1.04021334948759736072
2.90381413372159125075 1.70405813683735307684
2.19275985898590652923 1.48079703504089521537
3.54227906652465085457 1.88209432986889657613
1.32336620703913254715 1.15037655010832540192
0.04486898942324879513 0.21182301438523812309
2.59359990241716031889 1.61046574083932636512
0.79673197633061931811 0.89259844069470528627
2.04226070754591315648 1.42907687251103232562
1.08669959221416467798 1.04244884393152092983
1.05769556280765320011 1.02844327155543835417
0.52937209102732252219 0.72757961147033423099
2.68056354358217330258 1.63724266484298941471
0.07101457272182898350 0.26648559571171759330
2.75257598050873664164 1.65908890072495407431
0.77773783327359202744 0.88189445699221402641
1.05083879325682083561 1.02510428408860954086
1.68931671329928034808 1.29973717085389250947
2.37766090166429888697 1.54196656956767341740
1.11060695594071212611 1.05385338446138332458
3.75456011067963890682 1.93766873089278046649
3.13166972287497191729 1.76965242996328853131
2.74486421167360727935 1.65676317307984821703
1.87011919642838053690 1.36752301495381800578
3.61777709870466157582 1.90204550384701942534
2.69935820851004892873 1.64297236997767215350
3.08266326841028215355 1.75575148253113599850
2.12139493131349121668 1.45650092046434731508
3.23960330859020295691 1.79988980456865821367
0.01374502771199592743 0.11723919017118775154
0.47901267140765657615 0.69210741320091107021
2.97645609386646459171 1.72524087995458330624
2.51441624863826174163 1.58569109496088866962
2.63052825218176833388 1.62189033297007112466
1.61900308001833970195 1.27240051871191073296
0.46749659040437840929 0.68373722321106544797
3.35108369809842621123 1.83059654159468632173
3.39739721418821982724 1.84320297693667467520
2.01559341379366818714 1.41971596236489094878
2.07292569687119687671 1.43976584793194639644
3.01427234200592675251 1.73616598918592068834
0.14259216608638203283 0.37761377899433440364
1.99290291029531285716 1.41170213228404262118
1.87346762038965763963 1.36874673347177622240
2.35583915462422099907 1.53487431232144255766
2.30507120675467236381 1.51824609558354284289
1.12453597765642498985 1.06044140698881839135
1.89835458043707960840 1.37780788952490751420
2.18002616841706586825 1.47649116774096067495
2.34331854830644203957 1.53079017122087712721
0.40867840117216802653 0.63927959546052148809
3.25611416355437910397 1.80447060479088405849
3.77791332448216587991 1.94368550040436471882
1.92013959993619431899 1.38569101892744983573
1.56621524526407585043 1.25148521575928972638
2.33983166150437016384 1.52965082992961831643
0.24851273157828579485 0.49851051300678284051
3.68036961083355995683 1.91842894338924097042
1.74669350595456362996 1.32162532737329296850
2.85654873301334832902 1.69013275603230295197
1.31646755990207520171 1.14737420221219688088
0.51791735200518740356 0.71966474973086425049
0.57716270731263374927 0.75971225296992128673
2.07174328079339664654 1.43935516145022268653
3.97445801604218695857 1.99360427769459480629
2.80826909261110158056 1.67578909550429444586
1.98875992149302094347 1.41023399529759640991
0.51367832824376469247 0.71671356080638293218
1.31381446059110640334 1.14621745781117212459
1.78038131457292125859 1.33430930243812717606
0.96827993730905070890 0.98401216319161965984
3.45506471680642324174 1.85878043803092118935
3.38980216325236582975 1.84114153808238367738
0.17078369759292044705 0.41325984270543447696
1.70944872000715353266 1.30745887889721168484
0.96592917710714765178 0.98281696012388164441
2.09317079105374759251 1.44677945487684733727
2.77137769960862101470 1.66474553599300012507
0.96772297433917975340 0.98372911634208515252
0.44247294169081774484 0.66518639620095787457
2.52579139831144416917 1.58927385881459848349
0.01552466620220949167 0.12459801845217881311
3.20469160011357967477 1.79016524380113573045
3.83109831161686997802 1.95731916447391629532
2.32209362238871230844 1.52384173141068446355
3.57834830774475554094 1.89165226924632090544
1.99098143157768436851 1.41102141428742466900
1.66660524367134454948 1.29097065949282696629
1.85505267083081104573 1.36200318312066026571
3.18231480424432744414 1.78390437082381958511
2.67307156311926519265 1.63495307673317191721
3.84917703464008420511 1.96193196483468401681
1.94881744612619645096 1.39600051795341273397
0.54447474962556574596 0.73788532281484342512
0.86241374314156082903 0.92866234075769482637
0.58937598273442715069 0.76770826668365843570
1.51715942969976502752 1.23173025849808737142
3.28796333844460786366 1.81327420387668003521
3.21918791614062715922 1.79420955190318487382
3.72748410977772692831 1.93066934242446786030
2.68406331258707142595 1.63831111593221856459
3.21023044665086576543 1.79171159695160353564
1.09850936086362960253 1.04809797293174344901
3.52312784939515655225 1.87699969349895123827
0.52663768703052449283 0.72569806877965747915
2.49621849211443036509 1.57994255975159747507
2.53764039694379839318 1.59299729972897274877
1.63861310143070193490 1.28008324003976481364
1.39360494895118147696 1.18051046117820646053
1.38361015671377884928 1.17626959355148641428
1.80769251216057069698 1.34450456011148244961
3.83575012200242948524 1.95850711563742585497
0.96300025703353542283 0.98132576499016643812
0.32012407516191165868 0.56579508230622832521
3.88805937941095702826 1.97181626411056787340
3.25814490102717657649 1.80503321327536148111
3.15254746226833182376 1.77554145608271607415
0.35015413744988688194 0.59173823389222268698
2.13444916333137157949 1.46097541503317973621
3.43860504250945764326 1.85434760563100931030
0.89848061632372466789 0.94788217428313559232
3.93565194596113876457 1.98384776279863239701
0.56375060744678950897 0.75083327539926569827
3.16981325190378004919 1.78039693661379350154
1.93374953719267317354 1.39059323211091223627
0.03926940007330204097 0.19816508288117268277
3.37357982505259323958 1.83673074375440048556
3.62551544202051179155 1.90407863336063720716
0.31094350742784682140 0.55762308724428444329
2.64672753485306522236 1.62687661943156136601
0.00612473021019654951 0.07826065556968296588
0.18972743158043359202 0.43557712472125253989
3.40507183147848380145 1.84528367236002055485
2.78494477446040322732 1.66881538058000988833
0.84359056466907444971 0.91847186384182422092
0.38554117515130403859 0.62091962052370675007
1.57349962431039980260 1.25439213338987420876
1.47793761100899567751 1.21570457390313202417
2.66238211304567329307 1.63168076321493504821
2.56636687623807668857 1.60198841326586283174
2.87073343376402290161 1.69432388691301372141
3.45046633031105720590 1.85754308975890447542
3.84075906643124920237 1.95978546438921452655
3.29143159473249813374 1.81423030366392512569
1.45249579972405529205 1.20519533675004542062
1.07294034600313370476 1.03582833809619900833
2.93663808815579940870 1.71366218612531673315
3.86884037923136281378 1.96693680102624623984
3.64060736540307861020 1.90803756918019784550
1.58857267191934026229 1.26038592181892461497
0.28116934776913016236 0.53025404078529203566
2.83368068273952244951 1.68335399804661478562
1.32862105120053364260 1.15265825429766199939
0.06080150251701788022 0.24657960685551000291
2.26370450714871207509 1.50456123409740682995
2.66561023075385739034 1.63266966369619836996
3.30567008888935065514 1.81815018326026933693
0.65839331950442714358 0.81141439443999707759
3.78534027715599341590 1.94559509589122714424
1.43118025046445795923 1.19631946003751776786
2.34065529082311440945 1.52992002759069545270
2.77965654863228861515 1.66723020265117827243
1.51179386407327642772 1.22955026903062258903
3.31291746947192278228 1.82014215639106691214
0.99538834618898608397 0.99769150852805499330
0.14565593832389911455 0.38164897264881914030
1.41992926326666868420 1.19160784793767993150
1.57619657737418572552 1.25546667712615356294
2.89748696621495183123 1.70220062454898424242
1.67396703216025244387 1.29381877871680783798
0.93335985039171776023 0.96610550686336416071
0.22939333330684741341 0.47895024095081883964
2.73618592774252844535 1.65414205186330010022
0.50046596734009840546 0.70743619312281336153
3.73033577317925502115 1.93140771800758193066
3.50471518960762473682 1.87208845667282108849
0.18306544215494602312 0.42786147542744018546
2.91643672986255264590 1.70775780772993468482
1.88299969205955619600 1.37222435922831365041
2.83111003485418954995 1.68259027539510919169
1.35114801456224364884 1.16238892568806062577
3.65465788835484062247 1.91171595388929072001
1.52248784326673547440 1.23389134175855841313
0.53295984925058448312 0.73004099148649492790
2.29531957269533615218 1.51503121178916178025
2.57274502507068225654 1.60397787549288906028
2.77234340185951122493 1.66503555573432460157
0.67775906021199583407 0.82326123448878352207
3.80531153778966269030 1.95072077391657017209
2.90189406082871048653 1.70349466122694681580
3.25267438180212176135 1.80351722525794633256
3.49817344857788059542 1.87034046327877967464
