1.41643028256401448672 1.60934092471794354395 1.75115515969550239461
1.51663460473947875329 4.73922994448416723401 7.19840813499688270127
1.81830291929206033785 3.45163009119935670910 7.87538499455737994737
1.83197855338981741014 3.27782278664864534790 7.27455496323813299853
2.39813556564293950402 4.87887138870255476775 71.34360859247331632105
3.14051154473817062396 4.80855733899713300161 245.38888835237119678823
1.04553530865198496258 1.97669534941682334406 1.09201027829029451155
2.95323860387058001464 3.81842714500043012293 62.48858621650649780577
4.14203028085975955008 3.27606437818388140926 105.20355269492536365306
4.46055432168749810273 3.09301943749771801606 101.99344991098831769705
2.56343255383837753669 1.11417695237197822422 2.85430207555377224438
2.29199030244383950006 2.35106686630119199322 7.02885075472244835737
2.93373971470152827834 1.56433695247147808161 5.38523735979264728257
2.80188474343691140689 4.38507948368519162585 91.64419978033346581014
1.70942203149376448224 4.73497808545235265854 12.66299158696051918582
4.86900122433196269611 4.40692111117342832927 1070.26996100726046279306
4.82851972624498593234 1.31330996748201256352 7.90787426143824045965
2.14443747032334997016 1.35514629961213284304 2.81175910812388174520
1.07752705530273296120 4.26602980004445342388 1.37511682975657167916
2.86117648452685058302 3.27128909937956180443 31.15225772328019360202
3.38211908304218811239 2.91870833603773371934 35.03870436504823260293
4.87450246113191987263 1.63669088547269581113 13.36377767801902649580
3.58634454341665032118 2.21364176581123750509 16.89665962423973866180
1.77046727041882512310 4.73676666281168046169 14.96699131308138319696
1.96745574729599992381 2.88565468288249693529 7.04868757177392701863
1.03192684804166345813 3.56183912736599728177 1.11844653432520457770
1.81242905679730181845 2.40857333784165117407 4.18832715645004327598
2.11180512478577631086 1.30880138090296860298 2.66015776171308937492
2.86063017775418693134 4.77023981396433960356 150.46373924892023410393
4.39521614644122937676 4.62365748834459111549 939.55106695450172082928
3.32078853782057104027 2.61407181497024909689 23.04421855619395387293
1.46635609143561351786 1.98670377646174767250 2.13928446984676767784
4.92508015822260070138 2.21978184827170554883 34.43550704059965994475
1.84429343277134050183 4.96642916605988382628 20.90383475249926803485
2.11519614511512887844 2.56701281158977812069 6.84194025221315005325
3.41897403093169582888 4.85221650371199597629 389.56328751775305363481
3.88077458418968301856 1.60722181512003636783 8.84143030256832673786
3.12749228109474763926 3.17497589707297489525 37.34531671646617212446
1.68544316928495163666 4.74106215699176658518 11.88134763708159802320
3.40856628767834290983 2.51005322975352473946 21.71617970562200028439
3.42768296791417315106 2.12914624177739053579 13.77509541797388870066
3.79485294979924381309 4.81271711426932746747 613.05784813992215731560
2.70847753163894111594 4.59689561103713906220 97.54224428269321833795
4.22212091012870249784 3.69127704675569434656 203.70748646494882905245
3.71117333482351963170 3.97395047137173618168 183.31983469332527647566
4.65478946115652725268 4.23269047967595657411 671.45073059137394011486
4.12790977974117279103 4.48510538553712212462 577.58355744824916655489
1.84883724320066145097 2.02790271737444527389 3.47731921628043760819
3.99656888215925532037 3.22451257520662926126 87.12609984493481363188
2.34525423141545763528 4.03111218544523985940 31.06541291462061948891
2.03812900551491926748 1.89130916881521793371 3.84461354897589391300
1.00747150502171445297 1.19862621112513689781 1.00896217371389340656
2.64428705054982948752 2.76921134072138874771 14.77276398487910391566
2.69102567079686405549 2.94370531647034372469 18.43110754839706544317
4.40213045983176876064 3.52251293724982028621 185.05930386221245953493
1.41866158818826182397 1.56524569285599524093 1.72873192783903562031
2.01865699704725543029 4.92670873100371053965 31.83862011847922701691
1.30627778427114815685 4.08023890317671877881 2.97476544579583990213
2.79146665515008729486 1.05175837524772664011 2.94379801017344755465
1.30293924989949916338 4.47523541513439582218 3.26823067810995926408
3.69523742849782799169 4.20443539403116872677 243.56539197745865976685
4.75414577887279854451 4.57057093604223751981 1243.39141769541629400919
2.41611598497912671846 1.49584326281012103266 3.74183082218714435641
3.19796039659597131077 3.30246405676688725706 46.48632388553819083654
3.56910722297030469363 3.20159933020996811948 58.75900458026831785219
4.49257289764976519564 1.72915006033882212577 13.43575259805268728996
1.80293144502472291180 2.32050932263681897183 3.92646880098289141614
4.42279742862411850979 2.38193175078265939604 34.51487469457916290594
3.42064435378131292964 4.73576711494653057599 338.38471394849381113090
3.08651566798363363731 2.06730576941775812116 10.27734711234886688658
2.45081333315870431022 1.86251179756835405499 5.31000468681451831543
3.42249674129280245793 2.32747834220231819558 17.52555824709379095339
2.63227078877288311887 3.26196135108080831344 23.50185028662796682397
1.03951968432751140625 3.57643269267220453855 1.14868534755168494321
3.24911126497287661152 1.48120789487818527164 5.72835259390099338361
3.60244376530732957065 3.13260360472824084255 55.41131118036228286883
1.19491695107665885089 3.81048647347618851811 1.97103503469257734793
4.42384147786841452898 2.25127129404619275022 28.43609802631675975704
1.26686054176495099810 3.85049588471141968071 2.48631905655971285896
4.80140953550271731842 3.48916848513902788653 238.45716231408988505791
3.45761441441098860139 3.64573223332145124331 92.09479205252333144927
3.44802759433839423053 4.97101050917245146366 470.18607414902169239213
4.19954543251184730934 4.86804180006535958114 1080.87324904033062011877
4.60945437195336715774 4.70588651547915315376 1327.57580488606049584632
1.91411388591206854670 2.15261150901108289091 4.04545221061900228676
4.68687384748639424004 4.56446786182471697657 1154.05125668578830300248
3.63509653662468279478 3.68117078457804325353 115.70574823205130599035
4.53391077360807237540 1.18813277186382437733 6.02527742803185883957
1.40505448877861338630 4.29444906845126972428 4.30785207959085880702
2.57594995381629665587 4.29204575379282715630 58.04465225649458659518
1.59397286393957271500 2.96258659272139546204 3.97985518422216566492
4.43631206751356543805 3.50836333926317811560 186.20381515812380257557
2.75116025005561670724 3.27306573309922832493 27.45139330547015177331
3.08805227400795301307 3.44104157663985699145 48.42004818990280057278
1.34159055281019190531 2.66833613069486119684 2.19044843539326850035
1.97772846235459587305 4.76435071437861878962 25.76569465847657625091
1.77165506401469707853 1.33725984621898552618 2.14856002192539330409
2.64491800514881703066 4.72071763867228266776 98.64811362466171829055
1.83374832966763623432 2.83665690454962993172 5.58475938890635603684
4.06551894826856408116 1.42883147103488239438 7.41863655825207946037
4.05982456874682196002 2.06009100483674556514 17.93000241486043222494
4.63141214889681940292 3.10288117550533648625 116.31337882994363042144
3.00129274421971414810 2.78019546738299805355 21.23295964297917848285
4.17946702265597647141 1.23868619459384721182 5.87995344518917306686
1.82243245969024325603 4.90844356068712350805 19.02798903949818054571
4.62747643116507045846 2.19827579478124990331 29.01416550485049583585
1.90169567499475222760 4.25459849418821356437 15.40398042905652431500
4.57773797810736127190 1.80207231232243803021 15.50746288674569228760
2.62745928223527469569 1.11031666424578023822 2.92292590246253691788
4.32871672912275862188 1.44465557122359555819 8.30462096202012389767
3.65672860570922075851 2.08825542902735339368 14.99275515771408429089
2.67773917229897540082 1.68590543005902526730 5.26231513502233116952
3.65613743928577550335 2.84158033666751741464 39.79914133895929495566
3.86107575169720451669 2.27609336646722804076 21.64725935158980618667
2.43572226658726309623 1.50904342245003242340 3.83211106572929738334
3.99719724990347868854 4.57501317148812969293 566.29105836657652162103
3.85429439312678834284 2.28657820143298140536 21.86798650709823021998
2.70783678543564176877 4.54051194898770482666 92.11440620558445857569
1.36760866590621343875 3.66446628315627442873 3.14939833348927988865
1.17255073680614074760 2.21998309857261233446 1.42387243023735243774
4.55634828727905016876 4.77465492892871168351 1395.30289531053313112352
4.64819855988909935718 4.43877881428612575121 916.07085095937907226471
1.41576685407960223273 3.92618543364626848557 3.91580964548620569232
2.59595519886687364775 2.72065038788095803213 13.40163603706341355348
2.47783888604689117585 1.54973777407105473003 4.08046740892166504011
1.09572593758344849491 1.71236323303809756524 1.16945669935599316780
1.14676405785968826834 2.77972709906546233682 1.46326064310723835682
1.57249821000668976723 1.03891931301755002792 1.60044706260058400282
4.49334960244585168709 3.93327711790824841032 368.75632193913071432689
4.70846874631113188059 1.37469638491599699393 8.41405371301027926734
3.24604967436937430492 2.03117108253066902535 10.93074636324543469357
2.06710617899801540887 3.45756591460266804461 12.31367301147405513007
3.58199886149042701078 4.94466813334560484350 549.49838738014830141765
3.45936563881448755353 1.11710305212836757960 4.00050298460053532779
2.91949413011753033942 3.37430331425836715908 37.16113743035381133950
1.87705050440143184076 2.22425696752496016018 4.05770812953393456013
4.76407683797182013308 2.76909362379065759896 75.40265781579974202486
4.06402244807929413639 4.17124290479204873350 346.81973635955540657960
1.34372088811202106129 4.89484620487108834652 4.24671539044416057607
1.88527739340658584410 2.26779514302190365882 4.21206124010415550174
2.53240394538347457498 1.89339850676585275124 5.80829605269381055166
3.31384143324358593219 4.07754409055251709759 132.33525084996807663629
1.42226149069739316033 2.08310700066990062140 2.08291988341270961627
3.93766198604657180482 2.41297184312748136392 27.30823168577105874988
1.18342298845826920939 3.72906339455935764704 1.87388830932900618542
1.46143218105409156138 3.69933582093131674284 4.06978646438230118321
3.73435415868042719367 3.56315416717861488394 109.36844936704216024737
2.70900356704620426385 4.46777654084754338726 85.84133719925667094230
2.89584039311197249944 2.44973795392523241432 13.52778887806870322663
3.92521175701286395565 1.80811710754458898620 11.85151892554075381270
4.37116924600543566015 3.56840270583745144961 193.15692732669202769102
4.72471622035624783109 1.29328597683652191108 7.45007548401390007342
4.23090690493043020126 2.72297344682814967953 50.78806928679487953104
4.88309858150902265095 1.90590276478293274565 20.53934748555780842594
1.25851064097629894434 1.63588574619892312967 1.45664749460924825009
4.06273905242529220772 1.89180105332253489792 14.18287550129380747421
1.93307789675664798423 3.21821471080901888584 8.34088023590171445676
3.87033381155810651819 4.20633742355512207922 296.66628385145622814889
3.24711406179128836413 2.26274716880611093117 14.36777837988286954385
3.74561574185530554715 3.47730646872220505728 98.69973994229627578534
3.97902335665706274881 3.04722789479171396465 67.24432619647045328293
4.89807239168873920221 1.73912245791584707533 15.85033045647390714805
3.03843756421102195731 1.30079230171826010221 4.24451249374582406659
1.25617784395311193890 4.70853616352414494628 2.92675132639868973428
2.17978609578419213477 4.12733730299003731545 24.93148932466553091558
3.51247805623315922929 4.82521026182770462754 429.24024775779594165215
2.30598586179654496675 1.89060287721531716798 4.85308399672961332527
2.15431402490584344989 3.87916443584208847639 19.63181500722966532635
1.75136439612460037552 1.74414832053777280052 2.65757018403664169170
3.65351546965631879260 1.33660827125623393741 5.65098443202146061282
4.04741003846534930233 3.56507489966248503066 146.09394326038287204028
3.92090422731391141653 2.21908817361339449903 20.73845386536021706547
4.26778881668733411914 1.31723142233072998408 6.76274621597821390395
3.41774557910752374568 4.55314647593558063932 269.27446498318812473372
2.90201937258586228907 1.80421804983018185808 6.83616042853809080526
1.41860027689738865675 1.89075302538092993032 1.93700093608703571846
3.26244130712001600969 1.05082802734700431202 3.46453593276241411658
2.47275882399926283384 2.48732991499982691863 9.50545159152475882536
1.33998098352250938348 1.88846515580644425114 1.73788623621127946706
1.59563641967619318507 1.96257618603668593238 2.50191942275756362690
3.25370131618285318709 3.57821978861665668248 68.13966036340910648050
1.83791068804435209216 3.54509701741947003129 8.65078769623560539515
4.92453132459026310386 4.65427398606967024364 1668.99856393381469388260
4.28261488950658897323 1.84665650601024955435 14.67403587408289844518
1.86230114301238902641 2.34518215694158627116 4.29849306097628147683
3.29684333519201677731 2.06023836535518434232 11.67900960280423561244
2.01591351205982416417 2.27398115813646573002 4.92451374827059051853
1.95227190399884786842 3.21817663576649826140 8.61013614668566518162
2.14694261196681113191 1.17062593772974343764 2.44589387154301540761
2.46136458173014105455 2.74963293069302494587 11.90118662232128343703
3.46487741556467687687 3.05697048960119932559 44.64881172743454840202
2.73925576735768094849 3.80073669160064442352 46.06024271266351632903
4.29369121359759375878 4.73075589569619836539 985.75293238327697054046
3.75215254779329843160 2.74103095492283133083 37.50771358952330558623
2.66059427149229232867 2.49230927808690871927 11.45983161956628748612
4.15081317621547185581 4.32658207466680799769 472.50234173512137658690
1.97297904121859346560 2.45668459492114399367 5.30912352627424066753
3.93895313830297189028 1.35920654901641002610 6.44533509827736583730
3.60817285503228557531 3.81925931162320564383 134.40791467161761829630
2.51840212633130056119 4.29033175727117210840 52.59684065004965702883
3.46212682812093586193 2.31664426169276582712 17.76093415761766536320
3.34913943556470528051 3.58807184785567834240 76.47124150873825954022
2.26541783343526459404 4.85611614645269717983 53.04463516105295894931
1.83723524443491559310 2.79758012297108216160 5.48304871369585367091
4.94604642006810202304 1.48309085767653003884 10.70651109834881076210
3.29935849830163485663 3.25815088279331410703 48.87891496135715385662
2.45703636825755644679 2.58623192160848391907 10.22574369823832007853
1.83336336333051930225 2.84175421535039296472 5.59870612769410058718
2.11656851305511262140 4.56135781628272596322 30.57212162539065758438
1.11150182415504117373 3.19012765351598437391 1.40106838739989103537
1.17937805246860305530 1.15245087488933384279 1.20941850799930339377
4.31198596543357659527 2.49639687132527177127 38.40665838307268131757
1.04712410700662106322 2.28431830336518970626 1.11091839628325872447
1.01105222948078488088 2.07034838238246043929 1.02301734421890855309
2.15358943635739663591 4.95703449393147987934 44.82290998002535076239
1.83110547567575432382 3.24213313703078220840 7.10806997134681051165
1.24899312453414923496 3.35356210334742943502 2.10775494355876924502
4.62078769351533225063 1.45465222105535252339 9.26681786932403284140
4.97407636605666247931 3.16275673220045705492 159.78352108524771324483
3.32312727192711898638 3.72288103976117357163 87.42936879807847105894
3.27759043852644005312 4.52662621407151277708 215.63703289824459830015
4.75520836900903631772 3.08565018569977222995 122.88768252098658706473
1.08723922508862536063 4.85378534196467192885 1.50077054665763376384
1.73029671073327628861 2.34828861459341764473 3.62389705506374060207
4.73415773220959934520 3.97909633019237896079 486.24577810380907294530
1.07333823053034338457 1.61529112164336563495 1.12111084740717359409
4.19922233956497237273 4.39940025695918279780 551.53018682720971810340
4.23166797084092216608 4.34676994498504409847 528.81251532587157271337
4.36620315011394488636 2.66687706941179758502 50.94229611876200181086
3.08862788203517535379 3.81209693594163034902 73.62645595137331611113
4.44006096620334655967 4.23641912299842715584 552.85451103664229322021
2.35115652970829902557 1.83536499508420103410 4.80216577583490522585
4.31607021378015609514 3.50564780049517565885 168.42114177414561027035
3.17031707859839118058 1.48934260547309715861 5.57588234431431573057
2.92475165468761311161 4.23587469075077116543 94.25286906444502221802
2.42378515096315627630 3.91067939487211635452 31.88843710832900057994
2.93452696896091502765 3.55535212832446712028 45.94757519256373257122
3.37839562425292161407 1.82923735411611021462 9.27122256612683770527
1.77030236362789450411 3.04136458619002336690 5.68071142041551269131
1.86368163804275965845 4.05552857374048691952 12.48821197109015557203
3.47311300224915653345 2.13720800164143298616 14.30964268208702350194
2.27324499103379551457 4.99532679497367215760 60.47342038705824762701
2.07986463202089089108 2.24040875835261443783 5.15856082735485266255
2.78672708381031286606 1.18775645324642376011 3.37803225106973536995
4.74294529106759732429 4.52812910285428671386 1151.41834684415493939014
2.78497305080231605245 4.40105855561160730360 90.71586679522010854271
1.02441203821162307719 4.07007556765716671521 1.10314528261270461407
1.78925107057384558118 1.63484707739186418962 2.58868324645440894827
3.26299145930833844886 3.31845595896711609285 50.63045927234610132928
3.36185050756443315478 2.32450270705770511981 16.75069807723807002731
3.77568277570384758235 3.40476866599023964000 92.15866913434776108716
2.65282075881968815168 2.96765969090540826514 18.08926317696265329005
1.31732667087690380470 1.83341999860397031341 1.65748050347306263852
2.26075325540471894215 2.47953125033958077239 7.55756329069761090267
3.39675711808443958617 1.02156973390541283564 3.48754173921500010280
1.88988669228487182750 1.63259195951276359082 2.82687633645907121505
1.04915887057494439105 2.76146174830967439107 1.14170087463727387700
2.04266745106590130732 4.85962190477095479224 32.16943145697568695596
2.62398206764521324530 4.67279918449421138860 90.72353787534643743129
3.75406980542021351255 3.59357503769532415916 116.01583820182486306294
1.14299524563002563582 3.95225308044824918952 1.69592348089321354188
1.27430248715268712445 4.14128282628746724470 2.72874732946333686812
2.44575518188414209320 3.64379023770051269082 26.01928950163164344644
2.81126273038605800636 1.56629299296682988896 5.04790499165748407506
1.71090582388603751340 4.49060524140845718222 11.15132229389283402554
4.08969566950659224602 3.33145106048864603210 109.09845560417623744343
1.05134552502878308999 4.92324951926946319247 1.27955328818263791568
1.85710602251139755836 1.49547081841605411512 2.52369831279489442721
1.33241145148580120150 2.58245234175434701385 2.09832432803767421348
3.35374356461785794181 3.03077614074625811824 39.15284613567261118305
2.16836042282432872597 4.50915597668163403711 32.78455063992638685022
1.06120150400783685996 2.63606944021523093014 1.16951269925097411928
1.48906076746277404865 2.59939248196655814382 2.81492772201730057091
1.28002208715326970534 2.34941276234264817546 1.78606836099579968646
2.07796954170000303108 3.75639415002649590392 15.60191646092037665028
2.60172120490760905298 3.94277726090290991934 43.37911310512863138911
4.40180789729828703116 2.51227162418825766821 41.39769036666395152224
2.25684419750774933888 3.58273247710516962172 18.47147538238469977045
2.53404659242405871922 3.80460057091090275705 34.38375010216854121836
4.97839283154227096873 2.65896560797166081613 71.37335455523047755833
2.89886817278802499942 1.56527541333524533584 5.29072091696724378096
4.50876024874788150498 1.06023124434886639733 4.93687144092908880566
1.24914785574537035018 3.10089358393671066239 1.99337614954731723316
3.93176487146250774884 1.06393407117139338069 4.29142908323902538825
4.00102709046053561792 2.93489012276936556134 58.52038355458462604020
1.91912020451180342917 1.08692709736932124898 2.03100703765870349571
1.90075950658381653824 2.88744678167785062683 6.38833030526911915814
4.74633590581140651921 3.74105990524882869863 339.07639429199946334847
4.88390261263728664431 4.15821272293485577620 731.20589338233355647390
3.95335212291679960472 3.51798631184950805206 125.92630265631881059107
4.04072718271687669755 2.35545287501703759503 26.82173341573409430794
3.13398119269338071291 4.56893594718660445153 184.77049011592950478189
1.73533945615989892985 1.77361484284085291208 2.65812743798350670232
4.27269754377007870971 4.82818481590173931295 1109.54915979136922032922
3.41757890145258569348 2.79289293065833899021 30.94701496585796007821
1.12693097102064143655 2.09300878140779778036 1.28416708811737656504
2.54767664958390449570 2.81419344758161660280 13.89852288382458667115
4.60339538337256648504 2.34382888327665073191 35.82135580493982729422
4.92702292884998360734 3.30789972823209188491 195.43410535120514737173
1.54949686271692232964 3.85683389162291945240 5.41419561109733571413
4.42849227017573898735 4.93862262286667874633 1554.58317564364097052021
4.68993958376772468455 2.34806124730956300439 37.66533251472546339755
4.85585886647222508827 4.10039944073036721761 651.57580735653505144001
3.54397391628818780873 2.62951131011723182596 27.85425382020475026934
2.23723683373634329996 2.76425667850257106295 9.26176214493924376825
3.55612109242853424718 2.00020506019666344244 12.64928755616954880736
2.97004487094515257084 1.19574948129327562896 3.67541281053977897386
2.94186754535748118400 2.13656354832268480237 10.02866364847575475494
4.24695489983995777550 1.16091364462410151503 5.35974234512123182128
2.67584514229168224375 1.82117677111693332392 6.00457121944293792382
4.54169394486325295190 3.90231134801145262969 367.00225393909499871370
4.92152094904640247108 1.06777795108926376599 5.48287586250762970508
1.30452998914841256095 4.61553422994631290521 3.41100377217017003417
1.20147357492932460588 1.75295873450361128221 1.37954459568890586141
3.53103752797319891954 1.09078377461593056807 3.95952395901845743964
2.76971369317073978777 4.51520663114529696713 99.46834581279679809995
2.10223463509646002478 3.30894530627070615481 11.68784380374942344361
2.31875272458473569159 4.21259172821771343820 34.56748802901444150848
1.91810038614269950941 4.74837428083673707135 22.03834417940995749063
4.05265651227233902887 2.46021418912084754993 31.27303780078517903007
4.00849239632114695553 4.84099241024510362763 829.90189249587820086163
3.64182684418317093034 4.15919894922026855966 216.09196206358623726373
1.65441711168987870550 2.15326379848702487152 2.95665323369871479997
3.28882935780253227165 3.21802052282914363701 46.11578916377347781008
2.65636402049490305544 1.06813408825172784233 2.83920033310197483800
1.54168309439793160820 4.99934468826427913513 8.70667543158434042994
1.85137920313483350654 1.48457159385265269336 2.49526137463112718251
2.50595662948778219459 2.03812933663049555832 6.50368798267162340210
4.59449647284428763783 1.96361084762130655434 19.96997716386691124058
4.48483917947980081919 1.63396131196758798154 11.61259227585422415530
1.47912971601312648318 4.06444137311313014038 4.90885818683980001964
3.79904782120032225023 4.45632057073872012154 383.01568466066999008035
1.60291306854177761920 3.80884003853000985274 6.03211061583732721658
1.20060611292997299060 3.46324890097352966478 1.88357912379122116597
2.40636086120102854480 1.29664779100512772558 3.12241468583681136550
4.68592900100733089630 3.11416677729349000714 122.73535864942431317104
4.45785960591965491062 4.49465332300284270417 827.17627922219060110365
1.57380128021632037516 3.44832600677128509048 4.77691421717275854775
2.95687018017270286663 4.05154306698094046624 80.83457671091056795376
4.25249044491644312416 3.49000453649596975580 156.30329412304183733795
2.12642228963491364269 4.89553428892032904685 40.18087965911325909474
2.09522296926920192917 2.07547230865408449674 4.64199300052093910551
4.94677973126589698438 4.23004981202750229841 865.00589655396527177800
3.71108889060867053189 1.69873606449366798543 9.27753270335267998803
2.75205074722607223592 2.75151213698960050991 16.20764908349534039189
4.07045408243157602612 1.08266600779066957116 4.57129871343484506241
2.19457522753489531198 2.66074114802722805351 8.09552928637675250911
2.56565305116539255081 1.60924893239978450410 4.55513578368219551606
4.42010766144531963562 1.37383726333286704246 7.70406072121411966691
4.37789867640885788092 2.14824733198630379860 23.85598438097996520924
1.10690066727068137098 4.60502347800405598122 1.59632518456706273824
4.33849883588933149525 4.33094236377512409319 575.81182156113868586544
2.05632182057489609761 2.46922588749392435403 5.93051774687714061685
2.29386159734266037447 4.14305706222042946507 31.17816339966040217746
1.61167912443857996863 4.57622554387831215195 8.88287468948118963397
2.19526110370494320634 1.23116359998134194953 2.63284539760066316205
4.12229174196266789920 3.98086078224888417765 281.04872752375496247623
2.87580068835763968949 4.08312747987647028935 74.67420279069700939090
4.73957107375070485489 3.65966486803266066730 297.15184121017750840110
4.14933680050774089665 2.03990369944355620646 18.22287983917374987186
2.84217330060072237430 4.27189533090116846381 86.68574566769443379144
1.18707457076229294657 4.37211597724702549783 2.11653990640244238364
2.75285894616249260380 2.57117361842346392464 13.51328429185387847156
4.87146428446915358279 2.22522785786965870969 33.89995540832616427451
3.98174178402666001375 1.87323094882900109681 13.30685696320137090254
1.30372252568885960144 2.71002215812985403076 2.05189135232184316493
1.73476451828597033611 2.63797998419474311049 4.27672900108567954902
4.55571184776637316816 2.71290056411033342343 61.17832939846007889173
1.11703240162067496399 3.22531044612928230464 1.42898290305315578408
2.02329857554769443340 3.71371781052685134838 13.69684001740667866898
2.94760598961521180783 2.17249545908876839917 10.46936173278566428735
1.69550471146793269028 1.24902505004489272622 1.93374941852454318436
1.92502178975884374879 2.84997749341544093227 6.46599255332851097222
1.05955449507077625881 4.43434369714833209741 1.29242496783226656909
4.54519424561997631429 2.84597421313348952765 74.36649469854644678435
2.73364726639956323595 4.54750207650444160379 96.84725422112890669268
3.43355623043584223808 2.71195186407920152405 28.37346558562339993159
4.44695533145902466288 2.93084679023325955782 79.31816909391933734241
3.22942964859944270373 3.04643897025170629078 35.56483216213192122268
3.15872782841279375887 1.53912205321853301498 5.87232729393303998222
4.93495162240989948543 3.65382165880193410246 341.29668835908131541146
4.52149548305701820539 3.65123799668950521635 246.93969470840690405566
2.85132066026402286596 2.06889586567232708347 8.73862120193523495004
1.36426413758079823069 1.26853339397329500926 1.48293872065301424179
1.60123981825896599673 3.84105839709114693648 6.09998686654978516941
4.22167034707092181378 1.01218040661009966996 4.29638282044969077589
1.59648058655345215229 2.70964473798734850618 3.55223176074253332857
4.60068362708545208761 3.45986240604994588210 196.46002623503807171801
2.36173046860171886863 4.35768503289700781522 42.30777962721395368817
3.11652705083640624295 2.19750299055444608953 12.15747208173736559900
3.13077540578735513677 2.04273832630221852114 10.29170099655675940653
3.47859601681855945543 2.77570199043219068002 31.82556683466269120686
2.11919414560331986763 1.64985595590116318476 3.45250842585511197314
3.91186189118320060132 3.60180794309997054370 136.03530807988516926343
4.79571442273038606174 4.71232733704655437634 1615.85982180345990855130
2.42075177777971584092 3.79355839262974603443 28.61130909410226408340
2.26787640661702605271 1.72185281835773729142 4.09566320778439063588
3.91678458241583449251 4.96995648334272210889 884.77886552915310858225
3.13674059018351769623 2.58022373514044556231 19.09967061352123707252
2.04901593295942285877 1.93378699643347751191 4.00370728703380240887
3.11486312828072886560 4.50849988277284641214 167.75270381358689064655
3.96475751290985156672 4.46682685990582140079 470.03490953994582923769
1.76179950464581347447 1.15067989495999878358 1.91874464451939674703
1.87012029458379291924 4.59104170962393443034 17.70779201954864134905
1.54662810684717522136 3.95815351363881173796 5.61847508000404349815
1.74503396944540511981 1.29362934578674337871 2.05496581769380970428
2.31264534310902636349 2.27753741804722364961 6.74950548664083793682
2.99863338607761154009 3.49381983977061860713 46.37504448316221328241
3.19569236971003345360 2.86694068610800201213 27.96133025055829079975
1.23662059549977421113 4.16743858699796199119 2.42320326836190202968
1.51764104598118354517 4.89989837288046548025 7.72164802882981238241
1.47138658441373548769 1.37612307279904966251 1.70142460243384618934
1.82603636223897325408 1.10875351749182016192 1.94961784319561926004
4.03513712296525106638 2.09675851846357597097 18.63539259251355062474
2.84730537973478359248 3.04976325610399356947 24.31735102718478458428
4.24899080049542376969 1.58163135853297820432 9.85635889445969048950
2.99539625057698977173 3.50610015878866398964 46.82701055209430762716
3.33174118194374546675 2.64869805491273524467 24.23250670936582196191
1.62644717360764667902 1.08726805316024144332 1.69697116319567231635
3.92736066834074337706 3.17786733513035901666 77.26334085053179023816
1.87903500732364880932 3.90726104309298882811 11.75804318507880097400
2.24731540858429479357 2.54172926487545591812 7.83131612197738036230
3.29721810301464479664 2.95093272360322433912 33.80795733671227765171
2.17294724743201861372 1.25502124896404820831 2.64852384154262221472
4.11352112478074616320 2.28301452992297049249 25.24985418780538992678
3.74457059970761729772 1.04112547189853366092 3.95351555564432644019
1.53519965895092136421 1.37225174082627265904 1.80079825193921760906
2.34291635428361821880 2.14665579573520703960 6.21928620654964792180
3.44826477376652817952 2.81577850898145154446 32.64105833322320648904
2.71533069745255817296 3.68211237626551790569 39.57163924615520045336
3.56612827586318070772 1.93461465828034206993 11.70276097870929099543
3.72714389679904734010 4.71039619942311382772 491.36938445398266139819
2.85160976868925741812 4.18267625243925422751 80.07455393237543717078
3.56238010511628155896 2.07022225331954423666 13.87474332010217636935
1.73636591343529067544 1.94438935863809314597 2.92385545974177851747
1.11407804611504479553 2.63943505710343284676 1.32993593856132452657
1.16858050182659090055 1.29353087167600255825 1.22325932185199093283
3.51381051668027133417 3.91068270548300933598 136.25922319322359044236
1.69672834094211877343 1.13948861273295154461 1.82658807163337177926
4.80621738922289321039 3.36205457468925139608 196.00189715101649312601
3.74089443020361622771 4.49212353002519648726 374.86639675246783554030
4.67006199106929020815 4.86965616602561723880 1817.06786400140663317870
4.12348400002497328387 3.83325686188743697258 228.27910047254775349757
2.44072743696822724857 3.04322669482045693456 15.11155052156389011486
3.04054695651016437807 3.49678472507206805631 48.84028384483022477980
3.77306327455022927353 2.10202429334233320546 16.30140298412213084589
4.53233563160663699421 2.58723841495976625282 49.89553160499899320257
2.64918962521584067105 3.69265887414055749005 36.51002602821895237639
1.61757325030590815018 3.49855692360405878816 5.37925882208974126542
4.47211080309802522237 1.50182667089382970715 9.48324793852710357100
3.16429485624806350330 3.98869025977501578950 98.95774238603733863329
4.45058237157250413674 4.75231685787044710878 1206.37490869642419966112
1.13755866094363433660 2.40640521891508774033 1.36362717566203905939
1.20646775255913007996 3.12220186098460761315 1.79683635978838673886
2.63321665013147931944 1.78084758063438863829 5.60818757619857066743
2.48092478037517816247 4.13673221210185371177 42.89540554371252056853
4.87834109138056248867 3.00859258696985021331 117.68755126765485385931
1.16203324274011476902 1.85841736420941838759 1.32191426756185492764
4.24384523109543820851 1.05240559869955241368 4.57780882046691939280
4.66508214601507997799 1.36868271961413423554 8.23106743219676495471
3.57195846830668806149 4.59315404299300578117 346.40509372746504368479
4.24161649880279867375 3.40047110818212106054 136.11387377866319070563
2.38434265161738556671 3.16951248552131881198 15.70632947881838781257
2.90586920647452462418 2.39048216318070760877 12.80716971504656420677
3.19974652152311733744 4.24178430544686779768 138.86452759685846558568
3.03504029524139706808 2.11934295770054115238 10.51651524659048853039
4.43336893694570655100 1.32730232130310588090 7.21790849898054176492
4.85634194236000915623 2.73397291684053866945 75.22304772396013561320
3.71041341753793263436 3.93364108775077925273 173.74125832870214480863
2.62562553028677747591 2.43604975390861211437 10.50199788805117684376
4.96681520044806568137 1.70321896689294050020 15.33109782137168508598
2.92817877608835441805 3.77511697175299998364 57.73783236002802965459
1.50029685034963566892 3.01710839513382023114 3.40052288324562512756
4.87678670220256815782 2.08045778531127867339 27.01675849690197139807
4.34775221405024048238 1.10254645780414017864 5.05494666581146745443
1.69222785995341507004 3.88735096557776627080 7.72857979558641794426
1.59450914557295231333 1.36053917558557424528 1.88660938853256388015
2.61294708622211224736 2.86341597180420937008 15.64654543460755675710
2.73612823493446910561 2.17626655614249742143 8.93975118870647555980
1.99776698452211753931 3.22856159866750891396 9.33958334521107502724
1.63094191349780981426 2.24013162487422601288 2.99150813554729522181
4.51110325136556067349 4.39154064572545266287 746.98067620573976910237
2.25735643791577134110 3.66598759754472691696 19.78307179821460337621
3.05706667402802256817 4.76609774646838246781 205.59409709269283439426
1.57321483168514131279 2.93900033630029078324 3.78756498175113609506
2.00619692347913103347 4.61613820432555321815 24.87700781933532212520
3.16929550066014042997 1.65281402609561256511 6.72973918865312814575
3.15049875993373351690 4.73735272681857999544 229.61412328495481460777
3.78637835836539515810 3.31675735163966756147 82.76157241386950147444
2.63814963823952242095 1.61635567493322396260 4.79699998634952518017
2.53748902634948736434 3.84884417715578797115 36.01543342161988192629
1.52525033609216986719 1.24558191689629627064 1.69186768486098593200
2.73364218224739063956 4.08170131950358872075 60.62462146138072682788
1.30583295298417079167 2.31397205266632921550 1.85421770239197947205
3.73307088088446326068 3.63504993617878913170 120.08515831063914447441
4.10207334523427658013 1.66150014514951971378 10.43530803853223787314
2.32729103049188434937 1.49070963968598446669 3.52263680566452563880
3.75677012366747042904 2.82253293444592179284 41.92115119043735660398
2.65732449045681207167 2.40756514666683640868 10.51666407414888482208
2.54423469489400488897 2.30697548241161154436 8.62204826046921191107
4.24601783084954931269 3.98925297795245592525 320.02088367215975495128
4.65324380798300119011 2.21884045738850677054 30.31402487762019504203
3.90655680975785690734 4.96680786832122489471 869.61658164880873300717
1.15909124900565085881 1.45197915680710964992 1.23907461014394559840
2.57945310640652047951 1.30488802498582812106 3.44347936963648537656
4.56716212080307926158 4.69677238296918009297 1253.74474530015845630260
3.91205905610554394158 4.78691213837371520867 685.16096253821365280601
1.55040055365196272064 1.40722069527611015616 1.85351719018746208256
2.53302954607569752454 1.38297939697298888362 3.61598114499461598115
1.78822385834141694971 3.87790834933131867146 9.52508664723057307810
3.59781927380983823639 2.14700559521599299018 15.62498405242970811457
2.20456560155989045313 4.63758432843850521010 39.10114619245999278974
2.49484119403711090968 4.17147768112126193785 45.31642303921146464063
3.12525074120810497647 2.02448051941823248256 10.04349279363453284475
1.22786757095807175233 2.93020930667334855713 1.82487298159260258323
4.43205741771246408689 4.07796571621228487459 433.34577207187277281264
2.28215853018407299757 3.96877990430645555264 26.43599415377963168794
4.26164358972043455509 1.20683287103989300704 5.75167542763047556775
2.69093973901286975803 2.02245526314101731202 7.40391716733861748878
2.91602144868595214433 4.62142015411076112485 140.60254234011884477695
2.10849365625063756013 4.09141792915290292143 21.15953266256554954339
2.07962415585709692323 4.05188005123427785747 19.42837528331214258515
3.21425810009430534819 1.39085247445899451435 5.07311271635983640493
2.17498120185670895665 4.24499279981010513296 27.07049521522070634205
4.77641448312068561677 2.84293101747252885403 85.23935571850920212000
1.29756534259899769523 3.76713134110518543807 2.66791933870350206348
1.95413914330281901499 4.20511046039860492129 16.73015443618955444549
3.48198527990229811380 2.99573270234048338878 41.99220264953264347696
2.92024253592082549957 1.48490597091163811783 4.91024697859137493339
3.79975757662021296213 4.89846560856808466156 691.69444327375822467729
1.93186231955831155815 1.66560404446720200511 2.99449138742829790161
1.66745053062531889410 3.73238654824631810314 6.74198022666940577352
1.33611953921084758434 1.82920725556307983695 1.69901480572038376948
3.80716283060741744748 2.34191332560096343585 22.89382067987819979749
3.14580330515047057460 2.47200446753880953565 16.99787576846759762361
3.94149404864930286152 3.17359942568550268405 77.69427371682942862208
4.68394145772607650713 1.06302602876848473201 5.16270649257180114233
4.28118597686206037167 4.39484610115239160422 596.52273045809374707460
2.96428519934665857249 1.48797220698052301557 5.03736966447097245236
2.41788473464906372712 1.49301238952841908159 3.73657833540654360505
1.67430409681214342754 4.26214975796841955002 8.99529638914979834396
2.43065254900057814424 4.22553507402236050439 42.64671365484301190918
1.74475448633845164892 3.03765368078262332219 5.42381862632603350960
4.14301891219737594696 1.62841507718942635208 10.12157676021721641746
2.93787653396185932664 4.36434058291032300758 110.32089444846299386427
3.29856762690641236446 1.45033890701089784869 5.64608592332516945334
4.15987831975902366821 4.88305631227996350674 1054.40040717001511438866
1.13490739405383322946 4.34807510986845180412 1.73369245100642821455
4.15307820930760485112 2.01722530199580329935 17.67631902676179223022
3.33480941837162880859 1.93620460382590442450 10.29846543896402444318
3.96231227684269216027 3.94069334729501852266 227.16031611936369927207
2.34937868343085698442 3.37244368906664737651 17.82453400005762489400
4.04370238379738733414 1.23535433334812605466 5.61807191823501828054
4.92190880792454699133 3.71823726345444827146 374.55604014438733884163
3.33360983984395042867 3.45587612910519847986 64.13995767289796390287
1.97390153167942505874 1.71043366739601276905 3.19988706423003543833
1.58920634995867393613 3.72966637272529188962 5.62775741372851356914
2.08341492913810411025 3.97185007371026044254 18.45565966805963853403
1.86384137363950319610 3.18086931079400336841 7.24662059671435176966
2.12286646469953588223 4.83362824531424095653 38.03843871281873134649
4.84170455093382834377 1.44503570406360326572 9.76892956622148922463
4.58044532286406536059 3.33325839855985073257 159.57915192236475832033
1.80036721567481095008 3.65631914709141092601 8.58384099855947724222
1.49053275809150909126 1.27294671529512282149 1.66208995600938713721
4.19210098790157470461 2.38672741127857923615 30.58967667428436243426
1.50766403978812091324 3.14923004250514138036 3.64352814380693335039
2.12075343308336705661 3.99326206736117450546 20.12615652763025764216
1.40548646553777478729 3.71781121622249832726 3.54479923818011544157
2.92329292929133499612 1.97116182605941858696 8.28532912207845839703
1.93151542625261374297 2.11250093232481717109 4.01753967199109940367
3.05759618603364868861 3.68264356724692598632 61.30303920927565997090
1.62838939310729857723 1.24351072997233025319 1.83368053342189107902
4.26431337805547716613 2.47076698056787202873 35.99236552928125831841
3.25527868548111198876 1.27038209353792375111 4.47901831552448825846
1.26762422789328255135 3.76008894783939995321 2.43923452312459643210
3.23788003092786214054 2.53106688057635276223 19.56609209071930521873
1.74557294677642449443 4.76511375331937081512 14.21877242386492490311
1.16275893683318054528 4.00157380126751682781 1.82836042460788505970
3.63845764022373652224 4.74876811204756776874 460.96324432030246498471
3.75366208447094340528 3.42653807132154142323 92.98063816506443401977
3.53763172993288810275 3.24745420092361758435 60.52281294455021054546
2.33818749221571930974 3.64194950657985039300 22.05158977759036176280
4.64827162369146051901 3.47438148163317084283 208.17339480216583069705
1.89231391468871779082 4.83341509068375607683 21.81840656069922701477
2.60079273900765883809 4.58819366765373626293 80.27596705815967936815
2.46955502622754963227 3.76024308307943044838 29.94620402351056398516
2.39550778793651586440 4.99161809822628743660 78.30831195749462381173
1.04232075328190365582 1.48836656576423376208 1.06363509717625648321
1.12301609173633298866 2.89537099524428054309 1.39922031873166963223
2.91568622243342545630 4.16968357076002593686 86.66066443569120281154
3.55487024416735852839 3.01160643691634932750 45.58945084170969863635
3.55940745837190108958 3.09592842520123845418 50.93612626384664565649
2.18651330653782371982 3.57587692282544633571 16.40256555539913563280
1.18859571500509764164 2.78553974204723875374 1.61811966314721811244
2.85737800309158052059 4.74568295598593259399 145.84049461002101111262
4.45728404278360113011 3.19572966533792879318 118.64603972431739009608
3.09825565714076978097 3.02612049349104816898 30.63232626416303006067
2.53780174415833581492 3.66790576919443633841 30.44477018825205760777
3.95502897721365176409 3.16182956487285959923 77.28326839042527751644
1.64783490510529873063 1.40236969047934412202 2.01462025276604705937
2.89908477567780042961 3.21558873880436779658 30.65074207560432384412
1.72037074669899281432 4.30887194204077239590 10.35774551986947500382
4.90903159888456919191 1.55298299419779528563 11.83326987491897952509
3.04732375276795597330 3.31446000739731161389 40.17249784060241779571
3.42315305775237987973 1.56326514155431173236 6.84620711664954839648
4.80458756811580656176 1.22514812591478072790 6.84115939934586148041
2.82637504212423840144 3.47657030211326656399 37.04521208780597874011
3.17373576496214360176 3.29649513060537824316 45.02208334913457576931
2.37782808744228990605 1.42760094586928643068 3.44378135304023436092
2.91670550668388983695 4.53981134991397272671 128.98066696042323542315
4.03146308118452179059 4.50087847907825455707 531.02378988522843883402
2.79043884549248266680 3.23840912556637894326 27.75044299620106258430
2.93217771144402661321 2.62698686541696435626 16.87729147126419704250
3.96368850850501441840 2.35101914199427763918 25.47671416908431396564
1.95574629553617018729 1.41962188549156476114 2.59151438376717413448
4.16547389994736150243 4.09902273688534002360 346.75165055989458551267
1.88303063947542526080 3.97606449780169546315 12.38370782597870523034
2.86185234927529963400 4.11839182094003142254 75.97176052596408624140
2.57586741182577183551 2.80764246369104952805 14.24709372097271575797
2.15296678171878985708 1.86458617822998151681 4.17808047429404894046
2.91650975674541790283 1.25624214842410575343 3.83690493103404817177
3.32093834688860400917 2.80303707554740055841 28.91434674901499946031
4.82431709005446762717 4.58170222957359740690 1353.00541720191972672183
4.17094841334999166804 2.68252138142274043631 46.10979188978611631455
3.38069198914957125268 2.61125640581244455873 24.06408059751672467996
2.84484392778780037503 1.21826492603850500274 3.57407349123529272106
3.39208295396162373692 1.90382704716628214925 10.23096037563087712385
4.56383159315174680160 1.27863568121106396802 6.96694473592336116496
3.71022101652523561555 1.03427541087823060550 3.88075470420202828237
2.91493273805187014247 4.81529555234114248208 172.71248463536383610517
4.13367404317170361594 3.51933874873860963461 147.60326650355392530400
1.58746949042196217050 1.58582029204684493706 2.08105077206868616102
3.63447365908405606305 2.06939533043654799727 14.44691362219430352809
1.28850610088302808265 3.58410764953133531563 2.48062886120711922899
4.24753539778551569839 1.88920359303390661410 15.37017068166939637308
2.55634636896214439972 4.35355520512270821598 59.51067228532577502165
3.25337293481172951104 1.52067422904420856966 6.01302322725239335455
1.09321904063804886675 2.85377425393243999707 1.28961944933609484742
4.63498545518055227177 1.91554279446864095249 18.87314022781382405469
1.42947374446782315971 1.08754290116697305280 1.47489382114218825492
2.90654776242619083959 4.48167579910835556234 119.31843987090553582675
4.87783384192236546539 3.88353149532706787284 470.70763203704427724006
3.39850237674944644084 2.92024248941185371464 35.60316109245613347412
4.33378839530573500838 3.69593409630058156168 225.85049973463927130979
1.91608662587278377742 4.16724721001272158105 15.02774103003599037720
3.61385109733844656077 2.04973029246919447033 13.92158015941741311394
1.00252545532817372020 4.94943910886729288023 1.01256207860121971720
4.39066601951811996685 2.91798070782439200599 74.97065773780913389146
4.44373523811559678620 2.21436825041418261506 27.18648083511678237301
4.46389896342084213643 4.44064616489844432579 767.62933669273468240135
1.15632089583080999162 4.93959106097615752162 2.04918595943624914923
2.13822936167363941706 1.95945915113354773851 4.43330792002698004239
2.88697579437564622040 1.77052562551220526998 6.53471096290780195659
1.12563933454330733497 3.21266318932745642556 1.46260991439263099423
3.42995031284963491913 2.03334090802173861334 12.25808531966172942873
2.64640206677941280944 4.82896179887745002901 109.89776060982381977738
2.92480565121697821951 4.47432524574135914719 121.75018591300913328723
3.81179306072201073974 4.49042197283317356948 406.92638056079300667989
4.30450381188766062479 2.35077194298039637843 30.91780329866096010960
3.66567675645802726336 3.66656107160265642975 117.08619761089610733507
3.42399251070885179971 1.49893701728222517033 6.32748333453274458549
4.83384186987344399711 3.13240704462917340933 139.14975853396157390307
1.58210748815223567476 2.54027484783776413835 3.20711227618525906990
2.62421454483039884309 4.00141632044142969704 47.48875570173003524133
1.66954866727128736770 4.96340839884963003215 12.73063771638462782221
3.68240654103177433853 2.01219280443181780527 13.77736614024079564444
3.33791901536175394938 2.03621735156034144865 11.63886144481785045457
3.77240803062208351903 1.51516573078030747368 7.47606096774927753046
4.49701276982974817997 1.36470123214995631145 7.78119595151992182736
3.68577004699023413892 4.94456069380553486781 632.75159620556644313183
2.92981293174087609188 1.80151969889908292188 6.93459753552646951391
1.59039283597875202858 2.00217413155465528973 2.53190215605175161784
4.74970674205408638358 4.33509081762970538421 857.85130124953968788759
3.31456592336650368580 4.16742625265732336004 147.51620463522962722891
3.68971361858450208615 3.52422694628381982795 99.58887075001052835432
2.49200127532780646433 1.16024073070627498083 2.88463881665722610137
3.01523716933809815544 3.19267851953467429738 33.90934391725159713360
4.45830538264295661577 3.23660524948091543607 126.21367875709267991624
3.28779340132819086762 1.41154360687295987731 5.36578503428719244539
4.50933884162940668006 4.66153410252593936036 1119.87474872137386228133
1.76565650662118711622 2.35829811997239779942 3.82189254573537429138
2.24122606242882627114 4.98900849023566372864 56.05004347805139985894
3.39314456925151430866 2.50375722824069413264 21.30588131582411648424
1.17280206462725233862 1.50095247493654104787 1.27029040461022790787
2.65168146450751462950 4.92667369768732221758 122.05385744330401109892
3.29108799330944457040 4.80887386045688813851 307.48247646878792238567
2.46214477229619399523 1.08549308702917146618 2.65930525619476387789
4.91155232171818134645 1.82503200902947204654 18.25981568115086872695
1.11641560986240273579 1.19493598905157893952 1.14064076694450200478
1.16347256817145083829 2.06821913469771567762 1.36772291692539571528
4.47492346512929017877 3.20736470127712447464 122.26630844811387532900
2.06698355228913799309 4.79242819601563674325 32.45114535847888959097
1.40596274485692074308 3.30531330022171365712 3.08389662674524922537
2.70885323867975369438 1.01378073921175770877 2.74631013783180621957
1.34197654026727120069 4.42556313234099185649 3.67572680239258975377
3.78715517529730627544 1.61581993589410366496 8.59903737692866698694
2.26236441749474925800 4.48087542889201095875 38.79275916123133782776
2.24485361347584655434 4.45799903466859159806 36.77865820748144898289
2.63037036951185854150 4.40869915242200427485 71.07684914766311123913
2.89491183600591650560 4.83415562693001987782 170.45788113633994953489
4.24223178542921885992 4.55027771518821655405 717.34616946698315587128
3.33104768426638608858 4.19594914083897307933 155.85569184706116629968
2.59319692662134171357 2.91844562067509283310 16.13453291860709271077
2.41888554936416877439 2.50229402107984277848 9.11839332402002611389
4.93044015927808754185 2.07332904772403692206 27.32624968623692751635
4.71950923920999620975 4.25955672055860024017 742.16730189447753218701
4.12942559128107422595 4.01178007523042357008 295.67445567687855145778
1.64057994675543694640 4.13622925564405363730 7.74958650755409461652
1.36638684348591787909 2.10596467681841348352 1.92980471723499502623
3.38615185261912365888 3.54238615711060944591 75.23583161277397834965
3.50833259515886330959 1.79407267665650760335 9.50496181952774321644
1.81365211014011196156 1.00387874448486913437 1.81784500151076211516
2.67948787730513116045 3.67073837088107168825 37.26199937566043018933
2.05491343882400867571 4.65904131105611618580 28.66275880733981296089
4.48595478065225350406 3.06332113496726377022 99.27522180050016231689
1.85651933545039504736 2.39909563154164429122 4.41200240788324027363
3.72047675355540574671 4.77403830490551683852 529.73607662645554228220
2.07991511232771220108 3.42318564755193310845 12.26674024475763680186
4.75505443870607713563 1.67886776958252381675 13.70422665397042827351
2.87643680467617901542 4.03911465516391210429 71.34561678236399018260
2.14322445545086770480 3.46444528526557915526 14.02703176805718499054
3.04855674864446068995 4.50689600897699271798 151.97165588962323568012
2.41846112861935935712 2.36508009128665053211 8.07422256938084714761
1.17931287095426817757 1.90102507699229716920 1.36825989731867592170
4.02548718058351795435 1.40151478616329239202 7.04144834535067420944
4.24444604355135801654 1.37470928773641665188 7.29577418102558894475
2.47097758117740795569 4.54813000242864529099 61.20943907417699847429
2.25444290294477944769 3.56973087913318920528 18.20769957066296385051
2.36645985607529674155 2.30279186942251934411 7.26896305762592831456
1.46996424054006435966 1.95864501297594895135 2.12664290004332245942
4.88171047631998789029 1.91327251904411577144 20.76949423030263019996
1.57454145683848567572 2.42182059589115405984 3.00242287070159674656
4.38440158404402247072 4.05659487759457171308 401.76318683784865015696
3.88612441009234066414 3.96635191694251831862 217.88668575870579502407
1.94004447118478839940 1.21156017623012379758 2.23203590324500522613
3.71706788911909669082 3.26396404052734645518 72.62964236626871183944
3.35578448777631477284 2.52235214370869398337 21.19521273338666134123
4.58299006552303911377 2.26753317241209018107 31.56291447683965145643
3.87059571713892269784 1.45835674508880330791 7.19763362476285184499
4.41589408829586194116 3.79906784293933075247 282.14321198044376615144
3.37668705914588063166 2.11539937320749782401 13.12106646711439772446
1.14429631879524951188 3.10688830359512246915 1.52010148575856596231
2.57408980559024680446 3.84395235248920918991 37.88069312473857053192
2.60689585848690574821 4.09374456807830888749 50.52473720574766957725
3.30218291137678754410 3.60339942549764247204 74.03680656125199277540
2.90127990836789040330 1.47974884640164283667 4.83633607381191232832
4.83621679316219399425 3.85034053339458148812 432.09602982916919700074
4.13709599210379685985 2.82217929323501648398 55.00796092169645845615
2.76938887270049516331 4.69992528820455746086 119.99730165361830813708
4.40762324665167781745 3.47151812244867796764 172.33261362357549728586
