-0.91649677733928514023 -0.78744172838279313797
0.07935279958354013452 0.08619213730680870544
-0.40473775259178723651 -0.29125265272594969002
-0.41230907141153405604 -0.29541831405659579879
0.55990464715071608381 1.20222846973084318556
0.75886231042128216018 2.35503086614800549725
-0.92361152329380957759 -0.80285916939598056530
0.37558642667921704472 0.59700706909586287452
0.60611643236396806067 1.41293791574040983328
0.64195964114030013015 1.59749580557312254037
-0.79415022681054225906 -0.58244917133529860997
-0.53362261281645251287 -0.36300431422114393110
-0.56147740860535022556 -0.37964674325667757682
0.51717141509908004515 1.03149932109589537177
0.20664722352648223769 0.26037515509894243459
0.96991282680984824971 4.56639351325600539866
0.04730681514622148143 0.04965586475263516347
-0.82093521866157437294 -0.61892820573652995719
-0.36821228035214925711 -0.27094079204019577700
0.04181255179542464617 0.04363712604469699441
0.18972141533474995434 0.23408588775659050496
0.25442346457483400179 0.34088013667347116797
-0.04485505098852149430 -0.04292945618691722254
0.23435387457020562252 0.30587003708991283846
-0.48464644660293565437 -0.33516721263891896543
-0.58376497113568404096 -0.39358152541425095450
-0.61882367273509908401 -0.41695731025348614640
-0.83631399848916432305 -0.64175501902132847665
0.66957883247033711527 1.75370451060746157523
0.95544702397185998777 4.37010163481687108344
-0.02927654436042037567 -0.02844380856681328826
-0.84364916518170929294 -0.65316329813085294287
0.53959997460529485203 1.11840798786241002460
0.39418820552919586753 0.64448491089485993033
-0.51570319907574946328 -0.35265059764921158347
0.82314090432258524288 2.89541362511737387919
-0.22530762790971503584 -0.18398517818699663962
0.14267006326205167177 0.16640224942238193706
0.20498306163773793998 0.25774152494002677827
0.01085171049078614836 0.01097076202248445029
-0.16193844350599739812 -0.13938473137785686862
0.91047405093554201194 3.80702523846896934145
0.55798485890937410403 1.19408533783579828835
0.73752822580177057610 2.19675166315164638320
0.70961758452377510231 2.00401502187294822122
0.92577771939884190289 3.99089126909759484008
0.88543132069719443500 3.52244606845601770928
-0.74289888730544251239 -0.52269409961368751283
0.54710149809007035948 1.14878867300998921408
0.19156830203160701842 0.23690174204788977397
-0.72327542306476733103 -0.50278417222130589170
-0.99841005943521365928 -0.99524531766259172194
-0.27284720519845495623 -0.21468389334116591560
-0.19598960019660838228 -0.16391971638382182852
0.74599721259548346097 2.25841015255869459466
-0.92392191125585765299 -0.80354212313854489480
0.45415337662408572506 0.81594169655315684775
-0.35402813605776284334 -0.26291702530702215634
-0.75999464682433681695 -0.54130075531484656004
-0.17868330498401507889 -0.15162329923226133821
0.75755345235615467736 2.34503511751716287037
0.97547466878790545231 4.64393075431119850549
-0.72406576205875317065 -0.50355800732733924097
0.22723787546981255581 0.29388111036033220946
0.38191469152923240848 0.61287911077689005701
0.14539323224745115404 0.17011775632845038686
-0.65479686178840990074 -0.44332778380924658945
0.42710279833646414005 0.73491843895366637529
0.79822797368393128004 2.67405097368345323616
-0.38944133940285285966 -0.28279707627489597543
-0.61675202740164558612 -0.41551835184123669942
-0.08316067129739734831 -0.07677623851864080751
-0.09167625203661278199 -0.08397805258666102279
-0.58052428805449429738 -0.39151560304651827904
-0.54112874356295126432 -0.36741657990113057997
0.37404683031569097018 0.59318823889101279789
-0.47421547465299651591 -0.32938735261051110825
0.36340574869478481368 0.56724113769957240638
-0.43691925488591554227 -0.30890811347940250187
0.78972211575970230335 2.60201994402847081034
0.52525552613306003558 1.06216151411068260302
0.87243920321417145480 3.38244345781073052493
0.96873975019495817129 4.55018780273687362126
0.97571965559781470567 4.64737290158647464722
-0.65343008014571379860 -0.44227369459712967403
0.97354909336167172462 4.61695473794573452153
0.57160351328162195550 1.25286761988274375490
-0.15198596275670195332 -0.13194456671707480155
-0.20659470821936021245 -0.17128573451732340138
0.38531582192253077679 0.62152756536344355709
-0.58362303756845235192 -0.39349074031451453104
0.75260526982517372829 2.30758728762309095472
-0.02942132831411425897 -0.02858045404100256065
0.24480700476544137167 0.32387979810129785552
-0.71485691356175662392 -0.49468018262982837996
0.37079534091746224611 0.58517739753088127141
-0.89571322669518793624 -0.74491549319516203731
0.57280109194105288672 1.25815139609513537700
-0.55477547300961416177 -0.37557180653246363677
-0.22787722731036197388 -0.18570036745670778777
0.08958797569998333543 0.09840320239572927785
0.70441336031367418613 1.96978827768745112792
-0.09295161471637425343 -0.08504700339697983391
-0.26185077419414759525 -0.20776872052949416081
0.35164854196542960629 0.53945696536429033063
0.43451042484838131585 0.75647838339393902451
0.06559868252862588456 0.07020388522377409013
0.21471122758005822817 0.27329214058136380716
-0.77375893485185542886 -0.55721274303230983183
-0.12651543870981840634 -0.11231052419887374572
-0.08700539601071000106 -0.08004176439014462630
-0.60897732017731898146 -0.41018701917422678571
0.27107690629487501965 0.37134249654642459415
0.14403839038122989713 0.16826626146613438140
-0.71818400656446246266 -0.49785299092967610912
0.88191378224366356875 3.48403799724203855348
0.15773850243554599082 0.18726143738977435449
0.54620050320112056852 1.14510388228935089394
-0.46702563914996941818 -0.32542170356326133307
-0.85482369643566458173 -0.67122206185699095915
0.97897863976771204442 4.69337937644681701954
0.96456671938284155310 4.49295323384528355604
-0.36386760984668575780 -0.26849272492661740985
-0.34249751277577877850 -0.25632201317705899379
-0.69508563085237473622 -0.47659247297467338678
-0.95383314843671818117 -0.87361688263458214809
-0.75492788381477482496 -0.53565684191484952414
-0.97707257070682418387 -0.93428844781916631224
0.84064593043572521935 3.06063074604645013466
0.03015227592427005554 0.03108970039757515472
-0.36011867864718039023 -0.26637364507043609363
-0.23903533993168935012 -0.19307107111993931925
0.88964084242513497003 3.56890792857214877998
-0.55065432863425534116 -0.37308969201339559074
0.16779281669438161906 0.20159703356949473796
-0.63865441471485318026 -0.43115347699779715818
0.64188027636786060270 1.59706508999672225357
0.81233040782373944211 2.79741798302821065292
0.09784032402383502358 0.10845025488470859398
-0.62649670634286347415 -0.42235739816092415788
-0.58872275712129273906 -0.39677052862593109595
0.57471458986200141261 1.26663296142659143051
-0.82723561422594182879 -0.62810549509128776879
0.24331458421866791753 0.32127894045493388120
-0.50127784549732878894 -0.34446919944839909933
-0.41867034013588022567 -0.29891082987771222523
0.56484730058915522122 1.22340851973375341899
0.51722235047041142941 1.03169022780998198563
-0.27485291822144408691 -0.21593396242172435695
-0.14091423573344408204 -0.12351679094977226214
0.74374164053598046387 2.24183952122659935213
-0.02017663510779321712 -0.01977758995933923819
0.45381546496496882881 0.81488980035404956492
0.37576710781933009287 0.59745631955009703695
-0.94086968790151148667 -0.84218840278198170424
-0.01017229325779855920 -0.01006985969304396294
-0.40926461764300414714 -0.29374457160893702179
0.77537796965280936234 2.48447336980237132309
-0.22933794843530286300 -0.18667238429434029889
0.55027461933207599820 1.16184447356638553828
0.49085160581269460245 0.93659404790271139074
0.28692126102094794859 0.40158725768115349775
-0.61023513240460203200 -0.41104231519064521327
-0.07319192974517063632 -0.06820036701154444381
0.17291627333557046953 0.20903511550519751627
0.84300170761068815573 3.08349828629814659564
-0.63113411377719974560 -0.42567682096290770932
0.00594317036324598647 0.00597870281256823125
-0.82884236499667118814 -0.63048423411647269710
-0.42255948214773164651 -0.30104350857303585620
0.66000450789729447898 1.69810242783181530868
0.12411263805891126211 0.14169514069821692592
-0.19031359836551553499 -0.15992517630223518355
0.76728089412663980085 2.42023846226087080424
-0.53767010600823161859 -0.36537747310975232651
-0.86472671327762862248 -0.68793997927875527587
-0.61707858365603329709 -0.41574465275288807753
-0.43836011550839781847 -0.30969689916536075058
-0.87775506231267264035 -0.71100645928183581201
-0.81477133264607792817 -0.61017659445867900025
0.37351090028710176583 0.59186279347413905949
-0.32023629366463879364 -0.24337673721062599852
0.99367140211979654296 4.90586826241949935934
0.06984096033347908516 0.07508484173225275782
-0.61812064192723426004 -0.41646810007565521206
-0.28563538935850729672 -0.22259692139489711815
-0.61227574402229123507 -0.41243576457510305877
-0.40481536839468090783 -0.29129541301906075601
-0.85700027252209354245 -0.67483785506178717295
-0.38582823682741751448 -0.28079027958785890418
0.28058680033653971009 0.38934345227162375780
0.25367217643152528694 0.33953673622982738500
0.96368012581435369412 4.48087626859619003739
0.27343083526210154588 0.37575627541403594511
-0.37942215265522283296 -0.27722167650357404378
0.85206265956795790295 3.17288686480422210678
-0.57525611183038605212 -0.38818727738121416859
-0.32083556396913892605 -0.24372923238501675858
0.62067375497474053248 1.48553433816333901873
0.36965450858339554685 0.58238399148394937033
-0.05111661846844506307 -0.04863079453735190405
0.44413438391164117292 0.78518841601149635956
0.53184325099689910843 1.08769626290032106475
-0.55564113369460144121 -0.37609542424360442592
0.21815117526947247484 0.27888178199530716528
0.26106255426521340901 0.35286611528060607412
-0.41183287496561904462 -0.29515662158897376655
-0.55239919935981030008 -0.37413847863639565494
0.31562405553946204506 0.45974067054244571739
-0.64412720370855613972 -0.43521501677803314800
-0.99330784296639329511 -0.98019014874693943806
0.43455961134871357032 0.75662308983829595910
-0.86103596409611959928 -0.68162900490734334991
-0.89840953888319807774 -0.75022825030735840190
0.53716154804093219077 1.10867716565435348031
-0.43314320345968915227 -0.30684088518886326602
-0.57666632669414763512 -0.38907464576016231872
0.03314100573186773424 0.03427697792894855711
0.76913320308313215534 2.43480056020603452538
0.48134317703722273585 0.90407717739774118293
0.71479679946205343377 2.03860019400511571774
0.72382638316784442267 2.10016669522973797868
-0.07909482596685157851 -0.07329760916925003034
-0.67951228635656968358 -0.46320296404456429151
0.90240615100320975550 3.71317582610875573934
-0.96845225493717901344 -0.91111246953552349481
0.87390835519772669393 3.39802104043691732826
0.87352232191704892728 3.39392167496679775240
0.49511674077814404882 0.95147794320788303679
0.43310511955007102713 0.75235266991684934812
0.91042893223358722921 3.80649455232956146489
-0.63683087081450517886 -0.42981457211035817290
0.72469855419756301629 2.10620007432751643606
-0.54954513820230621590 -0.37242458665717792510
0.53605040610532395107 1.10426629853153479566
0.17673253104698538607 0.21463505585905134909
0.25198370785597168364 0.33652704300755797995
-0.36581748141516245987 -0.26959241460810190461
-0.51848817671640223814 -0.35424470922629436309
-0.06552831508852330344 -0.06149850110319703828
-0.14712221317013862709 -0.12826214349035430784
0.56204803758062649166 1.21137506898541658096
-0.59663345337616635611 -0.40193359626570884791
-0.72381775673123316395 -0.50331493617539602159
0.97070338028124036889 4.57734376538304310600
0.51753980714640190897 1.03288070943106058408
-0.45239842808904362492 -0.31738625903741413126
-0.84034725351916939040 -0.64798506765567609467
0.26687454912341612712 0.36353023839280762530
-0.13667784125516457827 -0.12024898824416874188
0.54656876977958024355 1.14660878875892224826
-0.20332998699257998076 -0.16903148336712009447
-0.89005522799431036063 -0.73395822775913077685
-0.50211611194129246449 -0.34494144669323517638
-0.58510692310951495365 -0.39444127024891928457
-0.80788809528434635254 -0.60066111392359844423
-0.76389566684644094607 -0.54572309384261796783
0.44437780276629079701 0.78592502193810986899
0.55304055940058094443 1.17332564872970479541
0.59801152315788863589 1.37385931676336769947
-0.46010754165137557337 -0.32161681429658905973
-0.33464350015163102370 -0.25178851998452334016
-0.00019518697866471868 -0.00019514888814285228
-0.59642055657451509276 -0.40179339893050125543
0.05816650808975909470 0.06175876082155017793
0.60842143032695039651 1.42422464893156197618
-0.05227177980213526531 -0.04967518962707737074
-0.85120033375500381290 -0.66527468506736942011
-0.74638195193667122851 -0.52638583297417262941
0.20922006319003627617 0.26446825580741611939
0.32459153656521455567 0.47885389707095094014
-0.78156584394039763097 -0.56663166094319439292
-0.69076916768137186509 -0.47280915810368417951
-0.80560676695919086754 -0.59756592366037830644
-0.11224919486925810652 -0.10092270302981229402
0.25162882421853050019 0.33589613152706182531
0.46024246537703894511 0.83507526383985164475
-0.11791636260310522921 -0.10548110273873946563
0.16053478937061393950 0.19121420499347996369
0.68450272030627878905 1.84357102254933202801
-0.57970086106749052490 -0.39099295031649816679
-0.21328535316252406062 -0.17586917279789418544
-0.62063512935714282293 -0.41822206966383324023
-0.43113787472473941165 -0.30574291837442940656
0.45149828241835465725 0.80770438907821873187
-0.90070479194584396332 -0.75479776096422523946
-0.50013662598321229069 -0.34382685678604774093
0.84377520984463938447 3.09103999582541044688
0.95357640121998521465 4.34527593354540719872
0.61970855639135846715 1.48062319770723882506
0.25665146963002527514 0.34487949992930849730
0.69846153068384575491 1.93128079420364784369
-0.83291050753015283270 -0.63657785067493299902
0.96985705348440687246 4.56562185820476518217
0.15787903312740247941 0.18745946612214542393
-0.86611616917139322425 -0.69034101536186609493
-0.31579891402198301265 -0.24075928418000355768
0.46739078663588262685 0.85797552779976449244
0.78683540491870718192 2.57797188367297813727
-0.34454136613606745065 -0.25749611805665484354
0.97981066443363262763 4.70518970502909272824
0.50921785097458416303 1.00203901327188771297
0.93309161838636867081 4.08153484930652066254
0.16825547449019118140 0.20226497480585045596
-0.44959231844067137907 -0.31584814786941634024
-0.18510703168303499488 -0.15622830307502463820
-0.63080185449437808920 -0.42543755422966644808
-0.39041132841508652263 -0.28333514693517042327
-0.26782168320694466068 -0.21153662820493829289
-0.58107231811207782357 -0.39186396105690085578
0.84107814035023253929 3.06481479094333630897
-0.04152046268655174011 -0.03986524441682769149
-0.09512298802288587929 -0.08686122918026828454
-0.92689687093985351218 -0.81013248978022667224
-0.53865750559941449893 -0.36595853859863924917
0.55516111706447923702 1.18219195358714723731
-0.28278773283754565782 -0.22084646487720133168
0.25795766463426095250 0.34723493942520328170
0.33053609771692649133 0.49178452960970497898
0.28626587175011586339 0.40031089688987553377
0.93644706275110922711 4.12373196945584385986
0.72932558637828948100 2.13846695699930311463
-0.75622590631224828606 -0.53709209939249924481
0.23314819719575008428 0.30382347544297633180
-0.76454762386785524164 -0.54646881282076431585
0.25511704410524083109 0.34212266777988936672
-0.85633146771269519348 -0.67372334301556890956
-0.56262480483474930359 -0.38034936320669660015
0.28120126430840564069 0.39052216112305154772
0.06572043658048798420 0.07034335179559828011
-0.25511228692059506606 -0.20347817385597960493
0.81744640009308855433 2.84341703521079480765
-0.32643247219141402482 -0.24701023891128723320
-0.57427377766378762125 -0.38757066544231583149
-0.78067829076938433097 -0.56554598344098805374
0.71721924898637490209 2.05495770602665439597
0.94716429078025465849 4.26113049978396851714
-0.48295947832695107493 -0.33423000412289893823
0.47268632168393143189 0.87525157458395175247
0.70949335294108628602 2.00319187837960877019
0.50140713269241166117 0.97377332067196598064
-0.62300858255569280253 -0.41988857905649573654
0.96969094083278206675 4.56332428536464274060
-0.23457450650025424288 -0.19013928203678409634
-0.23322260570421637915 -0.18924688028853031696
-0.39477820021482501467 -0.28575415281121874234
-0.47383437191221022822 -0.32917681400026255201
-0.64508123835333486262 -0.43592980625277893969
-0.11513286487262752722 -0.10324796052643601951
0.28231631793932354668 0.39266603895839047311
-0.20349362186400288266 -0.16914475138199663862
0.89308651981501907535 3.60734650455183514239
-0.56011185284567077680 -0.37881246157729864255
0.21819514456619581999 0.27895354046957115957
0.05600607695138282160 0.05932882058122412178
-0.83956843534607350499 -0.64677395040550123007
0.77307414229220827728 2.46604352065320364673
0.44308227896229523957 0.78201063915186108666
0.82225801269243770086 2.88729653713604017540
0.13800367152264936266 0.16008973483838739860
0.49822648500877475541 0.96244833531350293399
-0.25071235246588052803 -0.20065420828593519276
-0.29386552419097444755 -0.22761989366494503328
0.51486120701715809567 1.02287076466610060699
-0.05923407393418744782 -0.05592164997940190369
-0.71864941164401208162 -0.49829991136777507243
-0.61177693602114580074 -0.41209447471188398460
0.56132592862797858757 1.20828707110647282086
-0.62881542474538187903 -0.42401174155509996355
-0.16141880591737134409 -0.13899938159308874996
-0.36202023008313077845 -0.26744928872001272335
-0.93438410914696334864 -0.82708039002904565340
-0.50405205127884822325 -0.34603348382638898784
-0.30897492070482068804 -0.23670809586824725912
0.60963665507471764826 1.43020634972258142703
0.54826166474916027127 1.15354792667287475716
0.12856422993543414890 0.14752632230050974349
0.58381959822959350603 1.30765818941771527761
0.10220861514795864800 0.11384323443006758025
-0.52208653687955997036 -0.35631215419342154860
0.86297922590981035462 3.28366103188301972082
0.78505206045254638525 2.56321512742663681905
-0.46629394653302624896 -0.32501882193607123384
-0.96971617299502765874 -0.91446010370450403482
-0.31362245202004013223 -0.23947065324020547217
-0.37754044756018201312 -0.27617071470436804770
-0.61796799787045486596 -0.41636200216791774409
0.76387319399496500516 2.39365170283947659158
0.32489778955592152343 0.47951493309957493594
-0.29599012313171302324 -0.22890805491078186629
-0.38484679969457946669 -0.28024445155005273111
0.19257900749392042883 0.23844809520146548198
-0.76144036178887763988 -0.54293177554542171315
0.62877272589380317491 1.52730283682133705092
0.98423927461059679267 4.76849877312653536165
0.08595744117634218640 0.09404052030082159230
-0.70960551269760929749 -0.48975002467218564650
0.94776359453090375240 4.26893302629700155393
-0.14345512994972464682 -0.12546521658454559689
-0.70791245355082454971 -0.48818043001069783005
0.65168316055387065511 1.65103956975831267506
0.84216950098479848030 3.07540262222740645726
-0.93787757626454526516 -0.83516835226504337886
0.22806108325079765820 0.29525701333866227749
-0.27647416161642190957 -0.21694193174177861527
-0.90596077150410581069 -0.76542667023258237347
-0.55549623986788221330 -0.37600772623787070970
0.25215575367030274023 0.33683311392733938927
0.01185346717791735394 0.01199565730528936308
-0.33948470715766521089 -0.25458709258840667156
0.20966439414394888452 0.26517778723402762875
-0.94587917896471651602 -0.85413610667001460541
-0.93260302050462562384 -0.82300133383120677166
0.11945191055369308586 0.13565301759432507600
-0.09131057466375236409 -0.08367109820164925216
-0.06561678874112364390 -0.06157642151510936412
0.25705699803341119924 0.34560992823382868933
0.00241293431713907047 0.00241877065185001081
-0.96378288998287553468 -0.89889302741952459286
0.51045867199648231605 1.00658961809632607753
-0.14882432796660483021 -0.12955435369003800994
-0.48866073451106339931 -0.33740164552314333424
0.12157334200567837534 0.13839529137824915783
-0.83623906212891840894 -0.64164024610432635054
0.24732243334603243312 0.32828607946645188553
-0.49495697078821776493 -0.34091946268864442571
-0.94130617519468917642 -0.84321970334334717112
-0.56333338518014630658 -0.38078401764731517609
0.19861094540148438448 0.24775677352498293171
0.19959949368157925420 0.24929551798017707265
-0.19865047147715708675 -0.16577970678616699152
0.85984168169976893381 3.25147383128628852944
0.46741518555826644388 0.85805451405099675277
-0.14725992904552076546 -0.12836683574597917978
-0.78091874124388760414 -0.56583972769784074419
-0.77700468310921766424 -0.56109308664734336425
-0.99066289107803129355 -0.97250609501491402931
0.62166365907154563786 1.49058582605919709430
-0.94863094007051684819 -0.86080413542490075152
0.77688361153019647176 2.49658446131178424210
0.81675822849563894934 2.83719034014011883826
0.99661252207940642656 4.94941674904397999057
0.75606917811226881376 2.33374557523686565474
-0.25188965709706589990 -0.20141158595695290989
0.26083224789735082183 0.35244685763049121707
-0.00974241572599221506 -0.00964841683890500616
0.54173697377050022972 1.12699396122082617921
0.18108365459381414730 0.22108289346254761387
-0.44203272429395701337 -0.31170756773922142502
0.01124812719838197417 0.01137608686847314116
0.51427901137956788524 1.02070555992889011598
0.97355045984852339735 4.61697383191028976057
-0.81844203519647629186 -0.61536167047183976120
-0.62842769328113057270 -0.42373436149289267494
-0.59531025382670654800 -0.40106337756253518378
0.27858199887174417420 0.38551098889514168189
0.72634696256337494269 2.11764532058272303416
-0.92428378706874703141 -0.80433947056251853258
-0.35796518073178118513 -0.26515346701759701098
0.00522835155508460936 0.00525583088665368056
0.81065439505067860004 2.78249421186324807920
0.65306914867633070187 1.65879803361766886560
-0.23674894093669807127 -0.19157083583400480453
-0.30013337065275647042 -0.23141034923848610716
0.59963821352666513143 1.38162725082126969234
-0.36141717853344035305 -0.26710834128356775174
-0.13934120230601165780 -0.12230622525980246185
0.64795400019372917377 1.63032194865509993953
0.69371353331569385325 1.90104153519708751752
-0.41081131325473974059 -0.29459509626187269093
0.31004590473993420829 0.44808432091731215108
0.34214025779115631032 0.51764252996040216459
-0.60397344493187010706 -0.40681113656035228221
0.44911398471219121653 0.80036127637705223314
-0.24219645838653147685 -0.19513684531444391856
-0.23340345060970002500 -0.18936636327615433140
-0.93495052787375954040 -0.82838387422455095344
-0.25016649790407607945 -0.20030261261064394307
-0.45318557008905480110 -0.31781786352551433250
-0.38569616940561535223 -0.28071684826816611924
-0.74916406472350027812 -0.52937039037860789126
0.92612614810109095131 3.99516830945231493644
-0.06633245452095648531 -0.06220624667607801972
0.73094176675963473677 2.14984072029484840627
-0.58779329438788474604 -0.39616999307980516054
0.28487695662368994753 0.39761333928945535865
-0.49533000970969465193 -0.34112843060485464886
0.73663672200996810346 2.19034918459790794998
0.53309478927115505620 1.09260392837051933945
-0.61720898628090603566 -0.41583507531646307642
0.18922348498786711879 0.23332888597277665066
-0.95988697296340430576 -0.88887369244504366161
0.37404124954607498310 0.59317442639747697264
-0.80603936129561981616 -0.59815063609237539843
0.58532739612238127158 1.31455978672589024470
-0.10590640608605017547 -0.09576562403826485714
-0.75549464323115578246 -0.53628262966873141426
0.32523826110834552772 0.48025047846920965178
-0.41042395541472243004 -0.29438212891213733080
-0.47761570115558216187 -0.33126764336698444335
0.80664084513617573258 2.74704572200425545248
0.43879680968817380560 0.76916658299170648228
0.94084040688027315014 4.17957026958533717220
-0.96994684618791526809 -0.91507292300751552627
-0.75144172173734657960 -0.53183778833684780540
0.97454159861344602511 4.63084158758485564533
0.91312402668400372008 3.83831056781029111846
-0.92971189520583230603 -0.81644333883806330388
-0.74246746918803507853 -0.52224026063974748890
-0.20758939956376964986 -0.17197022897457936441
-0.05903522610543165960 -0.05574438600536011507
0.40139641888572663575 0.66356748130525200491
0.29327968383783264983 0.41408649681920139951
-0.39997436564546640092 -0.28862584975742622273
-0.68496861879168990939 -0.46781315098871173452
0.85439788827904750157 3.19629760051329903092
0.11280552793859710548 0.12714626944258519692
-0.23744118812182146705 -0.19202560066352736268
-0.53118054098990707956 -0.36157902995435148297
0.64289859587091746640 1.60259924565315237110
0.08862770889380877648 0.09724590611439674903
0.04273297935283881799 0.04464059906136280675
-0.56035564245945734818 -0.37896125135025893194
0.21913578849388115621 0.28049057896737700224
0.65801768671749583106 1.68676005721440747109
-0.45955669084973949090 -0.32131423146610954555
0.07307464106269612181 0.07883535399382514408
0.26413452490128586092 0.35848255808981138726
-0.58667172772696241090 -0.39544699529873106325
0.91634027589503519451 3.87658998815088517986
-0.79415290406781791077 -0.58245262253670138097
-0.33717307048380718015 -0.25325247792322463924
-0.89108444181161394759 -0.73593232559595644915
0.16848440232057848576 0.20259575159274018086
-0.16778586612502888187 -0.14369772975624700573
0.51089349647414694644 1.00818824894144309923
-0.15183049097393053195 -0.13182733281366809663
0.89751857704148685357 3.65733342246575210410
-0.57565929124138492945 -0.38844071245123812375
-0.73634699573585415955 -0.51588161422487277541
-0.08951495302918766050 -0.08216084347100359453
0.28651993004026077294 0.40080540775251294328
-0.54262309969022792799 -0.36830091907265666284
-0.09902098169121531512 -0.09010012185283605701
0.56338805448519413410 1.21712304097825518845
-0.51374185179874931606 -0.35153094772534165813
0.96555905285781995495 4.50650496648967191504
-0.31356512078395804011 -0.23943666534253107980
0.10927515447706470653 0.12267924529532747702
-0.33461788986161811188 -0.25177367928142241338
0.75368777702199785118 2.31573376133459207793
-0.17703128023389846923 -0.15043105942553955390
-0.34728361582868405577 -0.25906788995308666079
0.87854438716413585375 3.44759960533757858769
0.35281483733250151857 0.54217260360660857188
-0.76502375213499007600 -0.54701462711814496931
-0.38072936658502376517 -0.27795102643555019695
-0.00089678199689213756 -0.00089597849950418028
-0.44555616923896201875 -0.31363701068690152951
0.46723017462742988393 0.85745572169578820887
0.13306603279848916443 0.15348398658162520913
0.75209893442972308719 2.30378561864762954059
-0.28652192269819920512 -0.22314054692498647148
-0.95514739683971772166 -0.87689710624601024946
0.31004169132214665083 0.44807558277027764726
-0.56963236063288391620 -0.38467370668413569668
0.04351620611121354010 0.04549601320867184551
-0.43920850521070287087 -0.31016134952984786288
-0.46275346996107891151 -0.32307095969638088828
-0.67602376040460376849 -0.46029946721782022401
0.35616711878188889173 0.55002742702855933477
-0.94159822877024601517 -0.84391077773272782370
0.39861379124727114309 0.65615443069013046351
-0.57598963163668392973 -0.38864851812407347209
-0.46663836587467000250 -0.32520845010436427724
-0.12408560708751648072 -0.11039128746447796070
0.23605647122541384419 0.30877079610843677360
-0.41985605905322787024 -0.29956122006853813655
0.84986349572719532830 3.15098078611559095918
0.54183272268738225108 1.12737993334869202045
0.39135346153203021125 0.63708702118644244816
-0.04602065182413350719 -0.04399593951010973697
0.77204312590643797698 2.45783540540704592559
0.36804652245059576998 0.57846189771517031453
0.52907180674279241650 1.07689311299920698062
0.09168336863466630682 0.10093702077849756038
0.60008939601935318287 1.38378844263027755979
-0.99045102074103685830 -0.97189409849805019626
-0.73677620194876469739 -0.51632270751680153786
0.50552238339700705794 0.98858452816380359973
0.28153893954721498361 0.39117073049589445866
0.33069595525557415883 0.49213516873252943773
-0.15176161852280634079 -0.13177538935345251003
-0.73724146945714785772 -0.51680167358947715073
0.65142140708556395268 1.64957790109521629240
0.68110397733692917832 1.82275560142807147024
0.03386526161632685827 0.03505231595807001971
0.06299691822539088548 0.06723228231109570907
0.51422709536872157621 1.02051266340647694975
-0.90562509194492757381 -0.76474090837708552648
0.02873168314387952726 0.02958161208668240102
-0.04436659210816329413 -0.04248182589343506982
0.22668873060574235012 0.29296486376799979467
0.20060274469103678285 0.25086097973826482210
-0.41130172028644662596 -0.29486468218748795866
-0.02422795845292080585 -0.02365484993377109380
0.12498974203904644753 0.14283938740437215897
0.22248353731910608388 0.28599041759688609288
-0.76262245735679523584 -0.54427228085811607539
0.61183719360695643097 1.44109316921891772445
0.87313301259920272912 3.38979200729919538659
-0.02322436218284518183 -0.02269723356685431764
-0.18959919393956981004 -0.15941978479552992853
0.22075390425265606353 0.28314312292683962990
-0.84097229566375775178 -0.64895987568874857754
0.81492235174149607602 2.82063873611395576901
-0.09532562266326816136 -0.08703016804367959269
0.44504939161842282935 0.78796000860281911748
-0.29622714596932131492 -0.22905155121578035793
-0.69555172192521252938 -0.47700441188114867108
-0.63398503947534856628 -0.42773912055212931493
0.06273363840119206003 0.06693249647847067385
0.97629371544697085561 4.65544753806036037957
0.43480160263240152929 0.75733532706321216033
0.01932610875910234505 0.01970696770824046512
-0.69574131615485867997 -0.47717217080798562945
-0.29733669583744792853 -0.22972272156320802661
-0.09089015582891013523 -0.08331793912716412009
-0.50462073351372160879 -0.34635464906909230187
0.71402960060122233621 2.03344387849380048294
0.67087711099725821917 1.76136602156158939003
-0.88710662714618049307 -0.72834904294092595034
-0.10641062629182318489 -0.09617774411583229766
-0.50929668495572744114 -0.34900220889535099600
0.08371062893460368137 0.09135791320824548922
0.40555049385458041833 0.67474430701094134655
-0.50582680004103730553 -0.34703636140231142182
-0.75206166208066127510 -0.53251315149459099718
0.28363800455803533929 0.39521541848623947812
-0.98835239475280900479 -0.96586019656801702649
0.57361348842756032518 1.26174644761860910158
0.91045453994798730690 3.80679574212766969055
0.20593539999519672179 0.25924732612609496796
0.76779191236103261353 2.42424808271346048372
0.02455044556421603907 0.02516833928891454644
-0.13630206666210842315 -0.11995796097995999052
-0.05859132200370886778 -0.05534842506584664729
0.56008496763962800635 1.20299571956995787758
0.35147603480189548719 0.53905604155681852152
0.93097015652972614497 4.05505537291085804696
-0.00600730444853825318 -0.00597143223714291776
-0.65616087881669682425 -0.44438420824158170186
-0.55538786091174952020 -0.37594214364091860237
-0.63196669386295201143 -0.42627736689102091461
-0.21511249122719999782 -0.17711246864486576702
0.62277061818422696504 1.49625225745411327694
0.58731288230883826884 1.32369519648163058712
0.82801316857263596027 2.94057693330366554108
0.35932358058039381987 0.55749082177741049460
0.57735528609208786044 1.27841730944769449430
-0.42909222754747400330 -0.30462270627341320184
0.74073121490189741678 2.21989227877459782690
-0.67855600522199255309 -0.46240367938410359416
0.26918632143556031622 0.36781721730648225810
0.28469427276613035183 0.39725926950273238170
-0.14025665381752094873 -0.12301113620795652015
-0.26807526665735936788 -0.21169595846348551738
-0.27455846730481847651 -0.21575065757878270079
-0.08762163548496770815 -0.08056302410490814858
0.91309316547070351611 3.83794490443089308940
-0.51309391381250724073 -0.35116160108077415503
-0.81326863581243769019 -0.60807633595289933837
0.95885209848711805414 4.41561651244390951376
0.61872579919449832708 1.47563715557341468276
0.54936558192058826400 1.15809166894642001644
-0.79568294310203691033 -0.58443109512330027044
0.10245827008878838349 0.11415303579861162120
0.69905825154058187643 1.93511117713708191701
-0.53940232810407295894 -0.36639741672557524232
0.97008630778999194177 4.56879446226250163221
-0.64772290455657888231 -0.43791972349866226111
0.55415680416599211178 1.17798584404157735683
-0.01409689410529235687 -0.01390093411692902917
-0.96550685406149172607 -0.90337756424573523173
0.65856751842973459965 1.68989226860235897121
0.77468193748148372890 2.47889240313187864118
-0.81661390476419826179 -0.61276958298890504828
0.33759998938853952311 0.50742672568368651920
-0.99545910578180918371 -0.98650038194221223442
-0.87211705073688494672 -0.70087123332659340136
0.68675181039269905803 1.85746056957708627344
0.43138750480284082656 0.74733279494758053652
-0.55729995979876023604 -0.37710103455247462323
-0.77490922705371745316 -0.55858220197621266667
-0.18509565319450249632 -0.15622018923086439246
-0.23095786696754694312 -0.18774780752660844008
0.34555068997993410029 0.52540089740892692571
0.30471815897233978099 0.43711425809842474610
0.45327582027592372427 0.81321206847734461842
0.71194836138868566877 2.01951421939032194075
0.91561551853382350252 3.86793434304268757273
0.63436185017132329378 1.55671846221768195306
-0.23823987830980497549 -0.19254970626312795101
-0.45183153967876665824 -0.31707546616739129552
0.48869564183080793640 0.92914122556960709876
0.93835155427851546506 4.14785525282541556180
0.77865113431674326527 2.51086943419479258210
-0.17221784833054720742 -0.14693850487597856502
-0.83545945661701304097 -0.64044830178235545581
0.43707266546635192839 0.76404396970503851705
-0.28484398719997039429 -0.22211110013712248579
-0.94881659628802261786 -0.86125672388876473029
0.18689404235724604852 0.22979960310819308456
0.34941935635639875812 0.53429089276056962454
0.64445936233287559602 1.61111386631920971979
-0.61500850627754211075 -0.41431339225721675046
0.87695623901416563939 3.43054319138061503125
-0.24774268639602636810 -0.19873800765975130345
0.22218221835172569101 0.28549350029721154431
0.43038299630821730268 0.74440856397094223862
-0.21925260084494024859 -0.17991652348710901466
0.64526645763157497449 1.61553237439223984495
-0.49805627051050671561 -0.34265758568926435457
-0.90064342328167579232 -0.75467501899418942823
-0.24807052543464824801 -0.19894995626420083901
-0.18394731254901119932 -0.15540054079608053850
0.46202735049328724770 0.84074858043408706720
-0.12852158242756384077 -0.11388890660610800909
-0.52289515876923742255 -0.35677799439385698976
-0.85237881136645277103 -0.66719924727467760928
0.37582709860018770343 0.59760553284379847039
-0.70979478719066135817 -0.48992609362409800244
0.83301510466217632001 2.98759794157922309310
0.73159625164744968018 2.15446191401450981573
-0.87684445809597533206 -0.70935340564328674962
0.47897604064886167841 0.89612225051085181438
-0.03073556396850385397 -0.02981905920972081209
0.43616053987969638506 0.76134427950753957859
-0.27620800533003064814 -0.21677660659433797830
0.78917415080954156359 2.59743968262109614642
-0.20792207389579653309 -0.17219891659005595597
-0.67097827915878327509 -0.45615915467568018959
0.19743443149359229949 0.24593031377746490951
0.30799038757955043977 0.44383321249417584387
0.42519357482409581017 0.72943598491782557502
-0.60922726563104490083 -0.41035676127921277834
0.88813759807400449731 3.55225353154330969474
0.46468743954116709105 0.84925883293398751750
0.61077310313942367870 1.43581986196330690930
0.72814090017261157151 2.13016385933281915399
