-0.91076393204772032597 -0.08127299212869579237
0.05853780000177200016 0.06196447403081945665
-0.40719614190772746021 -0.24138744392318933762
-0.42126548545514075350 -0.24380087621938534292
0.56623881731220682134 0.88686521554333352935
0.76733487500769936851 1.35613768541078094643
-0.91397550688855022649 -0.07862427969636789915
0.38381265082894677754 0.53112480176528975573
0.60865372953071439355 0.97911309200236240624
0.65814399615436158797 1.09129751582839396029
-0.82610759082965290467 -0.14365383920327967626
-0.53578509397218576638 -0.24871942704940183666
-0.58208606109667915263 -0.24326187857363226752
0.50871702620282199803 0.76751003895146463485
0.17600711989206496710 0.20698562614476470611
0.97188688101534315145 1.91645099050507483618
0.03625788788352979353 0.03757252231730440900
-0.85106492587037863018 -0.12675341782362556375
-0.38084166392103102616 -0.23580129094289148384
0.02960001223443242679 0.03047617295871097448
0.15648227150632254556 0.18096897280210100245
0.24751914745911407501 0.30878487581800073691
-0.05041165727237695293 -0.04787032208342935358
0.21696037801341305773 0.26403218364113612004
-0.48428064474142273887 -0.24975290187025464550
-0.60939204031971661024 -0.23803338151468950157
-0.66058178078544127487 -0.22421349167977647210
-0.86117458244901778919 -0.11955292099277764484
0.68525683635106582337 1.15483376811693716490
0.95752750443537171243 1.87438642618560247222
-0.03907498692009303554 -0.03754813231728759693
-0.86476986108430531353 -0.11694294844453660687
0.53848220682139658066 0.82844529388463794550
0.39673383380574245294 0.55413156869194490906
-0.53044674916124257003 -0.24907299546551237013
0.84279900201417912164 1.55310915981027553023
-0.20381523821962854726 -0.16227458688910462170
0.11231380688431991111 0.12492819810116821688
0.17243001442902849973 0.20216212430502347730
0.00489948706300258330 0.00492349203648311320
-0.15582646594259030870 -0.13154457845443304209
0.91265079889685396530 1.74558227962391976362
0.56534932737260490399 0.88496918933326174095
0.75194451434180331617 1.31736506699053368408
0.71125161293438465826 1.21713046983614847640
0.92517832519155773774 1.78113325859581350663
0.89565587881123343017 1.69785533206035621490
-0.76394233724282489817 -0.18033444261079489834
0.54983760744467935488 0.85215900200516869756
0.15886185549275744222 0.18409894462335918419
-0.74659847963691783335 -0.18918918984076060763
-0.99828105050338789006 -0.00171599470924020691
-0.26384744115821634480 -0.19423196895247790694
-0.18049106540599857418 -0.14791404071460612091
0.75643885460040571900 1.32863859534957939879
-0.91459995498058233032 -0.07810687733009910594
0.44942798957577068109 0.65141350738988967883
-0.35307851415500790537 -0.22841407699709978529
-0.78802369639920488709 -0.16704235031253863997
-0.16658157684027119494 -0.13883215509768001561
0.76514011314166752165 1.35057950588011133064
0.98807674513872267852 1.96437239942265495785
-0.74727873197240701764 -0.18885322871411849843
0.20113522951791229509 0.24159061007113555308
0.38750265370557279709 0.53766096033443389057
0.11840061349432584592 0.13241931877015858388
-0.70583286445446447033 -0.20763283191047005038
0.40749145483323068184 0.57354074059533355356
0.81818214340844619414 1.48760416320088539877
-0.39956846965076664446 -0.23991350771171102152
-0.65016984025075674758 -0.22744901907906220351
-0.08612994511161509159 -0.07871157766668526734
-0.09457812251096142653 -0.08563310125326299704
-0.60538227022996649040 -0.23889457712117831423
-0.54387419912425238877 -0.24807505465120543997
0.37567393392988801537 0.51680483856424586087
-0.48100057534152496075 -0.24963902186264694261
0.36165652447703977579 0.49245196617385145199
-0.43001780359443952939 -0.24510249218625354550
0.81594786049239376169 1.48171877153450859410
0.51761102347420839820 0.78553219509622596028
0.88041386191809856143 1.65554243017563917917
0.96525899988596419732 1.89698393674681597965
0.98850270732406375629 1.96564030971106751267
-0.70525122237750914600 -0.20787193571253828606
0.98430934236150258165 1.95317422382163630168
0.59174587907027587086 0.94190906446692945764
-0.15128901886163315105 -0.12840065163351754851
-0.18509549667947156060 -0.15083515378845130384
0.39102322132171329905 0.54392238093452283110
-0.60896196047922379613 -0.23812729116852407452
0.76246576514494801557 1.34381980816301904724
-0.04186286861592969366 -0.04011036884717510131
0.22095355840143726667 0.26977403337169458819
-0.74043453472901488155 -0.19219123450964215039
0.36301783584308489061 0.49479978498328180958
-0.89414578445573877907 -0.09464910059577030799
0.59446778982234826927 0.94785974295861585848
-0.56088779575737657268 -0.24629267632780799113
-0.20692047421002124352 -0.16410439156272116357
0.06266781230143836368 0.06659506700008667457
0.70680736335243499191 1.20638401224165603409
-0.09734129079559039610 -0.08786596390183870620
-0.25760734590710976377 -0.19124580124180445839
0.34609262197007151229 0.46587272495219034241
0.42218061772751735994 0.60041709171230550623
0.04847388207809766314 0.05082359932181897827
0.17992124475355764091 0.21229289906722723091
-0.81711348175014419937 -0.14943903969230096229
-0.12229463131389972652 -0.10733865446569706981
-0.08899152545185051721 -0.08107203384960315340
-0.63088536376502823977 -0.23286902155209623921
0.26812657320397281779 0.34001843246207819060
0.11544099943748342696 0.12876762378860848179
-0.74241905062552882022 -0.19123300389381728270
0.89225657570919181261 1.68837837260548462304
0.12601156440681071658 0.14189047877106253370
0.54639286974514655881 0.84493803785348320368
-0.47908580650658771916 -0.24956259651052012383
-0.86992238160804080671 -0.11315743158543503655
0.99149352040823224286 1.97455292141974192432
0.96019126997827841663 1.88215854492077760973
-0.37910084845835267942 -0.23538339515650980038
-0.34066703927932162621 -0.22461300762798275255
-0.72551565373710302786 -0.19914268991952704946
-0.95121018750907349038 -0.04640936668802674026
-0.77289985488475343445 -0.17552566920388051885
-0.97162854479654603423 -0.02756651573309237130
0.84778434048135742351 1.56652262844676748443
0.02527585320490088883 0.02591472196013658649
-0.36639564835917370900 -0.23214987722263444314
-0.23612614715279134359 -0.18037058978356967920
0.89782795633020606729 1.70392299549828041272
-0.55677719593656593844 -0.24677635002158079813
0.13259134344695411301 0.15017180780402225593
-0.68182116448598195646 -0.21694106414496150403
0.65242371771912077705 1.07808042516155966339
0.82209375732260148162 1.49793190315139379543
0.06644191780021602156 0.07085644624118668522
-0.66894230466935256096 -0.22145849769300765542
-0.62421841306311298680 -0.23456978585608184718
0.59688004941058281361 0.95314584279496261665
-0.85374123378965727227 -0.12486713951697103742
0.22040558518223973827 0.26898420716176529854
-0.50446267356281815353 -0.24998008454467171569
-0.42184839573634702603 -0.24389232675101737979
0.59154753426544282036 0.94147601956096804710
0.51246616755613016991 0.77508774044579786811
-0.27187238716122497095 -0.19795779226048196286
-0.13778026029175505229 -0.11879686016569128426
0.75368939992297168118 1.32173711147922090525
-0.03493343485920208380 -0.03371308998813996732
0.44921524363514175882 0.65100957874932152691
0.38420356145800638181 0.53181593809502247794
-0.93472013074257187526 -0.06101840792716121259
-0.02553277822968547106 -0.02488085546555917141
-0.40868529850926038627 -0.24166162529165710615
0.79407542924010865448 1.42463121656297153628
-0.20845765202889632306 -0.16500305933949591108
0.55631641010814192327 0.86580435826375223840
0.48439613079242160865 0.71903574231909039849
0.30017295947114353005 0.39027676506880831786
-0.64495215342235523437 -0.22898887321822197771
-0.08484988639519563947 -0.07765038317391803613
0.14821633907054931889 0.17018442223802535129
0.85804634087672382314 1.59428986396865868258
-0.67545993911670021426 -0.21921380976516385841
0.00051519910481268028 0.00051546453493028007
-0.85469636177320107429 -0.12419049094485445917
-0.42313652517451405544 -0.24409200623775190175
0.67995454178330794193 1.14229272067505616128
0.08960474656506356439 0.09763375717205283189
-0.18042486542235414149 -0.14787173335967954135
0.78660211361513221462 1.40534499875892548992
-0.53599153853461811714 -0.24870460915391109924
-0.88218880664172982797 -0.10393171607777045018
-0.65034355770351393033 -0.22739681465705016694
-0.43194202755756316847 -0.24536811238702449511
-0.88893750250719727468 -0.09872761914346390999
-0.84208403100152051657 -0.13297851573375074619
0.37084883692786552167 0.50837769677861610607
-0.31728729463918980969 -0.21661606729973376106
0.99701768524160483409 1.99106194992613261263
0.05306981468551885683 0.05588621991627416852
-0.65838354070181703825 -0.22491465403475585649
-0.28176855463123939849 -0.20237503625226166415
-0.64728296748544300598 -0.22830772748868194411
-0.40803576242826022913 -0.24154257900784861790
-0.87483477400005726921 -0.10949889220032599235
-0.39334915432404593538 -0.23862559711660383255
0.27503640350383862234 0.35068142675616498227
0.24692822994937735359 0.30790178069530993454
0.95901333584422343570 1.87871991417128869628
0.27378983004196699724 0.34875070107637617944
-0.38616119559984785070 -0.23704072661274389056
0.87212943614045279617 1.63273918952311691832
-0.59199583000496303065 -0.24153676726169795441
-0.31822925673332824736 -0.21695939689228171954
0.63033923317150808430 1.02766678204675288022
0.36298387413152233272 0.49474116701105119720
-0.06040652076761054978 -0.05675757301636278479
0.43314594679636608809 0.62076135802248644247
0.52058153128708539725 0.79158666200429206317
-0.56766831957395180730 -0.24542099852603752042
0.18504436218785036417 0.21928577816535871348
0.25975464018921767817 0.32722711328904763306
-0.42099673108455215598 -0.24375848350067344517
-0.55736958467150854446 -0.24670873075461860480
0.31093138666038688811 0.40760971387093791751
-0.68460677126096247669 -0.21592034000460266774
-0.99373004802188558138 -0.00623063968030655810
0.42304098173141668759 0.60200465395569746629
-0.87611762225353673195 -0.10853553423034585645
-0.90259784966429079667 -0.08791497144568910516
0.53340992361625882978 0.81793607022856196220
-0.42712695604368877689 -0.24468951946454153834
-0.60090866437643564169 -0.23981744145376387989
0.02767028833329354676 0.02843593318974114645
0.78824030844502801507 1.40956309230254084319
0.47888602398537893912 0.70821784795390385625
0.72321640593597824598 1.24625837575093201259
0.73147031436960952000 1.26651913517358494232
-0.08528733945984701137 -0.07801340918770784116
-0.71810161834609287368 -0.20243168407481523796
0.90275162912052042685 1.71771213300027403292
-0.96292009655441845872 -0.03570498420604788919
0.88781255001869152643 1.67602367398938323362
0.88501309990572218922 1.66826128691045805219
0.49022593099016353868 0.73054739440533611461
0.41966189924473762396 0.59577800892243792941
0.90762196108697290597 1.73139958533433535592
-0.68158490575883190488 -0.21702692200055614946
0.73282922463695632231 1.26986789711895897703
-0.54855792378405676679 -0.24764212803778173910
0.52544763682428019536 0.80154285586850082534
0.14880456408091036202 0.17094736237222010744
0.23672490330591733354 0.29276358315111322694
-0.38014285819342674699 -0.23563426555795899398
-0.53108716936897404359 -0.24903358790062471440
-0.07779022275187319480 -0.07173890399608714996
-0.14048704710397497131 -0.12075043669998049289
0.58328835727477379436 0.92351366500707798846
-0.62793442015239397946 -0.23363278414027072172
-0.74668401233614400958 -0.18914699805774115582
0.98002610477595508698 1.94047727081828647044
0.51312671229922934835 0.77642573517424540164
-0.45492865133935644906 -0.24796857352991069634
-0.86299276158272952841 -0.11823625503854368057
0.26673895471789643707 0.33788862468189245769
-0.13368863182241508269 -0.11581598154386582578
0.54657184974398353994 0.84531263667654321647
-0.18308606440243080371 -0.14956555742405977516
-0.89202523203735561985 -0.09631621744605747826
-0.50548990076702771113 -0.24996986098956819333
-0.61656224972469697576 -0.23641324193911739115
-0.83439540123816891004 -0.13817971563076403285
-0.80375152717742426312 -0.15773500973738249775
0.43430269480260408343 0.62292152551540791450
0.55874568982762751190 0.87094243572857887870
0.60223325685496842397 0.96491815251711077206
-0.46411851307588691817 -0.24871251889611470376
-0.33309674704507719056 -0.22214330415306504651
-0.00548644654539365284 -0.00545634544969819061
-0.62468417396557152088 -0.23445385676252308849
0.04223096461716391303 0.04401441898966006183
0.61026755323197723335 0.98269403975972136056
-0.06790245032135211467 -0.06329170756170841849
-0.86767867840381374123 -0.11481238944722491069
-0.76445905112982726060 -0.18006141027551142431
0.17868368295554071246 0.21061154151009689461
0.31536697862637708134 0.41482330983430687477
-0.81994767837863635762 -0.14763348310012067155
-0.72147965160390215011 -0.20094676392541413468
-0.83249975971213818760 -0.13944390979137036291
-0.11556949409060357503 -0.10221318612624552546
0.22943430317564028620 0.28207440264933192342
0.45155911895477318652 0.65546475686598415500
-0.11963471648548629211 -0.10532225109692359977
0.12904930802009539903 0.14570303192056086039
0.69304535681970036443 1.17335722342904613669
-0.60439920255818924133 -0.23910080650521417511
-0.19531300594345624155 -0.15716583565278766099
-0.66398202084906476905 -0.22310989683825688257
-0.42621570570233235919 -0.24455587791499516781
0.44003499298020765096 0.63366578802729900399
-0.90391699455330853930 -0.08685106151102252314
-0.50035754689277878171 -0.24999987216021946068
0.86514899676715528720 1.61363178337437052079
0.95690464446332357262 1.87257114305880323357
0.62485479974205593301 1.01529832050274082533
0.25164469496320718278 0.31496974746633277231
0.70277044264427357412 1.19665673769870184451
-0.85644350475741481965 -0.12294802791625079885
0.97102402110026453386 1.91391167065399159242
0.12709501303395165372 0.14324815537205198845
-0.88281426824114572760 -0.10345323603099612630
-0.31290525873561203518 -0.21499555779121171106
0.46366075927784677901 0.67864205897195617467
0.81052291680250099226 1.46747031546453499118
-0.34157371942470504678 -0.22490111362307790843
0.99165160962661591526 1.97502452450167420572
0.49883382522739871945 0.74766901041839772812
0.93986503995646319964 1.82321133328882734048
0.13736478913672423019 0.15623387443130093422
-0.44723259034432838455 -0.24721560047823054607
-0.17146356531589468375 -0.14206381108505661270
-0.67265300757449009161 -0.22019093897548305816
-0.40444544749207600454 -0.24086932749501038797
-0.25943687357300526664 -0.19212938220366973519
-0.60634999785740850697 -0.23868967795572920698
0.85547077089807066486 1.58730101075900997820
-0.04421101746662525755 -0.04225640340119101585
-0.09937153784115237976 -0.08949683530823679400
-0.91706504723405579682 -0.07605674637565480734
-0.54072989380653457836 -0.24834107575050842764
0.56079521268447596327 0.87528648325430258303
-0.27689101940334026608 -0.20022238277711931764
0.25577020724140986374 0.32118860615372363254
0.31770988991330306739 0.41864946406202624418
0.29404760431252818798 0.38051159791446531599
0.93988239544849316864 1.82326131272249081228
0.73994004628584453265 1.28745131838334225804
-0.78325312147002490448 -0.16976766917748731256
0.21393280302930817172 0.25970004724128492590
-0.80736708665410072960 -0.15552547404177052837
0.24769756895052674750 0.30905165461452771547
-0.87233297953807498182 -0.11136815234829944288
-0.58298156890487895510 -0.24311405922208481623
0.27976573863631926109 0.35803460715104457046
0.04997986627087991351 0.05247785330333495230
-0.24860640182608939597 -0.18680125879717437987
0.83165432637061864618 1.52330324494158619864
-0.31888908908081359250 -0.21719883794602251603
-0.59032060923310303302 -0.24184218754776110050
-0.81971248844655275612 -0.14778392473131288232
0.72510541563098951379 1.25088327940837951147
0.94952945643799502307 1.85113564508142935949
-0.48296856489423878322 -0.24970993021823825742
0.47330008341632945346 0.69731305237823382193
0.70800519132154748903 1.20927654225980862890
0.49404087019359410604 0.73811725161523777938
-0.66532569301003752216 -0.22266741523075084253
0.96548830700390975146 1.89765597796518559193
-0.21748692214090237229 -0.17018636083857943686
-0.21529922039935489586 -0.16894546609478489074
-0.40476663313618899132 -0.24093060583578279621
-0.48059630721042601031 -0.24962349670612782315
-0.68945238602036718056 -0.21410779343118976903
-0.11917329840190649115 -0.10497102334991664785
0.28544240543762855467 0.36691977225964805820
-0.18333038780247545851 -0.14972035671066941109
0.90199769609421753813 1.71559753985349394689
-0.57073319363403340887 -0.24499681531833034098
0.18911424374595497966 0.22487844093355946473
0.04041079031702610180 0.04204382229107275076
-0.86143729838509708330 -0.11936307933608229781
0.79233247085636060447 1.42012321522970608179
0.43313036658406667279 0.62073228104131461524
0.84197445665798142933 1.55089544232248455202
0.10471433767775195633 0.11567943019304222085
0.49376299878815599342 0.73756489776042855055
-0.24460044983244055850 -0.18477106977420829081
-0.29541816066451587197 -0.20814627101411015131
0.50844892039543876372 0.76696922504672593313
-0.07409522660329392885 -0.06860512399790044680
-0.74357874234671084146 -0.19066939627679466152
-0.64573795319273541438 -0.22876044899919206754
0.57684403802410222362 0.90959308222805412836
-0.67094882508390107922 -0.22077649920243380688
-0.15317848188336991022 -0.12971483457127602756
-0.37663154887914984670 -0.23478022526804240289
-0.92735936111538164184 -0.06736397646705283293
-0.51580812106949380791 -0.24975010330825223037
-0.30735148985519167297 -0.21288655153898569661
0.61224006506704786723 0.98707796234035083405
0.55323131304337747061 0.85929619877507701364
0.10105504217482019769 0.11126716372377488951
0.59947878236814822195 0.95885359287774585280
0.06695676619065582535 0.07143997472936597370
-0.53287800083593972467 -0.24891903706103193916
0.88033851470366020209 1.65533441517430679468
0.80696125237529603424 1.45814771521040231761
-0.47657473940405425950 -0.24945125716601201926
-0.96758493382423571560 -0.03136432966058510380
-0.31273365635200622847 -0.21493131653671149195
-0.38438824341085187086 -0.23663392173837155541
-0.65798191629778046696 -0.22504171412288109799
0.78278976754619833400 1.39554958772122961186
0.31552758433740746291 0.41508524081520725701
-0.29847280506768880670 -0.20938678970271423774
-0.39017380757211683751 -0.23793820745679358786
0.16155317371507393887 0.18765260165248678903
-0.79341386016774229084 -0.16390830666146458117
0.64606423945158764077 1.06346324094974598040
0.99514297876080237693 1.98545252693772522612
0.05925513169984975015 0.06276630233261629166
-0.73575394303202790169 -0.19442007834485133810
0.95649167594159800743 1.87136800208716502780
-0.13834774872733723861 -0.11920764914941479884
-0.73229575075998321054 -0.19603868417885575437
0.66736879128753101575 1.11274989487211106720
0.85744771717133749789 1.59266430485367549430
-0.92915882393277771101 -0.06582270384063509949
0.20272862713287542746 0.24382752339205585046
-0.27372633047373962079 -0.19880022647912071188
-0.90950745733259608095 -0.08230364238899200158
-0.56305841708123338663 -0.24602363603520921442
0.23743403575651633730 0.29380895709214299716
0.00570835667777003231 0.00574094201373067433
-0.33582231423825681382 -0.22304568749791831017
0.17894278280078035337 0.21096330231726762028
-0.94131877998768143101 -0.05523773443018443335
-0.92370361847126947197 -0.07047524369435291536
0.08330779104033969595 0.09024797908836060256
-0.09380871694725945176 -0.08500864157196841298
-0.07886307376595791396 -0.07264368936214299355
0.25443422401736803806 0.31917099836868828566
-0.00039520788072588964 -0.00039505169145690177
-0.95514898924476110409 -0.04283939758947234028
0.50111904177928034976 0.75223933581306445806
-0.14507142290522145878 -0.12402570516147584656
-0.48735939087056623364 -0.24984021500083686274
0.08733694887265941453 0.09496469151104493245
-0.86098007583350577576 -0.11969338485123641458
0.22187920496000756998 0.27110958655369260528
-0.49400511412032832581 -0.24996406134328971738
-0.93534636211388422211 -0.06047354499420679041
-0.58420489301240308144 -0.24290953599276973729
0.16797513862555968345 0.19619078582183568926
0.16845795470235169766 0.19683603720485126631
-0.18226565259174187794 -0.14904488447704833387
0.87850312617243098146 1.65027086886716523040
0.46598103661288647892 0.68311936309570675530
-0.14484012128159684529 -0.12386146054872916589
-0.81971527715848790940 -0.14778214155147126330
-0.81837062645495461943 -0.14864014421067975324
-0.98052451898561931998 -0.01909618665363917861
0.63529366354680516515 1.03889170248952633635
-0.94153350696531679098 -0.05504816222690855215
0.79592993391056832131 1.42943439360544988226
0.82916697715446430195 1.51668485315793621915
0.99835154940091563880 1.99505736559212443204
0.76396956141113014915 1.34761905217384470035
-0.24842273522447810841 -0.18670887984806694426
0.25915629756371805215 0.32631828413065244732
-0.01684097059252898099 -0.01655735230203055422
0.54180779077378127262 0.83536347291694679207
0.14938186478728132656 0.17169680631460693121
-0.44269018299255047388 -0.24671558487457265207
0.00525272672282084407 0.00528031786084548049
0.50580211993045365304 0.76163790445659462769
0.98546281981271555139 1.95659978904594433757
-0.85010967048367391818 -0.12742321863381325664
-0.66973579164246310746 -0.22118976103550636036
-0.62436384700934266512 -0.23453363355703682469
0.27465192065239230068 0.35008559817044027085
0.73406892235056031559 1.27292610511147330499
-0.91465619770056294513 -0.07806023770851165666
-0.35601334904115389257 -0.22926784434565541937
0.00035675323818185056 0.00035688051105480379
0.82170406101575621527 1.49690162490554179442
0.66795314211795719928 1.11411454218320904452
-0.21769873807151252088 -0.17030599751358349581
-0.30684391417883705167 -0.21269072651024753529
0.60303116160744330010 0.96667774347706569849
-0.37004733158889568934 -0.23311230397283358440
-0.13434963631587626409 -0.11629981153766805191
0.66263533290108589391 1.10172091731001886572
0.69951793495120639932 1.18884327626960661917
-0.41260378151707999272 -0.24236190099488572058
0.30865048135619854719 0.40391560099761159019
0.33656035660730676540 0.44983323024694427117
-0.63063125601961278477 -0.23293547495073838038
0.43747347931372981833 0.62885652441659023459
-0.23747181145960305493 -0.18107895022169778754
-0.21534061954004779516 -0.16896903711615618437
-0.92886476781027860206 -0.06607501093103582135
-0.24330863904103061657 -0.18410954520903208276
-0.45515285237646008198 -0.24798873335003240870
-0.39056302934891240497 -0.23802354945471299041
-0.76640491228371909749 -0.17902842271110394612
0.92888522031666820311 1.79171297283941344247
-0.08130127850784263366 -0.07469138062083284513
0.74133028373859777282 1.29090087332654768204
-0.62094580238779983894 -0.23537211288477127846
0.29317124024636154189 0.37912061635395138959
-0.49501711428631600675 -0.24997517084996437320
0.74564242955078707809 1.30162506229718744066
0.52268836006771390856 0.79589148181799007631
-0.65755137488240911203 -0.22517756427266258368
0.15573947984617486640 0.17999426542893195990
-0.95398243593006615271 -0.04389994786700338048
0.37199549929709596618 0.51037615079439169197
-0.83296708852968071035 -0.13913291795606777534
0.60071704866295472236 0.96157802121728541689
-0.11033545098151420483 -0.09816153923822007465
-0.77878681321185183606 -0.17227791277918003132
0.31660663522674425963 0.41684639669634493409
-0.40975088174571672184 -0.24185509665432439186
-0.48254856920934274811 -0.24969544756335890212
0.82117637303855528508 1.49550700867531172200
0.43141249190339658881 0.61752923007369486808
0.94787204992596341135 1.84633347295681149447
-0.97083990906403805354 -0.02830978003256837475
-0.76731188369830838347 -0.17854435683366204346
0.98655746968722390911 1.95985311068288159397
0.91576486541147850140 1.75439015413358179174
-0.92311563513234351497 -0.07097315930655355432
-0.76359809386456234392 -0.18051604491096936989
-0.18677866715326052471 -0.15189239664971204702
-0.07286109155971387530 -0.06755235289644086205
0.40270016151296483820 0.56486758159553285275
0.30078452568494684627 0.39125585657646527737
-0.40543555678602127834 -0.24105756607963019222
-0.71931796054246754935 -0.20189963218349263330
0.87627881767524096190 1.64414338398155912557
0.08306726773113237705 0.08996743869944801020
-0.21965907580080168415 -0.17140896621913934150
-0.53568626643752947913 -0.24872649038774966024
0.65835891207478236531 1.09179536918307329429
0.06206892396858232352 0.06592147529119997407
0.02995947800477960499 0.03085704832709847828
-0.57119498367611321044 -0.24493127429935798722
0.19139027663216268138 0.22802051462149844352
0.67305236636914145265 1.12605185424424236729
-0.46401078469184064978 -0.24870477638150295663
0.05506640020148201309 0.05809870863263179308
0.26271035382325447216 0.33172708382919402492
-0.61855853984414621571 -0.23594387263002400412
0.92296642374802173592 1.77483344311423452133
-0.82717180187771277566 -0.14295861205609067257
-0.33390113883080263513 -0.22241116831829568778
-0.89282607491735355154 -0.09568767486502573194
0.13874091038150382360 0.15798995059499229554
-0.15609838597787684122 -0.13173167987297862425
0.50330353351008572105 0.75661798035382366034
-0.14924547416998756866 -0.12697126260976313028
0.90215688967216367544 1.71604394325511622199
-0.59862560348270221766 -0.24027299033767279823
-0.75533997267097885420 -0.18480149835638376432
-0.09143232243203835985 -0.08307245284672212793
0.29980512617377708118 0.38968823985385148134
-0.54568142109177020238 -0.24791320776703637541
-0.10784287006484283289 -0.09621278544102025709
0.58696382054163631636 0.93149034716647061138
-0.52782818202293269039 -0.24922559228529853059
0.96459021931952126927 1.89502451052640341622
-0.31159423311837963766 -0.21450326700574851024
0.07321793694792777529 0.07857880323883850715
-0.32685992285699327908 -0.22002251368691369549
0.76304603406540394417 1.34528528416834558534
-0.16573795831653170829 -0.13826888748959931252
-0.35036999704910831710 -0.22761086221691614884
0.88996499499206516148 1.68200268730329183242
0.34855210099284361647 0.47004066809936906335
-0.80791491158691930430 -0.15518840722241966645
-0.38926369994663612140 -0.23773747185049134978
-0.01201559836083365695 -0.01187122375686478805
-0.44328703524147661241 -0.24678363962829849565
0.46100654454047318431 0.67353357864962049018
0.10212215879393826690 0.11255109411067261427
0.76101239816815802186 1.34015226833380918237
-0.28420472263141993707 -0.20343239826541759108
-0.95223611229602056483 -0.04548249873538107863
0.30771461574690350815 0.40240290049116800297
-0.58704130551410327321 -0.24242381113440053531
0.03201617990355121179 0.03304121567916776941
-0.43665579596777104321 -0.24598751181552333533
-0.47162007039800268871 -0.24919457959578567019
-0.71479392649676354310 -0.20386356914010295149
0.35569260358336562966 0.48220983182727894523
-0.93568185079356736011 -0.06018132488909171129
0.40089376950318156290 0.56160958392965165675
-0.59908479100389699923 -0.24018220419171404378
-0.47886059785491097429 -0.24955312567694820647
-0.12198449986100290410 -0.10710428165466388817
0.21840206427906205811 0.26610152596041763973
-0.42194307839334710408 -0.24390711698929284923
0.86701067698891942648 1.61871819100170388772
0.54319713642060629688 0.83826026543615306252
0.39168017568662794048 0.54509353571253571502
-0.05992436663425904086 -0.05633343691774194556
0.79176115641715205662 1.41864688522817794514
0.36267094585296555387 0.49420116081885023807
0.51906021849042560667 0.78848372890975393368
0.06608747056978114820 0.07045502433609283910
0.60616836023801545785 0.97360844119165990129
-0.97631400468214946109 -0.02312496894365330055
-0.75574854760669096798 -0.18459268039706813735
0.49772631514979526202 0.74545779994238858812
0.28524907657643527870 0.36661611226414431153
0.32065933530475176916 0.42348174462283699748
-0.14832812691978269903 -0.12632689368425153997
-0.76009700142915548327 -0.18234954984756188145
0.66531172776722247164 1.10795142287182923901
0.68845549576275444359 1.16242646540869443150
0.02926824814694173327 0.03012487849653269073
0.04539906648929425970 0.04746014172739362186
0.50513558757807963673 0.76029754941593141737
-0.90939156966472611821 -0.08239854268745169796
0.01481407277713464588 0.01503352952938088842
-0.04949265432537064413 -0.04704313149320001747
0.20000928555145192078 0.24001299985825416683
0.17085846649364389016 0.20005108206620353384
-0.41703163140432386591 -0.24311624981257201616
-0.03847450758474368904 -0.03699421985085518672
0.08986637148929710328 0.09794233621394946021
0.19837281077523849504 0.23772458283010708402
-0.80008267594227966413 -0.15995038759932075911
0.61469267710523589621 0.99253976439203772664
0.88252281074788285764 1.66136932223822642030
-0.03552898333346932169 -0.03426667467675938161
-0.17295358577546338097 -0.14304064294287280323
0.19501258671054921834 0.23304249568608870202
-0.86350245607283371285 -0.11786596442901760284
0.82471107094225315493 1.50485942147697127069
-0.10506018979475273412 -0.09402254631504326776
0.43662777371879069044 0.62727158650141812135
-0.30076974077317242262 -0.21030730380841108906
-0.72759593391004773189 -0.19820009086761317119
-0.68108394049480991406 -0.21720860649487214178
0.04460739965499782578 0.04659721975897852808
0.99050710922490758925 1.97161144264999066422
0.42421138617018372408 0.60416668632661241212
0.01128127714450810615 0.01140854435851930762
-0.72801748128627608025 -0.19800802822786273127
-0.30637390928430918713 -0.21250893699415907001
-0.09292266603118459756 -0.08428804416884153050
-0.51749145096049109505 -0.24969404914329673684
0.71771853090812598452 1.23283842051704461973
0.68667754012799453456 1.15820358424422797938
-0.89069647710449828537 -0.09735626277813425045
-0.11048035327267435868 -0.09827444481341943150
-0.52299608387073459603 -0.24947118012661015363
0.05898125283957811327 0.06246004102610435565
0.40468385739794543454 0.56845288183642606050
-0.51947964009001212915 -0.24962054362196359203
-0.76839413295323266695 -0.17796458939628245766
0.28836307762848112368 0.37151634216785056619
-0.97319210081622453679 -0.02608923572512799466
0.59685827194412777175 0.95309806873225810797
0.91100386277489153741 1.74093190076566495250
0.17263913044870782265 0.20244339981079378932
0.78691841020196751089 1.40615899451675940846
0.01421158117103682450 0.01441355021041779323
-0.13096589562168103882 -0.11381382980569199059
-0.07067289112901287140 -0.06567823358847955928
0.56691591636799110177 0.88830957259935017234
0.34602312849479543999 0.46575513394812118051
0.93300860841523891587 1.80351367179217958459
-0.01254289278875142521 -0.01238556862924131315
-0.70654149744986982640 -0.20734060983116542332
-0.56265364300442843870 -0.24607452101827362312
-0.67803597482690625142 -0.21830319166743319959
-0.19662450851107959870 -0.15796331116385597948
0.64007195977358866124 1.04976407346199107629
0.60083228776687214179 0.96183172579004561076
0.84300716041499135223 1.55366823292593836392
0.35864380586102129200 0.48726918534349922263
0.59724111912935451407 0.95393807350823833779
-0.42552330866435417178 -0.24445322244769493447
0.75272744989501516599 1.31932606372046778986
-0.71638685077737496165 -0.20317673081065007468
0.26768225976621717876 0.33933605195976573876
0.29248487865400996100 0.37803228289526091821
-0.13641949764550687085 -0.11780921830765442304
-0.25966352307261453269 -0.19223837785813230328
-0.26948691109352407302 -0.19686371584279513391
-0.09028458325828703224 -0.08213327728416447426
0.91483415463407768975 1.75175568511912516101
-0.52632477188087456454 -0.24930700638541991587
-0.83909617202211084219 -0.13501378611995101808
0.95815379389572030711 1.87621248665248274712
0.62312171121916160033 1.01140237821185774436
0.55560587511849068854 0.86430376358467453368
-0.82947120867007462230 -0.14144872265748015261
0.06765172077393000194 0.07222847609760379983
0.70628126558528991907 1.20511449170204865133
-0.54274264600883270759 -0.24817306621216361773
0.97445476155800880846 1.92401684388108451529
-0.68964008152006162078 -0.21403663948106438353
0.56034857423587647318 0.87433909888405603184
-0.02908912491300896797 -0.02824294772480432855
-0.95924004279370178594 -0.03909858309483895539
0.67685104595708978081 1.13497838437029630043
0.79251448263639079350 1.42059368782481687532
-0.84345307379201917009 -0.13203998610281383885
0.32471305033550423857 0.43015161539369195509
-0.99729027515864876463 -0.00270238223263539936
-0.88353323066222499982 -0.10290226097779651970
0.69418902178068764286 1.17608741974151564946
0.41795552794139978481 0.59264235127817399551
-0.57020558378226637863 -0.24507117600579117478
-0.81715903751907337238 -0.14941014491997500757
-0.16938738471111491890 -0.14069529861184368325
-0.21442461266391665831 -0.16844669814784596351
0.33736197246594668009 0.45117507293206082775
0.30153758555117993190 0.39246250105121510687
0.44555883612489588508 0.64408151257386769828
0.71177752714589792582 1.21840477529582735805
0.91698655921650118472 1.75785090900021900850
0.65101976678588080460 1.07484650353182353832
-0.23002950042129688413 -0.17711592935722544895
-0.45464895238172053915 -0.24794328247992455938
0.48261259172824888530 0.71552750542290632918
0.94558038073796013556 1.83970263717450577268
0.80360239989948278883 1.44937921702369099108
-0.16357241327090354943 -0.13681647888763628917
-0.85822153808668577568 -0.12167732965080912955
0.43055498712605499989 0.61593258406517237269
-0.28133906576400979915 -0.20218739583904396517
-0.94202976871012933380 -0.05460968357406956880
0.15380221354389189692 0.17745733443489281056
0.33783998904784651174 0.45197584724769557241
0.65904172914001923900 1.09337772988788572981
-0.64890655300440158726 -0.22782683847234733165
0.88924570630532540072 1.68000363248778250558
-0.24102243800212241887 -0.18293062238163546041
0.19746541337012923911 0.23645800284756524068
0.41677854255063850886 0.59048289608127291217
-0.20253862280263934537 -0.16151672907584951888
0.66036312618377857042 1.09644258460699162150
-0.49638513414733909102 -0.24998693274486727400
-0.90299896224098685771 -0.08759183643268765584
-0.24271070333025845933 -0.18380221781918973378
-0.16895242327515247460 -0.14040750194460618894
0.45563070496998747672 0.66323004428143528255
-0.12460399294980595286 -0.10907783789077066250
-0.53513446876120784879 -0.24876556910486771756
-0.86853181828214442994 -0.11418429891365647344
0.38522690997306807681 0.53362668214046637960
-0.73748204185716415004 -0.19360227979535213350
0.84448152087642469610 1.55763055997818411491
0.74449178994531228781 1.29875981524128736311
-0.88727166058347273214 -0.10002066090891949257
0.47377105440693356719 0.69823006640079121610
-0.04191834456610621373 -0.04016119695494340530
0.42754045699989640106 0.61033129937157670764
-0.27251356107737056966 -0.19824992010630079764
0.81540854739358614722 1.48029964655610446478
-0.18731379175129947434 -0.15222733517105027645
-0.71028565779845131978 -0.20577994212427264120
0.16163107118535791074 0.18775567435788415027
0.30207047376810947092 0.39331704489059959862
0.40719515651478555007 0.57300305200388623739
-0.63372428387075530054 -0.23211781590325364366
0.89639992385002598141 1.69993274732835830676
0.46005821804577839984 0.67171178203723536093
0.61415724261894788505 0.99134636128025710455
0.73894549508812645833 1.28498593979916275742
