1.19269853914361734226 1.67869229167497779898 0.09770901119013641889 0.21016541165461249951
2.04587739160657733350 2.90507393610425390662 0.28330659249767720098 0.33498763630266897851
0.98878875864694704134 1.56440116295637277055 2.79676418933236270448 0.02740227428996148268
3.74668446514955899573 1.44146207035768547655 0.30295628667103136067 4.42051897434712603996
3.47177156280409260347 2.83801986912441561728 0.45791320820968772765 0.76449069815781622861
3.33162662753625360423 1.98532677609314900380 3.15656467241107741017 -5.73929884623428421264
2.03227185985074942920 1.10158658606801140856 0.40299490798217041387 1.91214839472146413968
1.04701967141667706684 2.88990382522087330130 2.15987903337650788416 -0.02188160291050578535
2.78950546300742141526 2.37278190697189916847 2.25813728966593485481 -1.66380192114394609426
1.65712257784155392315 2.26764875569494961383 3.77536761304715229315 -1.27532456551342976425
0.45492599215161089177 1.43472890915754569541 2.13659602693265027185 0.94594059314282608053
1.10856222583198071874 2.68566190295258344634 0.05559743615260792637 0.04796036509731259334
1.52698385026629734895 2.38874954634709046886 0.06568564645381824718 0.30551484139629481174
2.41147370530832683144 2.64928030492412869279 1.72101219710723762901 -0.57322271682801229087
1.15634878365078241913 1.93905564631135329812 3.33411646828074603732 -0.32925026507358257088
2.74780691583364422570 2.84505242117716239392 3.71644811127948271334 -2.42642134540993570369
2.68098639486921097586 2.56204608176130932407 0.28436138624822637766 0.75119517689002512917
1.30024699993719572433 1.22001086009639791996 1.53616401768474108991 -0.37296087963338403481
0.25935087968997327934 1.40465392559086099666 3.90739888411894265019 3.36133510817607650267
3.47951419796124072903 1.20018787192455800295 2.20246407597710369686 -9.52317013936378664596
2.17956785368295635763 2.64001080606717763999 0.85813020125067218657 0.09210685944465386854
1.26683683047019490786 2.51946877675035985078 2.30264787668059200954 -0.18810681421860447893
3.64161060566129934912 1.18517429658742212695 1.80309523006302319104 -7.12599529620223925974
3.95824547428869877308 1.40380916847772274636 1.78760802885448510935 -5.87065248640939074676
3.60105414419891634026 1.13003323086126106212 0.84348301741480735672 1.49465599635727186545
3.07115587038793780295 1.13305231193932320899 0.98515275053971373964 0.10370968858187609718
2.73566515834822565623 1.72666545155818274004 0.01140761177814253458 2.37679765000869958058
1.11138029763711720932 1.44266924676397922944 1.19204743912989075127 -0.03468728236854182190
3.97973949752956723813 1.12591653015994630493 3.85717652750614625745 -33.46639645019927655767
3.70224540962409642830 2.40916095092414384027 3.32974570319597429346 -5.16698497019132751973
3.84522915875627591120 1.07025598225075446734 1.89473066130996903311 -10.83287196551496478492
1.92327184859318123245 1.43215821963583067600 0.42438479949693563853 0.96242221083681367411
3.49959056665304402145 2.11356081540403906160 1.78227652673802161587 -2.02013420078687433445
1.07792210214920336497 2.28320458694612460349 3.34852239229720183289 -0.11803775831107117533
1.56373748227830944302 1.84531643458999505825 1.23420803725537542306 -0.13788219103140905708
2.28645112408830852857 2.88170468968842463653 2.73574048397440172664 -1.04579402490801354197
3.13322969286080299511 1.57363711795240668323 1.04174786971426724946 -0.15712000778243967458
1.67736172559560214879 1.29286854745423762658 3.96684688526973827649 -4.33378419789068036749
3.39865018827987608319 1.31837224566334021425 2.42915428452559378769 -8.96310401511987997480
0.84042244853660497128 1.61562309469642340076 3.80716686566334727715 0.56208983510049592702
2.07484403660779737066 2.64389470979302654285 0.14303011431438061862 0.49881113243780839106
3.64157067556180846779 1.97182238739241944003 3.77898540684274575341 -8.90808435784349050834
3.05736218087809685784 2.01465464428805951513 2.54313948892131058699 -3.37995924427167437898
3.06588474139258870821 2.80801762177496616602 1.63013465408894653308 -0.71428247184670379255
3.41888839663279098247 1.97302622046989850624 2.84557297062541980637 -5.22761189722756025589
3.82535168814936321624 2.25580851067083099082 3.22739834352604448853 -6.00862324431512995204
2.65656105921862062402 2.67872628024411696401 3.21482630111278444573 -2.08887383488610955951
0.65395391136268932186 1.88680061818219080294 1.22740523949410995641 0.07095381122197828849
1.64171608485497833030 2.73012732211548048156 2.42930085181058652566 -0.44167712856741275784
1.36607248875542586219 2.66270773493807322296 1.64578462539154113387 -0.11585656550917745877
0.78200354332814470126 1.24558675794469597697 2.58467329070639717514 0.72464604375504870770
0.00066955858631834175 1.04130717875985534526 0.50379737936237178886 -1.37202106745130114618
0.90935554602736656804 2.44635161616977692134 1.35625787663151253781 0.01780715493108923214
2.39208996277688301646 1.21765732193231923652 2.71434637476307871751 -6.34704522206882693069
2.05013157655581546024 2.81186337073550873811 2.70924061241500790942 -0.85668232378779440861
0.09252350693923938607 1.64952833079773020231 1.14960844925866645383 0.15108806234794913692
3.16429511842700250668 1.73549424973872690181 2.66907799895739916707 -5.26362213264347289510
0.38288996734272551237 2.91272344408540506677 0.74160967407923150674 -0.05862961248237168882
1.92970965357311730060 1.13449231767900982071 1.33821107566370089970 -0.90816370749607111534
3.30032117184716167202 1.63467988965072685836 0.88474948458843050147 0.44425587947082362250
1.89906041745738862758 2.42039206156094532929 3.66377191416350544984 -1.51391096663536117717
3.80623371442643421148 2.72916407300084529197 3.29381042838196380629 -4.18589673996775069043
0.39392647136159864019 1.48015449978048319046 2.41402688285731947815 1.22164277417378297486
1.53325147118769677945 1.86313445262832200200 3.17027588539762961162 -1.18130816937050764359
2.31631990849980740066 2.52820530505053042702 1.68421638400599960050 -0.55015140009277163635
0.91805420786624347684 1.76396724438569751925 3.74006615815161769234 0.23836858765534582605
1.57429772440979931503 1.72480460243841693391 0.94026288429333115815 0.04105978641773004589
1.95797422413231281269 2.46053610218499496654 2.21621818934264203094 -0.71789615765253023127
2.61057934287761828074 2.53404726997464013749 3.02432148001413558802 -2.06130875830653437220
1.19584484030077797811 2.16071691825340117532 1.33464733373965271923 -0.04783406897861569584
2.91544131403124318069 1.46418702501950970252 0.40177327720015876267 2.26334106974531135137
1.10137528030304832072 1.48149600983649865071 3.66916596174945741637 -0.41562822904835594606
0.36605585295708165106 1.68084138240580971413 3.91500527226715711038 2.03682636495426461209
2.58596842927252845712 1.44435904982107854444 0.96912903505867697973 0.09496448826873120364
3.14130151672407098573 1.37195877230164176019 0.70423828778277997031 1.47169291168873628273
0.72798117226834202498 2.15888576793429454170 3.94982633381574066433 0.55703570845526828581
1.80943717002399973026 1.33456897653029571416 2.29042592820415924493 -2.14803662935516337384
3.18518432857084921039 2.72211699182802568941 0.32408153747331924777 0.87747743038105852076
0.84589896258480123947 2.77770638238735934067 0.42874992537618705768 -0.03739079609833515644
3.22193769566833898566 2.80153689205166855913 1.76691395156228736596 -0.96095161679838403401
2.42029011239629054941 2.32983544099021955276 2.33179653142841791791 -1.37921864544216954407
3.11890649837504208008 2.60772633934977315917 2.69615806431111204589 -2.30418785266201009421
3.49440784513031932335 2.86917233892824175001 2.88897757445575154023 -2.63946201782330902574
3.84981751809528915942 2.81784071346947051495 3.06672167787368810110 -3.61825707488088577080
0.20338997324671970190 2.72048564250895275052 0.32280313171557351026 -0.22320980461047804089
2.72423634010930770799 2.94709473995049098249 3.61261501750601121685 -2.13858585372312459683
3.75338138651383790290 1.56538004392217566796 2.79427039683432631989 -9.68257661009768000326
3.40082601700130604527 1.05183915180400489042 2.10710820815137056528 -10.92153724978520656919
3.65752748905334268414 1.08201098254950145439 1.61245789888546608992 -6.57587166414805679437
1.66720273840121313569 2.18592281833426937965 3.01050332939896980733 -1.01070266019240673216
0.90027821289968645857 2.06484376703792715801 1.25342089625305597167 0.01954119962956203313
2.17069822760744735035 2.86362443316890447065 2.42738893800811972312 -0.78082442658848361106
1.14718270487569151683 2.57997401774458445800 1.49593661510295783401 -0.03716139788246462100
2.60426401916283944971 1.45365360753927919113 3.13388404213018034739 -6.57150214069199822831
1.11321398774273383481 2.00642883689407458547 0.64200815197293348291 0.03398617075483863909
3.78734884195001519913 1.97259121935237935475 1.17956570280521555460 -0.62113329480934253990
0.72329323708231108014 1.56382210373174790341 0.97326177936606583785 -0.00978374235886011155
0.10048298572446512367 2.94901385952283634495 3.68001129375895352780 0.84003934506642075064
0.88790910342365192420 2.55701710080977573369 0.46163650371635389646 -0.03038658497302248324
2.46580423484765054454 1.25737037798570616687 2.44209371232675342966 -5.32386899389838763597
0.05831542216387131106 2.93830718136983204403 2.21421112637859440753 0.39963778910825148438
3.07664738074586940897 2.44334524515408091361 2.22536692677590552947 -1.84698786343891274697
3.95787216280950859826 1.00833006712163331109 1.71870580454300503348 -10.38141285286902615326
0.09088457473416600152 2.37417391577941216951 2.36197965678868815331 0.66504488324245136788
1.19792332211774121831 2.74010256153873221763 2.19431599746404693008 -0.10730468680846214080
2.03911942020127101571 1.86968730879388034261 3.37285070638579531632 -2.65801887859241459111
3.47156125912652813170 1.59040591754757310028 1.40760883927846158770 -1.83025216003556678857
1.59790950896249217550 1.95520421323487303411 2.93475947135593573378 -1.08046845778030675689
2.27232568250180255731 1.17832721224674785709 0.94425918087365046105 0.19829523106880111993
3.01101320094786961690 1.03047399793666327739 2.55515302605803640290 -12.64215208153500924482
1.40444163473779104478 1.75612700761475970523 2.83206657524324612041 -0.83855668527239879406
3.66346732261104035544 1.27492513458468792464 0.09023295127055996900 7.05793712836537601163
3.89061197761847576970 1.83294021635129023018 1.05082119684731978282 -0.21471462743936992057
0.13062332633674955673 2.40572575267134158850 3.31242457967363623794 1.05588071091248192346
2.15823086289749088706 1.51350982132460454288 0.60803813833820052892 0.75818582433051040503
3.92378283473389499747 1.68800229597018014438 3.78139940667882257230 -14.09127761835759784503
0.91730821696264319698 2.86133517024675043672 1.55752280466693004968 0.01859919743240198015
2.99462496002768086001 1.29508788177705014277 3.96734655532911650866 -15.11196379524946031836
0.94822996178600593709 2.42235307720904380346 0.88165595313531408550 -0.00346049123703855068
0.41829191456890990608 1.90090347935051418027 0.82609705411398426378 -0.08765369477240593510
3.43217085528634946456 2.92410073836273953773 3.39678955480185829074 -3.11414428629218820177
2.17842814453265454233 2.91217817804528333880 3.99647310314943338128 -1.59699964216108813986
1.00316257675398912141 1.67355453348510851974 2.63072915686436070715 -0.00614008743531396436
3.64673430758119243578 1.25360186220677416458 0.93869723742469002303 0.48752329567011809530
1.03738973630545450177 2.32282880667219249204 0.18148612567523159100 0.01898588229309174091
0.56477711805739083673 1.49484518300713764560 0.41060148525766404504 -0.36500382531002778519
0.73981607537847748901 2.32800524642624484528 0.16466610913927448578 -0.12991948630992578018
0.02001315550521898246 1.67198689089148633258 0.01173795484771877895 -1.04140081162745112842
2.95407483434621065399 2.03013847503421462903 3.81322632738667355312 -5.67907715833619519685
2.38593650016887837140 1.09375967000619533920 3.43894062712137316140 -11.13282826223950827682
2.59994909110101524163 1.10418395367600497003 2.27969371261501940751 -6.80794258305083310745
2.74839813430017088081 1.14233014983665914777 2.30105081516137355280 -7.21171602821782276038
3.27191878481317610650 2.70950467859014398897 2.55496084130041634097 -2.14566777145484355316
1.75792047559675390644 1.21541675373558089035 2.35808839702123096416 -2.53621283372993300276
3.29157767770627573967 1.49641785965063056629 2.05110934913588183193 -4.81035995816015127247
0.04524316900619762549 1.75991950476873304510 2.43009848705073272512 1.32850658499359752795
2.30043316043896828305 1.95566596250483382136 3.76936493562989216599 -3.66888273803755948776
2.91246036791827656032 2.74137760738372104896 2.30125751477930107214 -1.40166337966024645567
3.57594722899021810747 1.25418290705840917987 2.13243446606124242848 -8.66044963321334826389
1.00015771651912377394 1.38219963653579136498 2.40851499425479387284 -0.00038759972934284689
0.92040555506729715418 1.76746655903316018943 1.76107938757871318458 0.06407153246597656338
2.32612304089900678861 1.84525371330224863264 3.68321387890068274729 -4.08538847811141092592
0.63786981299742029350 1.51839695935770890856 1.57477755553896425766 0.28929468709218369993
2.86697147396526785812 1.56100399671400102974 2.48328927320616932306 -4.77972380962110765523
0.74916879202093156209 1.30007065440134073064 3.31008792362481285565 1.11177439220980422974
0.73268878632760259251 2.33649331928325043606 1.40309529491169016069 0.06389447801398759341
3.70010487113520358804 2.50258570939119451282 0.96594464797123702482 0.06991591092772624083
1.02747686625734502286 2.64486574042204303225 3.12498572643366889778 -0.02790760855841075555
0.26311380265177186644 2.55984941379538799566 1.77530929634720013865 0.26862580966013438477
3.11817338318255643514 1.11814463210346093369 2.27946133217886659494 -9.44953054650201984543
3.87237170333342994866 1.83019172676300345692 2.84739710211971797094 -7.75597791545787362821
1.82664427767379189405 2.54591735688387643677 0.93794535139455392780 0.02904860188797368445
1.39513291760798319174 2.07494961790736098806 3.71082658290223932340 -0.86737504582147983978
2.48279217563578757932 2.15660706036066818214 2.27616507571517079356 -1.62371496434834972078
0.02652899684828691207 1.93795014535116782994 0.33148869625274457462 -0.52122051291319393407
0.92102223221669365927 1.48932151875523355322 3.93794852701882636126 0.34566579811234326991
2.94402235879416007691 1.24831690552028784502 1.45113558787963548014 -2.39288979777050148101
1.27486047142541014665 2.61944338314189995032 3.98771113106110508539 -0.41151127041868867940
3.78719431581822263411 1.59475380035917257970 0.34479931769075111703 3.46727095284340203207
1.96460468843866653543 1.85922612001776821344 3.81416817364049798300 -2.93189895600378802598
2.62974507775107069207 2.73649363729411199131 1.26319986876384016128 -0.23316062257510591915
2.21203498317636126913 2.20918133341775480005 2.11289132854256900274 -1.06463918407989321935
1.72814566975419880990 1.08396161745002772570 2.37062971479810880027 -3.08055510872147442214
3.58599697438855313791 1.69078698607966981804 0.75900511729986597231 1.01964767824077018332
0.24864310227394259556 2.53933116221920762712 2.98137054798491085705 0.71027985803856696911
3.91858098301924284712 2.06442216614877960268 2.88699878071468596374 -6.37474280876971022280
0.85583316199197811969 1.33971910251110193357 2.61272345228958169372 0.42498625918178328797
2.04533366658459891951 2.82262763227868074267 0.19605870439372052871 0.39780605102172394982
1.43397214405653716796 1.32885282973327467637 1.17753397545793969670 -0.15280280731390175064
1.07597582152498238983 2.04006375130083217329 1.67742067126046423553 -0.04157257138396961565
2.25172929121268516894 2.60406090074491469721 2.67701152090297567199 -1.19856242037991056471
3.36936132807606725237 2.01507921098039499697 0.81130774730277410711 0.49815788915571534989
2.09758522493908561302 1.55344110549283875855 2.24989195434668598494 -2.15815470280950005844
2.80331350868503115237 1.92843141795504613434 3.78213708044716678813 -5.62380216484712658342
0.88608114001347981770 1.97046869220893050567 1.69952677682407893300 0.06755803240864741155
1.26740588591818781339 1.60304181988765459543 0.46498326476911255867 0.19126108030932262305
0.77257878642139710124 2.40586051208224560582 0.63323636779618741599 -0.04685082670996245507
0.28926820248935847246 2.95294670328718078522 0.58660002791230203556 -0.10409605399606521037
0.40145109414926238856 1.03962905554391893403 2.44039364458543284186 2.49309996785960841237
0.12946351168026337675 1.48447902822393484890 2.29270941489780044620 1.55210198500490825779
2.69512613908716236466 1.85892967510223905414 2.49867201424592222381 -3.01919547066243598721
0.23551976381953743100 1.70487840701276205380 3.38007632262587787153 1.92327970847496421136
3.62938525050874805089 2.92039908507583589881 3.53897628675940412180 -3.68611068328949187389
1.18782572072519077011 2.19052464563726001501 2.48887286235782001498 -0.19840589312330886296
0.18052373297808932406 2.81189245105426666171 0.33824179979226309811 -0.20954207020333814881
1.90000697540737206737 2.44526874453959219835 0.36536481991827507443 0.35379642052236243144
0.27103782333549553130 2.19996500500731695382 1.48070439887108795673 0.22325761751148412437
2.20205820481694125590 1.26609323105100668450 2.22751045178966311511 -3.54128261566779833913
1.70706100519395720383 1.03334541090291320842 1.30683385654667638676 -0.73499082695329398529
0.76484294419066545245 1.27973346792648712267 3.64236005570505172457 1.23250282407696021281
0.05837762269476032273 2.86190417989190848402 2.90084505766129829851 0.65944306093582505390
3.55094408319124710260 1.74475440264576198146 1.52192412961457401721 -2.03453338674773176464
3.43204694360708284506 2.41310825862490307969 3.71710765156764555428 -5.18342001842549393587
1.77163604878285552147 2.62899608863990685848 1.62648539270838732307 -0.25500655239293740228
3.39294041313291838691 1.22111066554180092147 1.18081456641239901373 -1.31755356588483252267
2.62828171224848494703 2.72655206773641634044 2.94336008708544705215 -1.73223878149038257312
0.57265384607220815028 1.35009281915881973468 3.14804040520298755723 1.60260610265416025833
2.15016092996686536409 1.65855970792514462175 1.62620672626063500488 -1.00063253377267047384
3.00462467943154587502 1.46617720330913758886 3.99192972450963257103 -11.96524980744078803241
1.50839980659691752507 2.53760003641371678640 2.36896672830810661736 -0.38184195283460681258
3.79970266151195046334 1.36012075061715065338 1.28548088356010925537 -2.09046426198530044260
1.01977621106641702653 2.75109754055830579844 2.70107944176568626204 -0.01484874682485610477
1.52423085520820134064 2.53134245095793897207 2.90033250879723070170 -0.55029112372441391088
0.21095139486863123679 1.36462437856986684714 3.49451951135804295134 3.23925531752342621417
2.59987315308471034214 2.45134332045090985730 0.97536255160351581495 0.02659225021800157296
3.56944146194944522676 2.12463218288234667597 0.81159262369886775446 0.50031287255895018351
3.30610373382350575255 1.74591321323644832475 0.09502344349183822203 3.06840824566889214253
1.71339059805768512135 1.44086304040441470775 1.95995680384766046700 -1.19420271982872039374
1.96683598049347629910 1.84086329383594260456 3.12910972780945018101 -2.26851885064322456032
2.47637118829330615810 1.32870565935455497986 0.98253012612573398243 0.05825345052675273694
0.43748756213250361569 1.14493425624977640531 0.30936863462472663500 -0.92975082064946878990
1.58235220618725991315 2.73459368250047951676 2.12288857857680746122 -0.31165010794617614698
1.53348886830131725389 1.49375151956339657922 0.53653600317175742518 0.39264621500557689293
1.67893510716000404770 1.06928056595972464926 0.98037691940727533790 0.04201017128678025125
2.39844778811730297008 2.26561992907130127506 2.52332752206123789307 -1.63788876691488183290
1.31316842323671689741 1.51217726301762911412 2.46492142499518829268 -0.69286199872192888449
1.53820033054987126420 1.74794076858337454894 1.24425827919691700529 -0.15254512916248627596
3.15605985589200255248 2.28995750799348263271 0.24243471313024578251 1.36534085032200813714
1.94286345924695336151 2.35675855706936676626 3.79109199379652794804 -1.76414103441965752772
2.26073906451125816730 2.20061189201758811151 2.73036029726109497062 -1.74621054187548518932
3.94701407542818971663 2.60488337369196631954 1.05886554886622530347 -0.12671219993604149190
3.08214045448787077319 1.60537527435209415039 3.91882421114847989685 -10.22620129445487613395
0.05981282463785220216 2.74426709860387063600 2.17488382163963889226 0.44267315019715408608
0.48893520733391104827 1.97725685476290968801 1.40789232271864550583 0.16818506575996428065
2.91950426958276487710 2.80782481568299191466 2.83660859838427903412 -1.89462502384580244730
0.33475508930430963872 1.27893055963990520674 0.67447821539906405164 -0.41093778943476155785
2.38643097552477190249 2.85986034080855278106 2.95669387308956554961 -1.30696649068224246548
1.45611147796310991254 2.76844106501385978092 3.96759644803292266246 -0.62011317741510607604
2.99860613270620524062 1.64808183330187341120 3.08292720553587562549 -6.56720402166034400437
0.14373904053829544836 2.96974939242421509533 3.04759019595738411823 0.60508814110431308197
1.83370041791852145252 2.95386176791121091156 3.58320056506508866079 -0.90674205183275102815
1.52916446358479563017 1.03041534368267528876 2.45904783178577535097 -2.57531626916201439315
2.45201524511203006185 2.10200050217100109506 3.60896089277302944964 -3.40771569828937970215
1.89482876438269265407 2.13172787722980316971 0.34136990172825987244 0.48003957260206342461
2.78835597835013571100 2.44557352165186969728 1.77292257484255166844 -0.96142517331762966659
3.95494812180237298449 1.76133630288579401402 0.77282419904622789986 1.07386225604969154368
0.73209340927847410541 2.35942614842543108011 3.10140426445489714169 0.32735564722241367042
1.21903655952523903849 1.46034197002494892104 2.88988853385625965586 -0.66316676202387259131
1.01700052996580048159 1.82207876864894080526 1.86148428562590195767 -0.01473246456943128405
3.50792272056653642309 1.34894042923206480822 1.59559433252987670215 -3.79329604318510149596
0.90784201570594103003 2.76111190062686873148 1.07546872419671357690 0.00301013685539913180
1.76414602770492789929 2.60709162697061502811 2.71380958824680806885 -0.70184135606543085473
1.58052234715555073308 1.16830267787291885995 2.38332323516313415723 -2.09637019284247649864
0.42612247336704367484 1.73265490474640260210 1.84177308791033933488 0.50422398152524683379
3.62954580005015348121 2.52228786157866391449 3.55370332267193100861 -4.97064489826749866808
2.89389455110617577205 2.02937304928327710840 2.46051267600624967713 -2.83548239451334227468
0.84743971289136510450 1.78233371908869075995 2.33385634001863584430 0.20996705869105378173
0.86947962178679683021 1.02063936663373344693 2.30533744335893553412 0.53738088403915384994
3.10426199067616037652 1.72415847927955745433 2.15971816439443342617 -3.57139928393265781992
2.93962407138866366196 1.56793769183003872669 1.41924866555158635251 -1.40548133564350208324
2.83067393193088445713 1.93913795834822111352 2.86580926230436583424 -3.80105145260995769263
0.80650295138017025209 2.46053854330911692117 1.68588822175939867520 0.07153323387782480058
2.61981518550971381742 1.07674112170444602476 0.17604845189946782824 4.67949037558343228227
2.20325971439030654508 1.67775580723179218445 1.03902538714752790128 -0.06418850816673855875
0.87243951473603154056 2.62757619014936860680 0.21092250598406803164 -0.04791723159375618768
0.21066493023651844396 1.27847841333154188526 2.58982561601461469536 2.35283867800350332544
1.18137123732062709891 1.42913615097863355707 1.53584981707577394872 -0.16187675373552587454
3.31464834160991905776 1.00523360142919515603 3.94570827202253404664 -30.27873711143219992437
2.08465711649693652419 2.99854907686410232515 1.51648758363794922133 -0.23614652275845229856
3.54959836043858034671 2.86358742113154285391 0.44836026621575886253 0.79770243341960078709
1.31012536283974512230 1.48351195388833301259 2.47013762021195093510 -0.71518915414566042177
0.62864756555557166351 1.83134475194515311536 2.82383369954954055459 0.64647283236286479102
3.96767106561277493881 1.50106982226911722655 0.87588604177512774385 0.81296311305972079886
1.01914462367062341741 1.58141578149725314795 2.09271354937639708638 -0.02794245608494449334
0.14622049085209720687 2.94284825456534004928 2.04038046092365421558 0.31226304613405125865
3.10756694758884277618 2.71455770829232356789 1.28042876623259038738 -0.34910372373000858603
2.81890146487640702588 1.55882107733962449458 1.80390760285050166800 -2.51392975704091359290
0.16812110812876701615 1.92443454643993083764 1.06095323112561379375 0.04177681071899218279
0.29351440357273705928 2.29790449944753483180 0.64637363150039695014 -0.14623227698227486693
0.06802769838684685766 2.21456654109612616210 3.89064112002156248238 1.65922570945760083916
3.48814036074240574337 1.11698183504921022546 3.15416972976932719064 -19.79150397550106532663
1.66824698701358631325 1.16349343838174235088 1.42670367664657637974 -0.75843852499899733210
2.85778923371486515137 1.21335307130125302777 0.66612614824435434357 1.76967311965209783686
0.76527130453889435913 2.29067810910288738313 0.01183035664873077764 -0.14360404596316000969
0.24673964248307500569 2.48716800262075121708 2.33479646547732100359 0.49994399165247277450
1.22751840456818506198 2.75355720846534701707 1.74447354974914325965 -0.07639701450030567109
1.16895974514017941814 2.84311476439008758987 2.40752248975433014166 -0.09994456856392205935
3.10138261171250473325 1.79040267958357590672 0.87756001523062199254 0.34904880768370544208
2.39286036982381800087 2.08544296980611765235 1.71924107580601281953 -0.90841708817102795326
3.80099435497543147733 2.16609696374479687719 1.97374696824599205058 -2.81320763725643852027
0.82322310306425539039 1.31030175026104722669 3.00357240792270552276 0.67440221414467516059
3.90689486857902634753 1.36965615616933900078 0.76355120464909465028 1.80395585833881733073
1.86207916146849594696 1.73385340831050105415 0.81573797631785627260 0.19478971608872391874
0.15181954563273025727 1.91335740711832547056 2.88779054555462311171 1.33234016338343486119
0.68722945665754764377 2.53141760271999327614 3.52176363825541827168 0.39650163595954762696
0.35894243649452040046 1.28343171531832278554 1.82155089602377895375 0.99490713829184840300
2.36695578246156523861 1.85635088734388165044 0.48423882406034080006 0.80409331300127018238
3.15524588709404207876 2.16775562905882290821 3.39637386537987229218 -4.81719423130629920138
2.89955591245318711202 2.55099167762254541714 3.83827595365019513807 -3.50045386690433613097
0.74078102242286680834 2.68455286801213288683 3.78102261663211125509 0.32409646299994698815
2.59362091983701370523 2.97037749711744591963 0.13168709341734574636 0.63526262430138813464
3.44933656730926507805 1.83570198847986931767 3.03606678464976464937 -6.77754012042808628991
0.57189923406919840332 1.44269225850809457157 1.82461119382589709303 0.53969061656591110765
3.78093075217794627463 2.65857926309251535457 3.07994501076700188946 -3.94765021093817969344
2.83021967809258212512 1.33415070504026034293 2.86742498223857866790 -8.03437337005268936707
0.70365449426613890793 1.80797266903955100581 0.66413463978970899149 -0.09826273242731124735
0.01988223887384865662 2.01933648348021765884 3.07853260681718010616 1.50176959229270257090
2.59873358431937839796 2.10770083188483470238 2.56402547880335385244 -2.28148283355187375676
3.73679909561096357251 2.63659006707333443131 1.57546748006662529207 -1.08518402746020092842
0.31375315239686418778 2.39332374232598388275 1.86332844793727137045 0.32034595027532919431
3.70151106720626721369 2.85851901737581659546 3.30313190739569018106 -3.62683898632848444876
2.11192303329876018836 2.01096216238341529703 3.26848702878756736112 -2.37221115573738083881
3.68411498392531422397 2.11703321195799176735 3.65670932385269109588 -7.55747734122333802986
2.57347033050663220877 1.69666505635051767520 2.41032181248759247438 -3.11400915168149916568
2.99252635552722923151 1.61494387950133777565 0.54554188641291645467 1.48642447605704153268
0.90279950381528983883 2.45327716014000518641 1.62087764890595620315 0.03306699768054393446
1.91642795092718065675 1.94551195099840179559 0.29718170177153035993 0.63152641695291722446
0.37515331303501753268 1.75107869007145966478 3.01059001765782907611 1.27706529261081347393
0.88906874140201486156 2.59444194135727368433 1.13487258629740406235 0.00731894018489171513
0.95109834013061922420 2.03416308892492203597 1.26877536311329075502 0.01053093434290477103
3.97478269319037291751 1.96922389720052803952 2.98139538240663171109 -7.56806298224734330660
0.48714079317596992169 2.14512135562822781054 3.02179297243479982882 0.71062632472512521353
2.64201721182762172546 2.17449206421589202876 0.69292745566719782246 0.43477596293215903245
0.77090248675971562164 1.31959820832577734429 1.10373197509093357027 0.04436205008402106797
1.37346188290017456879 1.73794922158250875199 1.67681040385426438633 -0.29102067984985530158
1.02618275728402963409 2.41441920057345615902 3.77240643879700021657 -0.04162851899592628913
0.15160620812315039885 2.13912410762533511388 2.75490991906621074392 0.99114271964067879317
2.18079295999388111937 2.73955883765256835716 0.96065608937243052168 0.02374917663564692430
0.79959161552411872620 2.31682943046179046220 3.36518461864420181939 0.28794328837295463108
1.27188997104196399590 2.25210442286851142413 2.96789004955706570144 -0.36259182938232553672
2.85193393975615450131 2.61110530710810628818 3.52009466847376106813 -2.87293809960940649262
3.46252757520367193678 1.49418400903375614419 3.84201878549069819613 -14.38504626206426628698
1.86751757379400684655 1.34563260192739364562 1.02998463121705752243 -0.05299344011628951551
1.76754233851546116441 1.43782614798989882843 3.91024443294466728105 -3.93741147204971975171
1.23590529604668564190 1.97078412842394712357 0.33060256169003565674 0.13917390648062691327
0.18737402994467577955 2.24494790427531398791 3.89125874209975020079 1.42528308622385679882
1.88443741832659128477 1.17506017681416419229 0.86894519669699699094 0.31031477815291758082
2.25483831173770443712 1.37244937596427818427 1.41195004886870201233 -1.06299305358071416450
2.97026351946975308849 1.07941673448029784588 3.59229236486809488937 -18.70734747161915834113
1.26169304312873453711 2.44598071167316799546 1.94937840444192023170 -0.14256713702638451613
3.69251073744977187374 1.56213722769980556393 0.38710118630061485234 3.21641882202728757179
3.57045217955167704105 2.64029191792738782141 1.90457971352989741121 -1.55629995132753040643
0.38044181123601372718 1.74352747374970951100 3.16628944539637302569 1.37691497589047262551
0.36529875193156025048 2.95729032632465305142 0.05520389899356814567 -0.21350228207101568101
0.67860681510917730819 1.94002725605189429992 0.89807542026945919034 -0.02801175744614344335
2.29114600700823922708 2.49431691910551034397 3.00669313752606637280 -1.62063230386877688005
3.59533675556009502117 2.97861860775352482733 2.22928041954622946363 -1.68437908448667617023
1.80909753484615487551 1.83791766033562664617 1.14021535058159617648 -0.12300813632525885166
3.56505573480280535392 2.29823703653022448634 1.12132633132279346810 -0.27468737458412123553
3.86573363667984182257 2.05961127158589629715 2.20436416953625968773 -3.97907158764698909437
0.05486883480240267730 2.69815862076233914379 3.91774167581487731127 1.14265390158765489659
2.74119319576241649017 1.16987678709159204082 1.10668709047471081064 -0.56096349779880450015
2.28669437684641474462 2.99716207302946235913 3.87658928437385963406 -1.60255712652136983465
2.81617413161826668500 1.60574609729589368179 1.24517552868711867120 -0.72118438310456234319
2.67319859227492218068 1.77811672546850907395 1.07885454377642808765 -0.17086791275390897371
0.55034503409250623562 1.93553307958741438455 2.46827256681769968694 0.55948723923542842407
3.45338488947247546079 1.49460446704277316599 0.30274031550240154687 3.50923244030223413503
2.39554764754700988405 1.25833992391717308656 1.13883239414601611372 -0.48271727586851825853
1.06844248105217909384 1.51281210137233945723 3.45992384080650206002 -0.24709928088401925117
2.77641299858412260448 1.67806297468991294508 2.54191636855274305518 -4.03976961104108855949
2.27866207780252194581 2.44168209004130964956 0.30202454928353006380 0.58162945607300464701
3.72714658216201755181 2.57601524019211503003 2.41983885018183952909 -2.79065915737161107657
2.15394077411339202044 1.42251527981494252373 1.46005149311115811628 -1.00310352467651631159
3.23901307801695281796 1.09427562124591282178 3.06112208444633226989 -17.10086419049919470581
2.62782038079750801529 1.81340008090633864057 1.76497176348149675817 -1.54095505436126734011
0.44839963618842526571 1.97929226714719175284 0.71566503316801677315 -0.12574191519274563467
3.98685638897759231369 2.44920686173728707757 1.58685243966073663557 -1.45784717543794584138
1.82959457138242953533 2.97186101338827768359 1.39200440253636381627 -0.13520025288639636596
2.14350060510001894087 2.91066670780156222520 2.85109218887523274688 -0.95405115882251878556
1.77589288634260000777 2.08082303521773059884 2.29670672461745128956 -0.84762886152867367162
3.06068321778549723433 2.83650341005460449040 0.59267806351856089364 0.45101081389370539787
2.77123712266342447919 1.96874410780049613479 0.51500055266852662328 0.91980694122981987437
3.50479032070156026890 1.71366371897594294005 0.26911371619033408464 2.87937389564012180543
3.96422943356351487054 1.32768580974354355462 2.87029950147480095168 -15.63222790753599689140
3.36653476315300581589 2.08198509252133856506 0.28375733391316426690 1.76847385082269892287
0.06380518599355378129 1.17320963854247639624 3.42316468335636558962 4.97621428943000854161
0.69608346601599979664 1.34559995855029645995 2.96770020478313556467 1.06496853712916261792
1.40658177953123830761 2.25911078073446525138 3.71835415686594439322 -0.75602159364395549179
1.66384607960992170206 1.49379738945417295248 1.42446572296200191232 -0.45444586655140961629
2.89582855366599645208 1.13837000562187351527 2.37732828208371360645 -8.50897911924746708223
3.75414343739827183200 1.53844532721132032371 0.12043111380512616648 4.91610927031585820401
0.33896519533169611194 1.43021732654146105368 1.17607436971204482035 0.17669082837316946177
1.60366484951490040345 1.09254641672144270359 2.86429790530548711303 -3.36870433134676616760
1.67013288672055404405 2.27866600060582147336 0.83968924775222397727 0.07451529416387141225
3.10904320556205959747 2.58011551299384667146 1.58228241631551513890 -0.80312395534369651617
3.96770186033163607675 2.07890160987200856013 1.40256127031544952644 -1.37474720223115443041
0.07894306475809775847 2.24239303288233493561 3.61426529832553766752 1.44802472353711531028
1.50889079910800472106 2.85571984569715420221 2.46914195394257030003 -0.32390226794358217832
2.68422043055172743209 2.70338815126210230133 0.12048173155009056501 0.83116572787088804919
0.63234740298145197812 2.01894735902806976569 1.90959131287206274052 0.26273893143728127564
3.19153088785601468658 2.29310008289327971198 3.16032823096888826342 -3.96728225888593799553
2.58427497221299118380 2.66695168847789343403 2.82528540304048680909 -1.64474540508810784800
0.02286108262432096083 2.73952698828410756704 1.24063999881699693617 0.09420808949025413770
0.15999794693475832830 1.33882147512424376501 0.65674684493253288053 -0.49042839942335886283
0.01384619666011843719 1.75222186134537483149 3.55759663863973507603 2.46786569881556383521
3.01069448455189458969 1.20618560297421240080 1.56821582118813163120 -3.37068646924077075511
2.12873251664707785480 1.74937892607080036633 0.55362262769841041887 0.62748306686224231132
3.02998454567014308125 2.00521659844294530828 3.39673529726079914681 -5.20808106387600489029
0.43543971847669604713 2.78231435985176478454 2.79042466700500702004 0.40955310721302379262
2.49640938985100513392 1.07250305000934509359 2.57915934425720339007 -8.21355993946308160503
1.47901430524022536872 1.04898710575189091365 3.37436147145340825659 -3.63903672576305448061
0.07958038903608422032 2.53221666210200391234 3.21909177481767860840 0.96327572353666479632
0.82394002208211425398 1.38178925754119341640 2.05900955016686681986 0.31925808678651357297
3.13521513464595802390 1.63314086975732419837 3.50669348442989514680 -8.76980425732959822938
3.11761186098247300436 2.92692559259676254868 3.81291067675989436836 -3.03082619015207210822
1.40774099421376641672 2.04400538010760524088 2.63531724450611415378 -0.55723221938556799504
1.06311088320895041903 1.94213412843847565981 0.85720926003667941018 0.00802011780058363259
3.84601372719200318429 2.14951283262710290956 3.68455107925500513488 -8.06108145082935223513
1.38635454648471467820 1.28150381682386260707 3.61336575133811077620 -2.14131558255196985385
0.60263623151288125968 2.09398773355422740394 1.07655098217759359613 0.02214654496853084645
2.48798733357079671080 2.16618402027058198911 3.28603034138812599707 -2.89504602350700634972
3.40617773383980404489 2.09634467222668252617 3.32507422005368935558 -5.79192813111253368419
1.92406124606386574882 1.10180319702563123130 0.13641604988903965889 2.44188665130427873251
1.35027462388706354091 2.58855302092066796860 1.98570991503799554323 -0.17871565867881880618
2.43890084875243573492 2.27070746493188257986 0.24050066452693341645 0.84095394677578372278
0.10407884102106823576 2.18817237381258689055 0.20043018056912398350 -0.45355311405251685919
2.44003090661545973816 1.32669074663593278274 1.41022886320619722511 -1.33186394229033711056
3.83751476303185290462 2.20549945982176209824 0.31230891544935346360 1.95291335410000965744
2.37556319400772331107 1.01523304804653680122 3.54590011230511903406 -13.36915318596967061637
1.09691011131460225414 1.91786901034091639140 2.08773585010777962268 -0.09656842493609857359
3.26901065628200093727 2.41715965300036517149 0.33700635168419035281 1.14756576116354636063
1.53676602749048374363 1.16754751814533586085 0.27833331468349120641 1.00729680291739809306
0.19227638430760940480 1.32483860157479060859 1.50893132827784892669 0.71638924125218172989
0.85023595175183208639 2.64696329142616093577 2.09687929032832931497 0.07687443392174762857
2.04934750745689919782 1.84069002288884808749 1.93884763700958906441 -1.09716417691619283481
0.41862380053882519704 2.78041498157167499272 1.69344163150385851324 0.16328311702991207821
1.06919548052196855537 2.28799904974559309423 2.97118838544399332946 -0.08752353555803889240
0.28560858217634521594 2.12342530546406749181 3.32102829926111420278 1.13566003636888912531
0.88013985799399119259 1.17465375481777400957 0.47071663995620127707 -0.15124337581359423299
0.36090910084280025671 2.48289822690006189987 3.99697222887765413191 0.96696931766536775577
3.65456745626861367882 1.68360091807084177873 0.52260150082591216858 2.11376416277558920598
2.69947821329790782485 1.81258085730999618512 0.32371374196134272694 1.43753603288224529599
1.73691698236073577277 2.45848984606359710625 1.50835634911858473828 -0.22502414377966956094
2.34863197157471859100 1.35718361893373185012 0.23884818064210033839 2.18509179132371755827
0.98590872954870878431 2.93498729733015650822 1.64608331077262626252 0.00351743049746025375
3.28955253736302744016 1.52703671201772683830 0.33147307573405049297 2.93454202978798051049
0.51833765461052472290 1.16671286376844340893 1.36074819759302556577 0.40388308296306579814
0.46645579830281302947 1.23465267660034849762 3.45309785552289838506 2.70185814176499938810
2.06018523492965854871 2.94468223375459814406 0.39571500565953865447 0.27916281790581848332
2.07645528238651699837 2.91426028113568857947 0.42861540651834184601 0.27420134849392174825
2.35875828262554643189 1.00829500369613067612 3.13292859731831763170 -11.19181719485296255812
2.36982830243160469408 2.42675722438388863367 3.76219366145497602361 -2.52612327880733600338
3.55111050896588675840 1.17733508586243407201 3.44770569127513271113 -20.95678297596966999095
0.90272667498711722800 2.63513573980320892076 1.36283144349018403574 0.01676110731988308955
0.06915321747446645517 1.66284729930086361271 2.05681252934597802451 1.07474736725216946098
2.09136267779087914320 1.50311192765459877840 0.36753614385590172020 1.15888879032281866266
0.04692524965925937153 1.01693219289048020215 1.13066826713009138672 0.36297531662803755870
1.75748916268157318044 2.20925294768075719531 3.70983592707052256543 -1.53070063310432846748
0.08060573712823870807 1.77533246462364924234 0.39133022385938742715 -0.53698263185297911981
3.40620618091693350138 2.13122049681629732731 2.95916992676357093472 -4.72208789756974400831
2.95391480198466371832 2.83274002609510855422 2.10946668092353384338 -1.15021708311334514008
3.94979710956706098202 2.98577585237545051200 3.17825258848516600807 -3.57385804223102265809
1.21221531261147141834 2.70978538935140900179 3.76716849821380250773 -0.27301365938352739615
2.49587905176643420901 1.48696651777315280718 1.82562524991704222543 -2.23305025586624994460
2.63715131723195028712 1.45472094740302670957 3.20024805404317103097 -6.93547901283805945383
2.49518777292262061707 1.99371288144849723167 1.38305230226019437723 -0.57598345458863597912
0.89632049959030313246 2.69356376174298084436 3.24831272098419177041 0.10587645395941643056
1.33645624032578380636 1.94900521713418850567 3.07609993995998554084 -0.63676109604651809359
2.33742744392480616966 2.17224304024945613634 0.16306180894603050646 0.92873848595996777444
2.01342264959271277647 1.96636678207039428123 2.00153663977356899295 -0.98602730775725455636
2.86650131574928757061 2.62495855289633350793 1.27498952001920873300 -0.31326957055667103980
3.40232469144172933184 2.72236249409239139396 3.44522662341341900927 -3.60403691729055797310
0.72350835161514481797 2.23953891632453983007 0.12167520050929336861 -0.15658762337205189841
0.39410768990286282332 1.55803970062415353404 2.54078257709493504635 1.20105612132295624939
0.17466615471579238772 1.63407020240215139495 2.84383698598941725422 1.74014202337091705708
0.86240604364968653783 2.74226069073657363617 2.32967390853292011244 0.07987602201212459785
3.93187730897641607442 1.79712287028916617437 2.73197937979199467762 -7.77320048125519313942
1.73701079033472804980 1.36001725097978143353 0.13141345567654294513 1.25655695484830154385
1.75537012935733871544 1.47585210021256862944 2.35837394256036736451 -1.71412924629223173412
0.29299983750073144151 2.46088456981809411417 2.60681617252394248752 0.57974824059166496504
2.47998146195144020254 2.59608693241100363380 3.08687852512148852568 -1.82817315217544673622
2.69826087810959514002 2.55304373423255981379 2.29978858108579009567 -1.39141139572413363723
3.39739295450700762302 1.46415591993645133329 1.05155376124710020491 -0.26195743467396503945
2.97316440888131428011 1.28151528049194651793 1.61713794210889627578 -3.16562455249250174205
2.04324427720672963105 2.14256487940951867444 3.44811784055241732361 -2.09766241082768623016
1.17605518226448202412 1.90115788610242986145 2.00141180243301652908 -0.16583783496288889703
1.48678602021775896347 2.21392486299399937622 1.62812474027652598352 -0.21982948732155210836
3.88204372169149980465 1.94583949074344908503 2.26562874970090577520 -4.72397679894448341287
3.88227384865792668478 1.27212842376226564767 3.74608308887871643833 -23.98381271859295083004
0.36520754635213092953 1.77251513080696998514 2.95261712295893596902 1.22842271163272265255
1.57067082345992536929 1.72779345031867115345 3.73965180394108553941 -1.86391298033500052433
1.81007525197529206551 2.50444003056291286669 2.05487503043944830239 -0.49905274261150428528
1.85753658557382506089 1.87599069642792493084 0.60596162051081003952 0.35374903215924602407
3.43896542598392729317 1.43686999717521635134 3.04412784217566478873 -11.04148973196016569887
1.06129971068108419630 2.22098826354737655109 1.76358175500433622673 -0.03184698470445194302
0.31821913537178847520 2.13342449709415493686 2.71654733044099838679 0.79673159805757509666
0.68504810452806319532 1.73835063687201052396 0.13126110061769891146 -0.29160795744271944541
1.85390859413447506299 2.06118103376647887615 1.26906742509825587462 -0.19916462725339020845
1.41998642051320178581 1.56282170357636207569 2.21007763856244698886 -0.72755008520455277665
1.02538696844496257654 2.20407124616634453318 1.43064373267244970833 -0.00752286450187929570
1.60531670111260105216 1.43324081880529052846 1.18535568326623907964 -0.19519431497050412916
3.94580194188764998842 2.79171708223564563056 2.03307594594491236606 -1.93489595203636688403
0.02141561832651506236 2.25034085777848424925 3.27266188178338124359 1.32034923327025333073
3.56882520759142884970 2.96312189014910343232 0.79877184342927698424 0.27463457429634069440
1.44251153679795507401 1.21493048767334399507 2.44047405517153537247 -1.51391715319696351649
2.58192343505675170334 1.47550630722490083713 3.30754767440550745405 -6.78084699394277468087
3.55292255803359013910 1.19766230885479707524 0.75665755465845307981 2.01532509137714344050
1.17389104854288151003 2.69836192881774872276 3.76537768467515787663 -0.22448289226133935625
2.00752628411125533248 2.59280729031387124905 2.30298907573294187046 -0.73298775411917826972
2.72712019734171029484 1.53574008518028959358 0.37701255305108949401 1.88183379254008964487
3.62555942576122758325 1.59712027702552950004 1.46190409386832564920 -2.23757496710786085714
0.20015598395436384749 1.38409545148566093253 0.98455406817676305309 -0.01974192157565287167
1.81089038514193623186 1.60079759946060806719 3.91446677735935599785 -3.37857046834646679301
2.30262270357604847959 1.50678697023285734780 0.05893749715027452041 2.10432047278593747919
3.49686130357556024251 2.06424000393451834157 2.17690034823883360460 -3.18135378448657268891
3.95045200850649180779 1.46302230354259976686 0.78144379838516542236 1.49399148990682717475
1.05000393028877780921 1.64809462010543139598 1.22219235963719086158 -0.01371094500407787908
3.68548389266045628432 1.58072075848347459726 1.94227190148909967249 -4.81138000033029733515
3.67508614063326710664 1.40365224126617471612 0.44462365850176066573 3.57661949393902123262
3.56824166299128719970 1.06709534386944859818 1.01904157726514421611 -0.20031980697460363694
2.17641936331808816263 2.75896272533139974570 2.96796907452488678558 -1.16628437996725176085
1.11040246599591929666 2.93400573408957443533 2.22114636328963133138 -0.05285228076803729497
3.46395732190901606273 2.84394180442465316361 2.60171579200014102540 -2.23966778737532745680
0.39436595459231593708 1.12663068397148791178 0.72139038648408382315 -0.41518193263456854014
1.08147340355429388836 1.75821057838115479832 0.95040863219662385930 0.00439651249588332918
3.61301407787389194937 2.36976282733648524470 3.99914421163829203465 -6.55472730968562888876
3.88017417262070640760 1.96993880413705935162 3.59777455337651019818 -9.45141716470965143060
0.86007084747421735926 1.47234534775741376933 0.61395642813800010984 -0.08179063456899129947
1.24556426384746021796 1.51589970013867580967 1.30899970219698369434 -0.11315542707276408929
1.07662154076109617407 1.79536118003142486366 2.69605606454650814641 -0.13554370918084709952
1.58469568397767934798 1.46669677972674628030 3.28533548287583165859 -2.21437211011071877209
3.91027787889458000592 1.84780342103429795486 1.37428831450910360346 -1.57163963182278076935
2.71795122298087266088 2.56650261248855127150 0.95530778503169511140 0.04802053096235575635
0.63595607287478683745 2.10199038830934181732 2.11062079333684904370 0.29316758644926987909
3.49479779699367743007 1.00291195834808455345 0.46147399027483437806 6.15994550995700151930
3.73098022875903057027 2.10087212843996606892 3.01492307245421908846 -5.96622190386899475811
2.36322664684849748085 1.74836814064941536984 2.34022064055901424240 -2.34795599829949885873
1.19591318990477857298 2.28506182521207446001 1.43555215772404309860 -0.05568585269583243430
0.26271665574548253019 1.90701365750143714273 2.40842386258224161466 0.87971832355100143541
3.54676348758925996663 2.56248010492794087156 1.33131907790074555109 -0.59738969502241023868
0.11266904757301876572 2.30917852163988079894 3.34611917375813172626 1.18457582349215528872
3.02861210721988305394 1.85684486584544350407 1.23019817680734044885 -0.58284309713134174746
2.90073350310830546661 1.16960559914384698565 1.18586358239457245745 -1.09130069433301191140
3.70091421833300016075 2.13640224396784628169 0.41470484737046353629 1.64954208252953682390
1.24168524205542185612 2.54184951122071467466 3.72107330567610361527 -0.34865139728272448449
2.60995910502471462067 1.17047092269533514752 1.88690439766146766942 -4.23101736132825401171
3.94884235148448237140 1.61001360187898456822 0.92601180794337301094 0.41728970223825051500
0.20301114338656756075 2.94327526982335507810 2.50346579002694236138 0.42355779392412484796
3.21528551060133160888 1.21943450545915421657 0.68136956447412666549 2.09889002058448381760
3.73906510416782822404 2.70842975870260094240 2.39245993800302025889 -2.49133412696514522366
0.12524482583599505503 2.59621648314937125690 0.08355278727236559178 -0.36133255062304142635
3.85341227568902988665 1.49053699971391018231 0.25698422585212199465 4.65762165800223115752
0.77106834272968338695 1.84299248617632716041 0.34629800017520251387 -0.14322154730062749972
1.78529649317802485697 1.91659231126567175529 2.67804412868940922010 -1.31010744359965602968
0.65125396455235540216 2.25491137673531483188 2.36489195592735734763 0.30041145628433163495
2.87824859272196897919 1.40025599847065618242 3.77813935567090064538 -11.21054328836780378253
3.12800073802710398851 1.80504593375840105551 0.75265862364737268209 0.70522903086957089425
3.16591931289620509560 2.36422874793277770777 3.42535125531138451294 -4.12552367440116718456
2.24065307021711745961 1.60523242743954108747 0.86454278537767770274 0.25215798857483734396
0.21750535675605675578 2.71030284908140384204 0.06397754964734980732 -0.30577616621061853852
2.35939366314037535233 1.46620936561414261234 2.45092202441594908535 -3.60239031278334387309
2.72485351732556146942 1.59504597963311423037 2.84428778646137514485 -5.15601305012624244739
1.33773195605068151437 2.17994794905793032314 0.81062992857012483583 0.04661019143708922119
1.49391427420342326471 1.78939456929605644753 2.46087642411705775913 -0.79477523741725453199
2.63512778742074926797 1.52779301176682236196 3.96807459449642285776 -8.46941689769880312610
0.67469255183200038672 2.83102401145878035393 0.27216293556514736807 -0.09503841060459099210
2.92754088798185607700 2.60996938749629503462 3.94090252397110329952 -3.52991470741896629093
0.19110017176872595712 2.46422821596895236240 1.96955404210804063680 0.39500797850043567472
0.84929234312152512842 2.60711837130237222837 2.17839575992315381825 0.08565871652428946881
3.44175342574393328121 1.77852497135807241513 0.03544903268427024301 3.40596801872560162039
3.65660094149437320254 1.90220621581830862112 2.96667080237521663122 -6.82876269320184459133
2.81296428962214850600 1.80459492561395595800 0.98969756235908645792 0.02394094189317323360
1.94749950299736118708 1.87765735507163422646 1.25639353951917298602 -0.25671064477868216214
2.67931953261455291226 2.57310353042699757609 3.31800510785028635041 -2.40936729115916126176
1.86655545754283558324 2.63965916107206677310 1.73928598224353025969 -0.33912505052762748070
1.42710135288404016407 1.84619365769124788024 0.34778184664898903478 0.28599792723275535566
2.00050576118825196303 1.81066325424725560467 1.27113421913740687330 -0.31030392901834658037
0.98000895228831241823 2.84814999596887830080 1.14178990503348654073 0.00116217171329850428
0.02444976554834266125 1.68463266778953890679 3.38413012274230373677 2.46464033189679643243
0.83060644911348369135 2.42077271034728669363 3.66466135982440155416 0.25200636392024000632
2.57067164571583628430 2.03693264727121103874 1.62883388634950954099 -0.96125741748345105986
3.05147400045649686007 2.28864907704968700841 2.78088575963550299619 -3.01142625996997859161
3.26757101197593691211 1.02373554706457325914 1.91035523200158685597 -8.77699185638432233247
0.04677258366656023014 1.03608994012507693583 1.89257601401721275991 2.38893399433233266649
3.19560472945849927129 2.17989485858478193592 1.23162398958347552025 -0.47184387509330033561
0.53018077107181937890 2.20258699741389651905 1.40215342518167762620 0.12337750500028102363
1.47383554697464758121 1.59107516369266455136 3.33246790629289302288 -1.53613530800892239547
2.09017793328392276209 2.11196658901325307056 0.52362227376604941753 0.44160022705661200471
1.49267318735666520979 1.25849654363879270846 2.82301321772487279205 -1.99973675344886325789
2.08227464047836585692 1.08589669254204834736 1.74077046109533117857 -2.57611317705053588512
2.72107602671069148670 1.45073983678406959186 3.33357888701361426698 -7.86497850400881048927
0.37928596595713326423 1.75323201981970222540 0.16464261318032846759 -0.52601610776900575850
0.61410569631246669786 2.48586338237957882313 3.48532708081404418721 0.49607004281920974442
1.49684349955387574482 1.54557686858046072764 1.70168553367492414452 -0.51489894111679945787
0.85947397017071480718 1.89797013690191818114 2.08205913432706424260 0.13854124542865611791
1.76729625821634828142 1.43862546800898360999 3.03766470757455753215 -2.75282803479949667036
2.27394665643798399302 2.45489449580016261265 1.32671674786732962659 -0.26817638291452455812
1.01292740318752416684 2.80847748339702585341 0.24692669091910701695 0.00412011806791041501
3.66370389780417804459 2.24804965553156765878 2.77771847738313759635 -4.43632059802861178355
3.90748025293360434773 1.75126361557309628836 2.10358509837476681525 -5.15162047881878049083
2.20008362680141322798 2.85604540117375016450 1.08208390376390761745 -0.04644838384881090632
2.18615740822071247251 1.36020339040603888137 2.97264365273395680944 -4.85556593054833918188
3.30025628451673425090 2.61356119004218356849 2.01073438702781892573 -1.52409131092696736864
3.34352139297590689182 2.28042313173503607970 0.99345358830375607440 0.01329591026171221026
3.41752523512217454282 2.74710746741450551056 0.49448933264498950990 0.73804372765333903228
0.51256479457586578974 2.51058461844794322815 2.60027367338012860287 0.39132163395971264475
2.93671400161130424777 1.66097984015010280423 3.53768860385956029901 -7.56640462688256398849
0.16871466769043008682 1.48855907443850510319 0.05821923499420922354 -1.07814888611085746284
0.66973230849814502363 1.33965325930910283958 2.45801419553808697671 0.86272063081924699190
2.69820187078677387049 2.27866819402690978791 2.11989675844812763827 -1.50486157968277445285
2.21577466017862478864 2.45717997172616398061 1.54885795124395242439 -0.42593660915425124447
2.80446579042960442152 1.06388428185059025211 3.93291969791977491511 -19.49477614834515648568
2.25726453688215356053 2.26483706316625177379 0.76107911648193571352 0.22689957589346110289
2.67436428226832401123 1.51115779966190899586 0.01686568669409593824 2.95201871889488298706
2.77330822089602735403 2.12453456014040620303 3.04696484086803032199 -3.33847964452686118975
2.53682819786975199960 2.82019668072263796077 1.96670828721531032457 -0.75086140780923904536
1.22183756599659476549 2.23495856787605395866 2.29309971218640917812 -0.19626632716328998307
3.17106040170347336371 1.73009021385555206152 1.43349497561227323672 -1.38129505988446643627
2.18976638242767274178 1.99200061207202794300 3.24229610360202835651 -2.58245611969441402067
1.73899886364791367299 1.16334409475762123876 0.69410250072381218800 0.60658531298210771610
1.48350825452934298454 1.31973829236422712796 3.88506781718143079374 -2.82127102119172068484
3.85199942074889456478 1.48265493193601072264 0.98903831477868386912 0.06939592059343761832
3.40846514397972999433 2.26396965610111866596 0.55066276097628819031 0.96096213674928943060
3.29564748851683475550 1.13005223673756716174 2.92273130442619022418 -15.46646889063601371106
1.73307421430303909560 1.48572019013675760135 2.21329462856234737700 -1.46223570349772447052
3.03102042918773451063 1.03434996280146318526 2.83590246976793780576 -15.00309830347441319987
0.85079649264200840619 2.76438263888167812254 1.82201468354500661917 0.05262598783134108532
2.09292641132197587694 2.06572291521213502463 2.25581847490963038894 -1.22033517237592814553
0.79140062191280025061 1.41636080226955929362 2.02365212386393178434 0.34677300205264544042
2.86265388584188107401 1.59966386582592767773 3.76549359149070950181 -8.46119777648554283189
2.35348518207604628927 2.73134323290101299619 3.23174394264915276764 -1.58855784076634698465
0.23042570189911337764 2.76624031512792223353 2.02543336133404627830 0.31668230643962719251
2.19523072618309500470 2.12995916386529060560 0.98380244071422806584 0.01640287438320989916
0.06447950340050878637 2.60160090457655268636 3.19921605403113806787 0.91784740721798374619
0.43926385629410535927 1.90266433475076124360 0.84691418094151726947 -0.07440447897067399563
3.24798469228240538342 2.07028022900232233638 3.33571060975825472994 -5.44304531806387625892
2.06121299285022940850 1.16034782073228881494 3.32651715347420351421 -6.92946236093615297591
1.82973126701450805598 2.75193844491076022862 1.84065035060192805361 -0.33818966925031734849
0.29696296785457176881 2.86217252406728306369 0.99132566134346511433 -0.00230163537906958975
3.02291801266029791506 1.42006704549037143792 0.12372963135741432694 3.77960258749341670992
1.20214341191728069091 2.22336991505167969052 0.37084301167616295913 0.08772826559012986136
3.04833817959461095271 2.47121659036044638569 0.12116891139359342588 1.27209067156840127666
3.85246892707468946426 2.80141128646971271365 3.16498140071917655192 -3.84009409357416053865
0.65183262700660771216 2.31871679990806267568 3.88786101285735474775 0.60015539735645628827
1.66701131306097494189 2.23420081689619287602 1.78000091887721234585 -0.37523588464688995003
1.23570331985694048527 1.07535160813548702485 2.49861588235506149047 -1.04558474181471305897
1.87181948051372959441 1.84615144283151133564 1.47762560504781070847 -0.45092824173343970529
0.05147390818632535670 2.67505286994794921895 2.31376802468971609628 0.52512868368900367244
1.50331708513630779578 2.46561957405583243030 0.12626911090209347321 0.25541068838159175503
2.70847198313202586206 2.97651282261737826218 1.52453596092199150647 -0.41616956762347195875
1.72641685112273846059 2.37093549435255201985 3.56243011377652996075 -1.20067669707871615969
0.50513150843910503696 1.45806905160215261041 1.50651202144201423749 0.37252521778352515325
0.54880312688019561307 2.15989328905894106825 2.78386488122686026614 0.54764344232828243708
1.37883215891086674532 1.90632020570236027091 1.32540022288452963295 -0.11803971093521178903
2.75697993041796918234 2.16240192764533922798 0.99316229753551121817 0.01064157048958116331
2.50953539827719573907 2.85597351666029197759 0.84979951922813867782 0.11133168221194537917
1.17049879809871359981 2.50230292816892685437 0.38579299283282653121 0.05682525654690085554
0.49094364462784589875 1.26389736293395071876 2.58682067558560468967 1.59534249043344589225
0.36302782625654472781 2.71195543939506755748 2.93946996585930264700 0.52290051587107866382
0.82876416029146415809 1.10998646563244229846 0.28140031421242062137 -0.32669291593894433934
1.62195376273843638870 2.66708034278491679103 2.82454753053835805332 -0.57124128300282184245
2.31905121211279130478 2.76953297787337282543 3.49177624358000571192 -1.67364753380357700330
2.82332612271319760566 2.12266641795058852438 1.30421163069583112559 -0.51460584326521274789
3.91183589759348038228 1.33268939304737066287 3.92841708533302691464 -23.65793586697904871130
2.31474198276513920547 1.71900761380181665849 2.22946173304807793158 -2.13531892231191910980
2.27662868003852292276 2.35684009628574830941 0.57242372471957381208 0.38170891212441904194
3.31969692357421530815 2.01175328635169492486 0.41916618278549799825 1.49506057736276964931
0.88730379571375683767 2.62480434045572552648 3.50961365756074616939 0.13514396279398513401
1.82370042366754958607 1.75657033918269123163 3.49592703062318221896 -2.44475049526516796661
3.44104773301707433930 2.28820757148571818362 3.51780265767769950713 -5.36900622176883857151
0.00480339645423244477 2.14033758774814142356 3.58176442234420244759 1.68341368634484678246
1.30082452388365199525 1.71792658940072850982 1.22843385072768196409 -0.08029854185881693529
2.76096685945663278261 1.51623654896216253363 0.62937954267241735806 1.17648755650207359480
0.60326778739898800907 1.78196627032552812331 1.88572178258878730972 0.35329723242325355992
2.88538548211958367773 1.20310683489661895962 2.12554566665697031169 -6.18193979584076114264
2.14918179341899540091 2.96408681735894052878 1.82512124207524628616 -0.41241171999322667752
3.19072402673685973085 2.03614505222214514646 2.48681762449905985335 -3.46137190193254307147
2.82459086798832892384 2.26644085851766341477 3.42818582874213229061 -3.60606226292876641537
2.84392523397861252121 1.05835916252314210517 3.96739380044660006064 -20.47852770711601522180
2.68660144232915465423 1.56651751167985064939 3.90792846320642883740 -8.19837332228953918900
3.69443233948085048013 1.30004921958368391266 0.56925375234864672436 3.26712883019994304590
1.67598776132098059577 2.77934671543527755944 3.07323144450934337968 -0.65386743834189053892
1.14387849627169169153 1.80095250068599321835 1.11296417410545611659 -0.01697500038437757194
1.86070607602048765372 2.58295777563459960646 1.64301406918325954010 -0.30575618692386713482
2.61072935508841164065 2.37219049548628335700 1.33082625176431257330 -0.38445286009526513649
1.08420083989977067418 2.68011230444407999585 1.09214456973870488454 -0.00363447062176786191
1.10207404065691161321 2.46809045599751808453 1.13287316614386845970 -0.00750693944064277120
2.83912450316046571785 1.70859552050176377591 0.94210314119837113012 0.15280681980078344995
0.70554362437476525471 2.79379904653340416232 1.39632379922883043122 0.04825896977628166967
2.48867774593601565059 2.84487073143531965513 3.28943427697545631716 -1.68193288738953183881
0.69033417037990663090 1.48715937818304322349 2.98767659968507137691 0.89683210002129198912
1.22550336106347135257 1.97924707861916204799 0.13949811933970757138 0.16935727638530856387
2.67340831552638125146 2.82482933994230211994 3.61316303130322236115 -2.24389878601703340877
1.89725351100105088520 2.67217030740001604272 2.65705960661207463147 -0.77092837880390296945
1.32956276990978050634 2.33972163816647737988 3.49743179025814532324 -0.52021593743016081302
1.43365420335374427196 1.44804368775215652754 1.08208164080176993949 -0.05945000743036272378
1.06910264931068388350 1.77533326006702263378 3.46611319524848271456 -0.18162435417239822244
3.13052065029314796618 1.76782429954147657369 3.42977489512030864205 -7.23387537644691303029
2.73703332794500298064 1.62690987041957679793 0.51329193738860201535 1.31934053949681873164
3.62053027487690837205 2.80739949616781103714 2.97742015410924709684 -3.09183547860949436981
0.54143480989995484975 2.03528591832226046776 1.34510714853580548578 0.12117141434884258488
1.23323490431800442124 2.23438687794631096750 3.90296037937560180708 -0.46408741705564215962
0.75928179855825961297 2.39454438025380200727 2.32131009006536359607 0.18008744157146883147
0.46789397009911404268 1.24074964972286805320 0.68809115471141923948 -0.33930474961775014542
1.37600209698653674906 2.85406176307872083697 2.98169566498012184041 -0.31820947310518049589
1.78713151426607019800 2.58177397577290257402 3.57670962563079797292 -1.11148275536187002288
1.04863479754388189136 1.06039766494724196910 2.20530847838229648872 -0.17471885584745119879
2.84961790596009878485 1.44028420729770911812 3.20912644425406856641 -8.26415022427565837404
0.03876499706665947897 1.25645214513510938836 0.49167576597135198568 -0.93215161513685340644
0.27701623781281492498 2.09039981215055048480 0.47310492213732890932 -0.26897732103302607332
3.58528382051473482051 1.90374162242281208535 2.75640230494841453890 -5.85949280416168960528
3.88702918073186376446 1.93791687582386096267 1.32432662270390677506 -1.22358013049047342768
2.41178289518878585795 1.70401727111201650722 0.62892817903293796178 0.71327895997972401432
2.04219969918017874022 1.46503220161694214241 0.57920579925899939866 0.77029054364079718731
2.29903019025250143770 1.70006877387292343329 1.77624875987232666574 -1.35913631530227640987
1.53355709520633309850 2.59506183372942533794 0.57882610311688198479 0.11824075561871963402
0.00653330433862775450 2.85108240181670247182 3.17754908270426206229 0.79892647285837681270
3.54126172472385114531 2.32701904280216886889 0.54593982912657068596 0.98977503992079085560
1.64426666420576506056 1.93844675051846104807 3.73033707265254310670 -1.68077995130162394233
1.11287753522799093275 2.52261012467582013130 3.99653188223905786458 -0.17942635782730570471
2.92715540267504348293 2.47965864686566472841 3.55491861616198701057 -3.39654323861426199471
0.94542066328956941845 2.96433473822102966366 3.04699297959028569949 0.04212530867195729556
0.70066858216248206759 2.29631754738549753725 1.97391512781740408045 0.17835243972602349283
3.67009766770646095324 1.16667135225964924139 0.80366359641601992081 1.82538785568156303185
3.29471901408839640268 1.32273790441782779226 3.45594116454573097030 -14.41133281592874482158
3.21438560992525701465 2.41755995586716032619 3.60921086932331425245 -4.37058933087790002503
3.54198698081155205486 2.06341876285743142105 2.98417311334032175907 -5.50301213150116286243
0.71445848267638956131 1.54443153744167616104 3.67989358255586562763 1.03648616019812345179
2.55161362451044659849 1.09423043874511849438 0.54400278544966740313 2.38005640059843681655
2.63690418555044203686 1.68267903403811369678 3.23969344088038679885 -5.27557829900043095961
0.37379474599333306628 2.18756673592280170837 2.40006923304785457773 0.57096532533109622953
0.72179428123395217298 1.67591698802937627555 0.00243648818102926157 -0.31949116956304529635
1.33222582073299689043 1.82088271965422632270 3.31359587643997910433 -0.80236246186919735202
1.54705943571472737119 2.96389393213272267502 1.33319464384556995995 -0.07364116472050422080
2.95398426184849016707 2.58486010972920343676 1.90225766759564463015 -1.12345375417679949059
3.88280828809040645666 1.11374382581888320409 0.13044689634158501690 9.91083887879317870784
3.68245606944575065711 2.07946653762082078742 3.23705869318736327855 -6.58990431619271355146
0.95804730734711496254 2.76774339001488511869 0.72781409246313133465 -0.00494575792924475521
3.32808772159773313959 1.52106242746784126041 2.10238479356470753245 -4.98780428384650154072
2.66435486611441740834 2.76093102913581223135 0.93488446230612343157 0.05814366276338178707
2.03940956357012570521 2.30331502860667303167 0.68593247478556795826 0.23188840451632847239
3.97916467583438482336 2.85173620882672995691 0.32246235355771890596 1.23672672824043394790
3.21733045050661203845 1.70859360064839460591 0.01020913198588369042 3.32519339248439615986
1.90968719074174764216 1.25250031535319683584 0.41785254193290777280 1.25177230321412302771
2.26904806534570013810 1.55652383813872563501 1.89809192440341778507 -1.82547374731415334992
3.24656575198086594369 1.28103653736551392761 1.69281881977381987170 -4.21320271769490517499
1.46105636512235292912 2.26598673062746147622 3.29271508679167324019 -0.72328006296527425079
1.82476882665832018660 1.83287427399363500591 2.06785880780203923379 -0.96205950195046974205
2.15727606912011404816 1.28916586024310220182 1.83351309227567682569 -2.22016950616391950390
1.13161608786904688273 1.83030776076849921452 0.29715957147915084136 0.09341018657612165654
2.67378055629869049170 1.66816950337584390951 3.06753385045184234770 -5.09227822652015671423
1.10495555758451668993 1.40047242252393666639 1.98291495750330648562 -0.17739664172277935794
2.84099715665327767766 2.45161520536559862649 3.14039336607762242792 -2.74732995418035752522
3.05945846856837588845 1.94596782610286545001 3.35384875506503155052 -5.53335047544630231897
0.87546318708361559047 1.10511759981571300315 1.88473956715732526845 0.29662423666293463720
1.92936266179326798564 1.70150800060016771376 3.97232886676302765494 -3.54672495679922139544
3.99324641998570761814 1.18951619604287461840 1.40466566065426246013 -4.27542747387832555717
2.14733694866494007059 2.78425191489428502933 1.41703841285983855869 -0.23580568801290224812
0.34495319088626974491 2.85979144651031091939 1.03484016902780684433 0.00867063159778411544
2.59987730910041214827 2.43080543704213525302 3.21733893122971803535 -2.43388860547847718507
2.47293176084413612870 2.26904411376600467776 0.39252203439800892326 0.69266410057824379098
3.17610949099016215413 1.09587341213019850983 0.64097224589954793217 2.86007347170379322421
1.48229135938790745897 1.53048907012514501247 3.77660479883101052323 -2.01354602310193975256
0.57437877297620909545 2.88356462958724879542 2.40405334276868609678 0.22874877606605656388
0.93162091869050156490 2.74059253748140196905 2.64989568244965223442 0.04969153291220724383
1.67572928377601515493 1.01855113768097527149 2.52445916250696988925 -3.57847442559946404828
3.09407972825392363347 2.26236490582765625845 3.54117814655528251322 -4.51650721574302682626
3.54463847998287029384 1.14103053564462531000 3.50978819982412870715 -22.79655990465061421446
0.09375698341380722667 2.93786844209118003235 3.82425095446417584455 0.89803972006007992679
1.62612733208280202390 2.77935522307959459454 3.07450854844277410294 -0.60239960713408913229
