-0.85480199029518555420 -0.59306959192476194076 0.00297716519599533448
0.33114188566865143670 -0.30620768710433576842 0.07044854506280588680
0.49281940235238175241 -0.94784099596101367702 0.05907792455764793865
-0.08852465303344914105 -0.39236373365432375415 0.03196618002476245279
0.96399587778190998222 -0.25489090060720642761 0.11362571168505597452
0.43224553770624662974 0.60108833385700055629 0.15074248674062748488
-0.65672255308015992092 -0.79034143908271636825 0.00534374037516566116
0.38860166317918798384 -0.01364510949350639102 0.09152319544764993264
-0.08638476824617491445 0.89671473905318221931 0.08147608398365130400
0.82691737363466799593 0.01030451308262381183 0.13117195611941329103
-0.72645732984624955542 -0.44505874149178659138 0.00514105871005564406
-0.19601485932269380186 -0.39612725765109479958 0.02494910702318541701
-0.47778529014547155285 -0.20669391019628147177 0.01320721256416521570
0.87492505825934197006 -0.29600453934409953760 0.10917244817731583395
0.91481322630169548127 -0.74165968267391413349 0.08479152439884279913
0.69911354061015185124 0.91182304762320187663 0.24539747434240530288
0.59322904592322101003 -0.55725811691103377399 0.08035606689409142966
-0.90269471167923498456 -0.30475614550383123280 0.00295324477831790605
0.46550473512018331057 -0.88741207346856154636 0.05929193018100758356
0.75998302265068851113 -0.73991381317837801035 0.08070585953882476737
-0.36792968157027283738 0.55078792735140980064 0.03079031580263611595
0.65792417090809096614 -0.45228102227945821134 0.08971100961004462027
0.64128808270022741311 -0.71134265851289901761 0.07637293528514853269
-0.05328698324733860403 0.23664437700625740035 0.05215306927303590967
0.32128977858943996715 -0.89700492607418835789 0.04952061900201366190
-0.24672037275107205900 -0.49209385506918468245 0.02081577755813766861
0.15895563810881574440 -0.97725904207673353064 0.03708778550810160057
-0.93361059467710916238 -0.29437740729236838710 0.00263987552206545193
0.26713947317197006548 0.61618916566822123926 0.12307460560101558811
0.54594445989693451970 0.91084305095843642874 0.21841770330704923797
-0.89445030092177701952 0.86054238250395376220 0.00710617708634780996
-0.73025360478125356245 -0.54116423351745113202 0.00479465663837833848
0.80260671087239887633 -0.16930220597811973526 0.11552733859994945842
0.01273155804986547679 0.43947724388100062320 0.06928442093685220626
-0.86578581796930165204 0.24421284397745002259 0.00489328548028176383
0.19594014972362172600 0.98635741961909340070 0.15005804605496214643
0.13044423527661308526 -0.37833302090199683043 0.04949825569844568118
0.16374405362217014925 -0.09337144766052851708 0.06269842577421623486
0.47445675221099703478 -0.35795756197102512886 0.08098535492347862241
-0.17531421317637363444 0.16500675000123532499 0.03776735604283734671
0.67444996657422651154 -0.83075415055943757636 0.07316135630733790196
0.79937968474284981646 0.56458452779460599480 0.19421413793283306970
-0.07428328590347987870 0.82282841496231484690 0.07858300077151379737
0.25631700612145436047 0.75424889747955847774 0.13541250629623816093
0.19422151984520796830 0.77571005985676255712 0.12518579475056793027
0.91957422888514983583 0.46145391492541776302 0.18551414550168537909
0.56999395901997118585 0.75034793340368133308 0.19505468333686706850
-0.74186279829605461522 -0.26902779679804278423 0.00542639320528045567
0.25346553551515893510 0.38955175172745359902 0.10129932641463840204
0.31848612492597894175 -0.20054018305627785423 0.07399973869605018517
-0.33971185611461951481 -0.59567201583742801496 0.01540881000179295662
-0.93584261165124216220 -0.92571476003345676276 0.00182265006380850783
-0.17519009306696275985 -0.11364204531074850735 0.03129188937646835283
-0.90828690051898353097 0.74691903047717200792 0.00613378298869823348
0.06842910752794417739 0.97022562814800861197 0.11859863873560759495
-0.59082549716705012877 -0.86991359937195955609 0.00633953598859035832
-0.47902446153379329985 0.99207501082104943002 0.03229724562768798019
-0.87878509226243073371 0.52667548242244577317 0.00575377743771922703
-0.37252442038845989813 -0.65247061311970799835 0.01364758984213228395
-0.38075572550988079357 0.19364435010913716440 0.02279418637187266908
0.63010171429458838865 0.41745950263396447433 0.15750894154049999152
0.71046705319764913433 0.99182310263882911272 0.26466034615387185047
-0.67671080903728375588 -0.33842852003422696505 0.00649511964374084247
0.54429859882433739848 -0.40995696823357419269 0.08403938938248098345
-0.17144069499096725728 0.61482764712751403202 0.05333122231667373342
-0.10887222274517394105 0.21491414693292365534 0.04553529147134664085
-0.69323075337837170018 -0.19954674693416318831 0.00670011171407221447
0.14809246789866037375 0.23714666414434515396 0.07657033199547787217
0.77477137504063242623 0.36509932783572862647 0.16508685598991529320
0.05178536914621290066 -0.48308113131579588639 0.04029511952142070252
-0.64291240086537571052 -0.16758088895465239609 0.00808826478531344921
0.30789396020111103880 -0.44227859835535210387 0.06283814578805185791
-0.44470423515742707465 0.37089966177183653073 0.02163546990786499244
-0.82333833019852709079 0.06303949805147590624 0.00504123560197849898
-0.46707886031499601387 -0.15028108927961092434 0.01413111949524077302
0.17241932518197300439 0.19174849232435886570 0.07722792040034337502
-0.61992568933216229965 0.06013414122891358460 0.01013578086041707141
0.84391589409240741482 -0.48052349796708382357 0.09678486133689100102
-0.26685037961299329368 -0.20069832499140760618 0.02365352780930339571
0.58882143825036736828 0.53137896122765804208 0.16637904274568665608
-0.33708352517379247537 0.98878754008674674125 0.04803115514400790181
0.36955763454573054005 0.89823479443052689497 0.17846218725436385766
0.57416421041908272116 0.96514305966729874164 0.23459088263203753399
0.84609093960496362108 0.87976069694319702919 0.25530603374053983945
-0.92133414150985459834 0.04567107207241827282 0.00345167247281714116
0.77417277604506229416 0.86401796152476872948 0.24514278868699643232
-0.04453586270184617391 0.81351037227264533236 0.08304683017772583609
0.71923678505497501412 -0.87024308074030254367 0.07359127771613946378
0.24357466438169828038 -0.49194647816447600874 0.05558595180771731814
0.30428843114370196510 0.07073106104542548067 0.08678693797801788345
-0.32925007529239525006 -0.41153545513670009015 0.01765631625048674422
0.88537213829396343989 0.13776093535990363570 0.14556359289190612394
-0.09321670022509565001 0.03052104588072324098 0.04147071339445204674
0.30647474042868205757 -0.13425902360866071028 0.07594970012672891402
-0.97280944783065836923 0.00792809681491135620 0.00275354927168353731
0.80245458404502545413 -0.43088020929770598499 0.09823510388338256571
-0.91721315765508415474 -0.47932338116864792177 0.00251395227360404032
-0.07126302142413742935 0.85431419905833894113 0.08121118542672577101
-0.38445039428778371438 -0.22275598881034053278 0.01707701204625627217
-0.87773176578758183020 0.65228769738957681490 0.00637749063448465273
0.45027667397001835958 -0.41605822398088165848 0.07617883446885090337
0.36812813776468322757 0.56640628789419755762 0.13582590444983519418
-0.70977373707843449679 0.59171053229708570065 0.01110272161420139056
0.13763627083136742435 -0.43544382344846233046 0.04842352614740764311
0.06414095042437439886 0.29945056899479882695 0.06893188814481736315
-0.28917464533945125282 0.78065753825443517933 0.04565885730507172197
-0.70166545026706139687 0.75413062434212929652 0.01300882008135966980
0.91044168953935655786 -0.73443274693687143895 0.08506681762444111283
-0.44749507520307507669 -0.62464215939874834227 0.01122284992063977971
0.36081592960930874980 -0.51905014589225229038 0.06443342060973507313
0.09476797637157585719 -0.19297681176199410480 0.05213791810623441547
-0.97229640973781528146 0.16202910067738307553 0.00306720272221105289
-0.18120677589052802681 0.50609695889675321290 0.04787249031374149477
-0.54238236307687781590 0.69060524581971383107 0.02070860507065142020
-0.75318988838762845894 -0.21652586202838075558 0.00539085160866417494
0.75397723236641511768 0.54671403542285013089 0.18767835888636635877
0.80566106939429626976 -0.67622962239279371666 0.08530294191195246511
-0.16694560270481750841 0.86008113914042327863 0.06587475830999107995
-0.78553892378025524934 0.21578166288331535050 0.00642729324230089608
-0.81713760538011270818 -0.49248921174061677242 0.00362480620478875578
0.87621318334659736848 0.90119383348436343795 0.26217948098884091834
0.71270424611643190538 0.85451024326019675570 0.23563493061026605235
-0.92158434427984903259 0.56222869958948940017 0.00502728598811243502
-0.02847193151716065351 -0.33019734009598833424 0.03770184645073924867
-0.10574794033527545878 -0.76771579765367281567 0.02478879258901049709
-0.74064297599839035158 -0.90673224421514464488 0.00377355374753444084
-0.91797503633715815674 -0.12478540358570500146 0.00312227002834126501
-0.85789545024744850998 -0.86993047099288078883 0.00252375224479641337
0.42486420004380409665 0.78370121402349668394 0.17327967281674366840
-0.42476086544344870966 0.44315258870277229875 0.02418561930412163608
0.52332146182866079442 -0.92218491556552040223 0.06170877319696932428
-0.16917947117622600395 -0.10430597524345963656 0.03192962687063324867
0.84030518696040634730 0.49768318255409482731 0.18713169280451094623
-0.21049971043602977439 -0.40345679943619550123 0.02398805815767273905
-0.77682899670080907129 0.90182139991033172244 0.01133352882036430150
0.03631206017373367345 -0.86000196857907451609 0.03163181685106101343
0.59186932541455217205 0.20567983567541103795 0.13096773623368068717
0.44260286793872349875 0.73915846051313915943 0.17042882974395001661
-0.20576878987956370715 0.31685989130015568271 0.03916499384520424204
-0.28698489652501657510 -0.51759958344821810350 0.01851734582995837389
-0.60884950708888085913 -0.16696406951132658492 0.00903923363301320851
-0.14660762210127264993 0.91721323482675720662 0.07247960690102960013
-0.91968548081185419463 -0.27350425540305267624 0.00282179806222204515
0.29791630422239023801 -0.12682540996451918680 0.07541027671752909001
-0.54067420504900320921 -0.03292176709493421782 0.01222969888433743553
0.41959897250972599814 -0.91878200998387171694 0.05540045548655211927
0.63271248152873216242 0.07785544022859380853 0.12364933589736198938
0.29542790533664353703 0.27510064380621335189 0.09897354150642195814
-0.66102952959798466637 0.37790231128238782610 0.01110828772368339587
-0.73091353643494438863 0.57740396506838820301 0.01020827195976076011
0.89475750232672424112 0.11593394346085750257 0.14366909285883910918
-0.86812894597090295434 0.83931606999834484917 0.00770710967009972416
0.65734537837426887386 -0.17654862656759906514 0.10631610331817278881
0.26595668372728487050 0.10742629912740198073 0.08425795580977013532
-0.51874593981516414765 -0.99149007407806344361 0.00743813637032640727
0.72644923893759427713 -0.75254060323576288383 0.07877575290773715377
-0.31955660486065551318 -0.12228770551127765565 0.02170581738867833135
0.45750848433669499826 0.59935293790702703909 0.15481796407288647699
-0.72675801250372695783 0.47578962263577784242 0.00957198584458682569
0.61598785371575326408 0.03912634707366757780 0.11892287081813755767
-0.33143812340923206605 0.91004905783381162543 0.04556641480240721659
0.63894604463481297074 -0.35062367157958296282 0.09412118842224249937
0.06120447556246344512 -0.84428042136726388911 0.03344812877729904516
-0.61048073814931824721 0.52523766368690227857 0.01465714670131839509
-0.63470310868577795027 0.78012948380409108395 0.01661785561240383333
0.48368652120152133556 0.75619313621712902496 0.18062246622552444175
-0.44021785287640247120 -0.40048389531036887590 0.01307146436249394771
0.39560213452240611254 -0.44306947769444282592 0.07037261496887019241
-0.90159397811280128643 -0.31213849511326774433 0.00295213600526547269
0.48426774281076556683 -0.97874058555964249528 0.05762108029328347203
0.46351768470556620194 0.41058694543293006163 0.13473754562636572341
0.28983091282269035638 -0.21287407162335170163 0.07055211602259219006
-0.62157067765381435187 0.43771728028298917401 0.01322482921178430755
0.98382334275750871200 0.02981942776473189838 0.13691684751596377989
-0.25399047949254183187 -0.34521496351206204523 0.02232617672469117132
-0.68948978612011457834 -0.64505081279358167379 0.00519249597620617849
0.05766130891020870841 -0.85190714672892586812 0.03308947824022217404
0.09760174366073148811 -0.59176468071950028005 0.04116915169344816106
-0.73923813874295296600 -0.62684509226883755595 0.00442375642093731456
-0.72476333602725406813 -0.49818496967725511837 0.00501095695242368550
0.06084637442878992886 0.35422454482661103192 0.07131721288119192981
0.16114312994990043215 -0.51146495703443939362 0.04818040760363798830
0.91615828098177654049 0.97798083251485712353 0.28237829011448967176
-0.31762561898679120276 0.41019947924342248236 0.03164923186552987683
-0.33084186174791740953 -0.47500822877649495624 0.01692810951172199138
-0.71166698348099810545 0.40251860024737973198 0.00953802963841000016
0.20494205145118349343 -0.99832255286617366252 0.03954867627963200294
-0.49219965395246112472 0.03527393213683716056 0.01483024827422039019
-0.32648572875494452639 -0.92622356826133045438 0.01330239734425048975
-0.45642244726373237818 0.03337652607810270844 0.01645907521137032065
-0.47456832991928332710 0.78616187533843273627 0.02747768856369036880
-0.75501632723221989707 0.97512542134366864133 0.01303611714756133626
0.69857944245978043085 0.86701407122546303441 0.23616110642558674204
0.53311765053499704514 -0.29869602364442027209 0.08902568178418586442
0.05361139761189348540 -0.45222727485545477499 0.04118153558370651196
0.41817678924615298008 0.83853321100644384600 0.17998506007594008982
-0.47133564923463988627 -0.23685308421577855320 0.01320653480484930593
-0.96994910847646620411 0.64272691838047446566 0.00443844458100539629
0.62705661138926149789 0.15991194925830587437 0.13034016565210898575
0.40752216747708547295 -0.05504163041707710313 0.09108967291318348369
0.22620540516598142133 -0.33710858920277830819 0.05940995165216991780
-0.06663395821373074845 0.56569483121709307483 0.06486907227167965084
0.28486250346663877231 0.31039638754776532892 0.10003438220871536946
-0.33864884948045625990 -0.31875990250098795720 0.01822005131612769793
0.07027399267034195596 0.09035711848919447675 0.06013210167806625622
0.06406839428969113293 0.17617679847898881640 0.06309832885483930565
-0.71366819849654183905 0.19200191735780491875 0.00812683344515609425
-0.59057530190437046436 -0.06814602917687051509 0.01021947285433782819
-0.15847370242755887126 0.51551567948941756647 0.05085586292506636547
-0.42746021517237631215 -0.43137779689448252363 0.01330908973766599564
-0.90987816361421947065 -0.87055937435721997275 0.00207414731370370812
0.36616238276215806735 0.03833327252413631925 0.09217163620160404025
-0.95526733366318716811 -0.35115335668903280286 0.00234327381031925342
-0.98041943941897136128 -0.42139153166978626786 0.00203402160746595515
0.84500090286864315559 -0.20432304411344714978 0.11467402031486194358
0.02977006827125228128 -0.50927151092106037744 0.03803755818136136252
-0.16208289548930077117 -0.54100872714481207382 0.02480222836795829486
0.45742457155052318463 -0.49193878002427138263 0.07338549016800380298
0.88935618966811236241 0.14826114439622717356 0.14676573770944642550
0.63594304107163623918 -0.12576100810542278907 0.10820397015457045020
0.67797001210710194918 0.28682079379081848458 0.14783022973789727850
0.04584554071228486016 0.95376895574455433646 0.11205177599027134339
0.46384348591564661390 -0.57703278104554778238 0.07031819679555406655
-0.73856560045423735872 -0.17882299167632265124 0.00581106233741573129
0.52782301168038636696 0.78183604601159140124 0.19271125518017767630
-0.68398029953959538219 -0.98313975191784575003 0.00440076670847216501
0.95525987568406200978 0.31443429337227790654 0.16698190435678139654
0.67866122459658262400 0.60910738695771593498 0.18885948092223386885
0.59854910818095707903 -0.09575662929544126456 0.10722582159042601258
-0.30644760266741477572 0.78845060639821906712 0.04393966756223560005
0.98482791634427635508 0.32112035701989527503 0.16809870718411859536
-0.57655782146601075588 -0.25636636660267408949 0.00946638223469616069
0.92518405092425459735 0.01348442622730838814 0.13469464682057291638
0.30916763715311423866 -0.94838230489235919585 0.04739681075317013492
0.90237064150467438672 -0.28367133517175968649 0.11068644956661519152
-0.17239792188945268769 0.33745351088071884327 0.04304554680558349278
-0.47942583503684854662 0.74105713871109668567 0.02609813163784535997
-0.15875948018371000003 -0.21034214688092833789 0.03055638687464197825
0.40760886386748018673 -0.98852888998914600904 0.05265846789569859909
0.44336458068797357512 -0.54213938002013173367 0.07016636516245813859
0.74356668321247343378 -0.89631764017538428924 0.07352644992843275495
0.49992810224625583437 0.17369108616875283957 0.11778260306879692609
-0.51424770838990063737 -0.25296643391103379450 0.01150137596683292567
-0.11445806213609510671 -0.83640683588777409163 0.02341958353700957299
0.67818843956898944292 0.95052543587396076674 0.25038925323655020216
0.44919668540707036186 0.13352568517701635109 0.10857257720672677803
-0.38318776274606491938 -0.12455778467027744938 0.01824932107896979142
-0.87666942686281457142 -0.38821990852447574305 0.00309622461132420725
-0.12582123622588681222 0.41911631764214107854 0.05091105556949195032
0.65238202469024608732 -0.77470850822167136585 0.07432056374246125141
0.83961264742000563110 -0.18925688872852708400 0.11558255249210075410
0.49207805963890582923 -0.71007630921812614488 0.06715641850882787811
-0.80609219255985786745 -0.55220381418460062761 0.00364331250700443724
-0.36035402582288811324 -0.19014022874981706401 0.01862645085948467713
-0.78006036467159978187 0.00573577479686604441 0.00566767427833640008
-0.46482906309972982228 -0.67263083937706125148 0.01038412776072143891
-0.29611246937413393532 -0.74083565340773649410 0.01592676746668331492
0.17944300005613555982 0.27546777044852621685 0.08294902325843404867
-0.16220793474514705323 0.90013720025255250512 0.06890479753341388625
0.76403066093240856738 -0.01030148536134922743 0.12608491555600292999
0.23543355271007881946 -0.75638533159630805258 0.04721686419644227639
-0.75254387208184558844 0.40927500901491709051 0.00832070654237080515
0.01466943306268597702 -0.04001660512453653062 0.04949903389959658256
-0.26547208713365333388 -0.49387590982423534847 0.01983708519435504677
-0.09374309393320756634 0.13512633046036959250 0.04450686712145941054
0.29494756964623403128 0.48515431147880017093 0.11565374525831302599
0.29070107756881258254 -0.41331679939332155449 0.06241606664634703067
-0.83402576235722469811 -0.45904272997673123413 0.00347618712348771435
-0.32029327969558241129 -0.65119171633712524816 0.01572003384071408300
0.21863472798021477139 -0.08737267386850433581 0.06878994674841935886
-0.01926963989829921786 0.37837763172286198454 0.06206323040922147316
-0.41802115475222012542 -0.69877239467793983430 0.01171115930543337354
-0.58626034735771903605 -0.34445815937240564786 0.00869278541179049381
-0.28256340305977722949 -0.84446592111568019590 0.01558429714540535138
-0.01128825908735575645 -0.11524695210133062417 0.04473169793907373626
-0.74628568271408202150 0.95550315493696591496 0.01321499124269333476
0.81042990274493531544 -0.34074244336837278269 0.10406906351596165172
0.33463579182133895706 -0.50078160641181090895 0.06294103315904837903
0.46334223089857906608 -0.38769360491295867810 0.07860133742436524462
0.71806916751190996706 0.18247578616606618951 0.14055750068604536129
-0.02804389863304801445 -0.68360270559406144386 0.03065994136270205200
0.04427126987005247649 -0.24031321814154882333 0.04605998435706723515
-0.00821266289672850647 -0.76959290933425283932 0.03043352495831711316
-0.73999718081690391003 0.20549034146064526496 0.00749170903394377058
-0.46057043918169715546 0.96949615180399573156 0.03343733008445952393
-0.41543826963055852097 -0.95354583599870434973 0.01027403889563765355
-0.87203553662477051311 0.29188494916500840048 0.00494773134044992728
0.74835800942124497404 0.49711896096670771250 0.18010817408429144471
0.91773613679784116215 0.56022781777066743558 0.20014352622719025487
0.36025600437207061510 0.43490647708390839377 0.12153349610574133710
-0.17802900945289290568 0.46148380824071444373 0.04661255146614379230
0.22459652217655223794 0.73114079713609569922 0.12662118483211617925
-0.89911413495310199551 -0.32782694062657680156 0.00295141986514805849
0.83604883409463770505 0.76200962219074774850 0.23064863587154990632
0.02427300653659036911 0.10121811456558749143 0.05549943594614439174
-0.69884470364179884783 -0.63954834836059615277 0.00504622076483656791
-0.00768473899839561270 -0.32997801092969858416 0.03933716919923146982
0.50847816481466634464 -0.03521783332733674499 0.10296856890655987915
0.70867154421974842826 0.40596529917987589364 0.16448212809721182714
-0.23151103544901152631 -0.12187965658026822524 0.02717929580146272520
0.86871457222930836828 0.93488810623153595358 0.26932225247694308035
0.86889170166922036209 -0.32650181096188157781 0.10696979823384140940
0.86767449988861167220 0.57954423730838766637 0.20102539902320340492
0.50943024711787376901 -0.43021373971704246486 0.08032880019580371234
0.12741096063176815534 -0.62713264249029787578 0.04253652268762169592
0.68482981310186574753 -0.87791682395435111097 0.07180164178052951540
-0.78195823556683174971 -0.08830043055776326533 0.00528887781066339057
-0.43331783924291134014 0.01075243910610268472 0.01732877046918396280
-0.43829058151772115615 0.15484802846337353266 0.01885931762225070626
-0.84499257090203117038 0.07520503766624409003 0.00469517769555826033
0.57005940527842846599 0.63354140405568992733 0.17747413260039640592
0.34234623190443813634 -0.44422084924106264303 0.06575300529528073368
-0.00296651084805255039 -0.11367610536350647443 0.04553433709310181210
-0.50597266263368489980 -0.94735823650806705309 0.00791207599763558457
0.19899047139436798481 -0.80581015080855400434 0.04340570096416017376
0.92729258911172074420 -0.24037187626443867750 0.11420997960469911336
0.26470153229492021651 -0.57058255819938885622 0.05479256506889108869
0.76472157653036565428 -0.51846296354337417789 0.09176000686562223174
-0.43245615289188643615 0.80367884565618452619 0.03151108078041287008
-0.08869856982435897486 0.41843765187886416967 0.05524502470173055235
0.63076921453022705144 0.81030431941844005550 0.21517584720498830753
0.34821100977583774316 0.61187924124200954168 0.13722595230850012649
-0.96484787550236950082 -0.10709673786796081174 0.00263285145132837253
-0.50009067424944020352 0.73821780267691883282 0.02448270909806372908
-0.11195017395340500777 -0.93239094372320230342 0.02237203283303901280
0.25895118229371605345 -0.07866702504092404347 0.07356350769299178916
-0.60392402370277409318 -0.68833236740580905355 0.00671674582157549393
-0.85740975890149107030 0.13255169594972460168 0.00466531023647372926
0.52939186618832545506 -0.27519123818458757214 0.09002095895383974145
0.45116653084557967190 -0.43239805031041855798 0.07550969173828057934
0.55107349532252958291 -0.85590104220528240297 0.06559703497341541623
0.51937188589062244226 0.63121360347151256320 0.16915503944005166881
0.31305647923199386717 -0.66766442972887984908 0.05552926983030166685
-0.08047234699247285405 -0.61237462133005338139 0.02858198942723973526
-0.88068294208047404048 -0.23814875716827588192 0.00334596813906238395
0.45032216101847488687 0.51956909944852025518 0.14432154504848132559
0.47999500209995038524 0.95889040983808104812 0.21344509962121649416
-0.44986488571793681324 -0.10981772636554376632 0.01525356048114904182
0.12349367167338276552 0.41200250862258491757 0.08342447700802627097
0.45838579184210548334 0.48889666892994032565 0.14219828257967889740
0.14838332171550416838 0.40131616004738290826 0.08639580573318882128
-0.64662575604363725645 -0.17924280323828689632 0.00793060127645445895
0.60886088965647444660 0.95264166215253975878 0.23874863416863367771
-0.43212998376890987551 0.16659097847960890881 0.01935449605163104200
0.05906163954681975525 -0.30667840163862414293 0.04544931114369422237
-0.78709929773741649228 0.36965537660604930181 0.00714817080348294567
-0.36844632109281638677 -0.15096963642599381394 0.01868293846551326992
-0.64365191478129180069 -0.21565540006387018401 0.00782511027838446969
-0.17580722080527255713 0.05898518480194270275 0.03505522752266504449
-0.10953729817493607079 0.43997440857080594157 0.05363609670365773047
-0.65565093424910414477 0.45809934526471818295 0.01201152807728575293
0.57869739772206685302 0.75002342153492373988 0.19645291524081404111
0.11529930303211655129 -0.76710090570619571260 0.03850211487544798195
0.10830674517882532548 0.04620535045474150060 0.06252897124939935103
-0.09360042044830096941 0.13367432459970718384 0.04447577819704481850
-0.50093842015573408766 -0.71745175604526312263 0.00909823937101180737
0.95613381114267115279 0.07464593508003369848 0.14092479009018460401
-0.13403929028891004016 0.61907582656226400886 0.05833027682593590335
0.99162931180556568300 0.15809096568231328916 0.14958848992259607402
0.18335707838581982720 -0.11476853570690059847 0.06386630632480737313
-0.18864802530580027096 0.78287671970924122000 0.05868131416531027766
-0.89253268617718362066 0.61681567276697557567 0.00586318172147076450
-0.55534196137256541803 0.23041984565274131747 0.01401397875500343636
0.90915663345631014813 -0.34129367856165471196 0.10695425577921316429
-0.61081721184279702541 0.53487678552585227187 0.01475111933010994289
0.04438694307562651709 -0.97860678488088104210 0.03016679785339217157
-0.67812595585560209166 -0.14206963329779109806 0.00731473916692269854
0.25920393861146684422 0.45895437222380164322 0.10765357803697427064
-0.49750871277818786709 -0.34777133749871902424 0.01140617818317925594
-0.52834245957440972852 0.38901087697519254327 0.01710137796809668015
0.00383217850751282896 -0.38802715937286680337 0.03885504787645546049
-0.53870795593065401441 -0.93629185371780776492 0.00720345472597162546
-0.01777152564283768221 -0.53772519722779676954 0.03403616178424566374
0.50819687906786503717 -0.86145856253960451099 0.06281563658194594391
0.26516579232603021410 0.50650916931386325004 0.11263210307737800409
0.70495453978258515448 -0.05062424563836698255 0.11895499300430355250
0.12373695074666390958 -0.02855789057154756172 0.06110611243341557142
0.49856017854453282823 0.20936836589558205368 0.12062656334739194075
0.37216697263057607614 -0.33103587777085552446 0.07316915651048737368
-0.26221818005628905190 -0.31989138719150189694 0.02221152584950420242
0.59914989607683821760 0.67911900485916754100 0.18858233878577002063
0.73642812909554700163 0.36260029180454433906 0.16172170130508042862
-0.26633328356295948858 -0.23725936489492260861 0.02314281788479432417
-0.89991546237189301571 -0.75679128947856177945 0.00229196662431431150
-0.17409754444999592238 -0.14667013042833909608 0.03070800085259854303
-0.21472013856369898122 -0.15519210155377982652 0.02771549373454223336
-0.91045759557604810652 0.09572147336992786748 0.00372392639623740336
0.52134971333829560614 0.51514820980877051859 0.15472770031667054669
0.91752995963021510839 -0.58430509818803400002 0.09271236094800391903
-0.79967936552582985499 0.50476339561033012338 0.00756791299401126522
0.18376559287396343478 -0.59407417143123630865 0.04767686581297156390
-0.31580790462511498795 0.50121005986884115124 0.03407885753735385298
-0.54801291269435536968 -0.50489871526971330518 0.00890082333067444657
0.32116768691327757246 0.49767450183649475370 0.12108527619477590931
0.89965720648330593789 0.94924176994821762854 0.27462489268646905760
0.72424840547124058610 -0.66041919038994878477 0.08283513150911782363
-0.11833307477867993640 -0.76447972576718004056 0.02414754017472254058
0.65446169493088390823 0.82343426435211997116 0.22126248654096133950
0.82845987468198400983 -0.95702115298259471388 0.07383492248265599578
0.05598406922543475162 -0.95952573891119663507 0.03114878945397314691
0.86195481328346068572 0.01544672116643508453 0.13306975293216227740
0.77715436135683613195 0.44805564163621691698 0.17587228722066805542
-0.86616744407889356694 -0.64889370970702531238 0.00276442035523965894
-0.67021457205682399838 0.87392926198631193380 0.01598414805220285326
0.13384607956249627847 -0.44499627537422892232 0.04783361314941862036
-0.94319420801611375538 -0.49364331426094643085 0.00225490104055945393
-0.23323288936608688182 -0.41583992610441145032 0.02252323056584403654
-0.54704542622352714254 0.78558429859475231716 0.02206291345425850578
-0.87336106797234958066 0.88254613830326911206 0.00783836051159085036
0.00952198103028001341 -0.36321821293127953822 0.03989335226152109642
0.53694613808223357054 -0.41597550369132574311 0.08317195702351971864
-0.60482043510756522409 -0.97769981672174033349 0.00572569566644720931
-0.75674619252710373374 -0.72325089140006149080 0.00394130481405395063
-0.47285110655531203960 0.59158407287503145255 0.02359716158869063288
-0.75264219469255833062 0.65078949209547798382 0.01003116685982971545
-0.30914624907715393398 0.21312450194882726073 0.02802082587415029649
0.35362441678001599321 -0.14066163356448457833 0.08056838778000084689
-0.84256744121568649675 0.82319772534692914334 0.00836029672596226049
-0.92058450488840870563 -0.72933149960982834870 0.00215037965692078861
0.74710779984491915151 -0.19375451501574203483 0.11092868366004476899
0.25072667827732408874 -0.43241592574931719817 0.05821004783132237292
0.28117052987396995434 -0.85557720244179935598 0.04787168085575136539
-0.37554260871749933770 0.51420533670875001597 0.02930995657699442258
-0.43469637687653284175 -0.74694220449845727394 0.01087183458621001492
-0.53601109179825856543 0.77433976073366106441 0.02261505186409593776
0.12840899247082937507 -0.67156720913148815200 0.04155138792310603818
-0.98745828063081564352 -0.57731273466457566634 0.00180460640701976473
0.26200460717957363421 -0.97412372639856115164 0.04371307352358718562
-0.73179575209429681415 0.88201880935606458145 0.01305208479091740474
-0.04471441841084322633 0.18756861266076674255 0.05127833623803790958
-0.52736666679439414551 0.33313256517059253170 0.01645695961527286408
0.57211551729039911152 0.69876270277498830907 0.18735640583431026340
-0.15527589530108087956 0.71555258623070860935 0.06004376568428163724
0.52701368324586894687 -0.69619851887274064595 0.07003890957218938951
-0.17169062334355267296 -0.92169197251625090139 0.01962984183171053928
-0.36566848385043893011 -0.70553887926650538098 0.01349733595181559949
-0.81115355164138636113 -0.95857058025486252539 0.00285812609871885764
0.04920273938535513203 0.79216971474644370943 0.09836566344838418297
-0.82824771801553964679 -0.75333849849105916086 0.00299967798082759326
0.89217024987832305172 0.16067111316583160274 0.14813728872185322194
0.87476233966900629468 0.27960438475403970315 0.16058935183447442530
0.92692828191207921051 0.96844490714309516832 0.28053295365547459284
0.41256667982273431683 0.62094082648836956828 0.14969047396424650653
0.61312426029510436187 -0.89439565963345080135 0.06767763712309994573
0.71765749550862256712 -0.46340995033590437480 0.09250611044951559392
0.20067757578948186570 -0.25466365476723606953 0.06006529566797783742
0.07172129088882006620 0.58539521213492018425 0.08682034336970710642
-0.25928182459479121036 0.43968025461346726956 0.03761045119407450260
-0.37651681078466925356 -0.12276642213223953881 0.01861002781627320302
-0.29140119526819341367 0.30367877764788975270 0.03132183552301914808
0.91890129063937897591 -0.37281282581491637096 0.10509245262279016953
0.83159173624030380267 0.85401629867468487056 0.24864973963382011601
-0.63789714708790401509 -0.54752141935192999433 0.00652000365470631945
0.00352628578533820125 -0.79056709249964285391 0.03080176937843988327
-0.20325704131407729136 -0.53315614671436217797 0.02260381016871697638
0.16587822377935701468 0.09682350112478244064 0.07149495785390706792
0.33408311613920305128 0.62956566804980740315 0.13660061377150661821
-0.93107165668472102737 -0.52528497561631115609 0.00231985357045914106
0.34278682839429563955 -0.73513856094566532029 0.05565306108129287194
0.94759010589654502077 -0.96790211131374137565 0.07539928589113392698
0.91578784886680097976 0.20633254401675160672 0.15368320236753801877
0.41712704928551147532 0.46353459049282497162 0.13314555894349644483
0.23275983284479329072 -0.51160728357082496665 0.05404907097156749080
0.36135978049422612379 -0.69611159606495198737 0.05826224814176968886
0.23434984541710779382 0.53646322466320728317 0.11006410572739908083
-0.18964371058341011889 -0.16544719573661148537 0.02924452827560733090
0.24505825833517169698 -0.42638779981763996751 0.05792459931544832741
0.83315171638475105098 0.02538947914698286290 0.13279434359478303751
0.22260049248281710277 0.72520988415270282168 0.12561944217668064017
-0.05891899527181965190 -0.40616511801121779612 0.03378185079294816762
-0.38444919826459966750 0.75905813786206732807 0.03476621304947587893
0.72836462556320036299 -0.40971248682068228675 0.09609245295783913621
-0.53037464841324566400 -0.24092576782654506751 0.01103343226017059787
0.13054308556966409682 0.35923954545341629796 0.08119895613270224077
0.48558442745533736407 -0.75370168418513960873 0.06511603000288875009
0.74940636297069529448 -0.98348528253954614620 0.07042798646020838327
-0.53675530472553467654 -0.95278027850234914276 0.00718411041400735233
-0.75299750524534658780 0.49390668473078847001 0.00885881561755131643
0.06913935087590461492 -0.57188122025448828722 0.03952631100109958717
-0.20957894453461967110 -0.17440568456705696221 0.02771904310990758180
-0.56444600627490104650 -0.44745188524669710084 0.00874948996464699862
0.87259284659396763040 0.54173122246657379186 0.19541892641220742766
0.22955920338951374404 -0.35710881825231166609 0.05899206506068726402
0.04364327025589087583 0.97044333085194489641 0.11319808979301652918
-0.73649822210686766155 -0.06076455390426671599 0.00631967093585256851
-0.02681026105170780660 0.35853978842683265071 0.06021974975792396267
-0.88940823824412662546 0.32174648774764746939 0.00473687131563862301
0.07615012708692181498 0.94626801854755870913 0.11785069347257577654
0.85795387404888345806 -0.21320949643625319858 0.11446877684636870554
-0.98367071876006195730 0.15819440976097731699 0.00292437608958153340
-0.78550634488199300165 0.93953251398429316055 0.01134863067584557933
-0.99407506493887054511 -0.65903967271688168594 0.00167755158239017471
-0.51071887163659379638 0.92102361205915683762 0.02763269208712154298
-0.44843740477543359013 -0.69169799441946966390 0.01077595887090756870
0.18234039488841480292 0.58610661348071824150 0.10537601061667024871
-0.10000191707966266108 0.00009129229200777189 0.04002876416328838421
-0.61664483090615829219 -0.43955275601817822562 0.00744587691564356589
-0.34324116156314388171 0.74000035496596416884 0.03829816654897926637
-0.56268775006115445692 0.11032095064199332057 0.01258758154193460876
-0.75213632332277247095 0.17153788616114873378 0.00701054917830844834
0.18751332911799956094 0.96045603542525004315 0.14474886844725159962
0.27163101826053726029 0.14684959256048379928 0.08731935584513346449
0.52478681377638447536 0.90225729646602603751 0.21260380060108716171
-0.98591872263831770162 -0.69476825236267814034 0.00169841398217571442
-0.39606013184199495569 -0.59239137639914463129 0.01323239247952021774
0.86524369986670057742 0.84752492936668288870 0.24983111309647224041
0.65498233494154112222 0.74346058996200947711 0.20716115762077566553
-0.50528561712328867728 -0.95672412607248435990 0.00788947201841365582
-0.64502005131435002916 -0.37683720978274148905 0.00704897155147125171
-0.10219636993236980160 -0.11454902502475050596 0.03692923796394002173
0.73783301406113044330 -0.80968351027401674891 0.07681231742656338679
0.63955514819188974407 -0.22414405340043419557 0.10186396481500385736
0.38899024404690840662 -0.11566137807655496594 0.08560843241442465945
-0.75555664597249716508 0.31296415251647613509 0.00766629157941903748
-0.73180223194598559289 -0.19258721992323835082 0.00589701798924695698
0.93389974247137708119 0.28132604741859701392 0.16261951702752078242
0.13599863496189357193 -0.06912006810503545928 0.06076930052229877199
-0.91148477407046013532 0.68134773191479425236 0.00574448022437611810
0.01032501892221548978 -0.58379590524621560732 0.03506276578185502091
0.44468497973753273733 0.39423883368898016144 0.13038870128722507280
-0.00695979615618624869 0.07158336795874986613 0.05111540266477717503
-0.84283134198454612296 0.87497457746702500536 0.00872394284898228567
-0.95914566686388558203 0.26601071311197821423 0.00347798831129455914
0.11626558441042900149 0.04044123891018247541 0.06317104284108972234
0.03956551709992850441 0.89042788075945611403 0.10487448701606597035
-0.35309989107090822280 -0.15370378136366258381 0.01944549626450380042
-0.73914072299134137012 0.79252668263984671349 0.01180346301412614311
-0.38653442660119563534 0.70218599951106885904 0.03299632240123802351
0.05601369337926453973 -0.78488549551320052622 0.03421050421014239923
0.79761485926194031215 0.59571770001606316747 0.19888310774132242353
-0.24111850149018199119 -0.86362418113103078809 0.01712492001053961960
-0.79841145499700671984 0.46594334041735785412 0.00737971784042434388
-0.52026074338210159809 -0.85476800779441886036 0.00796043053797191626
0.68184538453137966130 -0.54597012934244348870 0.08625097798734590593
-0.48893701732592975695 0.33311030216421944061 0.01847923357435051969
-0.20953894759466873410 0.83357125447897773007 0.05822104446172391562
-0.81073494815447122441 0.66199612209774061355 0.00822909129074846438
0.98235899168188001163 0.32140952891238172562 0.16812070808113813158
-0.71847223881493516018 -0.03875552646200608464 0.00682450648619754938
-0.19541639618574691006 -0.74460034997763901998 0.02042591125335727065
-0.99926512245074805563 0.90655053507346639030 0.00491285056787844378
0.31362886946987988956 -0.04176875922131340069 0.08149658776233559276
-0.89929499130678491881 0.24106210850631182296 0.00430354788823199361
-0.51186615940797830504 0.41432471792027536495 0.01832398048490821441
0.96725571672821764047 -0.24764863133690240282 0.11416881559297713256
-0.32911666869954658843 -0.21962062875832133457 0.01988305878100649418
0.62662080668750874679 0.92919987617071653219 0.23718886919435383520
0.48415492071148791275 -0.81389701338321862600 0.06291010410212766191
0.82708392181638967777 -0.71802650565800241189 0.08398825395791786885
0.35617027141816870461 -0.70607264203448472095 0.05755424166803983776
0.10669476301145230934 0.94956002517155857490 0.12493010205042537342
0.72330107726622361319 -0.89952005231501686033 0.07261223932568626471
0.49692048081545037164 -0.89185212323117091238 0.06111133448286067138
0.78921684926019963768 0.52785558365845797191 0.18794980155478582806
0.20516244557423979344 0.14010987828892229601 0.07854118620090809466
-0.42763151830276235899 -0.62989106982080755870 0.01184696979674136966
0.51078398374284672556 -0.94622136155276859171 0.06019628881139640203
-0.07024169285683723452 0.02719359705261892302 0.04348613710970693214
-0.63004093021644380634 0.09964356123415618605 0.01007741279539967234
-0.16578182263624730020 0.73791422195969813558 0.05967680145724944818
-0.16892665833924680463 0.27894228587259028984 0.04158193605710532731
0.66637435166014902244 0.38162152678727578881 0.15730295752204928594
-0.31953769967309697542 0.02400185930537213075 0.02391540232585036979
-0.74183311712647581615 -0.91201113728516491896 0.00374741263640937560
-0.32027858719172908053 0.69520560394722297204 0.03925506128237482573
-0.65146139974015970786 -0.09557527516519837008 0.00823912185286875855
-0.82804023076162014405 0.86865593545951336196 0.00916163415246242820
-0.96854362042866415372 0.48557572440809759762 0.00394661639986130033
-0.34572241860672092706 -0.16473774487776382536 0.01969630929289183097
-0.20690661166522339443 -0.62921593700883637901 0.02119922591172532580
0.01936522989220468283 0.38926468744353637241 0.06759504092849551171
-0.86598847297478487306 -0.71797260790989758661 0.00266097863521845860
-0.15118112426231733458 0.59250873555903194045 0.05492275837583632941
0.10497646760714296477 -0.80406262061425937127 0.03704349551193836243
-0.19614517674026421545 -0.32000334662825791199 0.02612711836839320262
0.12869349879948543958 -0.26801464292440990711 0.05281622842366147375
-0.27656315175599810452 0.52218909614492869942 0.03834417905722810327
0.19508021967926181262 -0.69016750385557612546 0.04598203719143478113
0.38447979770657059184 0.86048328469457513457 0.17608932585672124049
0.72089918871332447914 -0.10322572844260813341 0.11596897160760168133
-0.13559249907497594734 0.58028981805583379483 0.05637111503753560598
-0.17520324880260496059 0.12572789451809018857 0.03675517336765678905
0.94007412019939584624 0.07640934188189762999 0.14086014609961722277
0.23896173806982234922 0.11710441315194763945 0.08146881480609699522
0.74231082226827993509 -0.14515847879993404312 0.11415988895466173958
-0.89968248526062466475 0.98424941881275196387 0.00774396133322344769
-0.08380098189301721234 0.89330159289915278542 0.08169683842053601652
-0.87154417481380663801 -0.90606291367577185270 0.00235262969101494683
-0.89326648179036238773 -0.12019909252645932796 0.00344081593568899228
0.41031787508267059117 0.11690801890867597024 0.10267189921976352385
0.14366790187112954413 0.13745770414739233445 0.07082674296950296211
0.61952049431524924827 -0.28377169967073512247 0.09667992922320987892
0.49443640313915704354 -0.67119210164356735149 0.06880102207588816021
-0.06061052756169549305 -0.91352355844405197516 0.02526323087170230172
0.92286349519752941539 -0.09441412330924836560 0.12533974919621568289
0.21877224520674976027 0.70506383483614953889 0.12284121206955052330
-0.18090649268684755313 0.19689463724671907308 0.03812051209191835016
-0.07712501046499098400 0.12491462549322851494 0.04581532340571274620
0.03363326238455499606 0.57047489292370068270 0.07983474964967723908
-0.75473311589132641153 -0.66816086972519861398 0.00409363535414080087
-0.14830419475168543642 0.14684836930531508514 0.03970551719047641509
-0.99770905647117591464 0.92690984375786289462 0.00503023187640665864
-0.78827741222050340397 0.99103083849973039321 0.01174764499076848788
-0.28449516483268855183 0.48754650316276504363 0.03658379065486921239
0.27423394660564581748 -0.74897541531362765710 0.05023282362300537235
-0.19345297397766958447 0.15990975593744538585 0.03604985798110831724
-0.65280037448706385028 0.77124538969142286682 0.01554348285537597747
-0.35692297493452795898 0.57989141088821427594 0.03245888297068930811
-0.09780408475868762608 -0.93396160351742230077 0.02306325326424965572
0.77804462114942718465 -0.00271077160703736553 0.12754361888202239705
0.87058182487546154071 0.41395358207153387653 0.17713672701115140695
0.53822780692750127329 -0.60523354056034706083 0.07451872217784935581
0.08645733741715000420 -0.29365466817113583531 0.04820534557415018934
0.28403572111623498486 -0.14136856687009347056 0.07324764824306956301
-0.23524680094184979851 -0.96295770458120677482 0.01648258334564795327
0.91673488204597597395 0.21258477528171315640 0.15439201773633212667
-0.27253428480254426880 0.16672472742771660137 0.02980486002046039973
0.88481057170062538120 -0.42740405080386256742 0.10100817767113336176
-0.86615629315934317134 0.56178664684445012156 0.00619958045964755840
-0.83090144026978096647 -0.12147994361374991890 0.00433679003180436479
-0.70044140304231672367 -0.16489998609597722456 0.00668452378773148285
0.79230065622550371884 -0.74353785234313418684 0.08171794241403083914
0.96275251779334714008 0.77967675366764299660 0.24007950206035535978
0.16878699986397394106 0.23719148356072028427 0.07928692026369435486
-0.51616845877631867268 0.53130057414088716072 0.01977678514390938599
-0.20822847052974724491 -0.67562736393874311958 0.02058369929872335205
0.13440487536752843134 -0.46438671214948512578 0.04733060749487618540
0.25071647676771924296 -0.39337933556834414617 0.05959218881863039691
-0.90923157439596291596 0.34534698544493047656 0.00447016901253739427
0.14623292829060985376 0.84318577686284523764 0.12228808984237836410
0.93696514613174852748 -0.07048937684034983775 0.12757544071666113150
-0.61801873452676470144 -0.73633072762259565991 0.00624899409360587035
0.30998109091752223954 -0.46285469157249647942 0.06225230804095810422
-0.16012897408125192911 -0.41665593983381499221 0.02681659566911089379
0.76764266644380763083 -0.70008539671838554419 0.08281436930695071363
0.08785527980726515196 0.35415817587382014686 0.07497016125184645385
-0.61331516396623619869 0.01636411287037931039 0.01005190798760043601
0.01025083923051095525 -0.99201365502435390198 0.02803161930529264947
0.93079527223360747357 -0.64713427172002124799 0.08962369017905105761
-0.93433089840478089627 -0.80397515936748531473 0.00195731096504719784
-0.03569859999498148362 0.81471390999821569068 0.08467260935464381022
0.87440432507870502477 0.49566299381854039829 0.18866787019959366245
-0.31181266518284389555 0.51234025275558958690 0.03473516112253036137
0.57282619530534661934 0.46704184186133135270 0.15623778356464412820
-0.73309243047520600278 0.74095066177520063633 0.01155210790207020742
0.74192050008226595459 -0.88609589347368422629 0.07386632267211189207
0.23658894349989267880 -0.35640699411949894326 0.05965714251754907632
0.15735117237006912561 0.56772270112212197546 0.09964460628432735001
0.27648016073771009005 0.04335336424435731750 0.08188602858259766415
0.97424747531310629256 0.43323919088751261519 0.18264406161395060901
0.34645319389895923301 -0.42452311709518242289 0.06689162629609059219
0.06443496289640004981 -0.92399902043409509744 0.03224635919412294910
-0.03754717947353047869 -0.58980734866626960411 0.03171002601514299329
-0.75873621486181130891 -0.10470158475313184887 0.00568086640514522696
-0.07214122077742790573 -0.14907298098062415903 0.03855137579234053924
-0.07874098720266009543 0.92612764025942739821 0.08494090493206160608
-0.13233185405847525118 0.91900185408875878501 0.07499093743137931478
0.26766654282684898547 0.90701732585240257833 0.15649138351606273201
0.37299701877974067443 -0.02907800971256224720 0.08885179299915181572
0.57753680472325918949 0.14217465021059783048 0.12376131346774506270
-0.63600131620859823300 0.13071802844016811029 0.01009812199554820274
0.74988846039238143959 0.21736572940770226836 0.14653654159764276099
-0.90813882344203888941 0.01802915114281433695 0.00356326484660457292
0.18589751077873284402 0.05706539828878010034 0.07190714113799334672
0.02049204022629425026 0.29333479032101461570 0.06312168700504505736
0.58826617469023112506 -0.73825505414242464930 0.07222698144377970308
-0.92183768421936740367 0.67827782174373885127 0.00550731449394563973
0.37440120234202800553 -0.67367899075736792369 0.05998163936878863484
-0.21536953109416634433 0.14035435576729260454 0.03373167348536726395
0.48640828413807812858 0.87949947628842228831 0.20076864415329145896
-0.84619468464251856865 0.22714825115955394885 0.00519850925466259182
-0.22078778466569271011 -0.91561553113297455830 0.01751067880379801253
0.87595056122526671061 0.64090037320493720152 0.21148547227183608910
-0.04657198743642876337 0.88084532874576715322 0.08751034255067101364
0.79599717504517863986 -0.12982200803640231435 0.11819137886993197339
-0.56746972458615396739 -0.54844051668309745651 0.00816687685581231858
0.61014764202399818238 -0.53018418450174031875 0.08273935131289619771
0.86456284552386186704 0.06378488677504634552 0.13760394736389711112
0.17694494349492329022 -0.78504285134463391849 0.04235714171814196349
0.62114626974168540841 0.99875414579874166598 0.25082806001006652252
-0.31500364232336353076 -0.52551858636958193038 0.01713581467214997031
-0.02182863694846925995 0.76394285484764901106 0.08353237299724311504
0.70502882829804081055 -0.73162945266900458741 0.07872850650817410367
-0.68162527043944476368 -0.98162863029924007918 0.00443929063938991713
0.70225733157281022834 0.17205593074875036308 0.13825660215537607933
0.78693694712340001018 0.27715393714433012029 0.15561181696728892954
-0.42216242588664520952 -0.74226996394167810145 0.01129735358294428615
0.42997318272158202568 -0.12035816834156842781 0.08958005346789819912
-0.87172000203965160914 -0.99796219158984689201 0.00224005681650751073
-0.78723926733397275868 -0.53380067044249979169 0.00394065074822065944
0.43849928577494190485 0.49407469526064895504 0.13966676137691175219
-0.17918522152177773776 0.66032826488922080621 0.05430519971925680534
-0.30467183127583696844 -0.36480270119647606464 0.01937769284680703266
-0.82630505261647124726 -0.29514500554366041030 0.00394999927140136757
-0.78277631317249696252 0.59552657932773045424 0.00862991625603913223
-0.78352999286501923137 0.55467019895578917321 0.00833514955636053580
0.17485433293826480039 0.15455268295776614096 0.07553640801278722894
0.52286343414495717319 -0.22506281134652561526 0.09232536056905185640
-0.11553058006724925555 0.63902466443351668701 0.06178364185244507312
0.72814093611497998637 0.20103855493681921374 0.14321136447149543369
0.86404937947100868278 0.53901460305129700323 0.19456827700260123648
0.24382749873804043794 0.58466051942615715475 0.11595096009451065500
0.00718355272975079728 -0.24578035412330834220 0.04270173578377114282
0.37522600242231107792 -0.91471021438380684110 0.05262924190508733169
0.10183013148650532642 0.45190670749293704311 0.08273409135672907255
0.70755641631349686094 0.76167891113312702345 0.21745237855013230255
0.41999003804952983465 0.67545295691545281791 0.15772432965827565265
0.42343946608166249668 -0.60410909007916879787 0.06618845636772056895
-0.58831148619436079983 -0.60840810830504188367 0.00738708304441407226
0.88778731376560138244 -0.44735510325081273564 0.09987832853944868250
0.07776941051755281720 -0.39938027515872676076 0.04447004663865299773
-0.69363699007044132827 -0.91977872844148755860 0.00440402186397455438
-0.08779236866274886530 0.21275469986437589576 0.04762018084372112575
-0.53897408795511680957 0.91130551739838971947 0.02514173111984176895
0.17522957647253956104 0.69567946319730178395 0.11367613055418918089
0.11146409129470269406 -0.90946088410056069584 0.03540693757266995256
0.97602002268787213524 0.29479940235439316965 0.16484248973251175441
-0.78933508044501965450 0.54235946553037361895 0.00808610286826831615
-0.41401911443072769714 0.60752748090075892051 0.02831979153306921765
0.05010360522242973680 0.40460982662743472105 0.07255571676477488852
0.51048237498055670791 -0.74842165408350003197 0.06695921061013038189
-0.02970739474622674514 0.91885063219867268991 0.09360802661873920960
0.19704633778721802884 -0.75696585788635450953 0.04444525079869966755
-0.89012660846578817164 -0.50492657613933911165 0.00274530668895918949
0.19748005821428327167 -0.49714525820671151557 0.05157356179276342129
-0.56680567470752851733 0.39304165498546961288 0.01522775907592111705
-0.11401639615991965293 0.65113487718078322253 0.06259563770896260648
-0.29100717007474474762 0.16311294544156873521 0.02835433621182896838
-0.03443913811343324305 -0.53500811371228729207 0.03294375347211479788
-0.55269944852082764086 -0.71449149667335110081 0.00778089259991723674
-0.46367679083162416376 0.90072379317330253379 0.03123697902462517842
-0.02836676353596767619 -0.89537878611830556963 0.02728578515485356043
0.38169742592987954133 0.81299661968577696669 0.16863444252682951996
0.72242264308198467226 0.26208544062030658672 0.14913100871558995775
-0.86960639005298934201 -0.49604164138764583747 0.00298103073974274923
0.01319460444156850265 0.54302497737889598994 0.07508342756332841983
-0.43896291556690281155 0.40355339774172405143 0.02253910663073771525
-0.04550363262398193775 0.53115979401435287066 0.06602863605405384639
0.34709024417448475219 -0.66112646816102449421 0.05833489835487432051
0.44328338080098017571 0.68606493796773104776 0.16334898380031961929
-0.75834656002140765629 0.55723377387244821257 0.00913104214158279477
-0.25795137718827199080 -0.57623544299800588675 0.01926929222952537823
-0.25688445816661675813 0.43980558893452892377 0.03784159878799182170
-0.57504084047687231696 0.90818543351089209281 0.02241107895044601103
0.92379165382169436960 -0.52303032625603451677 0.09616372775841634801
-0.87848220341963068059 0.06963270298726054186 0.00412895344675586005
0.65974899215293159038 0.66152697017801265211 0.19447220083456659423
0.41826519476694423716 0.05042240383240059742 0.09900784539397619599
0.54445896797496806663 0.18490959287969332969 0.12387851603210894846
0.82801665519678668836 0.14377424265881266763 0.14379201263925456278
